0 0.934260375 1 0.9344300765625 0.9537190343749999 0.9445826281249999 0.886845115625 0.9495102046874999 0.700966353125 0.95771949375 0.644968740625 0.9542890500000001 0.6088895421875 0.9622256874999999 0.5606996703125 0.9827638375 0.0173354390625 0.8602095703125 0.0122740234375 0.8490606125 0.018138503125 0.8461011078125 0.013344796875 0.8334451296875001 0.0175931984375 0.8211163359375 0.012472309375 0.8191730749999999 0.0233486171875 0.8557876609375 0.0269724046875 0.8491597546874999 0.0376851203125 0.8536808078125 0.04253335625 0.8480245328124999 0.0478079171875 0.840380384375 0.0428506203125 0.8330534999999999 0.0511937484375 0.8390815703125 0.0576580640625 0.8347042734375 0.0934646109375 0.8285671421874999 0.0901233921875 0.8311102375000001 0.062070056250000005 0.824219596875 0.0579207984375 0.8168381828125 0.06782547343749999 0.8214137656249999 0.07111216249999999 0.8207048703125001 0.0914122875 0.8142950859375 0.0958788109375 0.8154402265625 0.0630862984375 0.8086041156249999 0.05737549374999999 0.7999238875 0.08208761249999999 0.794004878125 0.0725002015625 0.7839266921875 0.09247314375 0.783609428125 0.0791727203125 0.7767187875 0.0750234625 0.7720787546875 0.0959680359375 0.7596409000000001 0.09397024375 0.7749837296875 0.10232329062500001 0.7753009953125 0.11562371406250001 0.7823552265625 0.115088328125 0.781229921875 0.1025414109375 0.7867771359375 0.1003899453125 0.7839713046875 0.113581309375 0.7939850421875 0.117839628125 0.7974452390625 0.08590968593750001 0.804499471875 0.0853743 0.8011483359374999 0.11418114531250001 0.8095459937499999 0.11994648125 0.8174627953125 0.1170960375 0.8200405875 0.1328205796875 0.8278483281250001 0.13309323125 0.8290926109375001 0.11984733750000001 0.833722725 0.1215724765625 0.8344663156250001 0.1450502296875 0.8404398562500001 0.15307609375 0.8380603515624999 0.176444784375 0.8486640062499999 0.18619578750000002 0.8375695765625 0.19049871875 0.8294148187499999 0.2449347828125 0.835423053125 0.296738525 0.8309366953125 0.33566816718750003 0.8402514546875001 0.33755689843750003 0.8336235484375001 0.3482696140625 0.8379264796875001 0.3593640421875 0.8331327749999999 0.362323546875 0.8376538281249999 0.36717178281249996 0.83403995625 0.38111665625 0.841084271875 0.4032509828125 0.8670307546875 0.4213550296875 0.8560354703125 0.445204578125 0.82857205 0.448154165625 0.8204172921874999 0.5025902296875 0.82562740625 0.5324777671875001 0.8341787374999999 0.5562281718750001 0.849194384375 0.57395050625 0.857309471875 0.610193296875 0.8550737234374999 0.6742167718750001 0.8303963 0.7093144234375 0.8294692828124999 0.7358607421875 0.8136158437500001 0.7869010578125 0.813977721875 0.8213096468750001 0.802610640625 0.8334203203125 0.8004492578125 0.8505428187499999 0.8116874421875 0.8868946703124999 0.8283736984375001 0.9015484390624999 0.8205461218749999 0.9466152140625 0.8308203671875001 1 0.934260375 1
0 0.650461359375 0.5341780953125 0.6467384265625 0.551246065625 0.6288525015624999 0.57094635625 0.6198996203125 0.6034662156249999 0.6227302296875 0.65672244375 0.642321459375 0.6777314671875 0.6434467640625 0.6902783828125 0.6218924375 0.7254850937499999 0.6154082875 0.7768525921875 0.6018352109375 0.7849775984375 0.5913406171875 0.7721034999999999 0.5834783453125 0.7733923953125 0.5713032250000001 0.7862565765625 0.5658006234374999 0.8095162078125 0.586799728125 0.812594690625 0.6093504640625 0.83839741875 0.627761859375 0.8484210734375001 0.648641984375 0.8772923671875 0.6628595093749999 0.8730984968750001 0.7081642421875001 0.8293404531249999 0.7365447609375 0.822514259375 0.747049271875 0.8127186453125 0.7595069624999999 0.7693770093750001 0.780952228125 0.73729339375 0.7803920640625 0.66379156875 0.7872380921875 0.6468326609374999 0.8033443468750001 0.6333240328125 0.7976831296875 0.526811575 0.7841199703124999 0.5122668671875 0.7854287015625 0.4747897109375 0.78974155 0.463214425 0.802124875 0.466773765625 0.8112314296875001 0.45223897500000004 0.7990662265624999 0.44243344218749997 0.8018175281250001 0.4308036265625 0.7877090640625 0.43187440156249995 0.7859393109374999 0.41539634999999997 0.7771599390625 0.4205618515625 0.77204896875 0.41022093125000003 0.7748002703125 0.398591115625 0.7881006953125 0.39827385 0.7894540390625 0.38190485937499996 0.8043160109375 0.381642125 0.8055602937499999 0.36839623125 0.8281754781249999 0.369967696875 0.8246260546874999 0.35968130781249996 0.8035178890625 0.3597259203125 0.8161738656249999 0.3554775203125 0.8140224 0.3499303046875 0.8273773562500001 0.3480514921875 0.8279226609375 0.3324360109375 0.8158119890625001 0.3210689296875 0.814924640625 0.25693639375 0.8175767984375 0.2257599609375 0.8306690187499999 0.20901917499999997 0.83985985625 0.1249136953125 0.8395723437499999 0.0436041296875 0.8327907640625 0.0363317765625 0.8248739625000001 0.0391822203125 0.8212154796875 0.0320189265625 0.8261182453125 0.0259363265625 0.80921386875 0.017528750000000003 0.8280615078125001 0.015060018750000001 0.8203628281249999 0.011664270312499999 0.668838125 0.0079363640625 0.659017665625 0.4234717671875 0.650461359375 0.5341780953125
0 0.415770053125 0 0.40894692812500005 0.06296231249999999 0.396181890625 0.070333809375 0.38944492343750003 0.0841696203125 0.3922408375 0.0936479703125 0.3857765234375 0.09967604218750001 0.3851766875 0.116853071875 0.41658610312500005 0.2023763421875 0.42191519531250005 0.20647107031249998 0.4268179609375 0.20038846875 0.4581034546875 0.1999175296875 0.47247465312500003 0.213708728125 0.4722020015625 0.22151646875000003 0.4528090578125 0.23960068125 0.4578109671875 0.2530646984375 0.469386253125 0.25737754687500003 0.46065149375000003 0.2836512125 0.4630111640625 0.3056219484375 0.4513169 0.327101909375 0.43386721718750004 0.334309815625 0.415163334375 0.377433328125 0.42818613125000005 0.5193805375 0.4352403640625 0.5188451515625 0.4387997046875 0.5064618265624999 0.4380561125 0.4829840734375 0.4513565375 0.48266680937500006 0.4565864859375 0.46721491875 0.4638489234375 0.48310305312499996 0.47095768437499996 0.48100611718749997 0.4721474375 0.46932177187499996 0.48097142187499997 0.48526443593749996 0.48959712031249997 0.462113865625 0.5042955015625 0.466535775 0.487500184375 0.455005103125 0.4987582046875 0.4460175265625 0.49579870000000004 0.441223821875 0.508781859375 0.42760613281250004 0.5142844609375 0.4043465015625 0.5357297265625001 0.3722628859375 0.5363295609375001 0.35508585625 0.5241098281250001 0.34684187031249997 0.5261621515625 0.33284246875 0.5351051140624999 0.32299232187500004 0.544955259375 0.3319352859375 0.5506016171875 0.34933043750000004 0.5441918328125 0.353796959375 0.5486385203124999 0.405546171875 0.5418470234375 0.42094353125 0.5478205640625 0.42896939375 0.5430813890625 0.43036735000000004 0.540211109375 0.4677899765625 0.5479097890625 0.47118572500000006 0.5476371375 0.478993465625 0.5413364140625 0.48033689218750003 0.547419015625 0.4852396578125 0.54767183125 0.5227713453125 0.5523564765625 0.5229349359375 0.5552168375 0.5081820234375 0.5700788109375 0.5079192890625001 0.5642688625 0.4952087828125 0.5778419390625 0.48708377656249996 0.580147078125 0.510616059375 0.595762559375 0.5111613640625 0.600120021875 0.5206942453125001 0.6035157703125 0.5129955640625 0.6089539234375 0.5139671953125 0.6015824265624999 0.5012021578125 0.599495409375 0.47142368125 0.6286938859375 0.4411742671875 0.62041520625 0.4096161203125 0.6222147109375 0.35808503125 0.6493063343750001 0.3433965671875 0.658259215625 0.3108767078125 0.6673311078124999 0.0063202843750000005 0.5018952140625 0 0.428726221875 0 0.42533575468749996 0.018976228125 0.4238955375 0 0.415770053125 0
0 0.122032884375 0 0.11840476874999999 0.1450600484375 0.111122496875 0.1745113421875 0.116094653125 0.25598449843750004 0.12529043281250002 0.283666040625 0.1506023875 0.2751692390625 0.16782402968750001 0.29687723906249996 0.161359715625 0.302905309375 0.1697028421875 0.31023219375 0.2086870171875 0.313157003125 0.21897340625 0.30960758125 0.22102572812500001 0.295608178125 0.24812726875000002 0.2582500015625 0.315809228125 0.2676490421875 0.3270870828125 0.2133220390625 0.32650708281249996 0.1851596421875 0.3332985796875 0.1697622828125 0.3346618421875 0.130723578125 0.35442658125 0.1243782421875 0.367409740625 0.110760553125 0.38711994843749997 0.1059767640625 0.38788337500000003 0.084115090625 0.40938317187499995 0.0504699265625 0.3999791875 0.0063648640625 0.4023506796875 0 0.122032884375 0
0 0.12578614999999999 0.38139912656249997 0.124204765625 0.42668402343749995 0.1293157375 0.43702494375 0.148054315625 0.437679309375 0.159366865625 0.427130184375 0.17972152187499998 0.42627753281249997 0.1999671171875 0.42854797656250004 0.2012014828125 0.437971796875 0.2183239828125 0.4401331796875 0.22177426093750002 0.4308729515625 0.24089455312500002 0.42059647968749997 0.26593385468749997 0.41990741875 0.271961925 0.426371734375 0.2886580984375 0.4183557890625 0.294587025 0.40527348593749996 0.3615799234375 0.3896332265625 0.367300646875 0.360127403125 0.3598944546875 0.3035844859375 0.3504805515625 0.2821491375 0.3294814484375 0.27907065468750003 0.31663710156249997 0.22155610625 0.3024195765625 0.2257499765625 0.266776621875 0.2166880359375 0.258750759375 0.22266157656250002 0.264407034375 0.2173870140625 0.2542842359375 0.2162517921875 0.24469682499999998 0.2221708015625 0.2464764953125 0.21597913906250002 0.23710720625 0.21565195625000003 0.236889084375 0.22189815 0.22751979531250002 0.2215709671875 0.23086101406249998 0.21543383437500002 0.21395663593749997 0.207026259375 0.211259865625 0.2170945265625 0.21658895781249998 0.221189253125 0.18379644687500002 0.22004411406250002 0.1725929578125 0.227470140625 0.1713040609375 0.2196078703125 0.13382690625 0.21829913906249998 0.1327016015625 0.2057522234375 0.1195102375 0.20294639218750002 0.11843946406250001 0.188837928125 0.113318575 0.201166721875 0.10909989375 0.3667453578125 0.12578614999999999 0.38139912656249997
0 0.2728889421875 0.3998254140625 0.2431104671875 0.4019124328125 0.23104440781250002 0.41165351718750004 0.23173346874999998 0.43669281875 0.22596813125 0.4450904765625 0.186929428125 0.4437272140625 0.1697970109375 0.4642355453125 0.169469828125 0.473604834375 0.1874449796875 0.4961208734375 0.1738074546875 0.5284771421875 0.1731530890625 0.5472157203125 0.1818680125 0.56628148125 0.1808864640625 0.594389346875 0.1893931828125 0.5970315875 0.195912028125 0.58944196875 0.21400615781250001 0.5861651984375 0.2153148890625 0.5486880421875 0.22258724375 0.5419064625 0.2422776171875 0.5824621015625 0.2368840765625 0.6025986375 0.23913468437500002 0.6276924687500001 0.2491385046875 0.6546204999999999 0.2640996203125 0.6739043828125 0.265968515625 0.7099290515625001 0.27431164375 0.7172559359374999 0.2855696640625 0.7082683609375 0.29940547500000003 0.715005328125 0.3775919453125 0.7146087546875 0.4056551984375 0.6944821375 0.4221976984375 0.6684811234375 0.418350846875 0.59955488125 0.3998849203125 0.591092775 0.416174603125 0.527560075 0.41610521250000004 0.440004315625 0.40379625468749997 0.3895440015625 0.3058450453125 0.396285909375 0.2789170140625 0.4062897296875 0.2728889421875 0.3998254140625
0 0.48863540624999996 0.4448823046875 0.47274727343749995 0.4521447421875 0.431021715625 0.4381800328125 0.42611895000000005 0.44426263437499997 0.4223514046875 0.4402224375 0.42220267343750006 0.5340243890624999 0.4165910109375 0.5604071171875 0.42919245781250004 0.5577202640625 0.421493778125 0.5543245156250001 0.4210674515625 0.5441471875 0.44605222187500004 0.545019675 0.45336918906249996 0.5593462609375 0.4588618734375 0.5587563421875 0.461722234375 0.54400343125 0.470228953125 0.5466456703125 0.46742312343750003 0.559837034375 0.47447735468749996 0.5593016468750001 0.47733771562499994 0.5445487359375 0.48584443593750004 0.547190975 0.48540819218750003 0.5596833609375 0.4961209078125 0.5663112671875 0.4888386359375 0.595762559375 0.49394960625 0.6061034796875 0.5009493078125 0.607129640625 0.49518397187499996 0.6155272984375 0.4779524109375 0.6164890125 0.46104803437499997 0.6080814359375 0.4507071140625 0.61319240625 0.45016180937500005 0.6288078890625 0.463070603125 0.6620911734375 0.4843869734375 0.6784700828125 0.48652852031249993 0.7066870109375001 0.50709138125 0.7222578796875 0.517704953125 0.7093391671875 0.5194400109374999 0.682039340625 0.5505073828125 0.68781459375 0.5586968375 0.677156409375 0.5822836515625001 0.673289721875 0.5944042406250001 0.6619870890625 0.597819825 0.60894898125 0.6050376484375 0.60372895 0.612736328125 0.6071246984374999 0.6169401156250001 0.5986725093749999 0.589422165625 0.6031836453125 0.5896402875 0.596937453125 0.58113356875 0.5942952125 0.5999812078125 0.5918264828125 0.6005810421875 0.5746494515625 0.6067181749999999 0.5779906703125001 0.609469475 0.5663608546875001 0.6084978453125001 0.5717990078125 0.6214710859375 0.5808510328125001 0.619701334375 0.56437298125 0.6276181359375 0.5615225359375 0.6199739859375 0.5565652390625 0.6234787953125001 0.5457434640625001 0.6139657515625 0.5047614984375 0.616072603125 0.489200546875 0.6083739234375 0.4858047984375 0.604234584375 0.470025725 0.6086019640625 0.45688889218749995 0.590879628125 0.4719045390625 0.5737025984375 0.47130470312500006 0.5758540640625001 0.4768519171875 0.5669656328125 0.48514051562500005 0.5658948578125 0.4710320515625 0.5473744015625 0.4641314921875 0.537786990625 0.47005050312499996 0.5367063 0.4786117515625 0.54284343125 0.4819529703125 0.5382579296875 0.501335996875 0.5328743078125 0.4988028171875 0.5318035328125 0.484694353125 0.5256118703125 0.48291468281250005 0.5335286734375 0.48006423906249995 0.53385585625 0.47069495000000006 0.5245956281249999 0.46724467187499996 0.5248137500000001 0.46099847812499994 0.5344011609375 0.45507946875 0.5165251515625 0.452110046875 0.517769434375 0.4388641515625 0.5100707546875001 0.43546840312499996 0.5004288140625001 0.44294896093749997 0.510278959375 0.45189192499999997 0.48863540624999996 0.4448823046875
0 0.3830152375 0.626463078125 0.367181634375 0.6321639671875 0.3511199921875 0.6667807609375 0.33583169218750003 0.6568661671875 0.3290401953125 0.6722635265625 0.318917396875 0.6711283046875 0.316701484375 0.689812353125 0.30081335 0.6970747890625 0.29407638281250004 0.7109106 0.303153184375 0.7643849515625 0.2867197453125 0.78726286875 0.28584725781250003 0.812247640625 0.305393875 0.812148496875 0.319884053125 0.8001468859375 0.32817265 0.8090353171875 0.31825805625000003 0.8243236171874999 0.3388754484375 0.8383329375 0.37054265468750003 0.8269311609375001 0.37803313125 0.8139033890625 0.36846555468750003 0.774482971875 0.38867645624999997 0.7329755375 0.38453711562500004 0.7171964640625 0.40560066875 0.6960436859375 0.42386830781249996 0.6654125578125 0.4172602375 0.6307858453125 0.4198033328125 0.6027325078125 0.41614484999999996 0.595569215625 0.3999394515625 0.5895312265625 0.39886867656249997 0.5754227625 0.368326775 0.5993714546875 0.3819989953125 0.6107930671874999 0.3830152375 0.626463078125
0 0.18767298593749998 0.7134487218750001 0.177921984375 0.7240523765625 0.176558721875 0.7630910796875 0.1922188171875 0.78474455 0.2110664546875 0.78227581875 0.2389562 0.7895035609375001 0.265294315625 0.7740070578125 0.272303934375 0.7523635046875 0.2671384328125 0.7435841328125 0.25152295156250004 0.743038828125 0.23559020468749997 0.7291931 0.234955675 0.70259225 0.22187337187499998 0.696663321875 0.206158746875 0.6765714 0.1935573 0.679258253125 0.18838188125 0.6931485953125 0.18767298593749998 0.7134487218750001
0 0.31090141875 0.9006758859374999 0.2995343390625 0.9127865578125001 0.2951570421875 0.9485931046875 0.27942258125 0.9738406093749999 0.27161484062499996 0.9735679578124999 0.2664493390625 0.9647885859375 0.27044492343750004 0.9399128765625001 0.2608674296875 0.923162171875 0.23856951249999997 0.93489113125 0.20109235625 0.9335824 0.1992482375 0.9640053249999999 0.2141102109375 0.9637425890625 0.2221806859375 0.9788772140625 0.21646988125000002 0.9857133250000001 0.19837575000000002 0.9889900953125 0.3772548109375 0.9928915109374999 0.3673699703125 0.9401706687500001 0.37018571875 0.9043095921875001 0.36045455312499997 0.86957381875 0.307252853125 0.8708428796875 0.30503694062500003 0.8895269265625 0.31090141875 0.9006758859374999
0 0.5129756640625 0.9343111640625 0.5125939500000001 0.9452420015625 0.5268560875 0.962156296875 0.5438149953125 0.9690023249999999 0.55475575 0.946714325 0.5542848125 0.9154288312500001 0.5389419828124999 0.907075784375 0.5294636328125 0.9098716984375 0.5258497625 0.923816571875 0.5129756640625 0.9343111640625
0 0.6810775609374999 0.9558159359375 0.6910912984375 0.9600742546875001 0.702512909375 0.946402034375 0.714405459375 0.9640153078125 0.72298654375 0.919756571875 0.7159422296875 0.8976222453125 0.7230063796875 0.8744171453125 0.711485625 0.8685427484374999 0.6958255296875 0.846889278125 0.687963259375 0.8481781734375 0.69068480625 0.9045574999999999 0.6810775609374999 0.9558159359375
0 0 0.8184104765625 0.0120855546875 0.8167587421875 0.0159919125 0.7496667015625 0.0341951046875 0.743266834375 0.0387161578125 0.7481150703125 0.0464247546875 0.72884110625 0.0560568109375 0.4977865078125 0.0507921671875 0.46946051874999994 0.0008226265624999999 0.46771554374999996 0 0.49287159062499997 0 0.8184104765625
0 0.0572464984375 0.97858966875 0.0628482421875 0.97487665625 0.07042797656250001 0.7578214609375 0.039524196875 0.7473615625 0.0175534609375 0.7497212328125 0.009701075 0.9745841687500001 0.0572464984375 0.97858966875
0 0.06254593750000001 0.3119622765625 0.053211342187499996 0.355412971875 0.0565971734375 0.37038400625 0.10581320624999999 0.3713209421875 0.110195478125 0.20105766093750002 0.104112878125 0.19615489375 0.073689953125 0.1943107765625 0.0679791484375 0.2011468859375 0.06254593750000001 0.3119622765625
0 0.057092890625 0.46811709218750003 0.05982435625 0.5018267046875 0.10494566093749999 0.5080927328125 0.1139431546875 0.49668103906249994 0.1095856921875 0.4871481578125 0.116322659375 0.47331234687499996 0.10889663281249999 0.4621088578125 0.11692249531250001 0.4561353171875 0.11320948125000001 0.450533571875 0.10766226718750001 0.45268503750000005 0.10524806718749999 0.43227585 0.1179585734375 0.42646590156249997 0.1136011125 0.416933021875 0.11759669531250001 0.39205731093749996 0.1142108640625 0.377086278125 0.0900886640625 0.37389873281249997 0.0509954296875 0.3740970203125 0.0446550359375 0.4661193 0.057092890625 0.46811709218750003