0 0.2715106515625 1 0.2713808953125 0.9961763265625001 0.25427850625000004 0.9568275187499999 0.26985256562500004 0.9339887625 0.266568765625 0.8850352812500001 0.25017130781249997 0.86957773125 0.24653797968750002 0.8399481484375 0.221588346875 0.79439301875 0.215613084375 0.7685113140625 0.185746565625 0.7433345390625 0.1699296953125 0.6748241453125 0.17086372656249998 0.644140103125 0.18386087499999998 0.6170854718750001 0.1847929484375 0.56555508125 0.171790903125 0.5404938375 0.1695664578125 0.5482235906249999 0.1634746859375 0.5287831859375001 0.150591109375 0.5181269921875 0.1274018453125 0.5114536546874999 0.1204905921875 0.495409640625 0.14836078749999998 0.463317696875 0.142502034375 0.43099469218750003 0.11462596249999998 0.4005475875 0.11708440625000001 0.390358409375 0.10888567812500001 0.382629634375 0.1154434859375 0.37630484375 0.0984615234375 0.3722074390625 0.1195408921875 0.3593228828125 0.11321610156249999 0.35276507343749997 0.120593390625 0.3430438921875 0.11532305937500001 0.34105344375 0.11707853125 0.327819359375 0.10876133437499999 0.3056855328125 0.120354496875 0.29338743906250003 0.11344324374999999 0.2773434265625 0.105011496875 0.2824972484375 0.09306391093750001 0.2620033640625 0.0895510078125 0.26762518125 0.079478340625 0.2587254390625 0.07338950625 0.27055455781250004 0.073506015625 0.264113259375 0.056640562500000005 0.2535745546875 0.0616759171875 0.24760125156249999 0.0534771890625 0.239872475 0.05816105781250001 0.23237671875000002 0.0496108421875 0.22312549062499998 0.060970007812500004 0.21328681875000002 0.0859147421875 0.2067260734375 0.0862642703125 0.1874021765625 0.080642453125 0.18388927500000002 0.0699813625 0.1446569765625 0.0700959125 0.117369328125 0.056742382812500006 0.09078563125 0 0.10324458125 0 0.1561803859375 0.0018224531249999999 0.1619963015625 0 0.165926934375 0 0.4005212484375 0.02293511875 0.5034996953124999 0.07752804375 0.6913459468750001 0.1335327890625 0.9478210609375 0.147582471875 1 0.2715106515625 1
0 0.16205796875 0.408038446875 0.1605364953125 0.41881310781250003 0.176464 0.4183431546875 0.188645584375 0.4363776171875 0.21335828124999998 0.45312264375 0.2173411359375 0.46342832968750003 0.20563244374999998 0.492590896875 0.1885349515625 0.505357965625 0.1960316875 0.520465009375 0.20258949531249998 0.5141402187499999 0.21254467500000002 0.5190580859375 0.22215130625 0.5537230234375 0.2244952 0.5708214953125 0.2161819203125 0.59038036875 0.228839334375 0.6868813859375 0.23270470156249998 0.6932051953125 0.2468757546875 0.6955461515625 0.2571834 0.7124096453125001 0.2574203359375 0.7412197484374999 0.2706583359375 0.7846679187500001 0.32219362500000004 0.8377158671875 0.329336915625 0.8304541078125001 0.3151658625 0.8281131531250001 0.320435215625 0.8196804265625 0.31059752343749997 0.8187444359375 0.3372977296875 0.79894960625 0.3453789703125 0.8026965046875001 0.3435060109375 0.8119487124999999 0.37465608906250003 0.7871175484374999 0.37723300000000004 0.7913334234375 0.3882496078125 0.7904887671874999 0.3891796078125 0.8014041328125 0.40030477500000006 0.794024884375 0.40440414062499996 0.797889271875 0.43051984218749995 0.7894545875000001 0.425951503125 0.7800858703125 0.411663940625 0.7841862140625 0.41271742031249997 0.7783303984375001 0.4240775640625 0.778914903125 0.4301663984375 0.7670857843750001 0.4177498359375 0.7410875703124999 0.396901528125 0.7202431781249999 0.39338666718750004 0.7050186468749999 0.4101316953125 0.6803059499999999 0.4007600390625 0.6536047640625 0.406144921875 0.6283075625000001 0.3964237390625 0.6209302734375 0.38810654375000003 0.5987964484375 0.3782688515625 0.5978604578125 0.36351035625 0.5756101218749999 0.331059090625 0.46283207343750005 0.30832705 0.336584965625 0.2584160359375 0.12039660781249999 0.268721721875 0.1164137515625 0.2566586046875 0.112784340625 0.24599555624999997 0.052705693750000004 0.24060773593749998 0.04673336875 0.1227933546875 0.0747347625 0.12630821406249998 0.08995929375 0.1195154296875 0.08832033125 0.12619170625 0.09640059375 0.12115635 0.10237389687500001 0.134508903125 0.11853442031250001 0.1382587390625 0.14172270468749998 0.141424071875 0.1762711328125 0.13135336250000001 0.18821774062500002 0.13112034374999998 0.2011003390625 0.160177175 0.3339052546875 0.15701771874999998 0.3618958765625 0.16439794531250002 0.38344421875 0.16041313125 0.35229218281249997 0.1752910734375 0.39937074375 0.173066628125 0.40710049843749996 0.1689672640625 0.40323611093749995 0.16205796875 0.408038446875
0 0.440715875 0.8648752562500001 0.44493076875000004 0.85187516875 0.43872052968749997 0.8180297124999999 0.44176347812500005 0.796480390625 0.42852743593750003 0.77387856875 0.42255217343749996 0.7479968640625 0.4130659671875 0.7485833265624999 0.40076983281249995 0.7578365140625001 0.4134184328125 0.7605289546875 0.3422146171875 0.7785712515625 0.3440914953125 0.81101174375 0.338236659375 0.8203814390625 0.3435089484375 0.8432182375 0.338590103125 0.8427502421874999 0.340231025 0.8568038078125 0.40581791875000006 0.887364484375 0.4109697828125 0.8749498828125001 0.41506914687499996 0.8788142703125 0.426194315625 0.8714350218750001 0.430645165625 0.8768218624999999 0.4314636671875 0.8630022953125 0.4359135390625 0.8579659609375 0.440715875 0.8648752562500001
0 0.3795945203125 0.99604904375 0.3867368328125 0.978364109375 0.40020589375000004 0.9880833328125 0.40887163906249996 0.9804700875 0.3900118203125 0.9335090156250001 0.3804032296875 0.8779977265625 0.37396193125 0.8778812171875 0.352533034375 0.9100896703125001 0.3630756578125 0.9349169171874999 0.3615551625 0.956114753125 0.372684246875 0.99042820625 0.3795945203125 0.99604904375
0 0.45347510937499996 0.7985873484375 0.44223245312500004 0.80198471875 0.43801755781249996 0.81498480625 0.45336349687500005 0.857144521875 0.47479239218749997 0.8249360687499999 0.484278596875 0.82434960625 0.49774765781249997 0.8340688296875 0.5144936640625 0.8197793078125001 0.5021955703125001 0.8081861453125001 0.5009041765625 0.7748086828125 0.49083248749999997 0.776332115625 0.4934094 0.7805479890625 0.4811132640625 0.7898011765625 0.475022471875 0.7807839453125001 0.4614369015625 0.7775060203125 0.45347510937499996 0.7985873484375
0 0.53078440625 0.9459099078125 0.546479871875 0.9687457265624999 0.5618209125 0.9587895671875 0.571774134375 0.942861084375 0.568610759375 0.9291590046874999 0.540969665625 0.9066756515625001 0.52785405 0.91932523125 0.53078440625 0.9459099078125
0 0.5401276609375001 0.67033901875 0.54492901875 0.6668251374999999 0.5419986625 0.6402404609375 0.5467990406250001 0.6263034046875 0.5383663140625 0.6210340515625 0.5241962390625 0.629116271875 0.5151770499999999 0.6143607140625 0.521616390625 0.5936308734375 0.5123612453125 0.5604883890625 0.5128253218750001 0.5138768421875 0.5073200140624999 0.5039226421875 0.49713083593749996 0.5014641984375 0.505562584375 0.4963103765625 0.49150803906249996 0.48752812187499994 0.48834662343749996 0.49467239375 0.48483274375 0.48987103593750003 0.4861182609375 0.460709446875 0.4927935578125 0.45836653437499997 0.49700845156250006 0.44536644687500004 0.487403778125 0.431547859375 0.48260242187499997 0.43506174062499997 0.47416969531250003 0.42979238750000004 0.465149525 0.4046136546875 0.456131315625 0.40028127187500007 0.44289527343749996 0.3776794515625 0.44488376250000006 0.35156276875 0.4371510703125 0.3180687984375 0.44945014375000003 0.3400851359375 0.45108910625 0.33329235156250003 0.4697100296875 0.33059697187500003 0.47263744843750005 0.3259121234375 0.4610423265625 0.3173638671875 0.46607768125 0.3113905640625 0.463147325 0.2848058875 0.4718150296875 0.298038990625 0.47930980625 0.292299684375 0.4753269515625 0.2819939984375 0.48036230625 0.2760206953125 0.4730995671875 0.258454228125 0.4794223984375 0.24416568593750002 0.46735732343749997 0.219689925 0.4780125375 0.1963831734375 0.47332670937500004 0.1830325796875 0.47754258437499997 0.18045566875000002 0.47074979843750003 0.17881670624999998 0.4686408828125 0.16968198750000002 0.4740277234375 0.1652311359375 0.468170928125 0.15375448281249998 0.47203531718749997 0.14965511874999998 0.46770097499999996 0.137826978125 0.473087815625 0.133376128125 0.462428684375 0.1149901796875 0.45363957499999996 0.0560825 0.43677216406249997 0.0246974453125 0.4436814578125 0.0198951078125 0.4454369296875 0.006661024999999999 0.43852665625 0.0010401859374999998 0.24154470625000002 0.047318853125 0.3139508265625 0.3609442171875 0.324258471875 0.3778077109375 0.3524840703125 0.3889309203125 0.3626771640625 0.43308206406250005 0.358346740625 0.462946625 0.3919611375 0.4904653328125 0.389858096875 0.5438696640625 0.41749821093749995 0.5559298421875 0.436236625 0.5572163390625 0.45345552187499993 0.590123846875 0.4425663109375 0.6158900218750001 0.4320266265625 0.6223323015625 0.4446801234375 0.6771406171875001 0.49468904062499996 0.6888473515625 0.5272450625 0.670106 0.5401276609375001 0.67033901875
0 0.49994272500000003 0.513643825 0.48881755625 0.521023071875 0.506385003125 0.524183509375 0.5190326234375 0.5164527750000001 0.5486622078125001 0.512819446875 0.5624827546875 0.5240611234375 0.5894179375 0.5122300453124999 0.5965641671874999 0.5362378109375 0.62362075625 0.570081309375 0.6306514562500001 0.61095355 0.655947678125 0.60591525625 0.651730825 0.59806899375 0.62959601875 0.5959630140625001 0.6384957609375 0.5858903468750001 0.6332254296875 0.5838998984375 0.638260784375 0.57792659375 0.6354488968750001 0.56574696875 0.651492909375 0.558835715625 0.6477440515625 0.54607060625 0.677256146875 0.5384554031250001 0.6718683265625 0.5324830781250001 0.65875173125 0.5347094828125 0.6591022375 0.5258087609375 0.6733898 0.5217084171875 0.6566418359374999 0.5151515875 0.6833430218750001 0.5057799328125 0.69271271875 0.51163476875 0.6951711609375 0.5014455921875001 0.7153145390625 0.4983987265625 0.7128560953124999 0.5085879046875 0.7068827921875 0.50355255 0.6986850421875 0.5062469484375 0.7167214625 0.5149117140625 0.7203528328125001 0.5236949484375 0.71039863125 0.52920025625 0.7588831375 0.5204121265625 0.766613871875 0.5330597484374999 0.7695393312500001 0.50752855 0.7659079609375 0.498745315625 0.753493359375 0.4935934515625 0.7655554953125 0.4867996875 0.7724667484375 0.5028437015625 0.787571834375 0.47450061562499996 0.781829590625 0.4357363125 0.774451321875 0.4350343203125 0.775037784375 0.444520525 0.767659515625 0.4438185328125 0.7712889265625 0.43175541562499997 0.765667109375 0.42824251406249997 0.763323215625 0.4111440421875 0.781357678125 0.3989624578125 0.7763213437500001 0.3945125875 0.7641417171875 0.397324475 0.7568799578125 0.3901811828125 0.755355546875 0.36968631875 0.7432904703125 0.345210559375 0.7472713671875 0.3346698953125 0.7397716937500001 0.2882933265625 0.72770661875 0.26381756562500003 0.718805896875 0.26346705937500003 0.7175184203125 0.271782296875 0.706861246875 0.2742427 0.70369983125 0.2813869703125 0.6792221125 0.2726056953125 0.654511375 0.27670701875 0.6516994875 0.2645273921875 0.6361234687499999 0.26651980000000003 0.6356544937499999 0.2610154703125 0.6173840765625 0.25481012812500003 0.606726903125 0.2572705296875 0.6014595093749999 0.28654960625000003 0.6102466609375 0.32461093750000003 0.604976328125 0.3226204890625 0.6045093125000001 0.337962509375 0.5759341874999999 0.34616319687499997 0.5754661921875 0.3510820421875 0.569844375 0.347569140625 0.5678539265625 0.3528394734375 0.5526284140625 0.3459311578125 0.528266225 0.320285409375 0.511050265625 0.3186474265625 0.496175259375 0.302838390625 0.49429936249999995 0.28082107343749996 0.484343203125 0.26548003124999997 0.4748569984375 0.26606649375 0.4575255078125 0.281292984375 0.46209482656249995 0.3010848765625 0.449330696875 0.315256909375 0.45343006093750005 0.319121296875 0.44289135625 0.33598675 0.44863164062500005 0.353904703125 0.44347977656250004 0.36631930625 0.4487520671875 0.3891561046875 0.4696003765625 0.41000049531249994 0.47756608749999996 0.43061186874999996 0.49255760156250006 0.43997960625 0.49677543281250003 0.4582490453125 0.4852987796875 0.464105840625 0.48893210781249996 0.49373542343750004 0.48307727187499994 0.5031051203125 0.49994272500000003 0.513643825
0 0.76509435625 0.5646807593750001 0.772706621875 0.562923328125 0.76731978125 0.5673741796875 0.7757525078125 0.57264353125 0.777976953125 0.5649137765625001 0.77001124375 0.5443024046875 0.7608765234375 0.5464113203125 0.7621640000000001 0.53809608125 0.7502173921875 0.528025371875 0.738736821875 0.4921894671875 0.7277281624999999 0.49312741562499995 0.7305380921875 0.4844606921875 0.721168396875 0.47860585625 0.7183565078124999 0.4664262296875 0.6848615578125 0.463735746875 0.690482396875 0.4568254734375 0.681698184375 0.45003366875 0.66764461875 0.45167458906249996 0.6643647359375 0.444413809375 0.651365628125 0.4506220890625 0.640005484375 0.4500375859375 0.6370770859375 0.44429925781249996 0.619159134375 0.45003954375 0.6124828578125 0.4419592828125 0.6048705921875001 0.4437167125 0.6062765359375 0.44980652499999996 0.598780778125 0.44512265624999997 0.5890605765625 0.4481685421875 0.5816832859375001 0.45788972499999997 0.5876605078125 0.5046177796875 0.6167114625 0.574883646875 0.6006674484375 0.5817948984375 0.609691534375 0.6486663312500001 0.6293688765625001 0.6713846625000001 0.6611083546875001 0.6873092296875 0.72961875 0.6714923578125 0.738285475 0.6743022875 0.7471852171875 0.6642296187500001 0.7626447265625 0.6686785109375 0.7690850453125 0.6583718453125 0.764397259375 0.6241749015625 0.7757534875000001 0.58306670625 0.7648613375 0.57756335625 0.76509435625 0.5646807593750001
0 0.687809540625 0.6779375734374999 0.6611073765625 0.6768860546875 0.671647059375 0.6704437765625 0.63721611875 0.677590984375 0.6532620921875 0.6915260812499999 0.65408353125 0.7089760390625 0.6792661812499999 0.7416485703125 0.6756387296875 0.7745580375000001 0.688874771875 0.797159859375 0.72307269375 0.8028952484375 0.7463765078125 0.7822809375 0.74180816875 0.7729122203125 0.737709784375 0.7794710078125 0.7354833796875 0.7663544124999999 0.7680413609375 0.7684594109375 0.7641740343750001 0.74128925 0.7422712671875 0.7158774984375 0.7430868312500001 0.67078840625 0.7300867453125 0.6665735125000001 0.687809540625 0.6779375734374999
0 0.8120642421875001 0.639629515625 0.80000210625 0.6464232796875 0.8024644656250001 0.6779268015625 0.7918082734375 0.6908103796875 0.7777547078125 0.6924513 0.7721338703125 0.6993615734375 0.780451065625 0.7214954 0.80809118125 0.733555578125 0.8386567546875 0.720084559375 0.8549357453124999 0.7211370578125 0.8665279281249999 0.698415790625 0.8592632312499999 0.6600029734375 0.847668109375 0.6514547171875 0.835016571875 0.61749275 0.8236564265625 0.616908246875 0.8120642421875001 0.639629515625
0 0.806937840625 0.9230466671875 0.786675015625 0.90126530625 0.77554593125 0.8669518546875 0.7624283562499999 0.858755084375 0.7653547953125 0.8436470609375 0.7599659953125 0.8272515609375001 0.7074996140625001 0.8361571796874999 0.704575134375 0.872111553125 0.7145332515625 0.90829894375 0.7110242671875 0.9556134625 0.7160606015625001 0.9600633328124999 0.8848189109375 0.9235078078125 0.8713508296875 0.9242117593750001 0.8629181031250001 0.91894240625 0.8604577015625001 0.908285234375 0.8668980203125001 0.8979785687499999 0.8830595234375 0.8950491921875001 0.8746248375000001 0.8689334890625 0.8414823531250001 0.8781886343749999 0.8154821796875 0.869758846875 0.8104478046875 0.886155325 0.8182970062500001 0.913207996875 0.806937840625 0.9230466671875
0 0.49230925000000003 0 0.5035290453125 0.0429610078125 0.516881596875 0.059121529687499993 0.5250822859375 0.08769665625 0.534217984375 0.0960109140625 0.5543613625 0.09296404999999999 0.5715783015625 0.1050252078125 0.5887942609375 0.106663190625 0.6137458515625 0.17306466874999998 0.6137478093750001 0.19391101875 0.62592939375 0.21194548124999998 0.6233564 0.24942230781250002 0.60520445 0.257622015625 0.5997020796875 0.27893734062500003 0.605795809375 0.31922409687500003 0.5942046046875 0.352368540625 0.599944890625 0.3702864921875 0.621260215625 0.3757888640625 0.6635374203125 0.3644248015625 0.6918795265625 0.3691067109375 0.69691488125 0.36313340781250003 0.7444624171875 0.35375979375 0.761562846875 0.3722622515625 0.7723365296875 0.36336055 0.7767873796875 0.368747390625 0.8201190421875 0.3619506890625 0.8332366171875 0.370147459375 0.8515060562500001 0.3659296265625 0.8440054015625 0.3091298828125 0.8591114671875 0.291209971875 0.822205434375 0.1313523828125 0.820094559375 0.1013713140625 0.8087324562499999 0.079940459375 0.7902767468749999 0 0.49230925000000003 0
0 0.4452671828125 0 0.4135819203125 0.00760093125 0.40889903125 0.025519864062499998 0.399529334375 0.019665028125 0.3839542953125 0.032080609375 0.3855952171875 0.046134175 0.376578965625 0.0626481421875 0.38361064375 0.11394355625000001 0.3886479578125 0.128816603125 0.40176553281249994 0.1370133734375 0.4015325140625 0.14989597187499998 0.4116051828125 0.15879571406249998 0.4227342671875 0.193109165625 0.434680875 0.203179875 0.4333933984375 0.21149511406250002 0.4507278265625 0.2275381484375 0.46852927031249997 0.2282391609375 0.4766075734375 0.2007165359375 0.527317503125 0.1946218265625 0.5362113703125 0.12201010781249999 0.5523699343749999 0.08781120625 0.5485035875000001 0.07106422031250001 0.5420622890625 0.07094771093749999 0.5291777328125 0.04986834375 0.5196915265625 0.05045480625 0.5061520359375 0 0.4452671828125 0
0 0.8949297453125 0.0921122515625 0.8829811781249999 0.06119519062499999 0.8864940796875 0.0555733734375 0.8792293828125001 0.01716055625 0.8469063796875 0.023019309374999998 0.8415195375 0.027470160937499998 0.84163800625 0.041875212499999995 0.8621367875000001 0.0820435 0.8662381109374999 0.10675423749999999 0.89141978125 0.12900359374999998 0.8949297453125 0.0921122515625
0 0.8491513906250001 0.23417623125000003 0.8709347093750001 0.23475975624999998 0.8876836546875 0.25173975937500004 0.8968183734374999 0.24963084375000003 0.866356578125 0.1211592890625 0.8397719015625 0.1240896453125 0.8256018265625 0.1321718640625 0.8491513906250001 0.23417623125000003
0 0.9341933796875 0.41499276093750004 0.9275151453125 0.38606615 0.9371178609375 0.37903838749999996 0.9193085828124999 0.294951975 0.9099388859375 0.2890971390625 0.8530226328125 0.303039090625 0.8477532812499999 0.3114718171875 0.8708348484374999 0.41839502968750003 0.8912141828125 0.4337350921875 0.8720347265624999 0.366220446875 0.9341933796875 0.41499276093750004
0 1 0.4698643765625 0.985257734375 0.44169002968750004 0.967689309375 0.42810641875 0.9475420140624999 0.389460584375 0.9407492296875001 0.387821621875 0.9348943937499999 0.3971913171875 0.9423940671875 0.44356788593749996 0.9875007874999999 0.6320006 1 0.6406240546874999 1 0.4698643765625
0 1 0.6566045234375 0.9705227421875 0.6695958953125001 0.9937208203125 0.7700778078125 0.9931343578125 0.7605916015624999 1 0.7526225515625 1 0.6566045234375
0 0.9536259515625 0.3255155890625 0.967681475 0.34472101875 0.9676853921875 0.38641371874999997 0.991696096875 0.41053701406250004 0.9608828140625001 0.28054300625 0.9606497968750001 0.2934256046875 0.9545599828125001 0.29483154843750004 0.96135276875 0.2964705109375 0.9563174140624999 0.3024438140625 0.9621742078125 0.31392046875 0.9536259515625 0.3255155890625
0 0.8207084437500001 0.40270641874999996 0.7996261375 0.3843214515625 0.7606278359374999 0.3925231171875 0.7547729999999999 0.40189281406250005 0.7585228374999999 0.42508109843749997 0.776446665625 0.48187986250000003 0.7861678484375 0.4892571515625 0.7963589843750001 0.5125619453125 0.797883396875 0.533056809375 0.8136934124999999 0.5286049796875 0.8268109875 0.53680175 0.8327833109375 0.5314139296875 0.8249341093749999 0.5043612578125 0.8302024828125001 0.48550535625 0.8249301921875001 0.46266855781249994 0.8064238187500001 0.43807628750000005 0.8073598093750001 0.428238596875 0.8224658734375 0.4103186859375 0.8207084437500001 0.40270641874999996