0 0.4980165578125 0.3966546078125 0.468442028125 0.39924204375 0.45757543125 0.391566171875 0.45553271874999995 0.3682178578125 0.46080566875000006 0.3567772546875 0.43806064375 0.3477879078125 0.43763304999999997 0.3070451359375 0.4240618875 0.30431128749999997 0.40015861875000003 0.34483003125 0.39955533125 0.3558620921875 0.42290223281249995 0.47929698125 0.436356265625 0.516547384375 0.4779454046875 0.516829978125 0.622111890625 0.470494971875 0.644234575 0.45444327187500005 0.6725249125 0.45510512500000005 0.677087678125 0.44451088906249997 0.672671325 0.41195943125 0.6622132703125 0.40895322187499994 0.60543785 0.42333123749999996 0.589327584375 0.41846682968750004 0.57613568125 0.4290317828125 0.57261403125 0.42463448125000003 0.5636832484375 0.4301212296875 0.529692365625 0.4001572078125 0.5064802328125 0.40375647499999995 0.4980165578125 0.3966546078125
0 0.0598751234375 0.48909917968750005 0.0778143046875 0.49694051562499997 0.0867450875 0.4914537671875 0.0868036515625 0.474195490625 0.0588149578125 0.4680176078125 0.0598751234375 0.48909917968750005
0 0.07508045625000001 0.510511678125 0.07532353593749999 0.522253925 0.0901496078125 0.5303676234375 0.09542255937500001 0.5189270203125 0.07508045625000001 0.510511678125
0 0.107232190625 0.5822010203125 0.1173886015625 0.590723259375 0.126047021875 0.582123403125 0.1181866359375 0.5639894765625 0.1078647609375 0.5625398203125 0.107232190625 0.5822010203125
0 0 0.33988955625 0.0015255078125 0.342062665625 0.0125282859375 0.3512950921875 0.019464689062500002 0.3499040015625 0.0369177125 0.33426084375 0.0355559046875 0.3186953015625 0.050002717187500004 0.313510196875 0.057270046875 0.2979739375 0.048640909375 0.29794465468750003 0.03313393125 0.28204818593750003 0 0.290364878125 0 0.33988955625
0 0.2418967109375 0.29280047656249997 0.24337564843749998 0.273849465625 0.25697609374999997 0.26795417499999996 0.2527735390625 0.255774103125 0.2437358578125 0.2510751578125 0.16746470156249998 0.25774801875 0.11661385312500001 0.2770973421875 0.1213904140625 0.2868744921875 0.14102233125000002 0.2961362015625 0.1629502703125 0.29578622499999996 0.1731652453125 0.2870501875 0.18913933125 0.2903580421875 0.22466771562500001 0.2841127734375 0.2349603078125 0.29419156874999997 0.2418967109375 0.29280047656249997
0 0.3796422328125 0.2627119171875 0.435240359375 0.2617688828125 0.48480701562500006 0.24566884843749998 0.503621846875 0.2455912328125 0.5170861125 0.2381393890625 0.5216488765625 0.22754515312499998 0.51403156875 0.22115347343749997 0.43945314687500003 0.2292467078125 0.4123108203125 0.22377901093750002 0.3882230390625 0.2352972296875 0.30261255625 0.24278717656249998 0.29690178125 0.25818725625 0.303098715625 0.2662716703125 0.345261859375 0.2641513421875 0.35203280000000003 0.2698328359375 0.3796422328125 0.2627119171875
0 0.7432126546875 0.384613540625 0.7372295171875 0.3969005109375 0.740964965625 0.42166919687500004 0.7453037015625 0.43540582343749995 0.7564719421875 0.43756566562500004 0.7569199984375 0.3889039421875 0.7432126546875 0.384613540625
0 0.796816403125 0.3877661625 0.79910219375 0.422856721875 0.8101342546874999 0.4234600109375 0.80754681875 0.39388548125 0.796816403125 0.3877661625
0 0.8300385328125 0.43583482812499996 0.8355838453125 0.427507334375 0.8314398546874999 0.398068984375 0.8249705593750001 0.3868714609375 0.8156312343750001 0.387688546875 0.8085000843750001 0.4047813609375 0.8123717140625001 0.4311066015625 0.8300385328125 0.43583482812499996
0 0.8018272234375001 0.328510203125 0.8176651265625001 0.330261503125 0.8192802468749999 0.3128670453125 0.81179911875 0.30803192031250004 0.7979263125 0.3108141015625 0.8018272234375001 0.328510203125
0 0.8423283265625001 0.190862759375 0.8363451890625001 0.2031497296875 0.8493423468750001 0.20828649999999999 0.854751478125 0.1984024515625 0.8423283265625001 0.190862759375
0 0.9877366671875001 0.4455650578125 0.9802848234375 0.4321007921875 0.9909478546875 0.3747030328125 0.986696965625 0.335078990625 0.974156684375 0.362055853125 0.9710816781249999 0.43447443124999996 0.9613528609375 0.4666949625 0.9617804546875 0.5074377343750001 0.968279034375 0.51000611875 0.97726838125 0.48726109375000004 0.9811019078125 0.44144011718750004 0.9877366671875001 0.4455650578125
0 0.9483147796875 0.64036718125 0.95609755 0.639686278125 0.96323893125 0.5778912171874999 0.9573729234374999 0.5556616328125 0.9470701 0.5902850859375001 0.9483147796875 0.64036718125
0 0.9531453203125 0.17567788906249998 0.9644497421875 0.1793942859375 0.9728358015625 0.167681321875 0.9702190828124999 0.1467359296875 0.9530677046875 0.1568630578125 0.9531453203125 0.17567788906249998