0 0.4316801296875 0.31292757656250003 0.397694078125 0.2850033453125 0.33226525156250003 0.2796976046875 0.3228202890625 0.2873459859375 0.332022609375 0.2969542765625 0.37209841093749996 0.304308625 0.38825380625 0.322503246875 0.42599634999999997 0.31468684687500004 0.43033151875 0.31828470468750003 0.4316801296875 0.31292757656250003
0 0.3771615078125 0.256136471875 0.34142087656250003 0.25237997968750003 0.3233895828125 0.266981434375 0.3189750953125 0.27908630625 0.3279720875 0.2831741421875 0.3250695359375 0.2883679453125 0.34563941875 0.29445769374999997 0.376512896875 0.292203753125 0.38939239375 0.2817741421875 0.3771615078125 0.256136471875
0 0.4488154796875 0.3217985546875 0.43376605156250003 0.3155034765625 0.4131588578125 0.332190853125 0.39643416875000004 0.334360784375 0.40616847187499994 0.346381646875 0.40015803906249997 0.3512487984375 0.4396225421875 0.37189330468750004 0.453523996875 0.359214446875 0.46030905312500003 0.3395031984375 0.4488154796875 0.3217985546875
0 0.47565251093749994 0.395319040625 0.460766409375 0.387470021875 0.4477655921875 0.40652796875 0.41525885625000003 0.42432131249999994 0.42049466406249997 0.43429825781250003 0.47557788749999996 0.4408732921875 0.4819895953125 0.387344009375 0.47565251093749994 0.395319040625
0 0.2734023015625 0.4211948875 0.30983823906249996 0.42581001250000006 0.3194885328125 0.4236820859375 0.27466690312500003 0.40168896875 0.2734023015625 0.4211948875
0 0.1556156265625 0.577708978125 0.16313799375 0.5659307578125 0.1565535765625 0.5613109406250001 0.13901225781249998 0.5712505734375 0.13206856875 0.622367284375 0.14123357812499998 0.6547526984375 0.1570203171875 0.6689808046875 0.162172115625 0.6648089609375 0.153165740625 0.6010180859375 0.1556156265625 0.577708978125
0 0.1712158046875 0.7058227109375 0.18246204375 0.71093250625 0.16474801562500002 0.6627230390625 0.165611340625 0.6918792515625001 0.1712158046875 0.7058227109375
0 0.6412572125 0.85263466875 0.6055165812500001 0.8488781765625 0.5968089296875 0.8644595859375 0.5948537125 0.9129583921875 0.6036453734375 0.9115257734375 0.6130110203125 0.919580121875 0.6214340265625 0.9141809890625 0.62183999375 0.8953703781250001 0.6412572125 0.85263466875
0 0.62163935625 0.91970144375 0.6162029109375 0.9340555640625 0.6267538421875 0.938306725 0.6631897796875 0.9429218484374999 0.6681362484375 0.9332295500000001 0.62163935625 0.91970144375
0 0.42563752812500005 0.8936019484375001 0.433285909375 0.9030469125 0.45749565312499996 0.9118758859374999 0.5725292515625 0.931036384375 0.57534779375 0.911693790625 0.5634902562499999 0.9198741531250001 0.42563752812500005 0.8936019484375001
0 0.39978983437500004 0.8704608593750001 0.418357803125 0.8881234984375 0.43234326718749994 0.8895934296875 0.42534818906250005 0.8739327031249999 0.39978983437500004 0.8704608593750001
0 0.574853125 0.8865040921875 0.512205528125 0.884632884375 0.469511825 0.8722900625 0.40306104062500003 0.8692335703125 0.40899215624999996 0.8800691484375 0.442035565625 0.894539896875 0.5595237421875 0.9202428093749999 0.5767804125 0.9204854515625 0.5786143078125 0.8806149812499999 0.574853125 0.8865040921875
0 0.9708418390625001 0.796151221875 0.939436378125 0.7959925875 0.90504905 0.8167304874999999 0.8990806234375001 0.828672034375 0.9043164296875 0.8386489796875001 0.840654621875 0.874600175 0.8851838593749999 0.8712024125 0.9176112796875 0.8691117984375 0.9669640265625 0.8405201874999999 0.9708418390625001 0.796151221875
0 0.82903198125 0.8299507125 0.819260365625 0.8407069734375 0.8336564890625 0.8532178140625 0.8467833203125 0.855383053125 0.8512398125 0.8503525765625 0.82903198125 0.8299507125
0 0.782231446875 0.4456095125 0.7834634281249999 0.47873223906250006 0.8007201 0.4789748828125 0.794457640625 0.44139566406249997 0.782231446875 0.4456095125
0 0.50971810625 0.6691298296875 0.4801932375 0.6660266406249999 0.473692828125 0.6755556140625 0.47549410312499996 0.6883137890625 0.487151003125 0.7044644921875001 0.5016684484375 0.708346996875 0.51528525625 0.7058504140624999 0.5339698546875 0.6850331984375 0.50971810625 0.6691298296875
0 0.9723582421874999 0.5575023859375 0.9113859078125 0.54716616875 0.9168270453125 0.56266356875 0.9386242171875001 0.5720245234375 0.9705616593749999 0.5745957296875 0.981887215625 0.5640027937500001 0.9723582421874999 0.5575023859375