0 0.6874443453125 0.34336144218750003 0.6843506359375 0.32034015312499997 0.6585605 0.29888421875 0.6301714671875 0.28965512968749996 0.5846346812500001 0.3047357984375 0.58504451875 0.3215956875 0.6524251203125 0.350294540625 0.66709595 0.3789714375 0.6877952281249999 0.3905595359375 0.7132235046875001 0.3911722625 0.7199496515625 0.36704343437500003 0.6874443453125 0.34336144218750003
0 0.742022375 0.417261240625 0.7472091890625 0.4191624359375 0.7480987984375 0.3961891234375 0.73994025 0.41202645000000004 0.740829859375 0.38905313750000003 0.7350892765625 0.38224201406249997 0.7048470265625 0.37421641875 0.6768678312499999 0.38184721875 0.6810320812499999 0.3923168 0.6714891078125 0.39587930312499997 0.712514825 0.42456717812500006 0.7299284828125 0.42906726875 0.743502753125 0.42156942343750003 0.742022375 0.417261240625
0 0.5796397765625 0.2869013234375 0.497108571875 0.269358775 0.48529156562500003 0.2836197671875 0.4878794828125 0.2977478078125 0.5207206296875 0.2935465578125 0.5755975 0.3171915515625 0.5823126703125 0.3194176078125 0.5879203000000001 0.31182380625 0.5796397765625 0.2869013234375
0 0.7476080484375001 0.46237720937500004 0.7499780359375 0.4437120796875 0.734934365625 0.420546859375 0.717424753125 0.424013409375 0.7286770125 0.431197371875 0.723575175 0.447684421875 0.6880391765625 0.47207915624999996 0.687799290625 0.49199575624999997 0.7128547281250001 0.49812015781249996 0.7181374953125 0.4920547125 0.7287880078125 0.49831206562499997 0.7476080484375001 0.46237720937500004
0 0.6614074078125001 0.4696132125 0.6736712515625001 0.4945836734375 0.7080407531249999 0.4907072859375 0.714261109375 0.457685209375 0.6614074078125001 0.4696132125
0 0.6860281968749999 0.74081481875 0.6933930890625 0.7399841640625 0.6919826453125 0.6789828921875001 0.6968555765625 0.6560575578125001 0.7095991921875 0.6411948171875 0.7017764828125 0.629148903125 0.6757944375 0.6236262484374999 0.6527772125 0.728156178125 0.6720440875 0.7314527749999999 0.67014289375 0.7366395890625 0.6802396359375 0.7379870140625 0.681214221875 0.7334019484375001 0.6860281968749999 0.74081481875
0 0.74568204375 0.7495011171875 0.7320707734375 0.7346273984375 0.6965457546875 0.7326672484375 0.7028291296875 0.7707431859375 0.709496321875 0.7769525625 0.73793333125 0.7821983312499999 0.749329521875 0.777432334375 0.74568204375 0.7495011171875
0 0.44446017812500005 0.9003256984375 0.47929847499999995 0.8829709953125 0.4304760703125 0.89096365625 0.355815553125 0.8814837015625001 0.328209196875 0.883602825 0.27318839375000004 0.8719077937499999 0.24679651093750002 0.8495252499999999 0.2466046015625 0.8654585296875 0.25234518437500003 0.8722696531249999 0.2888817890625 0.892016303125 0.399067325 0.9034564078124999 0.40986176875 0.8977638015625 0.44446017812500005 0.9003256984375
0 0.2562654859375 0.8012196171875001 0.23773330937499998 0.8132545531250001 0.2221248921875 0.8115342875 0.21869534062499998 0.8163962390625 0.21637332968749998 0.8310780484375 0.2222578453125 0.8259392125 0.227119796875 0.8293687625 0.22156014375000002 0.83297924375 0.22234282031250002 0.8443274578125 0.237855284375 0.8540143625000001 0.2488786359375 0.854760040625 0.266963975 0.8034936500000001 0.2562654859375 0.8012196171875001
0 0 0.741255825 0.0577231859375 0.74703759375 0.09006951875 0.7075882109375 0.0878064640625 0.6919318156250001 0.0816450640625 0.6946156875 0.083077465625 0.7029071890624999 0.07371542343750001 0.7168912984375 0 0.73991485625 0 0.741255825
0 0 0.7278806109375 0.00673368125 0.73140721875 0.0309104859375 0.734150046875 0.047541468749999996 0.7273019234375 0.0500923875 0.7190583984375001 0.052174512500000006 0.724293190625 0.05680755625 0.72128445625 0.040379462500000005 0.6858444125000001 0.0422916359375 0.6543027140625 0.020617771875 0.64729968125 0.0152870265625 0.657348446875 0.0000034703124999999996 0.6540998265625 0 0.6540944828125 0 0.7278806109375
0 0.23954425625 0.35757973125000003 0.234128534375 0.3492402515625 0.22305720624999997 0.35247789375 0.22114503281250003 0.3840195921875 0.23244526875 0.387220234375 0.2392563921875 0.38147965156249997 0.23954425625 0.35757973125000003
0 0.4677120171875 0.34377940625000003 0.46252520468749997 0.3418782109375 0.45366895312500005 0.36475556875000004 0.4602401921875 0.3789315859375 0.45653375625 0.3813385734375 0.4656079359375 0.391254384375 0.48306957187500005 0.39177115625000003 0.470480865625 0.36832905 0.4677120171875 0.34377940625000003
0 0.481946990625 0.3068699640625 0.4958941 0.2938604421875 0.49047837968749997 0.28552096250000003 0.4570354859375 0.28879560312499997 0.452524415625 0.3325641453125 0.4653530078125 0.3360896515625 0.47183927031249995 0.33187742343750004 0.481946990625 0.3068699640625
0 0.4947796453125 0.4118316875 0.506127859375 0.4110490109375 0.4817701234375 0.397884578125 0.4947796453125 0.4118316875
0 0.54937963125 0.4330217171875 0.50672960625 0.4119756203125 0.5081140296875 0.4242504421875 0.5207137140625 0.42133766250000004 0.5239993328125 0.4284256703125 0.54937963125 0.4330217171875
0 0.0115944234375 0.40417322499999997 0.0100550890625 0.4302032484375 0.0449303828125 0.43522011093749996 0.06842046562500001 0.418648084375 0.0115944234375 0.40417322499999997
0 0.47026414687500007 0.6661994250000001 0.43390847343749994 0.65687438125 0.4108392078125 0.6639514109375 0.4112970234375 0.6768279796875001 0.42638867031250005 0.6960098796875 0.4539950265625 0.69389075625 0.4704450765625 0.6766210296875 0.47026414687500007 0.6661994250000001