0 0.5741678375 0.7458795921875 0.6059341234375 0.735091109375 0.6126032125 0.71795465625 0.6281197125 0.7148753109375 0.64713490625 0.6996942890625 0.64153458125 0.6901064125 0.6105087609375001 0.6812374625000001 0.585320515625 0.6954407687499999 0.534713953125 0.6953353609375 0.5179753093749999 0.7061310234375 0.5417593125 0.7407465859375 0.5741678375 0.7458795921875
0 0.6295862859375 0.7056157328125 0.6611848328125001 0.7058745203125001 0.6688244578125 0.6975926578125 0.6783284640625 0.6975159671875 0.69052836875 0.6654357421875 0.6880984390625 0.6508130875 0.6790832890625 0.6478032515625001 0.6227853546875 0.65866124375 0.6257880109375 0.6646737375 0.6132741687500001 0.6737655765625 0.6123731421875 0.6894426359375 0.6295862859375 0.7056157328125
0 0.67903531875 0.5781886765625 0.6720379296875 0.6023920281249999 0.68786836875 0.6223010671875 0.691184965625 0.6513019453125 0.698328553125 0.6611342515625 0.709787990625 0.64871145625 0.7147388984374999 0.6574054874999999 0.7194525578125 0.6526151390625 0.73491390625 0.594948859375 0.727693628125 0.575612546875 0.721597265625 0.5841388390625 0.7138042609374999 0.5734126875000001 0.6943912578125 0.5711289578125001 0.6876454796875 0.578761403125 0.67903531875 0.5781886765625
0 0.6586517796875 0.5670503578125 0.6413404093749999 0.5864561796875 0.688762215625 0.62165165 0.6988389500000001 0.6129647984375 0.6986088796875001 0.584452778125 0.683015690625 0.5780281171875 0.6890281828125 0.5750254609375001 0.684237834375 0.5703118015624999 0.6586517796875 0.5670503578125
0 0.5295303671875 0.3235408109375 0.5171147515625 0.29705373125 0.4984350359375 0.2901402140625 0.47462949375 0.3006075765625 0.47136805 0.32619363125 0.5053198359375 0.331571065625 0.5295303671875 0.3235408109375
0 0.22473607968749998 0.529964396875 0.21004391562500002 0.507862678125 0.2029770171875 0.5075343796875 0.1960706796875 0.511186453125 0.18858443281249998 0.5384763296874999 0.20393319375000002 0.546444253125 0.22473607968749998 0.529964396875
0 0.42047169687499997 0.5926054093750001 0.41997565937500003 0.6107195765625 0.4243610203125 0.6129961265625 0.455645628125 0.590266528125 0.44378838125 0.585224571875 0.42047169687499997 0.5926054093750001
0 0.8021367343750001 0.330331953125 0.7931982750000001 0.33682612343749996 0.8039723984375 0.39864769375 0.7921918421874999 0.4031097453125 0.7887698375000001 0.42471542656250005 0.7925824703125001 0.4356021375 0.79810610625 0.4356860078125 0.7996421890625001 0.45095807812500005 0.8256332328125 0.45665663125 0.8389570515625 0.4524390109375 0.84797938125 0.4404212046875 0.8513246953125 0.40931151562499996 0.8368218078125 0.3310795984375 0.8235123468750001 0.3052419359375 0.8121439578125 0.29711345312500004 0.8021367343750001 0.330331953125
0 0.5956485328125 0.1607864453125 0.6032881578125 0.15250458281249998 0.6083229359375 0.155674978125 0.616695846875 0.1427633265625 0.60793230625 0.123182584375 0.575691521875 0.107002309375 0.5231438890625 0.0891877203125 0.42884428437500005 0.0702971890625 0.40252494375000003 0.07166553437499999 0.391149375 0.0785646921875 0.387727371875 0.10017037499999999 0.3946265296875 0.11154594375 0.417209928125 0.1087948953125 0.43215370000000003 0.114325709375 0.4382500625 0.10579941875000001 0.443689828125 0.1114069234375 0.46448553437499995 0.109954709375 0.5039537765625 0.13044365468750002 0.5317325109375 0.13484337500000002 0.532298059375 0.1412608546875 0.5765638296875 0.15143581875 0.5786726390625 0.158097728125 0.591996459375 0.15388010624999998 0.5956485328125 0.1607864453125
0 0.37731515937500004 0.130951765625 0.390960096875 0.1346948890625 0.3887050859375 0.0939973234375 0.3952136171875 0.0728804984375 0.38928499375 0.0703595203125 0.3641806171875 0.079039190625 0.3613241609375 0.1070623546875 0.36651949687499996 0.11421312187499999 0.3633491015625 0.1192479 0.3713098453125 0.11892678125 0.37731515937500004 0.130951765625
0 0.18496564843750002 0.12184328281250001 0.18318513593750002 0.108114475 0.17684434531249998 0.1181840296875 0.1712512 0.0935685109375 0.1353511609375 0.0855095390625 0.12665713125 0.090460446875 0.12429671093750001 0.10036944218749999 0.1423270109375 0.1063891140625 0.17480504375 0.13605376875 0.1729406625 0.127848596875 0.18496564843750002 0.12184328281250001
0 0.1730317109375 0.10729731875 0.1594634625 0.11305820312499999 0.1613278453125 0.1212633765625 0.19192713749999998 0.1727781421875 0.21094233125 0.1575971203125 0.2142876453125 0.12648743125 0.20462307968750001 0.1225837484375 0.198617765625 0.11055876406250001 0.1730317109375 0.10729731875
0 0.0693743 0.1225191328125 0.069947028125 0.113908971875 0.079772153125 0.12179302656249999 0.0956169515625 0.11164678125000001 0.10130114531250001 0.11571102343749999 0.1239684140625 0.10743633906250001 0.11300501249999999 0.10174496562499999 0.10301214843749999 0.10490818125000001 0.084821290625 0.0949081375 0.07401126875 0.108224778125 0.065889965625 0.104565525 0.060030853125000005 0.1265761953125 0.0693743 0.1225191328125
0 0.1275150796875 0.1649492390625 0.1492118109375 0.14781996718749998 0.15442150625 0.12491545 0.13850719843749998 0.11053004531249999 0.11446440625000001 0.10751302968750001 0.0517418109375 0.13396421249999999 0.0434312296875 0.1864351546875 0.048787125 0.1975662953125 0.069017284375 0.1896966 0.1119842203125 0.19808387031250002 0.12669074375 0.19013030625 0.12051769062499999 0.189152590625 0.12222869375 0.17834975 0.1309227234375 0.17339884218749999 0.1275150796875 0.1649492390625