0 0.6079061984374999 0.4821183484375 0.60326205 0.45279635156250003 0.5756223359375 0.40813277187499997 0.5711459265625 0.3898580453125 0.5384091046874999 0.387924153125 0.51746001875 0.40547995312499996 0.46327089375 0.38796005 0.4388087546875 0.363358890625 0.42019137031250003 0.3307131171875 0.40248219062499996 0.328772046875 0.39290149375 0.3381993625 0.3761700296875 0.34243134375 0.37056252500000003 0.336991578125 0.36000411250000003 0.34024584375 0.3558703609375 0.35909329843750004 0.38399893125 0.406843403125 0.3813389328125 0.449978078125 0.39670923281250003 0.48709307968750004 0.4127145890625 0.49325895312499995 0.4397600375 0.48422944531249995 0.46104460156249993 0.488768184375 0.49241307812499996 0.5170214171875 0.5045147546875001 0.5135227234374999 0.5427057015625001 0.5399043953125 0.5587877484375 0.5365662609374999 0.5828233609375 0.5185216031250001 0.6079061984374999 0.4821183484375
0 0.52484575 0.222382840625 0.5407600593749999 0.2079974359375 0.5411578671874999 0.19053268437499998 0.502233634375 0.1595212234375 0.445942878125 0.1636908734375 0.44107584062500005 0.17790853906249998 0.45245858906249997 0.199835340625 0.4631847390625 0.2076283453125 0.4498752796875 0.23346600781250001 0.4818093046875 0.2553017609375 0.4967530765625 0.24977094531250002 0.4940571796875 0.2177674109375 0.52484575 0.222382840625
0 0.8666401671875 0.17299385312499999 0.8312218078125 0.169111709375 0.8376464671875 0.1847049 0.8361942546875 0.20550060625 0.856347721875 0.2228743078125 0.8770523796875 0.20377524375 0.877205759375 0.18476722968749998 0.8666401671875 0.17299385312499999
0 0.8108023718749999 0.10511181875 0.8025133296875 0.0977238015625 0.790907690625 0.11933666406250001 0.7966062453125 0.14532770625 0.809517896875 0.13695479531250002 0.813246659375 0.1205444484375 0.8108023718749999 0.10511181875
0 0.8184276374999999 0.083338396875 0.8156765890625 0.10592179531249998 0.8176320203125 0.11826790000000001 0.8240495015624999 0.118833446875 0.8332180296875 0.09681559687499999 0.825005678125 0.07992357343749999 0.8184276374999999 0.083338396875
0 0.8151492250000001 0.36228555625 0.8130260546875 0.33889218125 0.8047370125000001 0.331504165625 0.7893882515625 0.3394720890625 0.78225184375 0.3643320359375 0.7957577609375 0.4096522109375 0.8042840531250001 0.40355584999999994 0.8036274562499999 0.389422053125 0.8151492250000001 0.36228555625
0 0.7044895312499999 0.48264081875000003 0.6910818421875 0.4728995625 0.6805234296875 0.476153828125 0.671515459375 0.49419130625 0.6775351328125 0.5122216046875 0.6862291625 0.5171725125 0.7005235187500001 0.51253554375 0.706689390625 0.4965301859375 0.7044895312499999 0.48264081875000003
0 0.7363396875 0.4989529359375 0.7283861218750001 0.513659459375 0.7336725078125 0.5270599687499999 0.7445520390625 0.5158449609375 0.7423521796875 0.50195559375 0.7363396875 0.4989529359375
0 1 0.86360925 0.9944190203125001 0.8598992828125 0.983944478125 0.8686771828125 0.981025690625 0.8802133109374999 0.9779535234375001 0.9107574515625 0.9855164578125001 0.9285433218750001 1 0.923812090625 1 0.86360925
0 0.11448855468750001 0.6029813984375 0.1028685578125 0.5945389765625 0.09076688125 0.5980376703125 0.07965010156249999 0.6227370578125 0.084859796875 0.645641575 0.0991613328125 0.6560322484375 0.11491508125000001 0.645627215625 0.1212415125 0.6256414859375 0.11448855468750001 0.6029813984375
0 0.613676871875 0.1489892453125 0.5931951046874999 0.12454864375000001 0.5680140375 0.1253729796875 0.5451167015625 0.1456103171875 0.5523728765625 0.201412215625 0.5716325 0.2181365015625 0.5820303515624999 0.2188626078125 0.6085030734375 0.2012229390625 0.614913375 0.18676084375 0.613676871875 0.1489892453125
0 0.9378531562499999 0.1182104625 0.9312607578125001 0.091570003125 0.9222456078124999 0.0945798390625 0.9140476140624999 0.10774310000000001 0.9092644453125001 0.1274844 0.913664165625 0.155263134375 0.9048934453124999 0.159816234375 0.92228150625 0.16971805 0.9295089640624999 0.1654093796875 0.9270646749999999 0.1499767484375 0.9378531562499999 0.1182104625