0 0.45403766093750003 0.2346004859375 0.47452822499999997 0.2128080078125 0.4732216203125 0.200376484375 0.439408278125 0.170151615625 0.4152825421875 0.1648318 0.374674759375 0.174598721875 0.3949506109375 0.21802973906249998 0.3798171734375 0.2384736078125 0.41228190624999994 0.263341346875 0.42594071875 0.258763534375 0.42664071875 0.22805338125 0.45403766093750003 0.2346004859375
0 0.509853278125 0.5115332328125 0.5361116328125 0.47735123437500004 0.552551675 0.4693388890625 0.5810125796875 0.4710608484375 0.5948767234375001 0.46096258125 0.5991372687500001 0.411810471875 0.5865471109375 0.3817116171875 0.6015219140625 0.3298622875 0.592324284375 0.3096190578125 0.582673990625 0.30749113125 0.57711153125 0.31436019531250003 0.5615721265625 0.315993453125 0.55143185625 0.30920370468749997 0.5329478953125 0.3127175546875 0.5181784234375 0.3590464296875 0.5019810234375 0.3843154453125 0.45989861718749997 0.4099484234375 0.43389229062499995 0.4016840515625 0.4010542109375 0.41063434687499994 0.386485375 0.48129428750000003 0.387707971875 0.5078746015625 0.42323858124999997 0.539490084375 0.46130777656250005 0.5504143640625 0.4711634 0.5470218359375 0.496194465625 0.5161110453125 0.509853278125 0.5115332328125
0 0.1756535265625 0.41861384687500003 0.1589288375 0.41644391562500005 0.15422501093750002 0.42400828749999997 0.1583921640625 0.44870800937500005 0.18300318437500002 0.48854116718749996 0.190446234375 0.48461665781249996 0.19086158749999999 0.44372422812499995 0.1756535265625 0.41861384687500003
0 0.0956093953125 0.2699161546875 0.0928701703125 0.26627629218750004 0.066943159375 0.2737146515625 0.05356899375 0.2884747390625 0.0577361453125 0.3131744609375 0.0778533625 0.32520001718749997 0.09519404218750001 0.31080858437500003 0.0884929953125 0.2769485453125 0.0956093953125 0.2699161546875
0 0.11124219375 0.1944310671875 0.10056994062499999 0.19005389374999998 0.09782602343749999 0.2162655515625 0.11238078124999999 0.2351601703125 0.12137777187500001 0.23107233593749998 0.12146178125 0.21692354531250002 0.11124219375 0.1944310671875
0 0.083028621875 0.180114259375 0.0757909015625 0.178518315625 0.0719037046875 0.1938523890625 0.0836772328125 0.21618154218750002 0.09283755 0.213647646875 0.0916942703125 0.2027700640625 0.083028621875 0.180114259375
0 0 0.2910900609375 0.005928821875 0.2911252640625 0.017912371875 0.278082440625 0.0094893671875 0.2726833078125 0 0.2357967515625 0 0.2910900609375
0 0.1414811375 0.07106316406249999 0.1341594078125 0.083616009375 0.154929928125 0.10185732656249999 0.1639269203125 0.0977694921875 0.1597597671875 0.0730697703125 0.1414811375 0.07106316406249999
0 0.21278499687500002 0.1515508015625 0.2096351109375 0.15895184843750002 0.2171574796875 0.17073006875000002 0.2242318734375 0.1707720734375 0.22566449375 0.1619804125 0.21278499687500002 0.1515508015625
0 0.31790197343750004 0.52385259375 0.3084150046875 0.5232786078125 0.2976587421875 0.5330502234375001 0.29790138437499997 0.55030689375 0.3079996515625 0.5641710375 0.318345253125 0.56544033125 0.32889618593750003 0.56118916875 0.331271446875 0.5389440265625 0.31790197343750004 0.52385259375
0 0.1907543421875 0.3455413328125 0.1827793109375 0.351878415625 0.1912816328125 0.3729802796875 0.20166923906249998 0.367175178125 0.20036263281250002 0.3547436546875 0.1907543421875 0.3455413328125
0 0.21353146875 0.3455040203125 0.20457648125 0.3425174609375 0.20036263281250002 0.3547436546875 0.21009224375 0.37257431093750004 0.21753529375 0.3686498015625 0.21606536250000002 0.3546643375 0.21353146875 0.3455040203125
0 0.24791857187500002 0.6278312078125 0.254376975 0.644434575 0.26476458125 0.6386294734375 0.2545029890625 0.6232113906250001 0.24791857187500002 0.6278312078125
0 0.261115334375 0.7010717390625001 0.2600093671875 0.71297128125 0.270639615625 0.7244228500000001 0.2782459921875 0.72205228125 0.276612734375 0.7065128765625001 0.261115334375 0.7010717390625001
0 0.3232588765625 0.7840932703125 0.3219895828125 0.794438871875 0.3307392390625 0.8029458859374999 0.33662835 0.799184703125 0.33548507031249997 0.7883071187499999 0.3232588765625 0.7840932703125
0 0.9520079921875 0.0919230609375 0.9145127828125 0.07151181250000001 0.9049838093749999 0.078012221875 0.9065330578124999 0.10770041562499999 0.9352366062499999 0.12667904531250002 0.94541888125 0.1263943984375 0.9530672625 0.11694943437500001 0.9520079921875 0.0919230609375
0 0.27637500937500004 0.3978153984375 0.2807474921875 0.416994665625 0.28851719375 0.41617803750000004 0.2873739140625 0.4053004546875 0.27637500937500004 0.3978153984375
0 0.07695250000000001 0.593168390625 0.0643949625 0.61569818125 0.0737979234375 0.6304209578125 0.08107764843750001 0.6249425078125 0.0879514046875 0.600653446875 0.07695250000000001 0.593168390625
0 0.0448240296875 0.2501162046875 0.05005514531250001 0.26999077968749996 0.061996690624999996 0.264022353125 0.0529623875 0.2453330625 0.0448240296875 0.2501162046875
0 0.0356684046875 0.2227985796875 0.04147350625 0.2331861859375 0.05047049687500001 0.22909834999999998 0.0436434375 0.216461496875 0.0356684046875 0.2227985796875
0 0.0504845734375 0.139543790625 0.06528666718750001 0.1458435609375 0.05845960625 0.13320670625 0.0504845734375 0.139543790625
0 0.043284165624999996 0.1607249703125 0.049415918749999996 0.1742204578125 0.0554683546875 0.1720132140625 0.0498685828125 0.156105153125 0.043284165624999996 0.1607249703125
0 0.273159659375 0.561548440625 0.26694389687500003 0.56220174375 0.26632790625 0.5787631078125 0.27507756250000004 0.5872701218749999 0.2825206140625 0.5833456124999999 0.281540659375 0.57402196875 0.273159659375 0.561548440625
0 0.5183133703125 0.801298778125 0.512097609375 0.80195208125 0.5083737375 0.8188400953125001 0.52260184375 0.834626834375 0.531272184375 0.8274311187500001 0.5318461703125 0.81794415 0.5183133703125 0.801298778125
0 0.4371912 0.7469807937499999 0.44140035624999996 0.7646061203125 0.4505606734375 0.7620722265625 0.44958071874999994 0.7527485828125 0.4371912 0.7469807937499999
0 0.375411621875 0.68984426875 0.381954034375 0.692298846875 0.38890710781250004 0.683712515625 0.376680915625 0.6794986671875 0.375411621875 0.68984426875
0 0.325358875 0.6919628109375 0.3299366875 0.7056216234375 0.33877035312500003 0.6999798484374999 0.33194329375 0.68734299375 0.325358875 0.6919628109375
0 0.318844615625 0.5103991109375 0.328247575 0.5251218875 0.335037321875 0.514981615625 0.32215782656249997 0.50455200625 0.318844615625 0.5103991109375
0 0.17343220625 0.502115971875 0.1661944859375 0.5005200265624999 0.163534578125 0.51258289375 0.1726108859375 0.5241977890625 0.18262983593749998 0.5223592015625 0.182835165625 0.516838746875 0.17343220625 0.502115971875
0 0.1523676546875 0.53339541875 0.1498710734375 0.5470122265625 0.1620552625 0.5583004703125 0.1694983125 0.5543759609375 0.1666377671875 0.5421077624999999 0.1523676546875 0.53339541875
0 0.1780705671875 0.6508835953125 0.18371234218750002 0.6597172609374999 0.192872659375 0.657183365625 0.1857189484375 0.64143863125 0.1780705671875 0.6508835953125
0 0.1649810484375 0.675825959375 0.1726667421875 0.6891581203125 0.1801097921875 0.6852336109375 0.174510021875 0.66932555 0.1649810484375 0.675825959375
0 0.1448218265625 0.6708747984375 0.1488676578125 0.686946184375 0.15492009375 0.6847389421875001 0.15394013906249998 0.6754152984374999 0.1448218265625 0.6708747984375
0 0.046592234375 0.7079079578125 0.038780528125000005 0.7157989828125 0.043195014062499995 0.7279038546875001 0.051823350000000004 0.7277825328125 0.056527175 0.7202181609375 0.046592234375 0.7079079578125
0 0.111377365625 0.3750941296875 0.11767244375000001 0.39014355625 0.1233982296875 0.3848284328125 0.1193523984375 0.368757046875 0.111377365625 0.3750941296875
0 0.13756578749999998 0.2655063609375 0.14075298593750002 0.2808824390625 0.1513039171875 0.276631278125 0.1475847375 0.26366777343750003 0.13756578749999998 0.2655063609375
0 0.1572676515625 0.3184243453125 0.1618454640625 0.3320831578125 0.1722330703125 0.32627805625 0.1638520703125 0.31380452812500004 0.1572676515625 0.3184243453125
0 0.20581292968749998 0.5411325 0.21178135625 0.5530740468750001 0.22061502187499998 0.547432271875 0.21705916875 0.53602270625 0.20581292968749998 0.5411325
0 0.1651072875 0.3930134875 0.1705857375 0.4002932125 0.174841590625 0.3809926234375 0.165723278125 0.3764521234375 0.1651072875 0.3930134875
0 0.4819947375 0.059625896874999994 0.4879631640625 0.07156744375 0.5016219765625001 0.06698963125 0.49463159062499995 0.052798837499999994 0.4819947375 0.059625896874999994
0 0.4413496421875 0.0466156953125 0.44609078125 0.0618284484375 0.4566417125 0.0575772875 0.44965132656250006 0.0433864921875 0.4413496421875 0.0466156953125
0 0.3241975015625 0.015723446874999998 0.30796278906249996 0.0182153375 0.31646511093749996 0.0393172015625 0.321985565625 0.03952253125 0.3306979109375 0.025252420312500003 0.3241975015625 0.015723446874999998
0 0.596132390625 0.016992965625000002 0.589916628125 0.01764626875 0.5867667437499999 0.025047315625 0.5958430515625001 0.0366622109375 0.6029174453125 0.036704214062500004 0.604513390625 0.02946649375 0.596132390625 0.016992965625000002
0 0.5948537125 0.0870416078125 0.5989415484375 0.0960386 0.6081018640625 0.0935047046875 0.6029920703125 0.082258465625 0.5948537125 0.0870416078125
0 0.1883093734375 0.03079141875 0.1975490078125 0.0439602546875 0.2053187109375 0.043143625000000005 0.2045440859375 0.028299528125 0.1883093734375 0.03079141875
0 0.0817827890625 0.0412022609375 0.08640260625 0.047786678124999996 0.0950309421875 0.04766535625 0.098180828125 0.0402643109375 0.0817827890625 0.0412022609375
0 0.11162492500000001 0.1009099921875 0.11051895781250001 0.112809534375 0.12090187187500001 0.136855953125 0.1297355375 0.131214178125 0.1257317109375 0.108068396875 0.11162492500000001 0.1009099921875
0 0.19115584375 0.13261417656250002 0.1954070046875 0.143165109375 0.20285005625000002 0.1392406 0.1977402609375 0.127994359375 0.19115584375 0.13261417656250002
0 0.1760644125 0.14598365 0.17152391250000001 0.1551019625 0.1831341140625 0.175877175 0.1877959359375 0.1753871984375 0.18787994531250002 0.1612384078125 0.1760644125 0.14598365
0 0.118474996875 0.48746782031249997 0.1297585484375 0.5051351515625 0.136874946875 0.49810276093750006 0.1217882078125 0.4816207140625 0.118474996875 0.48746782031249997
0 0.12588989374999998 0.66265243125 0.13578283124999999 0.682037028125 0.1411819640625 0.6736140234375 0.1268325359375 0.6491989484375 0.12588989374999998 0.66265243125
0 0.1440565875 0.5963276609375 0.1467538078125 0.60704191875 0.155914125 0.6045080234375 0.15080433124999998 0.593261784375 0.1440565875 0.5963276609375
0 0.1706369 0.5951050640625 0.1745614109375 0.602548115625 0.180777171875 0.6018948125 0.175667378125 0.5906485734375 0.1706369 0.5951050640625
0 0.22535146875 0.5924965453125 0.23033994062500002 0.5951144484374999 0.23353183125000002 0.5806390078125 0.2262941109375 0.5790430625 0.22535146875 0.5924965453125
0 0.2651658578125 0.6872916046875 0.272034921875 0.6928540640625 0.27849801875 0.6796059109375 0.2659451734375 0.6722841828125 0.2651658578125 0.6872916046875
0 0.021505537499999998 0.31226913125 0.025756698437499996 0.3228200625 0.0318091359375 0.3206128203125 0.026699340625 0.30936658125 0.021505537499999998 0.31226913125
0 0.03720826875 0.3121898140625 0.0414594296875 0.322740746875 0.048412503125 0.314154415625 0.0437926859375 0.3075699984375 0.03720826875 0.3121898140625
0 0.040306765625000004 0.371566203125 0.0480764671875 0.370749575 0.0415760578125 0.3612206015625 0.040306765625000004 0.371566203125