0 0.89458064375 0.8139654500000001 0.8952623781250001 0.7749089 0.8838823265625001 0.7106380015625 0.859704215625 0.66333383125 0.8344586453125 0.6324197765624999 0.79715524375 0.6208294765625 0.7531392125 0.6356885546875 0.7110984390625 0.6716790734375 0.6996990249999999 0.6980466421875 0.70235996875 0.7246596359375 0.715656784375 0.768648396875 0.7507707296875 0.816143453125 0.7607754515625 0.8249131453125 0.7779876031249999 0.8236508468749999 0.8168844906249999 0.8782442546875 0.8339057562500001 0.887917790625 0.8745791078125 0.8855022703125 0.8671222999999999 0.8650565171875 0.89458064375 0.8139654500000001
0 0.5739888859375 0.20046441406249998 0.5654918875 0.1948465140625 0.548225196875 0.1992333375 0.5311493921875 0.1926843265625 0.5113581046875 0.1626468453125 0.4863346421875 0.163772796875 0.49231495000000003 0.2240425984375 0.5211213546875 0.2300149984375 0.55269778125 0.25635134375 0.57234876875 0.24966203281250002 0.5842975234375001 0.236587325 0.5739888859375 0.20046441406249998
0 0.53665030625 0.10136017187499999 0.5312505625 0.0973590734375 0.5109138875 0.0985668328125 0.49266154531249995 0.1146569859375 0.5010767359375 0.124961671875 0.5136021015625001 0.12361756406249999 0.5188654968749999 0.135429971875 0.534651734375 0.12632909375 0.5301012953125 0.1184359765625 0.53665030625 0.10136017187499999
0 0.19758886250000002 0.143105340625 0.2116492203125 0.143350765625 0.2223669 0.156039746875 0.2431671546875 0.1282735328125 0.26037930625 0.127011234375 0.2836768890625 0.1352315859375 0.2877597953125 0.12514505468749998 0.2832638953125 0.1141274125 0.2593897015625 0.0941764625 0.22044222812499997 0.0872456796875 0.2081350171875 0.076091690625 0.19226697343750002 0.0898793546875 0.140521440625 0.0999153 0.130080409375 0.1161418 0.164122940625 0.1354888703125 0.163850246875 0.151111490625 0.1533819453125 0.168900253125 0.14000727500000001 0.1741363796875 0.13814505 0.1912939921875 0.166183959375 0.19647162812500002 0.186520634375 0.1952638671875 0.1902996234375 0.15782411875 0.19758886250000002 0.143105340625
0 0.2738982296875 0.20304000156250002 0.22634468124999998 0.19674036875 0.220808590625 0.2005505796875 0.21713867968749997 0.2317412828125 0.2354767828125 0.2555024453125 0.238192265625 0.2789909140625 0.247429490625 0.286965840625 0.2544460359375 0.287869684375 0.26960112187499996 0.2701627296875 0.2738982296875 0.20304000156250002
0 0.3359449 0.45337974374999995 0.3316983765625 0.4728398453125 0.31566671562500004 0.49600108125000003 0.33189321562499996 0.5064421125 0.352175353125 0.5083588765625 0.3606178125 0.5171013 0.3810908359375 0.5080822296874999 0.379773996875 0.49399460156249997 0.3359449 0.45337974374999995
0 0.097503328125 0.55001433125 0.09415669531250001 0.5179197875 0.07686273437499999 0.523868871875 0.07420574375 0.54179398125 0.0504991203125 0.5570075609375 0.0571338921875 0.579783071875 0.082075546875 0.58334390625 0.0889830125 0.590496796875 0.108084659375 0.5705146234375 0.1052328296875 0.554837465625 0.097503328125 0.55001433125
0 0.044597071875 0.76084185 0.020999524999999998 0.76980638125 0.01373755625 0.782962896875 0.015989459375 0.8330098203125 0.023637154687500002 0.8425197390625 0.0298862015625 0.8426288171874999 0.046054209375 0.8116562703125 0.044597071875 0.76084185
0 0.2082140890625 0.9668537374999999 0.184834696875 0.9633201734375 0.16789523906249998 0.9489598515625 0.158743775 0.980836240625 0.16477466875 0.9934434156249999 0.256948128125 0.995052309375 0.2297585234375 0.985982653125 0.2082140890625 0.9668537374999999
0 0.7571979921875001 0.04504443125 0.73603928125 0.04858195 0.744867465625 0.0799908078125 0.72732808125 0.10000024999999998 0.7358250796875 0.10561814843749999 0.7546813015625 0.0996963328125 0.7795138781250001 0.109506215625 0.786394075 0.11822136875 0.78902775 0.146396625 0.797470209375 0.155139046875 0.809995575 0.15379494062500002 0.8180523093750001 0.139870928125 0.8290426828124999 0.13693729062499999 0.860206115625 0.1421694640625 0.89570183125 0.167792853125 0.9518341875 0.17502359843749998 0.9758992671875 0.18403871562500002 0.9715045359375001 0.0776958203125 0.9632802328125001 0.056455301562500004 0.7571979921875001 0.04504443125
0 0.1765633546875 0.7209514046875001 0.18464735937500001 0.70546513125 0.20312180937500002 0.721414984375 0.2064917578125 0.7074091640625 0.23228271562499997 0.707077978125 0.2263881703125 0.68665949375 0.23263721875 0.686768571875 0.23474486875 0.6555506 0.22794647812500002 0.6421486609375 0.2154483828125 0.64193050625 0.2043216625 0.6526754546875 0.1981544234375 0.647879590625 0.18716405 0.6508132296875 0.169597396875 0.672384934375 0.132184915625 0.6670436828125 0.0985008390625 0.6719253078125 0.090362296875 0.69053610625 0.0970516078125 0.71018709375 0.117388284375 0.7089793328125 0.1287058890625 0.6872985500000001 0.146521921875 0.6962045890625 0.1554319140625 0.7229266609375 0.1703143078125 0.7208423265625 0.16886112343749998 0.714566009375 0.1765633546875 0.7209514046875001
0 0.2095890125 0.709025965625 0.219208009375 0.6951292234374999 0.22458048437499997 0.7006925828125 0.22280006718749998 0.713163409375 0.23061137656250003 0.71329975625 0.23104373281249999 0.6437654625 0.2224649265625 0.64283435 0.2250986015625 0.6710096046875 0.2203572765625 0.6740523203125 0.2249349859375 0.6803831765624999 0.21709640624999998 0.6818090921875 0.21673795 0.6575803953125 0.2095032515625 0.6691746484375 0.21249142812500002 0.6770404984375 0.2063241890625 0.6722446343749999 0.208135828125 0.702749646875 0.1964324984375 0.701763996875 0.20120109218749999 0.6971590187500001 0.19749995781250002 0.6853738796875 0.1865913921875 0.68362073125 0.1810280328125 0.6889932062499999 0.18475643749999998 0.6992160828125 0.1904016046875 0.6891568218749999 0.19465208125 0.7142348234375 0.20092839843750002 0.7127816390625 0.1986804484375 0.7072728171875 0.2095890125 0.709025965625
0 0 0.73252064375 0.001893925 0.7452504531249999 0.009677965625 0.7469490624999999 0.0495292828125 0.7468633 0.07666039375 0.714519378125 0.08907668125 0.71942431875 0.0939816234375 0.70700803125 0.10417722968750001 0.7048418890625 0.10469534843749999 0.675158909375 0.0829054890625 0.670090353125 0.079586125 0.6364335453125001 0.0022132515625 0.6374271046875 0 0.7006454375 0 0.73252064375