0 0.694164825 0.3097446046875 0.6701403421875 0.31309170625 0.6600460515625 0.30555534687499997 0.6544413875 0.31273835 0.6509313515625 0.3028619671875 0.6447279390625 0.30210028437499997 0.6320492234375 0.309201821875 0.6398034906250001 0.310153925 0.640048884375 0.33379756718750003 0.6301725015625 0.337307603125 0.6284587140625 0.35126528281249997 0.7105714828125 0.3235658453125 0.69786528125 0.318070134375 0.694164825 0.3097446046875
0 0.5760830546875 0.3290920203125 0.5635682671875 0.36691125 0.6040533890625001 0.357714090625 0.6017673453125 0.3314585375 0.5760830546875 0.3290920203125
0 0.5490933046875 0.3501787234375 0.5306734843750001 0.34634282031249997 0.5162534953125 0.3548047890625 0.5145671953125001 0.3813597171875 0.5571744328125 0.3677004203125 0.548440575 0.361905334375 0.5490933046875 0.3501787234375
0 0.47394563281249996 0.37243643125000003 0.44641111406249995 0.36590715 0.43005942968750005 0.3772804046875 0.43201861093750005 0.3869663671875 0.4161567234375 0.4007611125 0.445133140625 0.40195761875 0.48202676093749997 0.389958128125 0.47394563281249996 0.37243643125000003
0 0.5170701531249999 0.37379587187499996 0.5199539515625 0.36313031875 0.489807521875 0.3586416859375 0.48178136718750003 0.3663144859375 0.48085674999999994 0.386666 0.47582334687500005 0.38919644375 0.4873595375 0.39140002812499997 0.5249333734375 0.3802711734375 0.5170701531249999 0.37379587187499996
0 0.38484028124999997 0.392980353125 0.35594532968750003 0.384709796875 0.3539321671875 0.3946951328125 0.3487898125 0.3917023796875 0.345225796875 0.40149729531249995 0.3299351703125 0.41063948124999994 0.3249292546875 0.42576717343750003 0.3949620578125 0.41311395937500006 0.3985260734375 0.40331904375 0.38484028124999997 0.392980353125
0 0.272798990625 0.4272375515625 0.2576438109375 0.40963438906249994 0.267710615625 0.4045735 0.1717216328125 0.4234851 0.1586620765625 0.43368834375 0.15466323906249999 0.46625626562500005 0.146936459375 0.4779014078125 0.1731920125 0.47561536562500006 0.2731258515625 0.44380714374999997 0.272798990625 0.4272375515625
0 0.27927329843750004 0.3745085375 0.2686892125 0.3645506875 0.2559015453125 0.366129028125 0.2520106671875 0.3593543515625 0.251548359375 0.36953010937499997 0.21324032656249997 0.39945962343749997 0.21936227343749998 0.40729535781250004 0.22439567500000002 0.40476491406250004 0.2258650609375 0.4120293859375 0.2701595921875 0.41668095312500003 0.2833281015625 0.41200090625 0.27927329843750004 0.3745085375
0 0.18910788125 0.442149321875 0.20028972343749998 0.41518606562500004 0.19177278125 0.37557158125 0.153818103125 0.3898021421875 0.10653081874999999 0.3902929296875 0.10693914687499999 0.3997884703125 0.1026674296875 0.3961155015625 0.0851457328125 0.4041966296875 0.0903970421875 0.4127125796875 0.08525468750000001 0.4097198265625 0.067161728125 0.4224535140625 0.054619453124999995 0.44767549687499997 0.074345725 0.47292397187499996 0.0870519265625 0.4784196828125 0.1553709421875 0.47972415 0.195747109375 0.46500379374999995 0.18910788125 0.442149321875
0 0.40984435625 0.3944762328125 0.402879259375 0.3999179625 0.3987979609375 0.394694140625 0.3902820109375 0.39994545000000004 0.3796164578125 0.39706165000000004 0.3619043421875 0.40669363125 0.355728415625 0.4185291953125 0.40911015937500006 0.41327689375 0.4335969515625 0.3997540359375 0.40984435625 0.3944762328125
0 0.6168675515625 0.3238672046875 0.614527528125 0.31728295 0.6060115781250001 0.322534259375 0.5941760125 0.31635833125 0.5995362765625 0.3303974796875 0.5848718859375001 0.3600816 0.6438582937499999 0.34764629375 0.6479935718750001 0.33319881875 0.6168675515625 0.3238672046875
0 0.3485179234375 0.40032728281249996 0.3543944765625 0.384519375 0.2886333921875 0.4008455578125 0.29393967499999996 0.434556003125 0.31535224687499996 0.4332495515625 0.3531979703125 0.41349579375 0.3485179234375 0.40032728281249996