0 0.571992128125 0.375593715625 0.5760006468750001 0.3822994546875 0.5859775921875 0.377063646875 0.5930939921875 0.3840960375 0.6217182234374999 0.3808201390625 0.625726740625 0.387525878125 0.6815845890625 0.3792568140625 0.6887009890625 0.3862892046875 0.7128267234375001 0.3809693875 0.7134800265625 0.3747536265625 0.72354098125 0.38366660937499997 0.7439055328124999 0.384235903125 0.7478300421874999 0.3767928515625 0.751511909375 0.386606471875 0.76271614375 0.38464187031249997 0.7668879890625 0.38979366875 0.7743683515625001 0.37094105312500003 0.785311175 0.2668270421875 0.7804440234375 0.26081661093749997 0.7493652140625 0.257550096875 0.151345471875 0.20726454218749998 0.09524028906250001 0.20293875625000002 0.070419246875 0.207399940625 0.0798268984375 0.222528684375 0.07443245625 0.2439572 0.056933143750000005 0.260971228125 0.052686675 0.3013736796875 0.0652862171875 0.330977865625 0.0786603828125 0.345737953125 0.0971443421875 0.349251803125 0.1384427390625 0.3300258390625 0.18203708125 0.3487477484375 0.1918507015625 0.34506588125 0.2024016328125 0.34931704375 0.21613976250000003 0.338192125 0.2136058671875 0.3473524421875 0.2505737875 0.354380140625 0.2629213015625 0.34153795625 0.265049228125 0.35118825 0.29195619375000004 0.3493029671875 0.3474080734375 0.3598445140625 0.3566103953125 0.369452803125 0.354239825 0.37705917968749997 0.34458953124999997 0.37918710624999996 0.3567364078125 0.3906759890625 0.40094204843750003 0.3961077421875 0.40535653437499997 0.3840028703125 0.40106336875000004 0.38747940625 0.39464227812499997 0.38130564843750003 0.40637849375 0.381753621875 0.421997215625 0.3676841484375 0.4376999453125 0.367763465625 0.4447323359375 0.360647065625 0.5005948765625 0.382229521875 0.507463940625 0.3766670640625 0.54802971875 0.37935959218750004 0.5564527234375001 0.373960459375 0.5629158203125 0.38720861093750003 0.5739147250000001 0.37972355625 0.571992128125 0.375593715625
0 0.7395797468749999 0.44034108437499997 0.75699974375 0.4390297875 0.7592069875 0.4329773515625 0.7467754640625001 0.4316707453125 0.7450161937499999 0.42598696562500005 0.7641534562500001 0.42328505156249996 0.7600703125 0.46213356406250006 0.7511153265625 0.4651201234375 0.7513999734375 0.45493784687499994 0.7581057125 0.4509293296875 0.7409703624999999 0.4420583515625 0.7145953796875 0.44635620937500003 0.7303401140625 0.45350992031250004 0.7298501359375 0.4581717421875 0.70519241875 0.461078984375 0.7067883640625 0.46831670625 0.7179925984375 0.4663521046875 0.7197518703125 0.472035884375 0.7036804828125 0.46799005468750005 0.6994713265625 0.48561538125 0.7149687265625 0.48017424374999995 0.7157060390625001 0.48810727187499997 0.7269102734375 0.48614267031249997 0.72486635625 0.49064116562500004 0.7077730109375 0.4888445828125 0.6959154734374999 0.49702494531249997 0.6940721937500001 0.477192375 0.6847485515625 0.476212421875 0.6917809421875 0.469096021875 0.6850331984375 0.46603014531250003 0.6797180734375 0.47175592968749996 0.6795920609375 0.4505327453125 0.6664232250000001 0.4412931109375 0.6730543390625 0.48283884375 0.6717477328125 0.49527036718749995 0.6617707875 0.500506175 0.6690505124999999 0.505984625 0.6597688749999999 0.5120790656249999 0.65576035625 0.5053733265625 0.6458254140624999 0.517683528125 0.6634134296875 0.5446698109375 0.6687332453125 0.5687955453125 0.6658773921875001 0.6109152640625 0.64609151875 0.649684459375 0.6279039625 0.66860065 0.6456855499999999 0.6684950703125 0.642008375 0.6885329703124999 0.6463435453125 0.692130828125 0.6351393109375 0.6940954296874999 0.6486347968749999 0.7002271828125 0.6474915171875 0.711104765625 0.633506053125 0.709634834375 0.6392318375 0.7149499578125 0.631135484375 0.7172412109375 0.6268843234375 0.7277921421875 0.6299548921875 0.7508959187500001 0.6470482359374999 0.7526925015625 0.6526900125 0.7438588359375 0.6594797609375 0.7539991078125 0.71300904375 0.760410815625 0.7287117734375 0.7604901328125 0.7248665812499999 0.7522304531249999 0.73405951875 0.7021357015625 0.73050835625 0.7433967874999999 0.7346802015625 0.7485485859375001 0.77367304375 0.3700824203125 0.7659500390625 0.4061917078125 0.7488146890625 0.3973207296875 0.7312313671874999 0.4001859671875 0.745095509375 0.410284234375 0.738921753125 0.41670532656250003 0.7271855359375 0.41625735468749997 0.7419083125 0.4256603140625 0.7388424359375 0.43240805781249997 0.72710621875 0.431960084375 0.7395797468749999 0.44034108437499997
0 0.49633924843750005 0.6245182203125 0.50173838125 0.6329412265625 0.49262006875 0.6374817265625 0.4861149671875 0.6171591796875 0.47625934374999995 0.6137666515625 0.44142404218750003 0.6462407671875 0.412473159375 0.652624546875 0.386056171875 0.649848009375 0.354730028125 0.6339866453125 0.334360784375 0.60356583125 0.32385185625 0.606389065625 0.329577640625 0.611704190625 0.320296003125 0.61779863125 0.316124159375 0.61264683125 0.30181204375 0.6142847812500001 0.3052838875 0.5887264265625001 0.30074338749999996 0.5796081140625 0.28557733125 0.6117928906250001 0.2580590671875 0.62696833125 0.14895658437499998 0.6186434125 0.1438841015625 0.6071125265624999 0.1341124859375 0.6178687875 0.1279014171875 0.6470670046875 0.1286434203125 0.684851553125 0.12058907187500001 0.6942172015625 0.1122873875 0.6909879984375 0.11372000625 0.6997796593750001 0.49063223125000005 0.738609178125 0.632899446875 0.7527765109375 0.6708473203125 0.7504805671875 0.667165453125 0.740666946875 0.661155021875 0.7455340984375 0.6638475500000001 0.7049683203125 0.6479768015625 0.6765914234375 0.6466655046875001 0.659171428125 0.654024546875 0.648947146875 0.6488307437499999 0.646044596875 0.61342145625 0.66903174375 0.5756369078125 0.6697737484374999 0.53359650625 0.6512151640625 0.5135539140625001 0.61768646875 0.49633924843750005 0.6245182203125
0 0 0.685655084375 0.053811635937500005 0.6942685890625 0.1480700234375 0.7018188859375 0.15129922499999998 0.6935172015625 0.141564921875 0.6814963374999999 0.145648065625 0.6426478265625 0.1366510734375 0.638559990625 0.161145465625 0.6372066890625 0.1643746671875 0.6289050046875 0.1451533953125 0.617458128125 0.14428068593750001 0.5285988749999999 0.14084615312499998 0.531380103125 0.13769626875000002 0.5239790578125 0.1314851984375 0.553177275 0.12355217031250001 0.5539145859375 0.131158546875 0.55628515625 0.12776601875 0.5661407796875 0.12007563437499999 0.549621421875 0.11222661406250001 0.5645075234375 0.08131113125 0.5596870671875 0.0733360984375 0.5533499843749999 0.0888334984375 0.547908846875 0.073947396875 0.540059828125 0.048757698437500004 0.540554496875 0.0409039875 0.5255890796875 0.0290044453125 0.526695046875 0.023558615625 0.48134612656250003 0.015588274999999999 0.5048605640625 0 0.6531730890625 0 0.685655084375
0 0.3160774625 0.5757209171875 0.32400110625 0.5152805640625 0.328826253125 0.5142166015625 0.3321767765625 0.49728658125 0.3408703515625 0.3921506125 0.3294748640625 0.47814931875 0.3163853453125 0.45320695468750005 0.31711796406250004 0.43128846249999997 0.309796234375 0.41873561718749996 0.301340609375 0.476763396875 0.28286134218750003 0.5031010671875 0.29783145312500003 0.5250988765625 0.30217131406250003 0.5585482546875 0.3088350484375 0.5474653421875 0.3160774625 0.5757209171875
0 0.54447855625 0.42062067656249996 0.53716151875 0.43791935156250006 0.5303297671875 0.4207046859375 0.5268532296874999 0.4164115203125 0.52170143125 0.4205833640625 0.50951255 0.40202008749999996 0.486926903125 0.57953795625 0.475400709375 0.6144619578125 0.4774493203125 0.6398149828124999 0.485219021875 0.6406316125 0.4867309578125 0.6337205421875 0.49846717500000004 0.634168515625 0.4951539625 0.628321409375 0.50447760625 0.6293013640625 0.50995605625 0.6220216390625 0.5149865328125001 0.6264781296875 0.5117899515625 0.5821511687500001 0.530353228125 0.5699622875 0.5379549124999999 0.5424813359375 0.5276466234375 0.5209735046875 0.526988628125 0.49733774531249997 0.53074511875 0.46159711562499994 0.54627983125 0.4333788515625 0.54447855625 0.42062067656249996
0 0.6146018234375 0.37378774843749996 0.5828697109375 0.3767369953125 0.5801304859374999 0.3803768578125 0.5874102109375 0.3858553078125 0.567414315625 0.389252528125 0.551347621875 0.41505821875000004 0.5593226546875 0.4213953015625 0.5887635140625 0.4103497 0.63071990625 0.41475949375 0.66658655 0.4397391703125 0.6696524265625 0.43299142812499997 0.6901383 0.4249323859375 0.6925881859375 0.4016232796875 0.6761061390625 0.3865365390625 0.6529603578125001 0.3825327125 0.6491151656249999 0.3742730328125 0.644985325 0.37619562968750003 0.645106646875 0.3675672953125 0.63807425625 0.37468369375 0.635783003125 0.366587340625 0.6264593609375 0.36560738593750003 0.623925465625 0.37476770312499996 0.6185263328125 0.3663446984375 0.6146018234375 0.37378774843749996
0 0 0.636479415625 0.0003149734375 0.6352282359375 0.0448188875 0.1968537 0.0444082265625 0.1858127921875 0.0317713734375 0.17898573125 0 0.47649160625000003 0 0.636479415625
0 0.20790823593750002 0.5211464390625 0.20189780468750002 0.5260135906250001 0.197324684375 0.5695239234375 0.2006378953125 0.5753710296875 0.2248056359375 0.5771256078125 0.24598681562500002 0.5699252 0.25211856875 0.5564297125000001 0.2508072703125 0.539009715625 0.2372697796875 0.52580356875 0.20790823593750002 0.5211464390625
0 0.2118606734375 0.431223221875 0.2074508796875 0.473179615625 0.21939242499999997 0.47914804218749996 0.237344403125 0.48024931718749997 0.2498972484375 0.47292758749999997 0.2557816671875 0.4468372515625 0.2512411671875 0.43771893906250003 0.234801125 0.42970659375000003 0.2118606734375 0.431223221875
0 0.236756340625 0.38120778906249997 0.230671284375 0.431629190625 0.23811433593750003 0.4355537 0.24350408437499999 0.384273665625 0.236756340625 0.38120778906249997
0 0.155004103125 0.3294098484375 0.153734809375 0.319064246875 0.130752353125 0.3135064796875 0.12490524843749999 0.316819690625 0.12875044062500002 0.3250793703125 0.1104718109375 0.3270859765625 0.0962437046875 0.342872715625 0.082258240625 0.341402784375 0.0716233 0.3230028328125 0.0624629828125 0.3204689375 0.04860353125 0.340222190625 0.05105810937500001 0.34676460468750003 0.045047678125000004 0.35163175625 0.0430830765625 0.340427521875 0.0370726453125 0.34529467343750003 0.0321728734375 0.39191288750000003 0.0369187046875 0.4065516546875 0.029069684374999998 0.42143775625 0.0247439 0.4775429375 0.0363634875 0.516470765625 0.02884111875 0.5282489874999999 0.0279451734375 0.5517214203125 0.039438746875 0.5694260625 0.0739520890625 0.5699113484375 0.09280470468749999 0.5773917109375 0.1008590546875 0.5680260640625 0.1157031515625 0.5688006890625 0.12118160156249999 0.5615209625 0.11786839062500001 0.5556738578125 0.13598369375 0.5552211921875 0.12727135 0.54095108125 0.14538665312500001 0.5404984171875 0.16376314375 0.380605875 0.16666569375 0.375412071875 0.182368425 0.3754913890625 0.18715156718749998 0.3673530296875 0.1623678375 0.3490370875 0.1678462875 0.3417573625 0.155004103125 0.3294098484375
0 0.0872326359375 0.24923031875 0.0772136859375 0.24739173124999997 0.08113350312499999 0.21009716093750003 0.0905784671875 0.2024487796875 0.0444922359375 0.19996158125000002 0.031589503125 0.322722878125 0.032088865625000004 0.377764096875 0.0406751953125 0.3708110234375 0.0356027140625 0.3592801375 0.0436990671875 0.356988884375 0.0434517328125 0.3443940359375 0.053265353125000005 0.34071216875 0.051996059375 0.3303665671875 0.0786603828125 0.345737953125 0.0896592859375 0.3382528984375 0.08802133749999999 0.3239407828125 0.09398976406250001 0.3119992359375 0.08253819531249999 0.30136898749999996 0.081226896875 0.283948990625 0.097498921875 0.26366375625 0.0872326359375 0.24923031875
0 0.7591882187500001 0.3135712703125 0.75354644375 0.32240493593749997 0.7348991578125 0.32044502656249996 0.7294207078125 0.3277247515625 0.716989184375 0.326418146875 0.7146186140624999 0.3340245234375 0.70320905 0.33046866874999997 0.710773421875 0.32576484375 0.7030037203124999 0.324948215625 0.69719861875 0.3353358203125 0.6866476859375 0.331084659375 0.6808845890625 0.3485466609375 0.669475025 0.3449908078125 0.663875253125 0.3608988671875 0.657496165625 0.3617995046875 0.653249696875 0.40220195781249996 0.6389795859375 0.41091430156250003 0.6349710671875 0.40420856250000003 0.6292872875 0.4059678328125 0.6300245984374999 0.4139008609375 0.657057578125 0.4332387625 0.6682245 0.4540512859375 0.670441128125 0.507701890625 0.6583782593749999 0.5103617984375 0.656576984375 0.4976036234375 0.654738396875 0.5076225734375 0.6449247765624999 0.511304440625 0.6533104703125 0.5286824328125 0.659278896875 0.5167408859375 0.6684392140625001 0.51927478125 0.6647200343749999 0.5322382875 0.6692185312500001 0.5342822046875 0.6724477328125 0.5259805203125001 0.7097423046875 0.5299003375 0.71203355625 0.5379966921875 0.715794740625 0.53210758125 0.72372776875 0.53137026875 0.7275729609375 0.5396299484375 0.7313341453125 0.5337408390625 0.748590815625 0.5339834812500001 0.75484858125 0.541711178125 0.776902246875 0.3617807375 0.780248078125 0.314999196875 0.7753809265625 0.308988765625 0.7694124984374999 0.3209303125 0.7591882187500001 0.3135712703125
0 0.40694332031249997 0.5931268375000001 0.4250166203125 0.5855997765625001 0.43490955624999994 0.5662151796875 0.45140545468750004 0.40926719375 0.46031843749999996 0.3992062390625 0.45176941875 0.38338218749999997 0.4457589875 0.38824933906250003 0.4376999453125 0.367763465625 0.4331221328125 0.38142227812499996 0.41978997187499995 0.373736584375 0.4155388109375 0.3842875171875 0.3969335296875 0.389402003125 0.380521640625 0.5604987796875001 0.3861681078125 0.581516634375 0.40694332031249997 0.5931268375000001
0 0.461541034375 0.372625925 0.4549986203125 0.375080503125 0.448624225 0.40583266093750003 0.4577425375 0.4012921609375 0.5041974265625 0.4077458734375 0.50432813125 0.458820578125 0.529027853125 0.46298772968749996 0.55159495625 0.4276530671875 0.586514265625 0.40932774062500005 0.5842230140625 0.40123138750000004 0.5695002375 0.391828428125 0.5657343625 0.36786601874999997 0.5433632046875 0.34901809375 0.5382114062500001 0.3531899390625 0.5262698593749999 0.3472215109375 0.5147389734375001 0.35229399375 0.4788350171875 0.3500914421875 0.4769964296875 0.3601103921875 0.46697747968750003 0.35827180468750003 0.457369190625 0.3674741265625 0.461541034375 0.372625925
0 0.20886003749999998 0.33271367500000004 0.2017436375 0.325681284375 0.19004942656249998 0.33230770625 0.1860409078125 0.3256019671875 0.1743466953125 0.332228390625 0.16915289218750001 0.3293258390625 0.15214824843750002 0.37152956718749997 0.15995995624999998 0.379420590625 0.17288145625 0.376065375 0.269389090625 0.384637628125 0.2915549171875 0.3979650984375 0.3037437984375 0.41652837500000006 0.30734165625 0.4121932046875 0.3061983765625 0.42307078750000005 0.3224330890625 0.42556267812500004 0.3353545890625 0.4222074625 0.32357636875 0.4146850953125 0.338051809375 0.41149320468750006 0.3470861140625 0.392803915625 0.3953795890625 0.3892386765625 0.365280734375 0.37664852031249996 0.36830460625 0.36282638125 0.3609828765625 0.3502735359375 0.355462421875 0.3504788671875 0.3539877984375 0.3346128109375 0.34756670624999997 0.328439053125 0.233639075 0.321178096875 0.21311119843749998 0.32216274375 0.20886003749999998 0.33271367500000004
0 0.1125997375 0.3367362703125 0.08332220312500001 0.34622793125 0.0726079453125 0.3435307109375 0.06320029375 0.328401965625 0.03674599375 0.3484025546875 0.021962670312499998 0.47410840624999995 0.023521303125 0.5041232515625 0.034072234374999996 0.5083744125 0.0289204359375 0.51254625625 0.0330922796875 0.5176980546875 0.024916609375000003 0.5356920374999999 0.0292517796875 0.5392898953125 0.0263912328125 0.55155809375 0.037474146874999996 0.558221828125 0.0409926875 0.5695893890625 0.0713341859375 0.5649228749999999 0.07673331875 0.5733458812500001 0.09452197031250001 0.576001096875 0.1219982296875 0.5537512609374999 0.1201969546875 0.5409930859375 0.135204378125 0.5402137687499999 0.131727840625 0.5359206046875 0.1454659703125 0.5247956859375 0.1616352171875 0.37095557968750004 0.156931390625 0.3633912078125 0.136198184375 0.3588554 0.1335802796875 0.353866928125 0.1435992296875 0.355705515625 0.144415859375 0.3479358125 0.1164449296875 0.34499595 0.120901421875 0.339965471875 0.1125997375 0.3367362703125
0 0.5657718984375 0.6066781796875 0.579146065625 0.62143826875 0.5938268359375 0.6237668328125 0.61459735625 0.605525515625 0.6111581312500001 0.578455225 0.5673584593750001 0.554212859375 0.5696917171875 0.569383609375 0.5606154078125 0.580998503125 0.5657718984375 0.6066781796875
0 0.625988153125 0.4896752875 0.6179291109375 0.469189415625 0.6026743531250001 0.4573738828125 0.580797865625 0.4637156578125 0.576056728125 0.4789284109375 0.5833784578125 0.4914812546875 0.6465627265625 0.5256165562499999 0.651999171875 0.5112624359375 0.67215839375 0.5063112765625 0.6727696921875 0.49302111875000004 0.625988153125 0.4896752875
0 0.386872575 0.3804890203125 0.379840184375 0.3876054203125 0.3961169015625 0.39717170468749996 0.39812350625000004 0.415450334375 0.44093853281250006 0.41916482187500004 0.448871559375 0.418427509375 0.4434724265625 0.41000450468749994 0.44866622968750003 0.41290705625 0.456188596875 0.401128834375 0.4932778390625 0.3995281984375 0.4826849015625 0.3882026421875 0.477001121875 0.3899619125 0.475605815625 0.3583931265625 0.46697747968750003 0.35827180468750003 0.46051438281249996 0.345023653125 0.40473585156249997 0.3375899859375 0.3949222328125 0.34127185312499997 0.38654123125 0.35374538125 0.386872575 0.3804890203125