0 0.346018971875 0.6124736265624999 0.347853171875 0.6202268359375 0.3380030265625 0.6291698 0.281950884375 0.635817540625 0.25524097343749996 0.6320599140625001 0.2524450609375 0.6415382640625 0.2410234484375 0.62786604375 0.2036553546875 0.632297871875 0.205544084375 0.6416126296875 0.19261545625 0.6295564875 0.1817936796875 0.6330612984374999 0.1722608 0.6287038359375 0.1274666765625 0.644339153125 0.08761001562500001 0.6222791921875 0.0689259671875 0.62449510625 0.05455476875 0.6382863046875 0.039920835937499996 0.6669394765625001 0.041338628125 0.707539728125 0.057608475000000006 0.7257330015625 0.061494998437500004 0.747485615625 0.051054934375000006 0.7619212625 0.07550431875 0.7681030062499999 0.1317745828125 0.7677014578125 0.7318453234375 0.7592541453125 0.7630762859375 0.7581635359375001 0.7683508484375 0.7525072609375 0.7646973078125 0.647883534375 0.7585502578125001 0.6285550390625 0.7540292046875 0.633403275 0.7429893062499999 0.630661890625 0.7386318453125 0.640194771875 0.735236096875 0.6324960921875 0.7148814390625 0.6316434390625 0.7042232546875 0.63983289375 0.7040051328125 0.6335867015625001 0.6803092578125 0.6265969171875 0.6727196390625 0.6331157625 0.6175746796875 0.6209703953125 0.61310815625 0.627380178125 0.5847821671875 0.622115534375 0.5771925484375 0.6286343796875 0.5676051375 0.6227153703125 0.563138615625 0.6291251531250001 0.5653446109375 0.6251394875 0.55489463125 0.6169054203125001 0.5475231328125 0.6296704578125001 0.5394972703125 0.6236969171875 0.4988424875 0.6235531625 0.4923781734375 0.6175250906249999 0.4351461953125 0.6351582 0.4286273515625 0.62756858125 0.4129573390625 0.6265523375 0.3983581 0.6114276296875001 0.3866192234375 0.611055834375 0.393455334375 0.605345028125 0.39749553125000003 0.6091125734375 0.39393619062499996 0.5967292484375 0.3494593328125 0.599064140625 0.336540621875 0.6096777125 0.346018971875 0.6124736265624999
0 0.6768093578125 0.2577443671875 0.6693288 0.2673863078125 0.664316971875 0.2581806109375 0.6471399421874999 0.2587804453125 0.6424652156249999 0.28161375 0.645970025 0.2924355265625 0.6538868265625 0.29528597031250003 0.6478042265624999 0.30018873749999997 0.661858159375 0.29969796249999997 0.662239871875 0.31062880000000004 0.6483495312499999 0.31580421875 0.659389428125 0.3185456015625 0.6548138453125001 0.3218322890625 0.6570842890625 0.3420778859375 0.6393533812500001 0.3407321828125 0.65617710625 0.36087099375 0.6732103796875 0.4009259421875 0.6731211546875 0.44314227187500005 0.6661313703125 0.46683814687499997 0.6467037312499999 0.4925318140625 0.65575575625 0.50550505625 0.660222278125 0.499095271875 0.66905618125 0.505822321875 0.66141203125 0.51077961875 0.6709994421875 0.516698628125 0.6714356859375 0.5291910125 0.6619226406250001 0.570172978125 0.6757039218750001 0.5618744640625 0.6773100828125 0.5407117671874999 0.6822128484375 0.54679436875 0.6891580203125 0.544206659375 0.682639175 0.536617040625 0.6920084640625 0.5362898578124999 0.695230703125 0.5166341796875 0.7064887234375 0.52562175625 0.7236657531249999 0.5250219203125 0.72539089375 0.529652034375 0.7143509953125 0.5269106515625 0.7130620984375 0.5347729234374999 0.6979820046875 0.5282639953125 0.7009514265625 0.546140003125 0.7172658875 0.5432251109374999 0.715114421875 0.5487723250000001 0.7040745234375 0.5460309421875 0.7019775874999999 0.5531397046875 0.7263724421875 0.5577599015625 0.7265360328125 0.5624445453125 0.710330634375 0.568482534375 0.736341565625 0.5746097484375 0.7540539828124999 0.56695568125 0.7476441984375 0.562489159375 0.7480705249999999 0.55231183125 0.756795365625 0.5559157828125 0.7581586265625 0.5949544875 0.7392564578124999 0.590924209375 0.7414079234375001 0.58537699375 0.753900309375 0.58494075 0.7521206390625 0.5787490890625 0.7348345484375 0.5762258265625 0.721806775 0.583716303125 0.7335456515625001 0.5840880984375 0.7361333609375 0.5910332703125001 0.72079053125 0.599386315625 0.7325294078125 0.5997581109375 0.7382402140625001 0.6065942203125 0.7237054234375 0.615700775 0.7410460453125001 0.619785584375 0.7587584625 0.6121315171874999 0.7639437984375 0.6486915734375 0.7514464046875 0.2684273296875 0.7469253515625 0.273275565625 0.7475896343749999 0.31468385625 0.741913525 0.26406986718750003 0.7463255171875 0.2560985359375 0.7306555046875001 0.2550822921875 0.6768093578125 0.2577443671875
0 0.1350612046875 0.279789534375 0.14244261875 0.289694209375 0.13906670625 0.3273349578125 0.14322588125 0.35689531093750004 0.152223375 0.3683070046875 0.1580878546875 0.357158046875 0.2675052859375 0.3564640109375 0.29389793124999997 0.37352206093749996 0.3067819484375 0.40668636874999997 0.3119474484375 0.39790699687500003 0.310266921875 0.3721687171875 0.32442991718749997 0.3748010390625 0.3289509703125 0.369952803125 0.337784871875 0.376679853125 0.3317022703125 0.38158261875 0.341988659375 0.3851320421875 0.364430334375 0.3562062171875 0.3967866015625 0.3425686921875 0.42333292031249997 0.341641675 0.45176797031250004 0.350029415625 0.484253134375 0.3848544140625 0.49432140156250004 0.38215764375 0.5022282859375 0.36233837343749997 0.5110076578125 0.36750387500000004 0.5050341171875 0.3755297375 0.521730290625 0.3835456828125 0.544062903125 0.3514967625 0.5872954781249999 0.3359159765625 0.624936225 0.33929188906249996 0.6586557546875 0.36469306874999996 0.664039378125 0.3621598890625 0.6574114718749999 0.351447175 0.6599347328125 0.334161084375 0.6777462937500001 0.3069604 0.67789005 0.2663056171875 0.683546325 0.271580178125 0.6879037859375 0.2620472984375 0.6502085078125 0.25710983593750003 0.5072995859375 0.26131859999999996 0.128596890625 0.2737614625 0.12655448593750002 0.28243177343750003 0.1350612046875 0.279789534375
0 0.0234179734375 0.48537356249999997 0.032013918749999995 0.4405149921875 0.043807325 0.44244833593750005 0.052685840625 0.42806721875 0.077779671875 0.430317828125 0.09317703125 0.42352633125 0.07809693749999999 0.417017403125 0.0864945953125 0.4112520671875 0.11767102812500001 0.4085999109375 0.12446252499999999 0.4239972703125 0.133286509375 0.40805460625 0.13598327968749999 0.4181228734375 0.1282300703125 0.41995707343750005 0.136092340625 0.42124596875 0.140251515625 0.45080632343750004 0.14391 0.44364303125 0.14714215625 0.446657065625 0.1542112484375 0.35807514687499997 0.1741841921875 0.3479969609375 0.171541953125 0.3394902421875 0.1472016296875 0.33643159375 0.1564618578125 0.332981315625 0.155098596875 0.29394261093749996 0.1656477203125 0.2826300609375 0.1630054796875 0.274123340625 0.0684500203125 0.27508011250000003 0.0107818 0.28022083593749997 0.0171073328125 0.4613604234375 0.0234179734375 0.48537356249999997
0 0.300074734375 0.46085969843749996 0.28360660000000004 0.48175965937500004 0.30020362968750003 0.509322221875 0.3045908453125 0.5677984828125 0.31277038125 0.5557869531249999 0.313568503125 0.5338707484375 0.328366028125 0.509902221875 0.333734790625 0.5964863484375 0.33239630625 0.4910000515625 0.3302349234375 0.473877553125 0.3254957484375 0.47247959531249994 0.3218075125 0.4116337484375 0.3126117328125 0.4393152890625 0.30673733593749997 0.427794534375 0.300074734375 0.46085969843749996
0 0.4925070359375 0.41974386093750005 0.5026546453125 0.5984048 0.51610874375 0.5807369953125 0.5209569796875 0.5852580484375001 0.5247245234375 0.5812178515624999 0.5327404687499999 0.5645216796875 0.5388329875 0.5822886265625 0.541519840625 0.5696871796874999 0.5279913765625001 0.5404540078125 0.526737175 0.5045384 0.529042315625 0.48100611718749997 0.5408258046875 0.460269746875 0.5351596109375001 0.43232547187500003 0.5174918078124999 0.41887137343749997 0.5237726953124999 0.37487537187500003 0.5184436031249999 0.3789701 0.51348630625 0.37132595 0.5041170171875 0.3716531328125 0.5078300312499999 0.3660513875 0.4960911546875 0.3656795921875 0.49506499374999996 0.358679890625 0.48725725156250005 0.35895254374999996 0.48344509531249996 0.3841009046875 0.4925070359375 0.41974386093750005
0 0.5536949609375 0.5825513609375 0.5452973015625 0.588316696875 0.5595247453125001 0.61518028125 0.5792349531250001 0.61996406875 0.5715908046875 0.624921365625 0.574069453125 0.628743440625 0.6055185375 0.6338990234375 0.6089142859375001 0.641597703125 0.6148878265625 0.6335718406249999 0.6167765578125 0.6428866 0.626145846875 0.6425594171875 0.6289962906250001 0.634642615625 0.6355151359375 0.642232234375 0.6359959921875 0.6336164531249999 0.6399816578124999 0.63582245 0.64439365 0.6278511171875001 0.6677623421875001 0.6254716124999999 0.6852566375 0.611571353125 0.6844386796874999 0.5881481296875 0.6645648796875 0.5786796984375 0.6619771703125 0.5717345265625 0.6244554015625 0.5941514234375 0.5822936015625 0.5956237468750001 0.5536949609375 0.5825513609375
0 0 0.5001022953125001 0.01051913125 0.787570315625 0.0236014328125 0.7816413890625 0.024781268749999998 0.7706560203125 0.0109652265625 0.3302449078125 0.0051354421875 0.2976159875 0.00395560625 0.3086013546875 0 0.3128432234375 0 0.5001022953125001
0 0.2044385828125 0.45325521875 0.2100948578125 0.45852978125000005 0.2397097421875 0.45593215468750004 0.254135471875 0.44370250312500004 0.25665873281249996 0.42641641249999995 0.2514833140625 0.4125260703125 0.23085600468749998 0.403865678125 0.20662474375 0.40393012500000003 0.2029117296875 0.4095318703125 0.2044385828125 0.45325521875
0 0.230543715625 0.5516228359375 0.2475026234375 0.5447768078124999 0.252668125 0.5359974359375 0.24861801093749997 0.509560178125 0.23660648125 0.5013806421875 0.21862141249999997 0.50122696875 0.20629261875 0.50634785625 0.207764940625 0.5485096578124999 0.230543715625 0.5516228359375
0 0.23605623437499998 0.59755218125 0.2342567296875 0.546021090625 0.22655805 0.549416840625 0.22911106406249998 0.6001398906250001 0.23605623437499998 0.59755218125
0 0.0327029796875 0.415475690625 0.031959387500000005 0.43895344375 0.038641825000000005 0.4512277078125 0.0243350734375 0.48925016875000005 0.024736621875 0.5455204328125001 0.031528120312500005 0.5609177921875 0.0257727015625 0.5751898484375 0.027408615625 0.6220362921875 0.033064890624999996 0.6273108546875 0.0358062734375 0.61627095625 0.0414625484375 0.62154551875 0.038557575 0.627900771875 0.051005346875 0.64857269375 0.0603201046875 0.6466839625 0.07221265624999999 0.6290706890625 0.0862665890625 0.628579915625 0.099358809375 0.6453207015625 0.11745293906250001 0.6485974718749999 0.11304094687499999 0.656568803125 0.11864269218750001 0.6602818171875 0.141956853125 0.6563407640625 0.143944728125 0.6461089046875 0.15761694843750002 0.63468729375 0.1526596515625 0.6270431453125 0.178660665625 0.6105006453125 0.174456878125 0.60204845625 0.158786865625 0.6010322125 0.1562536859375 0.595648590625 0.1490755 0.43486365937500004 0.1310359015625 0.4331484375 0.1407224546875 0.41952082968750004 0.12268285625 0.4178056078125 0.12639586875 0.4122038625 0.121438571875 0.4045597140625 0.1065766 0.4042969796875 0.099195184375 0.394392303125 0.0798666890625 0.40053935156250003 0.04540356875 0.3986159265625 0.0327029796875 0.415475690625
0 0.0708196734375 0.7682665984375 0.0619312421875 0.759978 0.0606225109375 0.7225008453124999 0.0707453078125 0.721365621875 0.0819934109375 0.7076834843750001 0.06717605 0.686312584375 0.0696993125 0.66902649375 0.0818645140625 0.6592209609374999 0.0767436265625 0.6468921671875 0.0793759484375 0.6327291734375 0.0689259671875 0.62449510625 0.0412543453125 0.6379690390625 0.04324221875 0.62773718125 0.033709339062499996 0.62337971875 0.0348346421875 0.610832803125 0.026917840625 0.607982359375 0.0327823203125 0.5968334 0.024701928125 0.5892983109375 0.0203643015625 0.64417061875 0.0246722078125 0.767532925 0.0708196734375 0.7682665984375
0 0.6600586875000001 0.494410628125 0.6549377984375 0.4820818328125 0.64536030625 0.49883253749999995 0.6548931859375 0.5031899984375 0.6560284078125 0.513312796875 0.6587152609375 0.50071135 0.6705631984375 0.5042062421875 0.66460949375 0.5575715328124999 0.6520179640625 0.5775543937500001 0.6237018937500001 0.5949594625 0.622412996875 0.602821734375 0.6279602125 0.6049732 0.632426734375 0.5985634156249999 0.6460543421875 0.6082499703125 0.647472134375 0.648850221875 0.65377285625 0.6501936484375 0.658249296875 0.666453578125 0.6698791125 0.6637022781249999 0.674410084375 0.6815237546875 0.685231859375 0.6780189453125 0.6902982171875001 0.6887861921875 0.6981059578125001 0.6885135390625 0.690888134375 0.6832935078125 0.7025179500000001 0.68054220625 0.7043521515625 0.6882954171875 0.7168445359375 0.6878591734375 0.7218018328125 0.6955033234375 0.7405404109375 0.6948489578125 0.7455522390625 0.7040546546875001 0.756264953125 0.6974267484375 0.7613858421875 0.7097555437499999 0.7666604046875001 0.7040992671875 0.7665860390625 0.6571982921874999 0.7571374078125 0.47616776562499996 0.750355828125 0.4834401203125 0.7331242687499999 0.48247840625 0.72978305 0.47634127499999995 0.7253710578125 0.48431260781249996 0.7175087859375 0.4830237109375 0.71416756875 0.4768865796875 0.711317125 0.48480338125 0.6738399687500001 0.4861121125 0.671197728125 0.47760539375000005 0.6665676140625 0.47933053281250004 0.6693734453125 0.49252189687500003 0.6600586875000001 0.494410628125
0 0.38946966875 0.6031390328125 0.40767285937500003 0.6095388984375 0.41117766875 0.6203606749999999 0.42501348125 0.6136237078125 0.4286273515625 0.62756858125 0.4380957828125 0.60769478125 0.44375205781249993 0.6129693421875 0.45338408281250003 0.5977801875 0.445194628125 0.5871220015625 0.43968705156250004 0.42940563750000005 0.4311704140625 0.4093781640625 0.4136662015625 0.400608709375 0.3921317109375 0.410741425 0.385032865625 0.431314203125 0.38946966875 0.6031390328125
0 0.4509599640625 0.5955196609375 0.44218059218750005 0.590354159375 0.44639429843749995 0.6214760625 0.45274955156249996 0.6243810359374999 0.4482284984375 0.629229271875 0.45717146093750005 0.6390794171875 0.467294259375 0.6379441953125 0.46842948125 0.64806699375 0.5043996203125001 0.648374340625 0.5155485796875 0.6542388203125 0.5278773734375 0.6491179328125 0.532725609375 0.6536389859375 0.5563570359375001 0.6363975078124999 0.561785271875 0.6127561625 0.5771281 0.6044031171875 0.5799785453124999 0.596486315625 0.5464226062499999 0.57576978125 0.5263752968750001 0.5389469906250001 0.5014450578125 0.5413810265625 0.497751878125 0.5923221984375 0.4509599640625 0.5955196609375
0 0.2983991828125 0.5695781515625 0.284945084375 0.58724595625 0.261903575 0.59899475 0.1650330578125 0.600814090625 0.15237708125 0.596565690625 0.144033953125 0.6038925749999999 0.1580531921875 0.6471796796875 0.163436815625 0.6446465 0.1746403046875 0.6520725281249999 0.17910682656250002 0.64566274375 0.1903103171875 0.653088771875 0.1978999359375 0.6465699265625 0.2014047453125 0.657391703125 0.2218139328125 0.659805903125 0.33597053906249996 0.6605098234375 0.34280665 0.65479901875 0.3453844421875 0.6390744749999999 0.350877125 0.6396643937500001 0.3590566625 0.6276528640625 0.3570043390625 0.6136534609375001 0.3879081203125 0.6031935625 0.3399809828125 0.5962682265625 0.33227238593749997 0.5769942625 0.3180548609375 0.5728003921875 0.330329125 0.5661179546875 0.3176731484375 0.5618695546875 0.30130415781250003 0.5632228984375 0.3016858703125 0.5741537359375 0.2983991828125 0.5695781515625
0 0.0469651171875 0.3985613953125 0.0426621859375 0.40965582500000003 0.03114143125 0.415530221875 0.0331392234375 0.42796807656249997 0.0285636390625 0.43125476406249996 0.0354641984375 0.44977522031249995 0.030943145312499996 0.45462345624999995 0.03579138125 0.459144509375 0.0249696046875 0.46264931875000004 0.021321039062499998 0.492482325 0.027299554687499998 0.618913196875 0.05229424218749999 0.6407104218749999 0.06273430625000001 0.6262747765625 0.07361061249999999 0.6243315140625 0.10215472343750001 0.6358423515625 0.1106614421875 0.6332001109375 0.106566715625 0.62787101875 0.1346745828125 0.6268894703125001 0.1344019296875 0.6190817296875 0.1242791328125 0.6202169515625 0.1272386375 0.615423246875 0.14823774218750002 0.6123447625 0.1534577734375 0.6051269390625 0.1480592578125 0.450533671875 0.135130628125 0.4384775296875 0.138898171875 0.4344373328125 0.12398166875000001 0.43261304999999994 0.126668521875 0.42001160468750004 0.1008112640625 0.39589932031249997 0.082880725 0.39730719531249997 0.076907184375 0.4053330578125 0.0469651171875 0.3985613953125
0 0.566117921875 0.423427121875 0.5743619062499999 0.4356468546875 0.5709760765625 0.4506178890625 0.616360115625 0.42948988750000006 0.621679290625 0.402725446875 0.6022318171875 0.38307968593749997 0.587424375 0.3843785 0.573053175 0.3981696984375 0.566117921875 0.423427121875
0 0.578069978125 0.5418321296874999 0.599450796875 0.549684484375 0.6154926046875 0.53896185 0.6249610359375 0.5190880499999999 0.6718620125 0.5190136843750001 0.6721792765625 0.5057132609375 0.6524145375 0.49936792499999993 0.647992628125 0.4846695421875 0.5825811140625 0.51431418125 0.574401578125 0.526325709375 0.578069978125 0.5418321296874999
0 0.3722926390625 0.6037388671875 0.3788114828125 0.6113284859375 0.3766154046875 0.637983865625 0.38410588125 0.6510116390625 0.3936387609375 0.6553690999999999 0.4497999640625 0.65184445625 0.45717146093750005 0.6390794171875 0.4657872421875 0.639560275 0.4693812765625 0.6081657203125 0.474928490625 0.6103171859375001 0.4862856546875 0.59975814375 0.449398415625 0.595574190625 0.44271597968750004 0.583299928125 0.43733235625000005 0.58583310625 0.443305896875 0.5778072437499999 0.4354436265625 0.5765183484375 0.3924737859375 0.5772371609375 0.38919701562500003 0.5953312921875 0.3722926390625 0.6037388671875