0 0.6939201640625 0.60003448125 0.7182349203125 0.600952928125 0.792909625 0.5981704546875 0.8025589 0.59195135 0.7516163796875001 0.5916299781250001 0.7384115234374999 0.5933087640625 0.7215918421875 0.593044978125 0.7364446984375 0.572360775 0.7230155734375 0.5661323765625 0.7162176453125 0.5585147296875 0.7059926828124999 0.5558176312499999 0.6924227765625 0.5396982375 0.681191565625 0.525783228125 0.688560753125 0.52355618125 0.68197963125 0.476337903125 0.6809070109375 0.45142615781249995 0.675966878125 0.443011971875 0.6918154953125 0.44233910625000006 0.700723675 0.42149614843750005 0.68220673125 0.41926258125000004 0.6836853109375001 0.39191117656249996 0.661360184375 0.3926625578125 0.646196871875 0.41288309375 0.6462056140625 0.45298144687499997 0.6624989671875 0.45496425 0.6592454296875 0.4623890890625 0.632905034375 0.4741884625 0.61526793125 0.49009977187500003 0.6008003125 0.487082040625 0.5700797343749999 0.5074905546874999 0.5929984687500001 0.5082932921875 0.6583061890625 0.4716491890625 0.664049765625 0.4937682859375 0.644834084375 0.49202616875 0.6607514828125 0.5347861828125 0.6761750281250001 0.5423031765624999 0.6612769234375 0.5368677734375 0.6341856984375001 0.548833415625 0.586265884375 0.5711114578125 0.5770314703125 0.5619176828125 0.5777700609374999 0.5535385421875 0.5506819296875001 0.5312596640625 0.5235582937500001 0.5267677234375 0.5145505125 0.5145560390624999 0.5106730421875 0.501865559375 0.49549291875 0.502532784375 0.4979542171875 0.5206005953124999 0.512512 0.5356443640624999 0.495572959375 0.5515329984374999 0.4814568515625 0.5565646421875 0.4603938546875 0.5618162375 0.44757786718750003 0.570002046875 0.38317623749999996 0.601864603125 0.40134041875 0.5836495375 0.38551 0.5843114218750001 0.3754866609375 0.5989637109375 0.3782192375 0.6135274328125 0.40968915156249996 0.6114895765624999 0.43856083437500004 0.6119546359375 0.455703678125 0.6123649062500001 0.46988091875000004 0.6077399265625 0.48009041718749995 0.609722671875 0.4923148859375 0.609860009375 0.51777815 0.6079832015625 0.605611965625 0.6045462484375 0.65269208125 0.6013120296875 0.6878935625 0.604178028125 0.6939201640625 0.60003448125
0 0.3447724765625 0.5343756015625 0.3552139171875 0.54831360625 0.3605418125 0.5565908546875 0.3780928984375 0.56403150625 0.3871943953125 0.562887871875 0.3923827484375 0.5521271171875 0.3951509765625 0.5450809328124999 0.3711129484375 0.5356360171875 0.3490884640625 0.5313993109374999 0.3447724765625 0.5343756015625
0 0.248418553125 0.60595893125 0.2356663703125 0.6193157171875 0.2543845046875 0.620412146875 0.27534057500000003 0.6182516765625 0.2895407421875 0.619918996875 0.3179050734375 0.6172641203125 0.3366100140625 0.615252675 0.34560846875 0.61405099375 0.3454607828125 0.604293765625 0.33183232500000004 0.6082456765625001 0.3222251515625 0.614407584375 0.29146195 0.616528503125 0.2881545453125 0.6060663015625 0.26709309999999997 0.606467184375 0.290895275 0.5873745984375 0.3332664265625 0.5631417703125 0.31753172812499997 0.5640519359375 0.282414415625 0.5856855046875 0.257793909375 0.5990287203125 0.248418553125 0.60595893125
0 0.39599665625 0.566305234375 0.397382375 0.5719276328125 0.4083746421875 0.5753706359375 0.413991275 0.5807046671875 0.42050581718749996 0.5756181921875 0.43127424999999997 0.570464678125 0.4336896484375 0.5652391828125001 0.427851615625 0.5642357890625 0.4209723421875 0.5647979859375 0.41332153437499997 0.561116078125 0.40790346718750004 0.5683784890625 0.39599665625 0.566305234375
0 0.7175942609375 0.3191222796875 0.7175657609375 0.328831646875 0.7197347921875 0.3362523375 0.72742936875 0.33724212656249997 0.7336163734375 0.33593142187499997 0.761057203125 0.30687026875 0.779665996875 0.29270545000000003 0.76017313125 0.2936170296875 0.7345242875 0.3055032421875 0.7175942609375 0.3191222796875
0 0.8745980046874999 0.5866455984375001 0.8525940265624999 0.590725984375 0.8359926921874999 0.5915575359374999 0.8206403484375 0.5918957125000001 0.812556121875 0.5910288390625 0.8087898750000001 0.5960162484375 0.9123285390625 0.59153003125 0.9840922328125 0.58727041875 0.9546250109375001 0.5631418375 0.9440287875 0.5674424171875 0.9177765578124999 0.576456475 0.8880963328125 0.5835216359375 0.8745980046874999 0.5866455984375001
0 0.7901857171875 0.261972603125 0.799864284375 0.27055160312500004 0.8023773515625001 0.27268030625 0.81595271875 0.2651892359375 0.8292225921874999 0.25777755468749997 0.8145562625 0.25137935625 0.7932729234375 0.24790635 0.7901857171875 0.261972603125
0 0.7270003484374999 0.231859346875 0.7458973671875 0.22634262500000002 0.7689444375 0.21596985468750002 0.7796686984375001 0.20576285468750002 0.78601279375 0.2095257921875 0.789948103125 0.216448128125 0.7935855125 0.1988662125 0.81145071875 0.18899797499999998 0.8122811203125 0.18045745468750002 0.7943153 0.1882299703125 0.7920076093749999 0.1789484890625 0.770617065625 0.1855925625 0.746908109375 0.201700503125 0.7288573390625 0.2215523765625 0.713443778125 0.234794928125 0.7270003484374999 0.231859346875
0 0.8824902359375001 0.2410213390625 0.86964509375 0.24617088593749997 0.84417346875 0.26066674375 0.825585896875 0.27423205781250004 0.8195574875 0.2806353546875 0.8259488046874999 0.28223672187500004 0.8469205625 0.26845539218750003 0.8637975046875 0.257878628125 0.8917384187499999 0.244024778125 0.892305196875 0.23647431874999997 0.8824902359375001 0.2410213390625
0 0.8979115609375 0.21969780781249998 0.8999823250000001 0.2243088109375 0.9135836078124999 0.22677119375000002 0.9456076187500001 0.220451796875 0.93790694375 0.1895660703125 0.922165159375 0.20047817656250003 0.8979115609375 0.21969780781249998
0 0.8477244468749999 0.349765228125 0.8602902718750001 0.356031734375 0.879816765625 0.3516833703125 0.8987441890625 0.3424327546875 0.9072738890625001 0.3316134796875 0.8989153875 0.3359889921875 0.9028029156249999 0.3297829171875 0.8941929046875 0.3261807421875 0.8841841328125 0.3363768265625 0.8821460140624999 0.32988164375 0.89682554375 0.31780924375 0.900156484375 0.314427978125 0.892682934375 0.3120964234375 0.88327524375 0.319219884375 0.8807524671875001 0.32465411875 0.8635430578125 0.341408890625 0.8556706000000001 0.335862728125 0.85170948125 0.3254073140625 0.864169865625 0.301263190625 0.8520594828125001 0.3022938859375 0.8390658375 0.3223422296875 0.83975275 0.3375496515625 0.8477244468749999 0.349765228125
0 0.721651334375 0.3456313421875 0.7024389203125 0.368077234375 0.6891150046875001 0.38543815000000003 0.6875159765625 0.397716265625 0.692534734375 0.3998514796875 0.703767325 0.3834290671875 0.7266156374999999 0.3511779390625 0.742874653125 0.3367535625 0.7310464921875 0.3361518671875 0.721651334375 0.3456313421875
0 0.8607956734375 0.1723260609375 0.8682428578125 0.1684096515625 0.87021745625 0.1644905390625 0.8786216171874999 0.16521322968750002 0.8916442390625001 0.162861671875 0.8953395578125001 0.1561753296875 0.8918997484375 0.14714552187500002 0.884407215625 0.1424708328125 0.871242078125 0.1400720140625 0.8621145875 0.1493591453125 0.8674863828125 0.1541374640625 0.8620315015625 0.15549751875 0.8579666796875 0.1526220375 0.8550310640625 0.150503678125 0.8529438890625001 0.1550627859375 0.8608424078124999 0.159550903125 0.8559670562499999 0.16734950937499998 0.8607956734375 0.1723260609375
0 0.75447724375 0.11642861093750001 0.7473448296874999 0.1241715984375 0.73964325625 0.126454140625 0.7354203 0.1345313171875 0.7396512671875 0.13955220937499999 0.7461347546875 0.13982461562499998 0.7542634921875 0.1314338546875 0.7596952203125 0.1283339703125 0.7639785125 0.11653315156249999 0.7579468375 0.11252484375 0.75447724375 0.11642861093750001
0 0.8043930781249999 0.1797767765625 0.805457971875 0.182756090625 0.8212687359374999 0.1766223609375 0.82808490625 0.1709759703125 0.8320766328125 0.16359896875 0.8166600203125001 0.15889994062499999 0.8076394734375001 0.16806700937500002 0.8043930781249999 0.1797767765625
0 0.76576224375 0.23701804375000002 0.76797664375 0.2446077796875 0.769877365625 0.24964121874999998 0.7772526562500001 0.25034506875 0.7829123484375 0.2463187671875 0.7789270796875 0.2398935984375 0.7727204515625 0.23628157500000002 0.76576224375 0.23701804375000002
0 0 0.30992634531249996 0.000262171875 0.309921696875 0.0051840828125 0.3034078015625 0.007720320312499999 0.29586389375 0.0056758671875 0.284408853125 0 0.28044026093749996 0 0.30992634531249996
0 0.026924593749999996 0.6145853484375 0.026149298437500003 0.6078976953125 0.0106453421875 0.6040884140625 0.018101449999999998 0.6339932328125 0.023319335937499998 0.6292670874999999 0.0407923 0.6272101453125 0.05512721875 0.6225394109375 0.061217446875000005 0.6154604640625 0.06286266562500001 0.608043703125 0.059356154687499996 0.5966214640625 0.0439583265625 0.605961475 0.026924593749999996 0.6145853484375
0 0.0708357359375 0.56357035625 0.060458734375 0.56338946875 0.054512920312500004 0.5680249609375 0.052126728125 0.57859914375 0.0642312796875 0.574205915625 0.07294035 0.569783253125 0.0708357359375 0.56357035625
0 0.20122764062499998 0.608219146875 0.1994130078125 0.6120693890625 0.20555041875 0.614273525 0.20726049375 0.6133624453125 0.21190066093749998 0.608321396875 0.2094682421875 0.6051081546875 0.20270416406249997 0.6044854109375 0.20122764062499998 0.608219146875