0 0.40794745312499997 0 0.4050424546875 0.018937129687500002 0.4036053796875 0.027102545312499997 0.402552978125 0.0308144578125 0.40214611875 0.0360255921875 0.4026040625 0.0401039890625 0.40245507031249994 0.043676521875 0.3988909828125 0.064985378125 0.3970649140625 0.0742931515625 0.395863371875 0.076091375 0.3951391796875 0.07851493281250001 0.39459258125 0.08132551875 0.3941068171875 0.0852817453125 0.394635575 0.088950090625 0.3941359921875 0.09545487968750001 0.39307837968750003 0.102196553125 0.3920671625 0.10790650312500001 0.3902681 0.1105837703125 0.389223921875 0.1145107890625 0.390129878125 0.1164276734375 0.38941855 0.12110553906249999 0.388334715625 0.1293300703125 0.3872373640625 0.1366005296875 0.3855809234375 0.1453088828125 0.384481478125 0.1513527578125 0.3844316578125 0.152502128125 0.38152788437499996 0.15561205312499998 0.3814906390625 0.1569282625 0.38043020312500003 0.16024405625 0.38033323124999996 0.1625210859375 0.3822912796875 0.1665365171875 0.3792963421875 0.1688119234375 0.3800486109375 0.17241640625000001 0.3795233671875 0.180040475 0.379304090625 0.185775246875 0.3776852171875 0.188074784375 0.3767267453125 0.1896242125 0.376416315625 0.1914216546875 0.37650158125 0.19363762499999998 0.3769781390625 0.19665412499999999 0.37632025625 0.19926843593750002 0.37318209687500004 0.218864871875 0.3727500265625 0.22211456406250002 0.3721512390625 0.2247219625 0.37115010625 0.2288368765625 0.37020301875 0.22965253593749999 0.368884303125 0.23193068125 0.3675927328125 0.23385952968749998 0.3677926484375 0.235949471875 0.367579746875 0.2396322265625 0.36817240625 0.2416775109375 0.3682284953125 0.24597733437499997 0.367779971875 0.24834815781250003 0.3666521828125 0.2534817921875 0.36562209375 0.2584479609375 0.3643934921875 0.26569758125 0.3606898640625 0.2948226921875 0.3584420890625 0.3048469140625 0.35705194375 0.310360784375 0.355005446875 0.3151942828125 0.35383935 0.320357846875 0.35476860625 0.326469778125 0.35553171875 0.3331784078125 0.3521925390625 0.3400523890625 0.350497334375 0.3442300609375 0.350627953125 0.3488460109375 0.348465028125 0.353435375 0.3467663171875 0.35644925625 0.349957096875 0.37011812499999996 0.3473955109375 0.376659390625 0.3445170234375 0.38389691406250004 0.3441349125 0.3874833296875 0.3473510640625 0.387021840625 0.35398576249999997 0.3822196109375 0.356511515625 0.3768420265625 0.3589345453125 0.37466011875 0.36054046562500003 0.380902359375 0.3655712203125 0.3743163640625 0.3699795203125 0.3729921671875 0.374176871875 0.3701166375 0.3754406734375 0.3650548 0.3750814 0.3616087671875 0.3809407796875 0.35791563125 0.382870896875 0.35872249218749996 0.382948109375 0.36222205 0.38342525 0.3657722859375 0.3860811703125 0.368001640625 0.3855911359375 0.3720439265625 0.3839698453125 0.3744785515625 0.386702546875 0.374326071875 0.389439025 0.371463225 0.39050297343749996 0.369490684375 0.389716765625 0.3666754484375 0.3880181625 0.3647651390625 0.38706085625000003 0.3624074625 0.3852737828125 0.3597432515625 0.3867237484375 0.35490892343749997 0.37999146875 0.3517618828125 0.378837809375 0.3447723125 0.38907466562500004 0.35218607031250004 0.390124090625 0.35661415625 0.39322146562500004 0.359184225 0.3931839640625 0.355143284375 0.395114228125 0.3489999203125 0.3945401625 0.3449954234375 0.40025911562500005 0.3459589453125 0.40148061874999996 0.34371609062499997 0.415348403125 0.34171309375000003 0.439296096875 0.33914525625 0.44108558125 0.33278940156250003 0.4403594 0.32524151562500003 0.4428889625 0.32365358125 0.44430503750000006 0.3254929921875 0.450261940625 0.3296342 0.45515279218750004 0.33655999375 0.47105601718749995 0.33789084062499997 0.46508668281250004 0.3314276875 0.45787414843749996 0.3241019078125 0.45796097968750005 0.32339471875000003 0.45673202343749997 0.317069675 0.46192399375 0.3170428421875 0.46567855937499997 0.3189017640625 0.46961236562500003 0.32181381875000004 0.47193171093749997 0.3185660171875 0.482743340625 0.3200934453125 0.49222796874999997 0.3146840109375 0.499814353125 0.3164136375 0.5084145046875 0.310848375 0.5165182890625 0.2960302125 0.5149655859375 0.29339320468749996 0.5067524171875 0.29307584375 0.49298670937500005 0.2763107625 0.48485569687499996 0.272965215625 0.48670912499999996 0.27788400625 0.47604863281250004 0.2823824109375 0.462981575 0.284351490625 0.45572823125 0.2882560078125 0.454114009375 0.292953675 0.43732432968749996 0.291893375 0.4452745375 0.28742898437500003 0.4518004453125 0.2881924828125 0.4560771359375 0.28295275000000003 0.45134320937499994 0.2816851296875 0.44639280000000003 0.2833473421875 0.451822109375 0.2774258078125 0.45788850156249994 0.271880028125 0.45465652343749996 0.265354696875 0.44101264375 0.2728037 0.42452449999999997 0.28363440624999997 0.415958746875 0.28835538125000004 0.418783946875 0.2791671359375 0.4282170515625 0.2716387515625 0.43423503906249994 0.2697565671875 0.4507735828125 0.2618617 0.4493702609375 0.25973891718750003 0.434617896875 0.2667794734375 0.43262075624999996 0.2655440625 0.44177994375 0.2597593546875 0.4501517421875 0.2531050203125 0.4541515921875 0.24658135312499999 0.458597259375 0.2481709296875 0.46386432187500004 0.25182757968749997 0.4699756640625 0.26119846406249997 0.47850848749999997 0.26225875625 0.4800828984375 0.2585904734375 0.4860866 0.26152998906249997 0.4813072375 0.25293975 0.4739519875 0.245224928125 0.46808778125000006 0.23737991093750002 0.4632725609375 0.2326075109375 0.45909089999999997 0.23627838125 0.45506930937499995 0.23159398125 0.459197428125 0.22932075312500003 0.45699574062500004 0.2268921453125 0.45152120625 0.22896384687500002 0.44947698750000004 0.22604766875 0.4530496171875 0.22437528593749997 0.453331896875 0.22060187187500002 0.4495296640625 0.216348984375 0.44639863281250003 0.21496332968749998 0.45577875625 0.2082895453125 0.46826883593749996 0.19618554531250001 0.4565799859375 0.189212178125 0.43535509531249994 0.2029009875 0.42970575625 0.2002678796875 0.42441407187499997 0.179464796875 0.42130923437499995 0.17782733125 0.4149901671875 0.18223855 0.4149736703125 0.17325709218750002 0.4281785421875 0.1728067546875 0.424792840625 0.1699950578125 0.41401491406249996 0.1705906875 0.42311250625 0.16126898437499998 0.4714536 0.12484818125 0.4656731265625 0.1163853265625 0.4818560609375 0.10477095781250001 0.48405969375 0.0917471234375 0.4830488671875 0.0868892875 0.4808842484375 0.082530496875 0.4995707421875 0.1015542953125 0.5220493046875 0.1167979921875 0.5330279124999999 0.1099395140625 0.519248690625 0.08857915625 0.5148111859375 0.0845127375 0.51671605 0.0962180703125 0.49528894218749997 0.077539409375 0.5078205203125 0.079213478125 0.5218047578125 0.07489019062499999 0.5317924734374999 0.0749736328125 0.542504925 0.0738599140625 0.54599679375 0.0767428921875 0.5515286453125 0.0902820359375 0.5549080640625 0.0832854828125 0.5518316921875 0.075774896875 0.54872568125 0.07022374218750001 0.5646185265625 0.05613841562500001 0.57818080625 0.0288786765625 0.572059559375 0.028024756249999998 0.550669675 0.041505971875 0.53947716875 0.0525681546875 0.5347158703125 0.042664075 0.5345847390625 0.0357701453125 0.53854009375 0.026352295312500003 0.5386430765625 0.017769621875 0.5182385593750001 0 0.40794745312499997 0
0 0.5439518609375 0.0329972921875 0.5499838234375 0.0330783203125 0.548611221875 0.027359035937499998 0.5459394718749999 0.022848246875 0.542863775 0.0236402546875 0.5439518609375 0.0329972921875
0 0.483476959375 0.16575273125 0.4839019453125 0.1620094359375 0.4798258890625 0.155101825 0.47090160625 0.1494344859375 0.46026145312500005 0.14593355624999998 0.4604157890625 0.15271541718749998 0.4631510234375 0.1587861953125 0.47483472656250003 0.1705068203125 0.48076696874999997 0.1803106671875 0.48522054375 0.18641297031249998 0.48466463437499996 0.1901968640625 0.486731478125 0.193710878125 0.50017254375 0.20078604531250002 0.5140818421875 0.20590683125 0.515657184375 0.2000001015625 0.509187696875 0.187789403125 0.4996982359375 0.1801478453125 0.48880923593750003 0.1753144703125 0.48694135312500003 0.170077484375 0.4801138734375 0.168154528125 0.47528335312500003 0.1665838140625 0.4752177578125 0.160592096875 0.4764347625 0.1592192421875 0.483476959375 0.16575273125
0 0.5503668734375 0.11874479687499999 0.5430533921875 0.1259981984375 0.5304440625 0.1357655625 0.5317509874999999 0.1391862703125 0.5681457640625001 0.11306919374999999 0.5688852375 0.11018783593749999 0.5630702640624999 0.1115833203125 0.5503668734375 0.11874479687499999
0 0.5372217640625 0.2280339984375 0.531564625 0.22582340156249997 0.5447139484375 0.2135043890625 0.553029415625 0.20759089999999997 0.552853990625 0.20437838749999998 0.548184590625 0.199020959375 0.54342556875 0.202239975 0.5401716109375 0.20820191875 0.5297437031250001 0.214395996875 0.52773295625 0.2118097953125 0.519157509375 0.216173803125 0.5104053093750001 0.2212465515625 0.502160996875 0.22743954687499998 0.50020165625 0.23029391562499998 0.49464468437500003 0.23366525781249997 0.48729563125 0.232964409375 0.4806216640625 0.2349581046875 0.47477405 0.2367604578125 0.4737210765625 0.2317715078125 0.467746446875 0.2258130328125 0.46382343906249995 0.22154374062499999 0.4608954734375 0.2220044078125 0.4610043640625 0.22341254843749997 0.4706135234375 0.2340409578125 0.472725915625 0.240132865625 0.47680626718749997 0.2382614984375 0.4788905703125 0.23903061874999998 0.4814909296875 0.23746869375 0.48341325937499996 0.23799281093750002 0.4890097875 0.2356968046875 0.492774528125 0.2375113234375 0.495703509375 0.24240160312499998 0.492540996875 0.245862296875 0.48930705 0.2536229 0.49183790156249996 0.258665796875 0.495769359375 0.26485354375000003 0.4993527734375 0.2660806484375 0.49870079062499995 0.273442 0.5017460234375 0.271833946875 0.5052700328124999 0.2651983296875 0.50907270625 0.261126721875 0.5183226734375 0.2572438171875 0.52531636875 0.26055676562499996 0.5316419515625 0.259131096875 0.5324768375 0.253523859375 0.5405405937500001 0.2557119578125 0.551146009375 0.25945735000000003 0.55745294375 0.2636966328125 0.5657432828125 0.26438554375 0.56608633125 0.26004027500000004 0.577092178125 0.256960153125 0.5711697874999999 0.24731966249999998 0.5607188062499999 0.2411626140625 0.557102871875 0.239597778125 0.549690134375 0.250480196875 0.5249259375 0.2446074875 0.5339743125 0.2366225640625 0.5292979171875001 0.23356580781249997 0.534370746875 0.2311629953125 0.5372217640625 0.2280339984375
0 0.5841705140625 0.2503012765625 0.5852652125 0.253540078125 0.5882095484375001 0.25267684375 0.5899688734375 0.2506180921875 0.5901922 0.24585039687500002 0.585187240625 0.247649165625 0.5841705140625 0.2503012765625
0 0.5458032453125 0.2763540515625 0.544233146875 0.27817943437500003 0.5457042328124999 0.27991697968749996 0.549286 0.27923433593749997 0.55073276875 0.2763107359375 0.548129584375 0.2756006953125 0.5458032453125 0.2763540515625
0 0.526144159375 0.27736732656249996 0.5267251453124999 0.28054619999999997 0.5313351828124999 0.2800150015625 0.536732025 0.2761784890625 0.5345165546875 0.27302876249999997 0.526144159375 0.27736732656249996
0 0.40562093125 0.3822044296875 0.4142590078125 0.37527896250000004 0.4232654796875 0.370827771875 0.42721851875 0.3710959 0.4367828578125 0.3578959203125 0.428830340625 0.352686359375 0.427150221875 0.3524076515625 0.42338113125000004 0.35321842187499997 0.4161466296875 0.3577643921875 0.40483388124999997 0.36336968281250004 0.395822753125 0.3726154203125 0.38847745 0.377897121875 0.3850688671875 0.38493889531250003 0.38857926875 0.3880555625 0.40562093125 0.3822044296875
0 0.44618497812499996 0.40722506875000003 0.440642334375 0.3990432921875 0.439159065625 0.3939432625 0.43277363593749996 0.3884585671875 0.4237502703125 0.3843674625 0.41806494218749995 0.388245690625 0.42370233281249997 0.398014909375 0.43439052499999997 0.405945334375 0.4382078140625 0.41070382656250004 0.44618497812499996 0.40722506875000003
0 0.5528903625 0.0037010640625 0.5695887609375 0.010979401562500001 0.57140293125 0.005012265625 0.5506931234375 0.003133746875 0.5528903625 0.0037010640625
0 0.6083570234375 0.0183291609375 0.602872921875 0.02205578125 0.6002127796875001 0.0244636015625 0.603998684375 0.026118573437499997 0.6089164312500001 0.02387618125 0.613071346875 0.0189615296875 0.6147246734375 0.014599254687499999 0.61712245625 0.0124819390625 0.6167809015625 0.0105839796875 0.582386075 0.0063608250000000005 0.580709696875 0.006731160937499999 0.5799186749999999 0.00881435 0.58122528125 0.0113786375 0.5858801359375 0.0148672375 0.5976960874999999 0.016318053125000002 0.5991835734375 0.018909271875 0.6048867859375 0.017988078125 0.6083570234375 0.0183291609375
0 0.591113628125 0.0837875109375 0.59212955625 0.08192399375000001 0.5911415843750001 0.0783031640625 0.5897064484375 0.076965165625 0.5880838515625 0.0781795984375 0.5841325671875001 0.07853823125 0.5810555328125 0.07543069687500001 0.580952225 0.07178467968749999 0.5773574046875 0.0678170078125 0.5749917890625 0.0678004625 0.572520121875 0.070519509375 0.5719236296875 0.07355695625 0.5672404453125 0.07476081875 0.56450018125 0.075000525 0.56143425 0.075738634375 0.55947205625 0.07621870625 0.5629718609375 0.077498515625 0.5684165265625001 0.0769265390625 0.57627735 0.0771518375 0.57866455625 0.080223471875 0.581105590625 0.0825618265625 0.5841737874999999 0.085882371875 0.5864509734375 0.086939646875 0.5890214578124999 0.0866082515625 0.591113628125 0.0837875109375
0 0.7880874625 0.051547582812500006 0.7927639156249999 0.054808996875 0.80154479375 0.055951696875 0.812584965625 0.05732300312500001 0.8166882624999999 0.0583290046875 0.81981013125 0.058712321874999994 0.8285979906250001 0.055682584375 0.8306481437500001 0.0525245203125 0.8342092234375 0.0477793875 0.8314907968749999 0.0450590671875 0.821861990625 0.050296525 0.817072265625 0.0480601984375 0.8153766765625001 0.045843282812500004 0.8179667140625 0.04514749375 0.8276897125 0.044707271874999996 0.8367660375 0.0419821484375 0.839669546875 0.037951264062500004 0.7828928046875 0.030979956250000003 0.7689382546875 0.039138574999999995 0.7644917312499999 0.043107514062500005 0.7615700875 0.0501964828125 0.763890553125 0.055722024999999994 0.7713418796875 0.05630791875 0.7788988781249999 0.05185349375 0.7881442843750001 0.045969178124999996 0.7880874625 0.051547582812500006
0 0.8220698234375 0.065963634375 0.8198708031249999 0.062359399999999995 0.81268355625 0.059250950000000004 0.808353628125 0.058744490625 0.8070165109375 0.0605827390625 0.8068905546874999 0.06378815625 0.8089456890625 0.0669103234375 0.8050185578125 0.0668799375 0.8026468359375001 0.0676182765625 0.8017433890625 0.070937603125 0.8099863718750001 0.0808331171875 0.8221690125000001 0.0937468765625 0.8281176890624999 0.098647428125 0.8343662640625 0.10296455468750002 0.840153384375 0.1068346125 0.8483109703125 0.1147203640625 0.8622739125000001 0.12301981875000001 0.8679985484375001 0.1274756890625 0.875246109375 0.12411829375000001 0.8711176734375 0.11576540312500001 0.86245083125 0.1076423828125 0.8555408828125 0.101942159375 0.843534584375 0.0881306984375 0.8300921203125 0.0757076875 0.8184657734374999 0.0702894671875 0.8220698234375 0.065963634375
0 0.9090608281250001 0.1144626125 0.9145651890625001 0.11273775625 0.916907475 0.1097005703125 0.9133362171874999 0.10818215 0.8948654906250001 0.11903074843749999 0.8638802625 0.1426053203125 0.867798259375 0.1404920515625 0.8725358765625 0.13883204843750002 0.876940675 0.137856903125 0.8820233859375 0.13571977500000001 0.8866861671875 0.130938321875 0.8882256156249999 0.1297215515625 0.8935404437500001 0.1290659421875 0.8967418125 0.12573753125 0.9024509515625001 0.12211410468749999 0.9036337390625 0.117494125 0.9090608281250001 0.1144626125
0 1 0.057637368749999994 0.8761781859375001 0.0424339609375 0.869900878125 0.0467101984375 0.8529729796875 0.0590454015625 0.8537441234375001 0.0610858390625 0.8529147171875 0.0696485859375 0.8673710421875 0.06798075 0.8814371875000001 0.0629134609375 0.8930926859375001 0.056644996875 0.8993558359374999 0.05804843125 0.9005926687500001 0.06007835625 0.8961634484375001 0.0639833015625 0.89077701875 0.0699274171875 0.8945075499999999 0.0750719640625 0.8951495984375001 0.079856184375 0.8975564484375 0.0829601421875 0.88898373125 0.0864429125 0.89674920625 0.08729091875 0.901384296875 0.08536330156250001 0.90516215625 0.0898147 0.9093674734375 0.0891692625 0.9290542140625 0.085020359375 0.9259436328125 0.0832373609375 0.9079229359375001 0.086010296875 0.9059846953124999 0.083256684375 0.9176442125 0.0728783890625 0.9258758109375 0.0712506859375 0.9306362203124999 0.0741745015625 0.9363182468750001 0.0797082140625 0.9423854140625 0.089618359375 0.9526122906250001 0.0972544328125 0.9795522374999999 0.117382934375 0.9887317437500001 0.1211767890625 1 0.12214799531250001 1 0.1077873234375 0.9954935734375001 0.10482584531250001 0.9971236546875 0.100024653125 0.992927309375 0.0966993984375 0.98668778125 0.09421893906249999 0.9843516484375 0.08888510468750001 0.9775064140625 0.0886837546875 0.9733248437500001 0.090353784375 0.9663848984375001 0.093821365625 0.96096439375 0.086991109375 0.9601339828125001 0.08336916093749999 0.9512094937500001 0.073254584375 0.9558849374999999 0.07516518125 0.9679256125 0.0858119296875 0.9721485187500001 0.0845232171875 0.9653525406250001 0.0725227328125 0.974721528125 0.0679397390625 0.9860004765625 0.0644303265625 0.988005803125 0.0692402546875 0.9963272390625001 0.0698810328125 1 0.06875505625 1 0.057637368749999994
0 0.3682122875 0.42098924687499995 0.36526557187500003 0.420051265625 0.35748480312500003 0.41041715468750006 0.350306034375 0.40195735 0.3439878828125 0.39488621562500004 0.33796637500000004 0.42952935312499996 0.3367068546875 0.43388960781249997 0.33317209375 0.44021535468749995 0.33718484531250004 0.43889454062500005 0.33426208125 0.45062106562500004 0.3338984515625 0.45699299531250004 0.33223988437499996 0.4593081234375 0.331737640625 0.464860175 0.3322552609375 0.47061930937499996 0.32985809375 0.47968064843749997 0.32795386875 0.4919840390625 0.32524574375 0.5145912625 0.3217266453125 0.5316489125 0.319881578125 0.535713728125 0.3194776890625 0.5423750968750001 0.3186017 0.5470862703125 0.3165789140625 0.564829825 0.313559103125 0.5693848171875 0.31416435 0.573378975 0.3093857484375 0.6053741593749999 0.3072522234375 0.611890846875 0.3069319234375 0.6200894859375 0.306231803125 0.6271505453125 0.3032378609375 0.641251721875 0.30889432031249997 0.6435063125 0.31474403125 0.6418663640625 0.3202332578125 0.648393359375 0.3200562421875 0.64347575625 0.32617247968749996 0.6429216953125 0.34151351406249997 0.63831791875 0.34894348750000004 0.62805156875 0.35303809531249997 0.631115603125 0.35101584375 0.6459059593750001 0.3640890109375 0.647092396875 0.3781246921875 0.6412090625 0.3514728078125 0.6216448734375 0.3701085953125 0.620183234375 0.36816827343749997 0.6107026640625 0.374966946875 0.6043982859375 0.3704392140625 0.5951305390625 0.3641316046875 0.5959995609375001 0.36292582812499996 0.5847547343749999 0.3570993328125 0.5757179296875 0.3540272 0.5753013625000001 0.354520521875 0.5723220890625 0.33443612031250003 0.559695928125 0.34463494375 0.5561625140625 0.340772146875 0.5482232046875 0.348897634375 0.5465494140625 0.3568068328125 0.5467397203125001 0.3689684640625 0.5422083875 0.3657085953125 0.5342691187499999 0.3815916625 0.52467388125 0.3907331796875 0.5282001734375 0.3964504015625 0.523395490625 0.39219899062499997 0.5189929953125 0.4084645015625 0.512270465625 0.41467528124999997 0.5028178484375 0.40684938437499996 0.5022568046875 0.3798708671875 0.5195210734375 0.3762896828125 0.5120319390625 0.37792532031250003 0.5013390703125 0.37520388437499996 0.4967072609375 0.36870098281249997 0.4966282296875 0.367421165625 0.48742239062500003 0.3720836640625 0.48713061875 0.37265393125 0.491614790625 0.3757803015625 0.48891001406249995 0.376892421875 0.48636564375 0.36973129843749997 0.4822623375 0.3653894640625 0.4760320734375 0.3740405484375 0.4704494515625 0.40933224843750005 0.4497775921875 0.39990684062500004 0.43871679218750004 0.3695665921875 0.45935904687500007 0.365978284375 0.4484277625 0.368071059375 0.44099931249999996 0.3623703171875 0.43310509843749995 0.368932390625 0.430458525 0.3835633140625 0.44006160312500003 0.3896757890625 0.43547389374999995 0.377474825 0.41833736093749996 0.373279353125 0.42127451718750003 0.3682122875 0.42098924687499995
0 0.40462436874999996 0.4944666390625 0.40550528437500005 0.4935232140625 0.40480644374999997 0.4882912359375 0.40911119375 0.4785022625 0.406802284375 0.47756230781250003 0.40132076093749997 0.4883323703125 0.3987544609375 0.48960409531250004 0.3983823609375 0.4930705234375 0.40091560625 0.495568178125 0.40462436874999996 0.4944666390625
0 0.40320290468750003 0.5822650296874999 0.40361913437499997 0.5886319640625 0.4076775796875 0.5878236640625001 0.4082826984375 0.5811004203125 0.40501152031250004 0.5797920109375 0.40320290468750003 0.5822650296874999
0 0.38053408437499997 0.6669728578125 0.38268850312499997 0.662837403125 0.37926796875 0.662181278125 0.37680401875 0.6644400218750001 0.38053408437499997 0.6669728578125
0 0.3535389390625 0.6815903718749999 0.3597197390625 0.67598465 0.36535323750000004 0.6722464609375 0.37141201874999996 0.6707628453125001 0.3708652109375 0.6665491734375 0.35232388124999997 0.6738187390625 0.34419388125 0.6793756125 0.33233502656249997 0.6879285078125 0.3387787453125 0.6877074640624999 0.34742325625000003 0.6813321953125 0.3535389390625 0.6815903718749999
0 0.3464896734375 0.6592932078125 0.34650341875 0.6545784890624999 0.34249539375000004 0.6482066015625 0.33825795937500003 0.6471006953125 0.336329503125 0.6500753484375 0.33559861406249997 0.6536047703125 0.3369742109375 0.6569662187499999 0.341736346875 0.6592605546875 0.3464896734375 0.6592932078125
0 0.3354221140625 0.6546960828125 0.33012748125 0.648263821875 0.31457933437499996 0.6550287781249999 0.307749771875 0.6560588296875001 0.308888509375 0.651412978125 0.303080778125 0.6456465859375 0.29759775624999996 0.6797119796875 0.295441659375 0.6805917125 0.29462854374999997 0.6851626265624999 0.2949379390625 0.688219996875 0.2946009609375 0.6927722359375 0.2929744234375 0.7052372359375 0.2905994375 0.7146051250000001 0.2878641859375 0.7373050453125 0.28626407187499997 0.74624700625 0.2854152234375 0.7516730640625 0.2832651625 0.754785803125 0.28267543125 0.7559475921875001 0.282843959375 0.757331571875 0.28294819531250004 0.7598930546875 0.2831772328125 0.762450971875 0.2841699109375 0.7636102765625 0.2840581875 0.7669433812500001 0.2975214796875 0.773811903125 0.314346715625 0.790724384375 0.317845821875 0.7874199375 0.3097608390625 0.7752375703125 0.3112037796875 0.7714476703125001 0.31177603593750003 0.7686717203125 0.30823707968749997 0.7686338968750001 0.30387937656249997 0.762148234375 0.31318159843750004 0.7577884546875 0.3156517984375 0.755107009375 0.31912890156249996 0.74731486875 0.32570861406249996 0.7475119515624999 0.32496452656249997 0.7447255015625001 0.31444657343750004 0.74171656875 0.3192450375 0.7343684578125 0.32737140937500003 0.737008178125 0.3301571640625 0.7404750796874999 0.33477915468749997 0.7391157265625 0.3328462625 0.7358826296875 0.3249300421875 0.731941634375 0.320056315625 0.7254917875 0.31749324843750004 0.7216728375 0.322078203125 0.713909675 0.3213285703125 0.7089375062500001 0.31859609375 0.7032417328125 0.31419180468749996 0.6964559671874999 0.3229318875 0.6958667234375 0.325966303125 0.692321034375 0.33455489374999997 0.68687556875 0.34314472500000004 0.6796891515625 0.34345313437499997 0.6751003453125 0.3431479984375 0.6701748828125 0.34263890468749997 0.6649488859375 0.340098915625 0.6601598921875 0.3354221140625 0.6546960828125
0 0.30422686250000003 0.797230203125 0.29749855625 0.79039679375 0.29284951875 0.7879762375 0.2871746421875 0.7870511875 0.2808105125 0.785111134375 0.279377775 0.7863819375000001 0.27935797500000004 0.7892099781249999 0.2792547890625 0.7910375890625 0.2791641640625 0.7937372921875 0.2792676421875 0.7964844421875 0.2786797640625 0.7990286375 0.27752455625 0.8069626171875001 0.27692938125 0.810515 0.275907753125 0.81296343125 0.27562747656250003 0.815079421875 0.2755643765625 0.817336996875 0.275080365625 0.8193429640625001 0.2749680171875 0.8215016125 0.2736326890625 0.8242484125 0.27202635625 0.8264329968749999 0.271811753125 0.8294244531249999 0.2709445171875 0.8337950921875 0.27446879062499996 0.8379398625000001 0.271245303125 0.8425894875 0.27031235468750003 0.8528160796875 0.2682131609375 0.8579248953124999 0.267379253125 0.860959953125 0.268077375 0.8644412953125 0.266434721875 0.8679217359375 0.2650741828125 0.871194384375 0.26474548124999997 0.8772305687499999 0.27011959375 0.8715919156249999 0.274354978125 0.8674065703125 0.2743603578125 0.85841363125 0.27496889375 0.8561883937499999 0.27415163124999997 0.849177159375 0.2753924203125 0.8405846374999999 0.2792647828125 0.8467792968750001 0.2811075171875 0.85168260625 0.2864564890625 0.859569834375 0.2947400765625 0.868711553125 0.2938403375 0.8636926171875 0.2917027203125 0.8586523500000001 0.2901966484375 0.8546483359374999 0.28598099375 0.8517111203125 0.2840715390625 0.8502487671875001 0.284956434375 0.844644521875 0.28142459375 0.8404075171875001 0.273553371875 0.8338178890625001 0.27614039375 0.8283643921875001 0.2802457875 0.8306867125 0.283787446875 0.8360489265625001 0.285121896875 0.8390275062500001 0.2876000203125 0.842820284375 0.29148865156250003 0.845279709375 0.2946756359375 0.8472609984374999 0.29731222968750004 0.8454296046875 0.2996580546875 0.8473894718749999 0.302290896875 0.8469476671875 0.3051646484375 0.843312984375 0.307565721875 0.8361301875 0.3080013875 0.8330178953124999 0.31222313437500004 0.831020634375 0.31704503281249996 0.8301486515625 0.3278291125 0.8211820015625 0.3258706578125 0.8160928921874999 0.3203181046875 0.8162486171875001 0.316443275 0.8104330453124999 0.31085213437500003 0.8041847703125 0.3059334703125 0.800677946875 0.30422686250000003 0.797230203125
0 0.3221463140625 0.827462821875 0.311918340625 0.834156865625 0.324765075 0.8324692859375 0.3296196078125 0.8285236812500001 0.3326558984375 0.8248601546875 0.3295160359375 0.8228027921875001 0.3221463140625 0.827462821875
0 0.311671690625 0.8817062328124999 0.3108687 0.876527584375 0.3062192078125 0.8695464171875 0.30209293593750003 0.8655607171874999 0.299453225 0.8641865875000001 0.2985121671875 0.869543078125 0.300331734375 0.872532421875 0.3028757921875 0.8755446046875001 0.30730199062499997 0.87771583125 0.3086780140625 0.8807404468750001 0.31002963281249996 0.882527865625 0.311671690625 0.8817062328124999
0 0.316989740625 0.8975379718750001 0.31799033906249996 0.8988635453124999 0.32051463125 0.8988570687499999 0.325373284375 0.897865234375 0.3282083 0.895840959375 0.328691475 0.8929186859374999 0.328519465625 0.891627159375 0.3258031875 0.892556178125 0.323085175 0.8938454828125 0.31938825937500004 0.8954915874999999 0.316989740625 0.8975379718750001
0 0.2785150328125 0.8918488671875 0.27802579843749997 0.8877304203125 0.277253596875 0.8845831671875001 0.2788629671875 0.88201484375 0.2795689859375 0.87961109375 0.2754859765625 0.8818630984375 0.27430801250000003 0.8843411359375001 0.272478040625 0.886975253125 0.26970865312500003 0.8866572546875 0.26923936875 0.8828891640625001 0.26952063593750003 0.8788291156250001 0.265999884375 0.8777199015624999 0.2658448390625 0.88198278125 0.2656950109375 0.8846390078124999 0.2642061421875 0.8920723421875 0.262912653125 0.8957861375 0.2664793296875 0.9017779687499999 0.26490698749999997 0.9079936171874999 0.2646101125 0.911206384375 0.2696976734375 0.9191969 0.28195186250000004 0.9206684656249999 0.28004868125 0.914975340625 0.27401108125 0.9060039203124999 0.276465184375 0.9050946609375 0.28380204062500003 0.9066000187500001 0.28405015 0.9053742437500001 0.27945420312499997 0.9045470359375001 0.2818820296875 0.8989669453125 0.279901259375 0.8985726109375 0.2775188984375 0.9029618656249999 0.275539534375 0.898414875 0.278892559375 0.8950436890625 0.2785150328125 0.8918488671875
0 0.293083309375 0.8786918484375 0.2945878375 0.8780800187500001 0.29348423125 0.8744009109374999 0.292092234375 0.8712499703125 0.289210134375 0.8689267265625 0.2884226578125 0.8702374015625001 0.28904313125000003 0.8725946515624999 0.289750003125 0.8743123515625 0.2914129015625 0.8770904015625 0.293083309375 0.8786918484375
0 0.3050879265625 0.9333009531249999 0.3050138484375 0.9299938375 0.30452851875000003 0.9265102875 0.30114445624999997 0.9240057671875 0.2986397453125 0.9224168015625 0.2985136921875 0.9285975093750001 0.3000788515625 0.9309920406250001 0.3050879265625 0.9333009531249999
0 0.261589309375 0.96806675625 0.260035934375 0.9694738734375001 0.260704134375 0.97078854375 0.262911584375 0.9716829812500001 0.2648193453125 0.9704154062500001 0.26368766093749996 0.9679906640624999 0.261589309375 0.96806675625
0 0.25499629218750003 0.9519131765625 0.25440737812499997 0.95931218125 0.257098940625 0.9554048265624999 0.257563959375 0.9509123859375 0.25627319375 0.9485909031249999 0.25499629218750003 0.9519131765625
0 0.2507048828125 0.9731453218749999 0.2581258453125 0.9737605453124999 0.2555855078125 0.9691667140625 0.25509069375000004 0.9662219609375 0.2539646328125 0.9633539765625001 0.2522803671875 0.9650834828124999 0.251648790625 0.9675861046875 0.25081817812499996 0.9707994546875 0.2507048828125 0.9731453218749999
0 0.3130361265625 0.9069544625000001 0.3116228828125 0.90889985625 0.31376079375 0.9099888328124999 0.3173587375 0.908815440625 0.31948485 0.9078722046875001 0.3213272859375 0.90544426875 0.3192157765625 0.9047300546875 0.316772740625 0.9053824984375 0.3130361265625 0.9069544625000001
0 0.3195432828125 0.8078147625 0.3211607390625 0.806731934375 0.3201246546875 0.8038875921875 0.3189854890625 0.802652053125 0.3175589453125 0.8035646906249999 0.3173068015625 0.8044515109375 0.3179198921875 0.8063560484375 0.3195432828125 0.8078147625
0 0.3162122625 0.7702868984375 0.31724378125 0.768463078125 0.3186315984375 0.764634925 0.31867979687500003 0.7628320484375 0.3157019546875 0.7618398703125 0.3141166 0.7652895656250001 0.313359728125 0.7688126484375 0.3162122625 0.7702868984375
0 0.3305428921875 0.761462903125 0.338125021875 0.7602655078125 0.34054934531250003 0.7586756703125 0.3413384359375 0.754108103125 0.3539032828125 0.7493570843749999 0.3529745234375 0.7435616359375 0.349701078125 0.744323065625 0.340936359375 0.749254171875 0.3347019625 0.7525014062500001 0.3291702484375 0.7562568140625 0.3263285625 0.75930981875 0.32699239687500004 0.7612882796875 0.3305428921875 0.761462903125
0 0.48385902812500003 0.36199644062499997 0.48372032656249997 0.358472015625 0.4816991921875 0.3561883671875 0.47792158906250004 0.355850475 0.4770080734375 0.356597840625 0.47929374375 0.3610990078125 0.480392971875 0.364903515625 0.48127734218749996 0.367585975 0.48417925781250004 0.37028632031250003 0.48684192656249997 0.3713452734375 0.4910181171875 0.37005239843750004 0.48519581250000005 0.3659560546875 0.48385902812500003 0.36199644062499997
0 0.5550624921875 0.4496602046875 0.548624596875 0.4425129734375 0.5436943125 0.4364339984375 0.5411490578125 0.434649571875 0.5378998828125 0.43418765312499996 0.5386748625 0.44118425156249996 0.53833636875 0.44362053437500004 0.5395544515624999 0.44664937031249996 0.541845953125 0.44911576875000003 0.548246840625 0.44978205625 0.5516867000000001 0.45076799375 0.5548839359375 0.45247347656250003 0.55753448125 0.4541055359375 0.5585213765625 0.455811965625 0.5606554234375001 0.45566311875 0.5550624921875 0.4496602046875
0 0.504019378125 0.4599695828125 0.5088749671875 0.4570410640625 0.51070970625 0.45348345781250005 0.5109053125 0.45137753593749996 0.507741109375 0.45104411874999994 0.5031130140625 0.45067106562500003 0.499950109375 0.4511989140625 0.49894449375 0.45183736874999997 0.49565396249999993 0.453827753125 0.49438091718750005 0.45563136406250004 0.49863501718750003 0.45984528124999996 0.504019378125 0.4599695828125
0 0.5168521203124999 0.4961028328125 0.518540171875 0.4957528203125 0.5181966250000001 0.4936531140625 0.5159618859374999 0.49028850156250003 0.5135973953125 0.4883011546875 0.511390909375 0.48909126562500005 0.5122501640625 0.491721840625 0.513597546875 0.49387710937499996 0.5168521203124999 0.4961028328125
0 0.4253512265625 0.49465495 0.4285907015625 0.489516125 0.42547261562500005 0.4866916359375 0.418394384375 0.482118365625 0.4154274015625 0.47517848906250004 0.41633295625000005 0.46998293437500005 0.41404067187500004 0.46662542343749996 0.4103552953125 0.46965197343750004 0.4149586296875 0.4784834953125 0.41953090781249996 0.48560630937499993 0.42239848281250003 0.49175315781249995 0.4253512265625 0.49465495
0 0.3912717625 0.6218183140625 0.383533009375 0.6235348671875001 0.3867295171875 0.6316568375 0.39604755625 0.6424510046874999 0.3931795296875 0.635564209375 0.3972873328125 0.6274433562499999 0.3972447984375 0.624648590625 0.3912717625 0.6218183140625
0 0.46995674843749996 0.6199845578125001 0.4733387875 0.6196079796875 0.47396535 0.61924885 0.47521699999999995 0.61705535 0.472014984375 0.6157349671875 0.46878910625000003 0.61680134375 0.46899679687500007 0.6186356390625 0.46995674843749996 0.6199845578125001
0 0.4752880421875 0.9590695796875 0.47183976875000005 0.9552930671875 0.467474790625 0.953289928125 0.4659815671875 0.953219928125 0.46409970625 0.9544560515624999 0.46360229375 0.9569814437499999 0.4654142640625 0.9597762234375 0.46963824374999996 0.96146609375 0.474553896875 0.9617280515625 0.4752880421875 0.9590695796875
0 0.526148146875 0.8868246781250001 0.5328916671874999 0.8865082093750001 0.5391073390625001 0.8817851921875001 0.537583909375 0.8778199765625001 0.531570440625 0.87733191875 0.526367309375 0.8845012562499999 0.526148146875 0.8868246781250001
0 0.6411827171875 0.8268814328125 0.6437509171875 0.8302995828125 0.6469369828125 0.8325704187499999 0.63128464375 0.8375043421875 0.6255586984375 0.8341361062500001 0.6183592640625 0.8373451359375 0.620778540625 0.843745490625 0.623195259375 0.8464870124999999 0.622975253125 0.8512661359375 0.6223735890625 0.8542431265625 0.6244077703124999 0.8571769609375 0.6339407140625 0.8601436609374999 0.643115596875 0.862795628125 0.650332078125 0.865178796875 0.6567071484375 0.8648501468750001 0.6632696671875 0.8663155281250001 0.6687238421874999 0.8701022 0.6721483609375001 0.8651230546875001 0.668402975 0.8600097421875 0.668720903125 0.8540997484374999 0.6685624015625 0.8484287875 0.6712671609374999 0.842131790625 0.6686809453125 0.8397834812499999 0.6599228687500001 0.8350574749999999 0.667233240625 0.82993205625 0.667162215625 0.8244717625 0.6590817796875 0.8197911796874999 0.651798728125 0.821360609375 0.6441532578125 0.8249714000000001 0.6411827171875 0.8268814328125
0 0.6860664578125 0.9002120421875001 0.6835283750000001 0.8942536265625 0.6756608875000001 0.8868002015625001 0.6718983 0.8801987015625 0.66998809375 0.8779475640625 0.6661489203125 0.8801240343750001 0.667729265625 0.8852155187499999 0.673912496875 0.891116171875 0.6780795375 0.893180015625 0.6809805328125 0.8973238203125 0.6860664578125 0.9002120421875001
0 0.68022860625 0.83534205625 0.685992725 0.8387968390625 0.6867014296875 0.8360250484374999 0.6838400296875 0.832263921875 0.6815224093750001 0.83230521875 0.6740326125 0.8342506937499999 0.68022860625 0.83534205625
0 0.6928115406249999 0.8143660531249999 0.6939897609375001 0.80862938125 0.6922170125 0.8053356624999999 0.6894792125 0.8037731734375001 0.6845335343750001 0.8028967265625001 0.6804732984374999 0.8039503874999999 0.680792828125 0.8076560125000001 0.6877139750000001 0.8165344156250001 0.689663434375 0.8208762328124999 0.6915228156250001 0.8218617437500001 0.6988371609375 0.829127609375 0.7090445859375001 0.83930683125 0.7155001578125 0.8472716859375 0.720461178125 0.8504720109375 0.73032533125 0.848818071875 0.72622421875 0.8383323 0.71791415625 0.834021803125 0.7120238750000001 0.831902221875 0.7099116249999999 0.826052765625 0.705279153125 0.8246511984374999 0.7042731921875001 0.8195357859374999 0.7020449328125 0.8163876390624999 0.6928115406249999 0.8143660531249999
0 0.771278375 0.8532466890625001 0.76424244375 0.8543804890625 0.747927496875 0.8599414609375 0.7208421171875 0.86899871875 0.7184346546875 0.8689896312500001 0.71216719375 0.870672740625 0.7058153093749999 0.87247929375 0.703053396875 0.8755877453125 0.6980111609375 0.8772670187499999 0.7009036265625 0.879544309375 0.6964269859375001 0.8848098671875 0.689192015625 0.8866543953124999 0.6987153078125 0.891058759375 0.7212279578125 0.886485459375 0.7389038343750001 0.8805846859375001 0.7779008140625 0.8649425031250001 0.7777777796875001 0.8599827265625001 0.7734851390624999 0.8575571312499999 0.7712286500000001 0.859857090625 0.770770346875 0.8567688421874999 0.771278375 0.8532466890625001
0 0.744033478125 0.7652139390625 0.746388021875 0.7615769015625 0.744034634375 0.7548194140625 0.7427972015625001 0.7526918125 0.740458671875 0.753364959375 0.739149003125 0.7587234171875 0.7357633031249999 0.7597323874999999 0.7357930078125 0.7606443671875 0.741096253125 0.76533973125 0.744033478125 0.7652139390625
0 0.7228938640625 0.7288084953125 0.7136566281250001 0.7190742640625001 0.70608940625 0.709162546875 0.7009957578125 0.7125041953125 0.693969971875 0.7123373484375 0.6961842593750001 0.7173429515625 0.69889760625 0.721643178125 0.7050394343749999 0.7279323062499999 0.7127239671875001 0.7325422390624999 0.713951046875 0.7290359609375 0.7212467671875 0.731940484375 0.7228938640625 0.7288084953125
0 0.8013635203125 0.6714565484375 0.7904464921875001 0.6762493218750001 0.7784918453125 0.6826463484375 0.767870984375 0.6891426015625 0.7561540203125 0.6989502671875 0.7376619359375 0.7073829421875 0.73359993125 0.7121563015625 0.7340690624999999 0.715143553125 0.7440450203125 0.713835503125 0.7576400828125001 0.7073738484375001 0.770276259375 0.7034265765625001 0.781426078125 0.7010457765625 0.8098854109375001 0.6887348328125 0.8174482015625 0.68533585625 0.8200193468749999 0.685396528125 0.8189500375 0.689707721875 0.8199011484375 0.6960647671875 0.8233218046875 0.699796959375 0.8271679828125 0.7042945281249999 0.83090368125 0.708076421875 0.8400524687500001 0.711825575 0.8403753093749999 0.7164273453125001 0.8460918968750001 0.7186153296875 0.8496349375 0.7212353984375001 0.8497144593750001 0.72703676875 0.8517499359375 0.727100934375 0.8537735124999999 0.7204668468750001 0.8479692625 0.71709529375 0.846727040625 0.713839953125 0.8520386578125001 0.7119796593750001 0.852738246875 0.709205175 0.8499268125 0.7072038796875 0.8512916078125 0.70197340625 0.848548034375 0.7014066999999999 0.84792850625 0.7061446390625 0.8438226312499999 0.70786489375 0.8455282328125 0.6928199875 0.8510440015625 0.6939254296875 0.8529168453124999 0.6921986140625 0.84537039375 0.6863871765625 0.8547868765625 0.6814558125 0.8467286078124999 0.6752100140625 0.8317474828125 0.668895015625 0.81813395625 0.667250246875 0.8013635203125 0.6714565484375
0 0.8537730703124999 0.65746751875 0.8505470687500001 0.6628299640625 0.8494564718750001 0.65809614375 0.8401575125 0.6587112203125 0.8372134640625 0.6541103234375 0.8338572203125001 0.6570718125 0.842637425 0.6671434859375001 0.854146884375 0.6798344828125 0.87636256875 0.7014372921875001 0.883571921875 0.7050836953124999 0.88731439375 0.69651498125 0.8835188046875 0.6899771203125 0.8772855296875001 0.6837019515625 0.8650662984374999 0.667252690625 0.8570247875 0.6597165046875 0.8537730703124999 0.65746751875
0 0.8942398359375 0.7323211875 0.8975255203125 0.7301523203125 0.8884116093750001 0.726221690625 0.9155871328125 0.713622453125 0.925946996875 0.7112391125 0.9233015546875001 0.7078602796875 0.9232169421875 0.7068313609375 0.9121248124999999 0.70829359375 0.8952165953125 0.7173914390625 0.8864186140625 0.7228883328125 0.8796301906249999 0.7227884125 0.8681617359375 0.7175202421875 0.8651357531249999 0.717381684375 0.87444145 0.726160890625 0.8662877953124999 0.7311796187499999 0.858084646875 0.7360757765625 0.8556466765625 0.739405040625 0.8566365984375001 0.743920275 0.863992334375 0.745284696875 0.8734691671875 0.7404772359375 0.8684947015625 0.7370658859375 0.885671675 0.7290101234375 0.8942398359375 0.7323211875
0 0.8284276984375 0.7248056218750001 0.8188848375 0.7261762953125 0.8088463953125 0.7182107296875 0.79961541875 0.713477034375 0.79784179375 0.7111135796875 0.7923957625 0.7114146203125 0.791831634375 0.7138294953125001 0.7929618203125 0.71992044375 0.795928734375 0.72869429375 0.8008531624999999 0.7369749031249999 0.8074990921874999 0.7392738484375 0.8101926640625001 0.7425940484375 0.8145781453125001 0.7465328625 0.8284455968750001 0.762674446875 0.845615765625 0.7656233203125 0.8489599921875 0.7728755609375 0.8540337015624999 0.7697219468750001 0.84381284375 0.7561391546875 0.8325186640625001 0.7439641781249999 0.8215882156250001 0.7337245171875 0.8308026609375 0.726617940625 0.8284276984375 0.7248056218750001
0 0.8177339578125 0.9530851953124999 0.8151276718749999 0.9523747734375 0.8131277234375001 0.9533161828125 0.8124414609375 0.95464873125 0.8176197343749999 0.9565155937500001 0.814572925 0.9606878812499999 0.8097455078125 0.9592970125000001 0.8129067890625 0.9653083328125 0.8196299109374999 0.9690556062500001 0.8247977609375001 0.9696098531249999 0.8277150921875001 0.9680947171875 0.8270683796875 0.9627715374999999 0.8177339578125 0.9530851953124999
0 0.8428627359374999 0.920602375 0.8447478359374999 0.921916909375 0.849893425 0.9222165453125 0.8556646421874999 0.9205748296875 0.8595488109374999 0.919301196875 0.862593 0.9172144484375 0.8615644343750001 0.9160397171874999 0.8574028874999999 0.9139183015624999 0.8544393390625 0.9109506406250001 0.8479804874999999 0.9108974828124999 0.8447713374999999 0.9118147859375 0.842480184375 0.9152817203125 0.8451366953124999 0.9184037375 0.8428627359374999 0.920602375
0 0.88763085625 0.3562296125 0.8831491874999999 0.355548671875 0.8794721859375001 0.3546863171875 0.878307509375 0.3589023671875 0.8832929890625 0.364518996875 0.8875142703125001 0.3574227359375 0.88763085625 0.3562296125
0 0.8212006093750001 0.2945018171875 0.821019871875 0.2922300453125 0.81751800625 0.28760788437499996 0.8129361578125 0.28453755 0.8097661 0.28391847812500004 0.8055802984374999 0.286135821875 0.800155353125 0.28641898593750004 0.8020585140625001 0.28997115 0.8060849828125001 0.2937824484375 0.812333734375 0.297380171875 0.8138168171875 0.2977763671875 0.8138634296875 0.2956017765625 0.8182383812499999 0.29586975937500004 0.8212006093750001 0.2945018171875
0 0.8070943671874999 0.2592527703125 0.8068714312499999 0.263222378125 0.8160398000000001 0.2641324421875 0.8194624015624999 0.26227161875 0.8216128734374999 0.2556169046875 0.8249254562500001 0.251741721875 0.8173508421875001 0.2520317078125 0.812132365625 0.2542104125 0.8070943671874999 0.2592527703125
0 0.9186552718750001 0.160892021875 0.9192651125 0.15855360000000002 0.9138522328124999 0.155751171875 0.9110268984375001 0.156350378125 0.9103621046875 0.158995325 0.9137340109375 0.161701428125 0.9186552718750001 0.160892021875
0 0.929716409375 0.17036218593750002 0.933654365625 0.171445490625 0.9335393906249999 0.1679586125 0.9292371296875 0.1648549140625 0.9271744156249999 0.16349968125 0.9244160609375 0.1650406328125 0.9268003078125 0.16844406875 0.929716409375 0.17036218593750002
0 0.8257707249999999 0.1854317203125 0.82801371875 0.18431865 0.8286306343750001 0.1832688203125 0.8272386359375 0.181361525 0.8245156250000001 0.1804478625 0.82316283125 0.180875246875 0.821883509375 0.18175558593750002 0.821211503125 0.1830489546875 0.823024096875 0.18453090156250002 0.8257707249999999 0.1854317203125
0 0.7747133703125 0.47442129062499994 0.77268893125 0.465382196875 0.7714317796875 0.464876784375 0.7658468421875 0.46351412031250006 0.764131984375 0.46472352031249997 0.760985590625 0.46633489531250005 0.7603186546875 0.4692409015625 0.7688428015625 0.47662855156250006 0.7747133703125 0.47442129062499994
0 0.6754628859375 0.506318140625 0.6819394937500001 0.5070472500000001 0.686304146875 0.50428356875 0.6872636062499999 0.5018542640625 0.6856178875000001 0.49957735468750003 0.6771250765625 0.49926816250000006 0.6744149734375 0.502582903125 0.6754628859375 0.506318140625
0 0.851285990625 0.49111192968750006 0.8431543546875 0.491566509375 0.8427491125 0.4899692796875 0.8370435546874999 0.4907044265625 0.8331768171875 0.49525932812500006 0.8395265437500001 0.501701496875 0.848219390625 0.49971482968750003 0.8523295921875 0.49429250781249995 0.851285990625 0.49111192968750006
0 0.7364310734374999 0.4316763 0.735260503125 0.42652965624999994 0.731661109375 0.42490703124999996 0.7268499640625 0.4247555078125 0.7246077921875 0.4273106765625 0.7288695859375001 0.43123115624999997 0.733118721875 0.432459715625 0.7364310734374999 0.4316763
0 0.7472738953125 0.439950003125 0.75405308125 0.4455869453125 0.746509584375 0.4356230421875 0.74313364375 0.432488253125 0.736267390625 0.4341120078125 0.732441975 0.435932815625 0.7327472937499999 0.44049780156249996 0.7442438109375 0.45356345156250005 0.7529635015625 0.45730714531250005 0.75260405 0.45200349375000004 0.7488761625 0.44585018749999994 0.7472738953125 0.439950003125
0 0.715386378125 0.40839588125 0.71199776875 0.405761715625 0.704851234375 0.40798862187499996 0.6995816328125 0.40894259218749995 0.699509146875 0.4161358125 0.715386378125 0.40839588125
0 0.6750247390624999 0.4304854359375 0.68397368125 0.4279131140625 0.6878671328125 0.4256535765625 0.69271490625 0.42118607187499996 0.6934384265625 0.41658841406249997 0.680767940625 0.419379134375 0.6820949328125 0.41485399999999995 0.6729721750000001 0.42179079531249997 0.670298371875 0.42779721249999997 0.672017809375 0.42078102343749996 0.668608096875 0.4210880859375 0.6653809609375 0.424331471875 0.6654700171875 0.42704221875000004 0.66996136875 0.4299392953125 0.6750247390624999 0.4304854359375
0 0.6878536937499999 0.489663434375 0.6938383625 0.48947575781249997 0.70268766875 0.48698408125 0.70706188125 0.48211682187499993 0.7012777234375001 0.48173563125 0.6941121234375001 0.4843742203125 0.6907424078125 0.48720181875 0.6878536937499999 0.489663434375
0 0.6957845140625001 0.4341237859375 0.7001373890625 0.4351100578125 0.705433215625 0.43285269218750005 0.7054468109375 0.43117780312500004 0.7000113796874999 0.43100787343749997 0.6952282296875001 0.4320514828125 0.6957845140625001 0.4341237859375
0 0.6978949546875 0.4504243609375 0.7014126078125 0.4479817234375 0.7002321031250001 0.4463648671875 0.7051188500000001 0.43995167031250004 0.7021652953124999 0.438543728125 0.6960227078125001 0.44220996250000005 0.6953067359375 0.4387201328125 0.6941827296875 0.44265624062500003 0.689230825 0.44558710156250003 0.6940766765624999 0.44521236875000003 0.6978949546875 0.4504243609375
0 0.6903426109375 0.4611873125 0.6852477593749999 0.4630002328125 0.68708821875 0.46472960625 0.69136078125 0.4634595828125 0.6903426109375 0.4611873125
0 0.70420509375 0.29207871406249997 0.6968604125 0.292226915625 0.6973129453125 0.29524676250000004 0.7055765390625 0.2959355375 0.70420509375 0.29207871406249997
0 0.6013094 0.7639388703125001 0.6024161 0.7586436484375 0.600016759375 0.7543630859375 0.5970014531250001 0.7521887796875 0.59136096875 0.7525478046875 0.5858099515624999 0.7545628875 0.5869155703125 0.7581871437500001 0.5931945234375 0.761859415625 0.6013094 0.7639388703125001