0 0.675149134375 0.6909967796875 0.6785744984375001 0.6996789046874999 0.6784924875 0.7162043140625001 0.677276953125 0.7199968296875 0.673149290625 0.7246436546874999 0.66351978125 0.7310751375 0.65359309375 0.734383153125 0.6534560890625001 0.7379147234375 0.6680312453125 0.7548974359375 0.68245960625 0.763701571875 0.67971389375 0.7770671046875 0.675462603125 0.7837219609375 0.678538646875 0.7858320640625001 0.6847163171874999 0.78700331875 0.68868139375 0.788937015625 0.6985706421875 0.7902018421875 0.702140496875 0.78797115 0.71727961875 0.785611546875 0.719116959375 0.7813275609375 0.721686009375 0.779757415625 0.7329447234375001 0.778028578125 0.74294539375 0.7788107875 0.746562671875 0.7741728140624999 0.7590719625 0.7185165765625 0.7552798078125 0.7084781171875 0.756737525 0.694815228125 0.7596571390625 0.686579671875 0.7666969296875 0.6810785359375 0.773905271875 0.66161528125 0.779440378125 0.6361675609375 0.7816491453125 0.6163133765625 0.780019940625 0.61161073125 0.7856356250000001 0.5961078984375 0.788102609375 0.5839496734375 0.79237948125 0.5742458640625 0.798082246875 0.548071934375 0.7985732062500001 0.5341858515625 0.7952033765625 0.5252631796875 0.7885949171875 0.5208109265624999 0.78035046875 0.5190342296875 0.7740832171875 0.5189872640625001 0.7587649328125 0.52359544375 0.737045784375 0.527999128125 0.7173581953125 0.53389011875 0.70606204375 0.5401918 0.6937895000000001 0.5441032015625 0.6916764718749999 0.545906915625 0.6911186625 0.5483230484375 0.690819071875 0.558435140625 0.6877833156250001 0.5612974796875 0.6832382406249999 0.56113976875 0.6807687578125 0.5637511859375001 0.676176259375 0.5660007546875 0.6733684171875 0.573752171875 0.668050803125 0.5791425609374999 0.664810303125 0.5873024328125 0.6590757125 0.6106691296875 0.6569668625 0.6315630640625 0.6586275406250001 0.6390744640625 0.66486020625 0.653239559375 0.6701532140625 0.6604445796875 0.6793151265625 0.6685412015625001 0.6802747499999999 0.6761441203125 0.675149134375 0.6909967796875
0 0.562121296875 0.23955692499999998 0.5668179265625 0.240864128125 0.56991081875 0.23816411249999997 0.5735379125 0.2324972921875 0.5763905546875 0.22783031875 0.5755563 0.222108503125 0.564153921875 0.21849305000000002 0.5581948796875 0.2212994859375 0.548160934375 0.22940636875 0.551186321875 0.2334307 0.558307340625 0.2396706359375 0.562121296875 0.23955692499999998
0 0.5278531890625 0.22571699843749998 0.5191491203124999 0.229605546875 0.5336509234375 0.2420299296875 0.5381164421875 0.2363225484375 0.53591036875 0.232500196875 0.5278531890625 0.22571699843749998
0 0.5258720265625 0.182676009375 0.531202709375 0.1815494015625 0.531751390625 0.17655417499999998 0.523441765625 0.1716979515625 0.5199638796875 0.1723286375 0.5168137328125 0.17611710625000002 0.5210445171875 0.1807965734375 0.5258720265625 0.182676009375
0 0.60956520625 0.11160636718750001 0.612533871875 0.109812571875 0.6083957843750001 0.108246246875 0.598228746875 0.10815687031250001 0.5973920749999999 0.1119614859375 0.6003428625 0.11596859531249999 0.6026052828124999 0.11341360781250001 0.60956520625 0.11160636718750001
0 0.8060908796874999 0.11300397031250001 0.7996819046875 0.11186911562499999 0.801022853125 0.11572265468750001 0.8055694156250001 0.11874955000000001 0.808564221875 0.1229271828125 0.8153337015625001 0.1237716265625 0.819844259375 0.12359263125 0.8214081234374999 0.126945996875 0.8297916843750001 0.1289119625 0.834978721875 0.1259625734375 0.8272785203125 0.121522865625 0.8212343921875 0.1200023890625 0.8060908796874999 0.11300397031250001
0 0.891858475 0.0945943953125 0.8897849796875 0.0894684578125 0.8821529171875 0.09024175 0.8772486171875 0.100440540625 0.8720814171875 0.1079022296875 0.8664774421875 0.11221303281249999 0.8659363515624999 0.12119014531250001 0.8732519249999999 0.134603 0.8692623046874999 0.14212487812500002 0.8634283578125 0.14227095781250002 0.8628731578125001 0.14684293125 0.8610761015625 0.1499174828125 0.8546995328125 0.15663011093749998 0.8566296859375001 0.1616892796875 0.8593805296875001 0.1647634375 0.864969675 0.171199746875 0.8717238578125001 0.1802927859375 0.8841470593749999 0.13224018906249999 0.891858475 0.0945943953125
0 0.2538839859375 0.734573034375 0.24889188906249998 0.748090253125 0.24664988124999998 0.7565095078125 0.243394340625 0.7651999046875 0.24062268437499998 0.7679949296874999 0.24679337031249998 0.7761979625000001 0.2553481046875 0.772435296875 0.2602096546875 0.7735143765625 0.2646649390625 0.77078251875 0.2584890203125 0.765936215625 0.2610360109375 0.759814771875 0.26857439843750003 0.751389925 0.2698237984375 0.7411507359375 0.2609205078125 0.7314476796875 0.2538839859375 0.734573034375
0 0.2774562578125 0.791004796875 0.27407490156250003 0.79133544375 0.2679131078125 0.7944366390625001 0.2691117890625 0.8029975734375 0.267201553125 0.81404315 0.27357796562500003 0.818972621875 0.277562825 0.8234878703125 0.282254246875 0.8191427843750001 0.28790305781250003 0.8175203453125001 0.2869727328125 0.81344409375 0.2848857625 0.8083904140625 0.28257556250000004 0.8021851281249999 0.2816496109375 0.796443746875 0.2774562578125 0.791004796875
0 0.2407464890625 0.81645544375 0.23551669999999997 0.8182147125 0.2344350078125 0.8234557109375 0.23083447812500002 0.8305911484375 0.240330609375 0.8352257875 0.2421518625 0.8301362859375001 0.242859753125 0.8283481343749999 0.24524236250000003 0.8242237093749999 0.24294376406249998 0.8204409343749999 0.2407464890625 0.81645544375
0 0.29762667187499997 0.7830155125 0.2961458125 0.774989178125 0.28967633125000003 0.7696709937499999 0.28077761562500003 0.7673664015624999 0.26940595312500004 0.765889225 0.26440381875 0.7740529109375001 0.26431878593749997 0.7841038890625 0.280159228125 0.79004928125 0.2862838953125 0.7894635828125 0.29438177187500003 0.78938154375 0.29762667187499997 0.7830155125
0 0.24397689687500002 0.8957680296874999 0.24506029062499998 0.8923603390625001 0.241388909375 0.8894809718750001 0.2368415765625 0.89215309375 0.232085909375 0.8959637812500001 0.23197189687500003 0.900347359375 0.23421644531250002 0.902273515625 0.23807379218750002 0.9027775874999999 0.24226036562500003 0.8993550796875001 0.24397689687500002 0.8957680296874999