0 0.635760521875 0.11935797031249999 0.6419115765625001 0.1092185515625 0.6362738859375 0.11132655 0.6154962828125 0.125969740625 0.6231062406250001 0.1364414703125 0.6496583890625 0.130728378125 0.6741106453125 0.12008990312500001 0.6704708125 0.1233204234375 0.6677138140625 0.1274458671875 0.664878171875 0.14034685156249999 0.675531909375 0.157177740625 0.66700210625 0.16285896093750002 0.6981797140625 0.2147366328125 0.703122884375 0.22678758281250003 0.693352890625 0.22219784374999998 0.68916044375 0.223536496875 0.7012350875 0.228900675 0.6978552796875 0.23722195781250002 0.6936488125 0.23076478281249999 0.6901566531250001 0.23111992187500002 0.677457315625 0.248425903125 0.6712329609375 0.248751 0.656681503125 0.2281079734375 0.6432315203125001 0.2301948453125 0.6502778828125 0.24609634531250002 0.6564749390625 0.2557980265625 0.6530528203125 0.255909878125 0.6479342921875 0.258428746875 0.646782471875 0.2620331375 0.6494684703125 0.2649220765625 0.646480684375 0.2668601296875 0.642180859375 0.262888484375 0.639229715625 0.264315484375 0.6422056765625 0.26796960625 0.6367221140625 0.2708063921875 0.634220078125 0.26583634218749996 0.6279677109375 0.268457421875 0.61959171875 0.27353442499999997 0.6098820265625 0.27793215781249997 0.6022327187500001 0.2841065078125 0.608900415625 0.2836300625 0.6089860203125 0.2876210203125 0.6172947093750001 0.28983438437500003 0.6264714421875001 0.2834352015625 0.6327247828125 0.2820178921875 0.6374422 0.2822094375 0.6387069859375 0.289756446875 0.6439764265625 0.2990623703125 0.6503016875000001 0.3078569484375 0.647987178125 0.308254259375 0.6369464625 0.2962000375 0.6348501171875001 0.297642553125 0.64722691875 0.3111579953125 0.6521016203125 0.315157503125 0.6580276609375 0.325671403125 0.6572051625 0.3352489328125 0.65103164375 0.327662934375 0.63980135625 0.31144431250000004 0.6299414171875 0.2994266296875 0.6245003484375 0.304266090625 0.628047521875 0.31168055781250004 0.6308632453125 0.3192047640625 0.6268959796875 0.3158091328125 0.6220319015625 0.3152110875 0.624034340625 0.32167136093750004 0.6303710687499999 0.32340810468750003 0.6360699828125 0.330525615625 0.6201056671875 0.32521918437499997 0.6203687640625 0.3202588859375 0.6151062390625001 0.3139215296875 0.6037283046875 0.307200825 0.5955292015625 0.2990364859375 0.59909028125 0.2951701703125 0.5902980734375001 0.295226175 0.5712544203125 0.3056137625 0.56352041875 0.302831309375 0.5610929359375 0.304694646875 0.5630556531249999 0.32146953906250003 0.568944790625 0.329851234375 0.57662669375 0.3310894609375 0.583394278125 0.33965800625 0.59399083125 0.34229190625 0.5949246421875001 0.3461720578125 0.5996628796875 0.344945678125 0.603840415625 0.3446286 0.608644275 0.346598425 0.605135403125 0.352002528125 0.6049509953125 0.35269075 0.5955193624999999 0.35678123125 0.5875635531250001 0.3605376125 0.6028073109375 0.365261125 0.6099364781250001 0.3606717859375 0.6170109453125 0.3590636203125 0.6190129625 0.35788861875 0.6207634828125 0.3603085171875 0.6172626906249999 0.3670347625 0.6165409265624999 0.3735981609375 0.6377829125 0.3849499828125 0.6498905625 0.3920020921875 0.65018293125 0.39453921406250003 0.6558463953125 0.395788209375 0.6538140203125 0.399286065625 0.653302384375 0.405705184375 0.6517538515625 0.40943783125 0.6555884515625 0.40821520156249996 0.6582202515625 0.404502671875 0.6704889421875 0.40146355 0.6668009484375 0.407511996875 0.6593799859375 0.4079079265625 0.6589133984375 0.4129334046875 0.6562584234375 0.41473416875 0.654487621875 0.4165615546875 0.652197090625 0.41769645468750005 0.650413525 0.420012178125 0.6506610734375 0.42223964843750006 0.6521258515625 0.4259191359375 0.6546024484374999 0.4270842 0.6540112406249999 0.424219509375 0.65507115625 0.42028799843750003 0.6583688125 0.4192159015625 0.660141153125 0.41610291874999994 0.6615236984374999 0.412887109375 0.663615528125 0.4128620359375 0.667664778125 0.41848121562499996 0.6660407578124999 0.42154173437500003 0.6653163375 0.4267084171875 0.6681308609375 0.43094691718749994 0.6717221125 0.43382606875 0.6739193890624999 0.44181705156250006 0.6777467578125 0.436630934375 0.6791759953125001 0.4395616484375 0.679503353125 0.44549382031249996 0.6838559921875 0.452431771875 0.686665078125 0.4540644484375 0.6876542875 0.4505960421875 0.6876966234374999 0.44280722656249993 0.6877719640625 0.4357826828125 0.6958508515624999 0.424304415625 0.6954048546875 0.4208736453125 0.69511863125 0.4158082140625 0.6969689031249999 0.41157731093749994 0.6969621218750001 0.40706880781250004 0.6964411265625 0.399444484375 0.69966176875 0.3935102171875 0.7028129296875 0.3881914390625 0.7036660484375 0.3829670390625 0.7035792296875 0.377718865625 0.7043558421875 0.3720857359375 0.70602688125 0.36194940781249996 0.7135033953125001 0.3335576734375 0.7150800125 0.32637569843750003 0.7159852890625 0.32138526875 0.716862715625 0.31620296875 0.7173349765625 0.313836759375 0.7189977234375 0.3098710453125 0.7203134062500001 0.3081967046875 0.721495590625 0.304702359375 0.7224638546875 0.3028394890625 0.7219888921875001 0.300567259375 0.7216196078125 0.2979610015625 0.721047034375 0.29684995000000003 0.721660275 0.2926596375 0.7220818375 0.29001778906250003 0.722898584375 0.2868428703125 0.7273298890625 0.26749779687499997 0.7276992484375 0.264827403125 0.7292711062499999 0.262209075 0.7301802796875 0.26018640312499997 0.7305657875 0.2584035546875 0.7302575328125 0.2566079 0.7296179625 0.2538693671875 0.7315629359375 0.248470034375 0.733931965625 0.2412043625 0.7359797203125 0.23814414843749998 0.7340552437500001 0.23491250468749997 0.7373749234375 0.231922959375 0.7381380015625 0.2297754078125 0.7383969015625 0.2263038125 0.738855428125 0.225069490625 0.73732809375 0.22109824687500002 0.7377124640625 0.22001390625 0.7389571515625 0.2139982640625 0.7406835328125 0.20530350468749997 0.7423896484375 0.198151378125 0.7444656984375 0.1901197140625 0.7455585265625 0.185516003125 0.7471165921875 0.1840780765625 0.7476195328124999 0.18004585312500002 0.7469543937500001 0.1768895921875 0.74815579375 0.1712166109375 0.74970066875 0.1645696515625 0.7516742 0.15835136875 0.7535386421875 0.15514821406249998 0.754570278125 0.1512980953125 0.7551163453124999 0.1484874046875 0.755352765625 0.145969034375 0.7549123421874999 0.1438516453125 0.75670599375 0.1345375703125 0.7613838671875001 0.11344521249999999 0.7625840187499999 0.11007700312499999 0.7645364109375 0.10646712968750001 0.766111303125 0.10148303750000001 0.766526040625 0.097647175 0.7682524265625 0.0895379953125 0.7758272828125 0.057440764062500003 0.6729320265625 0.02869890625 0.6448174421874999 0.038407828125 0.6416978 0.046404121874999996 0.6418371515625 0.056617903125 0.6391330578125001 0.0629607203125 0.631008325 0.070360009375 0.62477478125 0.055910545312500004 0.609992578125 0.0353981890625 0.603997171875 0.0338968703125 0.6063602218749999 0.0642521796875 0.6158193546875 0.08326543125 0.6108600125 0.087248840625 0.6051941359375 0.0930601046875 0.605706521875 0.1008131484375 0.61590741875 0.090332140625 0.62022500625 0.0889671671875 0.6297402109375 0.0940127453125 0.63903191875 0.0976768421875 0.6503783453125 0.1069239125 0.662624540625 0.1100661546875 0.635760521875 0.11935797031249999
0 0.63614985625 0.040383368749999995 0.63198288125 0.0435648453125 0.628567746875 0.0483534875 0.6341908375 0.050537971875 0.6387049015625 0.0422698828125 0.63614985625 0.040383368749999995
0 0.6619867171875 0.1974359390625 0.6667969359375 0.192831846875 0.6694805640625 0.1866016328125 0.6583037140625 0.185861765625 0.647906240625 0.1877733359375 0.6415393500000001 0.1926510421875 0.6405311265625 0.19628096875 0.6495080265625 0.19286127656250002 0.6501221328125 0.19459006406249998 0.6478167781249999 0.20012091562499998 0.642749596875 0.199767709375 0.635698915625 0.198993025 0.6320052359375 0.203148953125 0.6200985171875 0.20355128906250003 0.6084374640625 0.207081603125 0.5978648515625 0.215979653125 0.5971127828125 0.2220464109375 0.611927540625 0.22250901562499997 0.627040284375 0.2209841484375 0.6302730000000001 0.21850026250000001 0.6311750421875 0.21478365 0.6375902875 0.21079403281250003 0.646763153125 0.2039263203125 0.6619867171875 0.1974359390625
0 0.5817631796875 0.1157161515625 0.6057241999999999 0.1535652078125 0.6082173796875 0.1508831640625 0.6001851296875 0.1371034828125 0.5961213609375 0.12763856875 0.58702571875 0.11623978906250002 0.5821569265625001 0.112767590625 0.5817631796875 0.1157161515625
0 0.5662240859375001 0.2685084203125 0.5739495796875 0.2680565921875 0.5810714390625 0.2751218578125 0.5830719656250001 0.28032149375 0.583853621875 0.287794046875 0.5860747265625 0.29042577187499996 0.5882278296875 0.283356209375 0.59200999375 0.283560828125 0.59797315 0.2792963984375 0.6022088171875 0.27556877968750004 0.6021175265625 0.2671618171875 0.6004816953125001 0.26276841875 0.6050293296875 0.259331446875 0.6091996671875 0.25905935 0.6135285796875001 0.2632846671875 0.6155072703125 0.26351883125 0.6173331734375 0.265941134375 0.6195538234375 0.2660088125 0.6226360328125 0.269272440625 0.6268766765625 0.2644154390625 0.6397676078125001 0.258160603125 0.6403960671875 0.2568957890625 0.6378538734375 0.2553718296875 0.63261721875 0.25786066406249997 0.62484555625 0.26114713125 0.6220003625 0.265378353125 0.6172537218749999 0.2615166875 0.6118125796875 0.2571680515625 0.6047361125 0.2550648625 0.6008467046875 0.24985733125 0.6000993015625 0.246476825 0.5947752453125 0.23764640625000003 0.58856063125 0.229664403125 0.5822444015625 0.2224057484375 0.5794112625000001 0.22405039218749997 0.5720630156250001 0.2144009796875 0.5712793828125 0.20765420781250002 0.5680727578125 0.20288682812499997 0.5617364390625 0.2061049609375 0.560370359375 0.209017834375 0.56586509375 0.21761575625 0.5734421515625 0.23396356875 0.5673688390625 0.233893996875 0.5688401140625 0.2378631609375 0.5726434484375 0.241991325 0.567162490625 0.2430736921875 0.5725607921875 0.253866765625 0.5473998734375 0.2500350140625 0.544603528125 0.2371681515625 0.5406646953124999 0.23726448906250003 0.5286682421875 0.23905819843749998 0.51956570625 0.245778140625 0.528616315625 0.252756840625 0.52730661875 0.2569142125 0.5352513562500001 0.25938108125000003 0.542687109375 0.25781310625 0.5539233265625 0.25831329687500004 0.5622195875 0.259305265625 0.560893171875 0.26481695781250003 0.5662240859375001 0.2685084203125
0 0.5132689828125 0.23954542812500002 0.515497246875 0.2369525453125 0.5155480515625 0.23411267812499997 0.511581365625 0.23056999843749998 0.5100024203125 0.23507418906250002 0.510862415625 0.23764208281250002 0.5132689828125 0.23954542812500002
0 0.5420831875000001 0.277761525 0.5413112171875001 0.2754808890625 0.5394364859375 0.273910928125 0.5367568703125001 0.273594096875 0.5370030906250001 0.2768467796875 0.5400683234375 0.2788214703125 0.5420831875000001 0.277761525
0 0.5497876734375 0.27871625 0.5533543562500001 0.28429509375 0.5574297171875 0.28651456406250003 0.5591592249999999 0.2837848046875 0.5530217296875 0.2766258046875 0.5497876734375 0.27871625
0 0.64914245 0.4285652640625 0.6443105640625 0.42091655625 0.63941910625 0.4089684328125 0.6310298875 0.399533465625 0.626025125 0.3926084234375 0.6228342046875001 0.39044476562499997 0.6211720203125 0.39007379375 0.6118470390625 0.39192495156249996 0.615770140625 0.407746621875 0.6195357765625 0.408978853125 0.6262189859375 0.4164798078125 0.6316337453124999 0.4261368703125 0.6452426265625 0.43794586406249997 0.6496649390625 0.43637116093749995 0.64914245 0.4285652640625
0 0.5928545171875 0.4286303421875 0.5846505203125 0.43414004375 0.590743653125 0.440353790625 0.59606554375 0.437371775 0.608946253125 0.4340226796875 0.6178327625 0.42707662187500006 0.6140142296875 0.42135102968749993 0.60411535625 0.42176402343749997 0.596140284375 0.42445732031250005 0.5928545171875 0.4286303421875
0 0.6391275296875001 0.0203236546875 0.6192220234375 0.014307354687500001 0.6186687656250001 0.0205195875 0.6368777640625 0.0200265609375 0.6391275296875001 0.0203236546875
0 0.579970190625 0.01281131875 0.583315509375 0.0137950453125 0.5882583515625 0.0167856234375 0.5906082109375 0.014940309374999999 0.60210725625 0.0180214703125 0.607730015625 0.0165306359375 0.609902078125 0.014642534374999999 0.60994903125 0.0124147125 0.60853345 0.0114433609375 0.5750611015625 0.0024744718749999998 0.5740334296875 0.0041062796875000005 0.5754634546874999 0.006967646875 0.5753622546875 0.011631625 0.5773735656250001 0.0177448703125 0.58109320625 0.0216662 0.5852233984375 0.0215499609375 0.5836589421875 0.0183209625 0.579970190625 0.01281131875
0 0.5853546859375001 0.07264043125 0.5838930796875 0.075982259375 0.5798759984374999 0.07771083749999999 0.576346778125 0.07589814218749999 0.5752972671875 0.0741643046875 0.573465409375 0.0748672625 0.5711929921875 0.07785433750000001 0.5714368578125 0.079962734375 0.572320015625 0.0833618203125 0.574579184375 0.0846320046875 0.5770866171875 0.084504765625 0.5811752984375 0.0825753765625 0.5843145484375001 0.0813217203125 0.5876785828125 0.0793680125 0.595051409375 0.08210383593750001 0.5998853484375 0.0846737703125 0.6036097359375 0.084798203125 0.601970259375 0.0836180359375 0.599404078125 0.08178515625 0.596953146875 0.0805363828125 0.5930619484374999 0.0776658296875 0.5936467375000001 0.0746261078125 0.5923736203125001 0.07117914843749999 0.5901740609374999 0.0703083125 0.5853546859375001 0.07264043125
0 0.3123019296875 0 0.31092119218750003 0.00043588125 0.2998424984375 0.0047207578125 0.29288563125 0.010918884375 0.29834774999999997 0.016746790625 0.3053247390625 0.014759865624999998 0.3213799828125 0.0122953546875 0.33189762031250003 0.0080397 0.33871309374999997 0.0066193390625 0.3461238953125 0.0049573265625 0.353475190625 0.0026420265625 0.35922764687500003 0 0.3123019296875 0
0 0.2692218046875 0 0.2723485859375 0.0043677828125 0.2740699984375 0.0086530859375 0.27875222499999996 0.011251925 0.2797237671875 0.012956782812500001 0.2822558578125 0.0191367765625 0.286167884375 0.023022304687500002 0.2898866453125 0.0255765109375 0.2936574390625 0.028890381250000003 0.2964984984375 0.032317478125 0.2772831203125 0 0.2692218046875 0
0 0.6212143734375 0.539930046875 0.6234229171875 0.5359860203125 0.6276366109375 0.5380031484375001 0.6230014171875 0.5460592265625 0.616942425 0.5436964734374999 0.6126840484375 0.54697154375 0.6101949656250001 0.5574985203125 0.60406906875 0.5631007890624999 0.5855223328125 0.5369873078125 0.5780561171875 0.534575865625 0.5802736375 0.5456667796875 0.592836453125 0.5579929671875 0.5872454109375 0.5604822828125 0.5907464609375 0.5670788171875001 0.6005433 0.56723376875 0.611675384375 0.5820802203125 0.6056787828125 0.5882202125 0.615257384375 0.59697741875 0.62266195625 0.5997638078125 0.6295687640625001 0.6043595796875 0.6230131234375 0.6102737515625 0.6311456671875 0.617370421875 0.607793890625 0.6215534453125 0.6071352359375 0.62450058125 0.6041307546875 0.6237359734375 0.5953432765625 0.629932109375 0.5900129140625 0.639906440625 0.584490140625 0.6367378234375 0.5768203421875 0.6436346109375 0.5807623015625001 0.6520267578125 0.5754117812499999 0.6600901312499999 0.5921430437499999 0.668426428125 0.560102971875 0.67658205625 0.5709126921875 0.687294846875 0.5834783703124999 0.6910920968750001 0.5871439359374999 0.67662116875 0.5920881984374999 0.6753141125 0.59513130625 0.6876162234375001 0.607630659375 0.6976316234375 0.6130939828125 0.7004365234375001 0.611087690625 0.7049297343750001 0.6186222671875 0.700934309375 0.623431690625 0.704646184375 0.6295208531250001 0.704674709375 0.6320273109375 0.6904787765625 0.634023290625 0.6836696078125 0.636797578125 0.6759479749999999 0.6372606015625 0.669106575 0.6448155671875 0.6376510609375 0.6468729796875 0.6341744703125001 0.645779390625 0.6288199140625 0.6505507484375 0.611610628125 0.65150338125 0.606914353125 0.65362429375 0.6005867406250001 0.653436284375 0.5961267343750001 0.6565633421875 0.5789928796875 0.6625212265625 0.5570173453125 0.6653645921875 0.5448965046875001 0.6665364140625 0.5355969828125 0.669173753125 0.5304511109375001 0.670787915625 0.5251151953125001 0.6701173812500001 0.522347334375 0.672167196875 0.5163031671875 0.673850090625 0.5043356359375 0.6770758640625 0.507063475 0.6761681562499999 0.4998742 0.6766337296875 0.49535961874999995 0.6840282328125 0.4609833640625 0.6755212515625 0.465172784375 0.6656961140625001 0.47032736406250003 0.654872909375 0.47634522968750004 0.6517893875 0.47611105 0.6469844218749999 0.47447739375 0.6441947265625 0.47018245781249995 0.62646273125 0.4815006125 0.6304115343750001 0.4880440359375 0.647574465625 0.4846210578125 0.652667290625 0.4895331140625 0.64442443125 0.494716965625 0.6435820703124999 0.502388471875 0.63616011875 0.5111795796874999 0.61576185625 0.48067475625 0.6028793203125 0.4873993328125 0.6278574 0.51978645 0.633787259375 0.5282033203125 0.62742768125 0.532353440625 0.619250878125 0.5334753562500001 0.6193288796875 0.5362510625 0.6212143734375 0.539930046875
0 0.5900402203125 0.529393171875 0.590503578125 0.5305978984374999 0.593529640625 0.533008553125 0.5968140625 0.5316417390625 0.597767603125 0.52828833125 0.5958645687499999 0.5261478546875 0.5948167234375 0.5141086125000001 0.592323828125 0.514115190625 0.592648109375 0.52480395625 0.5900402203125 0.529393171875
0 0.55465805 0.60955290625 0.5527005328125 0.6160132703125 0.5561606640625001 0.6182830328125 0.55893168125 0.6125356375 0.558181171875 0.609565175 0.55465805 0.60955290625
0 0.5526250078125 0.6986161609375 0.5511866140625 0.695598878125 0.5477693609375 0.6949258703125001 0.548217734375 0.6995672578125001 0.5526250078125 0.6986161609375
0 0.5552558125 0.7064984578125 0.56031764375 0.710143703125 0.5641405828125 0.7157200359375 0.5677713796875 0.7232329390625 0.5735384578125 0.7252845375 0.579165290625 0.734433875 0.5850569984375 0.7370526828124999 0.5772656296875 0.7246801703125 0.5718092671874999 0.7164823765625 0.5573412734375001 0.702796446875 0.5552558125 0.7064984578125
0 0.58707945 0.706950421875 0.5923543 0.7066070796874999 0.59488895 0.70400570625 0.5955334265625 0.7004594875000001 0.59485971875 0.696979025 0.5905165578125 0.6964170328125 0.58441343125 0.7008235109375 0.5826600109375 0.7052000703125 0.58707945 0.706950421875
0 0.563615771875 0.783597059375 0.567391984375 0.7865888578125 0.571273615625 0.7844179640625 0.5797971140625 0.7850146515625 0.5814935203125 0.7936252374999999 0.5706142796875 0.7924749765625 0.56888055 0.7947797875 0.5750549828125 0.7970618593750001 0.575359909375 0.8055891531249999 0.57664575 0.8090006984375 0.58363741875 0.8165276890625 0.5771674546875001 0.8209086671874999 0.5738720234375 0.81961801875 0.5733627203125 0.8224062062499999 0.5732808703125001 0.8264606750000001 0.561221009375 0.83472728125 0.56322745625 0.8391019 0.585163071875 0.8297237640624999 0.6002190109375001 0.8283988203125 0.601364025 0.8252665671875 0.6027187046875 0.824563540625 0.6038892765625 0.8222776812499999 0.604945471875 0.8199417625000001 0.6056201765625 0.8187216921875 0.6055086000000001 0.8174235812499999 0.60468115 0.8137320734375001 0.60592675 0.8083831359375001 0.607792865625 0.7994928812500001 0.6137603265625 0.7774212390625 0.61506755 0.7678457984375 0.618228921875 0.7556791390625001 0.61962178125 0.7513321421875 0.62105395625 0.7486132999999999 0.62201234375 0.7440706234375 0.6203428 0.7424472609375 0.6280201515625 0.7088084015625 0.6204751890625 0.7119792921875 0.6197906421875 0.71671343125 0.6138442453125 0.713199984375 0.6019624515625 0.7011031875 0.5946437859375 0.7050836703125001 0.5882607515625 0.7083976671875 0.5841117265625 0.711886446875 0.5816820109374999 0.716541196875 0.5795539828125 0.7209937015625 0.5781209375 0.7253639 0.5833932109375 0.7352448375 0.58931650625 0.743511128125 0.5908017296875 0.7479353468750001 0.5986846578125 0.7517557765625 0.5920590796874999 0.756397553125 0.587391896875 0.760654978125 0.5848342421875 0.764984275 0.58617720625 0.7738997078125001 0.58237016875 0.7764804359374999 0.5754351718749999 0.7806348984375 0.5666190578125 0.7813234578125 0.563615771875 0.783597059375
0 0.56851109375 0.897423865625 0.57222956875 0.8948355843750001 0.57458264375 0.8925737859374999 0.579875134375 0.8889287578125 0.5845515453125001 0.8883134484375 0.5849072750000001 0.89433895625 0.5751406875 0.8975001421875 0.5702788125 0.9001055750000001 0.5689998843749999 0.9056332265625 0.5666816625 0.9062738031249999 0.5616726765625 0.9074179296875 0.5587763406249999 0.910566203125 0.554906259375 0.9144386921875001 0.5521919078125 0.9187551203125001 0.5632968640625 0.9133821515625 0.571210953125 0.9080730015625 0.57475631875 0.9042170328125 0.5806672703125 0.8999240578125001 0.57859889375 0.9083557125 0.5752146875 0.9145502640625001 0.5749453250000001 0.9168414296874999 0.571581496875 0.9251815515624999 0.5739406203125 0.9306487406249999 0.5768111328125001 0.9378899859375001 0.5787675609375 0.9321702000000001 0.578732046875 0.9286261859374999 0.5785128015625001 0.924783828125 0.5804642234374999 0.92181750625 0.5808279890625 0.9186910625 0.5807954468750001 0.9131678796875 0.5837613796875 0.903336459375 0.5825143953125 0.8978178625 0.5873347046874999 0.8952951140625001 0.5881678859374999 0.89091785625 0.5890895281249999 0.888063834375 0.5884185234375 0.8854365812499999 0.588209396875 0.8823895671875001 0.5889138734375 0.8803460171875 0.5892165546875 0.8783048046875 0.5900037515625 0.8761879796875001 0.5905365484375 0.874121075 0.590506509375 0.8714682187499999 0.59128541875 0.8679515500000001 0.5931864499999999 0.8601625437499999 0.5935944515625 0.857583384375 0.59471949375 0.855075034375 0.595646796875 0.8525379640624999 0.5962357578125 0.8508047796874999 0.597276803125 0.8481752484375 0.5964244421875 0.8464602671874999 0.58979696875 0.8458750078125 0.584188784375 0.8446068546875001 0.5789715156249999 0.8451095937499999 0.5701732984375 0.8489249531249999 0.5672994109375 0.8514823390625 0.5614252265624999 0.8528912453125 0.5539005671874999 0.8565900671875 0.5481293359375 0.860530634375 0.5430394328125 0.8583062265624999 0.539317171875 0.8622911156249999 0.5459570312500001 0.8746446359375 0.550101165625 0.8772594390625 0.553267315625 0.8806927625000001 0.5525053718749999 0.88374163125 0.552040884375 0.8913008625 0.5533438046875 0.8957474078125 0.5556194296875 0.8971433234375 0.5585286203125001 0.8962049265625 0.560287175 0.8988906515625 0.5639843 0.8982474968749999 0.56851109375 0.897423865625
0 0.5492089124999999 0.8802814812499999 0.542233334375 0.8702434046875 0.5371459234375 0.8631619531249999 0.5334639921875 0.86389329375 0.5349068124999999 0.868427471875 0.5379298078125 0.8739043125 0.5492089124999999 0.8802814812499999
0 0.5483829906250001 0.9181130468750001 0.5495170359375 0.91279406875 0.5465547796875 0.9130792859374999 0.5412358968750001 0.915229034375 0.5343097718750001 0.9199601296875001 0.5316252953125 0.9244608828124999 0.532839996875 0.9258378140625 0.534762775 0.9246868718749999 0.5371716421875 0.922397965625 0.5420888984375 0.922042921875 0.545576090625 0.920203096875 0.5483829906250001 0.9181130468750001
0 0.5128681312500001 0.9343105406250001 0.5170014484375 0.9370502359374999 0.5193395046875 0.938001859375 0.5207638125 0.9371476390625 0.5193065328124999 0.9343517640625001 0.516495453125 0.9314406328124999 0.5144583390624999 0.929227025 0.5122878671875 0.92734811875 0.51164456875 0.9284811656249999 0.51099785625 0.93137165 0.5128681312500001 0.9343105406250001
0 0.5715594640624999 0.955781 0.5717513734375 0.9518530796875 0.5731554953125 0.944403271875 0.574011615625 0.941884334375 0.5754647625 0.9378737796875001 0.5717848609375 0.9375833296874999 0.5705247265625 0.9414531046875 0.5686780625 0.9447710203125 0.56599120625 0.9440284328124999 0.56528124375 0.940900603125 0.56511734375 0.9381617328124999 0.562175259375 0.9345441875 0.5619294078125 0.9370373859375001 0.5624594796875 0.9400215749999999 0.5605645234375001 0.9426503859375 0.558568115625 0.946285671875 0.5570212796875 0.9491064359375001 0.55886728125 0.9534882093749999 0.5553287124999999 0.9569626234375 0.5547640703125001 0.952000528125 0.5527798125000001 0.951624140625 0.5529405140625 0.9577073890625 0.54836935 0.9567526921875 0.548140209375 0.9579821546874999 0.555506740625 0.95933484375 0.5574415312500001 0.96109721875 0.5484828125 0.96715365 0.54458553125 0.9717192796875 0.5564986765625 0.9749453671874999 0.56420908125 0.9694425234375 0.5651373453125 0.9663524859375 0.56600791875 0.960000428125 0.5715594640624999 0.955781
0 0.5488235718750001 0.9274984390625001 0.5499893515625 0.9286293234375 0.5521380390624999 0.9277702343750001 0.5547205281250001 0.925817403125 0.5560193890625 0.9244895796874999 0.5574777234375 0.9225364078125 0.5572385765625001 0.9210261781250001 0.5536960375 0.9221005984374999 0.5512250359374999 0.9245006484375 0.5488235718750001 0.9274984390625001
0 0.5284578578125 0.9670889171875 0.52554029375 0.9676239000000001 0.5214644359375 0.9686783578125 0.5197094843750001 0.9717264406250001 0.5184019328125 0.9747649953125 0.5239112015625 0.9745006421875001 0.5262593984375 0.9728667906249999 0.5284578578125 0.9670889171875
0 0.5180264 0.9445022468750001 0.5160056671875 0.942982134375 0.513780359375 0.94285335625 0.5145791156249999 0.9457946890625 0.5161970703125001 0.947465696875 0.5190934656249999 0.9499014609374999 0.5214836390625 0.9496926562500001 0.520902059375 0.94735950625 0.5180264 0.9445022468750001
0 0.555439065625 0.849803903125 0.554458278125 0.8484233265625001 0.5529392203125 0.8491421593749999 0.55091306875 0.8513912640625 0.552007115625 0.8530011546875 0.554058740625 0.852256790625 0.555340640625 0.8507206015625 0.555439065625 0.849803903125
0 0.5727912296875 0.8118129625 0.5696585453125 0.811617375 0.5690278656250001 0.8133070296874999 0.5688805765625 0.817376315625 0.56915376875 0.8194537468749999 0.57235085625 0.8191554249999999 0.5729688656249999 0.8156053484375001 0.5727912296875 0.8118129625
0 0.554108984375 0.79069073125 0.547829703125 0.78283536875 0.5450798546875 0.7809031296875 0.542047709375 0.7859286562500001 0.5519178703125001 0.7950405984375 0.5509384609375 0.799571171875 0.552590690625 0.8019534109374999 0.5591721671875 0.8059039328125 0.56252954375 0.8070720640625 0.5638861859375 0.80548634375 0.5623950953125 0.8015911328125 0.5586729796875 0.7960369625 0.554108984375 0.79069073125
0 0.5669625125 0.38424148593749996 0.5687873531250001 0.38208564218749996 0.571231734375 0.3789699421875 0.5750371375000001 0.3756527609375 0.574470109375 0.37461760625 0.5708409984375 0.3735157796875 0.5681115671875 0.3748760109375 0.5666626921875 0.3780918421875 0.56393995 0.381262365625 0.5570070859375 0.3828793546875 0.5603948625 0.38564251562499996 0.5632603359374999 0.385658125 0.5669625125 0.38424148593749996
0 0.46229305312499996 0.437107075 0.46384732656249994 0.43589459843749995 0.46691625 0.435374290625 0.4705195609375 0.4349907 0.47407828125 0.43536514843749996 0.4802626765625 0.4371451921875 0.48331124843750006 0.4357167984375 0.48557525625000003 0.4333648125 0.48617405781249995 0.430979128125 0.4895135796875 0.424782309375 0.48632795937499995 0.4239934296875 0.4832995828125 0.42469445156249996 0.47645107812500004 0.4284838625 0.467804565625 0.43269898125 0.46037015937500003 0.43616963750000004 0.46229305312499996 0.437107075
0 0.5155926078124999 0.45309685312500003 0.5111617640625 0.4517090265625 0.5081030671875 0.450832834375 0.5074955359375 0.4528586859375 0.5078639734375 0.45684454687500003 0.51126895625 0.4613787578125 0.5163078125 0.4632805234375 0.52183070625 0.46096706249999997 0.5213260046875 0.4588178921875 0.5190206875000001 0.45573978593750003 0.518327465625 0.4547711109375 0.5155926078124999 0.45309685312500003
0 0.48968625 0.489229225 0.4917428984375 0.48773563124999997 0.4935250171875 0.48561848750000003 0.491775178125 0.4840593453125 0.48883838749999997 0.485016228125 0.4855059671875 0.48729869375 0.48440087343749993 0.4891168140625 0.48583489062499996 0.49007369375 0.48968625 0.489229225
0 0.5888193234375 0.5035108875 0.5877126484375 0.5086673484374999 0.5823619875 0.5139904390625001 0.5740859890625 0.5155791484375001 0.5701368765625 0.517029915625 0.571215428125 0.5230080781249999 0.5750401953125001 0.5214237015625 0.5800016140625 0.5167986546875001 0.5869092109375 0.511907303125 0.5944856921875 0.5054432984375 0.5922024375 0.5012565625 0.5888193234375 0.5035108875
0 0.54825896875 0.6657085984375 0.5430199421874999 0.6710195421875 0.55570304375 0.6645019640625 0.5617093375 0.6581688359375 0.555177121875 0.6536782875 0.5485787796875 0.6540649359375 0.5474924062500001 0.6566402640625 0.54825896875 0.6657085984375
0 0.48259217187500003 0.617790965625 0.4791286921875 0.61781570625 0.47946750156249995 0.620318359375 0.4799139078125 0.6208860546875 0.4829086125 0.6225021453124999 0.4843039765625 0.621611053125 0.48518368437500003 0.6199881265625 0.48259217187500003 0.617790965625
0 0.2204982984375 0.9392841296875 0.22194749218749998 0.937063221875 0.2220006140625 0.9345588218750001 0.21743225000000002 0.9314324125000001 0.21493086562500002 0.930794521875 0.2086405171875 0.930671646875 0.2107458734375 0.933807790625 0.2173315984375 0.938497084375 0.2204982984375 0.9392841296875
0 0.35555392812500003 0.9326893890625 0.3509420359375 0.934899165625 0.35062684375000003 0.9376390718750001 0.3552826890625 0.939237625 0.35983213125 0.9392531359375 0.36255910468749997 0.9373406375 0.3630439390625 0.9348128000000001 0.36176216875 0.9329617296875 0.360351453125 0.9324672609375 0.35555392812500003 0.9326893890625
0 0.32471485312500004 0.8460427359375 0.3308487859375 0.8488623265624999 0.33151595 0.8466259890625001 0.329377371875 0.8380295671875 0.3236189515625 0.8362294015625 0.32072105624999997 0.8393351984375 0.32471485312500004 0.8460427359375
0 0.2313998953125 0.7827662015625 0.24090014218750003 0.7837443125 0.2508502796875 0.784564740625 0.25383537343749996 0.782606553125 0.2543927203125 0.7796209484375 0.25597902499999997 0.77510740625 0.2592467609375 0.7734708312499999 0.2638874890625 0.7684428015625 0.2584144140625 0.7627704859375 0.251843646875 0.763748484375 0.23917933125 0.753310359375 0.24298406875 0.7523983984375 0.24664572499999998 0.750191209375 0.24460699687499998 0.747307475 0.2388708671875 0.7410955640625 0.23270605781249998 0.736912134375 0.2234606296875 0.7382249109375 0.22134931562500001 0.7432610015625001 0.22620735937499997 0.7507517203125 0.21631661875 0.7518527625 0.2130390296875 0.7530612640625 0.21318794218749998 0.759912959375 0.2109166015625 0.7651116078125 0.2089974578125 0.7707103562500001 0.203609315625 0.7740482906249999 0.204919253125 0.7799477203125 0.2113947890625 0.7784799484375 0.218028390625 0.779579634375 0.22381614062500002 0.782272496875 0.2313998953125 0.7827662015625
0 0.19819373125 0.7881198609375 0.1922321546875 0.792831175 0.182145446875 0.7967946578125 0.17756011562500001 0.8013684218750001 0.1833576484375 0.8005957296874999 0.1875997015625 0.79784039375 0.19223644374999999 0.7974878328125 0.200179859375 0.7943331203125 0.203552434375 0.7902043859375001 0.20080813437499997 0.78674821875 0.19819373125 0.7881198609375
0 0.2006350171875 0.7444528578125 0.2072736015625 0.743408915625 0.2134272578125 0.7447180828125 0.2072116265625 0.74010854375 0.20507823749999998 0.73920205625 0.20101624999999998 0.7416174125 0.2006350171875 0.7444528578125
0 0.2188062515625 0.7142114046875 0.21543637499999999 0.7117134765625 0.2105225 0.7106734203125 0.2073987375 0.7110965359375 0.204521225 0.7134863359375 0.20346465625 0.7192466546875 0.1941463046875 0.717662146875 0.19090098125 0.7197463374999999 0.18805200312499998 0.7241124250000001 0.1832318140625 0.7236765796875 0.179082125 0.7283088390625 0.1728267421875 0.72806754375 0.163507046875 0.7289511625 0.155776521875 0.737137096875 0.1643028296875 0.7423657796875001 0.17010146875 0.7412569203125 0.179070659375 0.736290334375 0.192348021875 0.73067609375 0.20185160624999998 0.726679303125 0.2039447734375 0.726462090625 0.20737875312499998 0.7231667078124999 0.2171218375 0.7175275015625 0.2188062515625 0.7142114046875
0 0.1570094015625 0.7594007421875 0.1352891828125 0.7408566359375001 0.1222454046875 0.72958890625 0.11614653125 0.725901959375 0.1152981453125 0.729357953125 0.1137163359375 0.73204964375 0.1124857359375 0.7290718625 0.1075970234375 0.729712784375 0.10562498281249999 0.73426531875 0.1359226890625 0.763377025 0.1501010078125 0.7754696265625001 0.1692611859375 0.788143303125 0.17974093124999999 0.7876271359375 0.17372375625 0.7832066515625 0.17154560000000002 0.77664753125 0.1750805359375 0.7756196015625 0.17103452187499998 0.7721737531249999 0.16963816874999998 0.7682570156249999 0.1644255515625 0.76420255 0.15924496562499998 0.760294165625 0.1570094015625 0.7594007421875
0 0.1735645734375 0.6502313015625 0.174385209375 0.6544855328125 0.1770614328125 0.65570246875 0.18373743125 0.6533356343750001 0.18410660625 0.6525011875 0.1813454078125 0.6502973812499999 0.18213841875 0.6448384953125 0.18022233593749998 0.6433383359375 0.17827799375 0.6448474625 0.1735645734375 0.6502313015625
0 0.23668301875000003 0.6280249578125 0.240611203125 0.62421333125 0.23403450625 0.6217361218749999 0.2305635609375 0.6167296859375 0.21983436093750003 0.6230849390625 0.2076232375 0.6286500312500001 0.207977134375 0.632170975 0.21582966250000002 0.632210971875 0.215653915625 0.635921609375 0.22450580156250002 0.6345260296874999 0.23255635468750002 0.630995621875 0.23668301875000003 0.6280249578125
0 0.096043190625 0.5709356718749999 0.0893985765625 0.5718874109375001 0.08878963125 0.5787964750000001 0.0907009296875 0.579499484375 0.0929478921875 0.5741503359375 0.0972144359375 0.5730482984374999 0.1033343984375 0.5731611046875 0.10535758437500001 0.56901535625 0.11524464999999999 0.5689663984375 0.1201250515625 0.5668593046875 0.125375984375 0.5641300359375 0.129945665625 0.5619510078125 0.1332089109375 0.55641315 0.133832465625 0.552015309375 0.13623911875 0.552922225 0.1419779375 0.558906771875 0.1637532109375 0.5809823328125 0.173199278125 0.58736656875 0.1834366640625 0.5957600109375 0.1936212078125 0.6068439531250001 0.20238075156250002 0.6117938140625 0.203934765625 0.609199821875 0.2019566734375 0.6032523875 0.18797004687500002 0.588506490625 0.18078028125 0.5750237296875 0.17336633125 0.5650218640625 0.16467854375 0.5546123546875 0.15635185625 0.54607898125 0.1423782859375 0.53589665 0.129139903125 0.5323219375 0.11288400624999999 0.5325650734375 0.10307279218750001 0.5353373968749999 0.1099562828125 0.5434371546875 0.10078233125 0.545998475 0.101871925 0.5483011296875 0.1074001625 0.5493424250000001 0.1033456484375 0.56393075 0.10018316406250001 0.56079766875 0.10138361250000001 0.5561726484375 0.0986275234375 0.5556703296875 0.09793356875 0.5610312000000001 0.0945771546875 0.5618335875 0.09418646093750001 0.564668115625 0.0984144296875 0.568382715625 0.096043190625 0.5709356718749999
0 0.0988624609375 0.5183177531250001 0.0813709859375 0.5289918359375 0.07324087500000001 0.5324750468749999 0.067272540625 0.5371149921875 0.06753260312500001 0.5464617203125 0.07558296406250001 0.5457815046875 0.10427354375 0.5340738703125 0.119699059375 0.5266185015625 0.13161283906250001 0.5205693328125001 0.12961037656250002 0.5165662171875 0.1251571765625 0.5197292328125 0.11676574375 0.5156754921875 0.11398123906249999 0.5196560703124999 0.11299895 0.513475615625 0.109141525 0.514342725 0.0988624609375 0.5183177531250001
0 0.0296558015625 0.534153140625 0.025937256250000002 0.536294940625 0.034649940625 0.542385609375 0.0551268890625 0.5642475484375 0.0452041796875 0.564477834375 0.047438140625 0.5677196109375 0.0566227484375 0.5678593359375 0.06953121718750001 0.5817631171875 0.063641059375 0.5830625984375 0.0706269203125 0.5910700828125 0.07795816093749999 0.5925605203125001 0.0805674375 0.5887448984375 0.0795541546875 0.5847447781249999 0.0737824609375 0.5771321859375 0.06810257187499999 0.5694244890625 0.0800194125 0.5647705281250001 0.0771618671875 0.5637654421875 0.0645550078125 0.564353846875 0.058223460937500006 0.561903503125 0.05212528749999999 0.553511090625 0.039856375 0.5387417859375 0.0301196921875 0.533230840625 0.0296558015625 0.534153140625
0 0.1447613578125 0.5841676031249999 0.142231515625 0.5856945484375 0.13189942968749999 0.5866255687499999 0.11960799531249999 0.5902506453125 0.111273471875 0.5854049625 0.10839253906249999 0.5861956390625 0.114273853125 0.5962365328125 0.10030347343749998 0.6016359625 0.0852708671875 0.6086935312499999 0.0707060484375 0.6174584750000001 0.0742289453125 0.6222831 0.08004639531249999 0.6168117093750001 0.097070965625 0.6205096203125 0.1159753875 0.61073824375 0.12151704062499999 0.6087290671875001 0.12525824531250002 0.6066596609375 0.13228144375 0.6070177250000001 0.139949265625 0.6011848015625 0.14598688124999998 0.5941612546874999 0.1493164828125 0.5889372015625 0.149698059375 0.586486840625 0.1447613578125 0.5841676031249999
0 0.0355703078125 0.8142094265625 0.0407532765625 0.8098200640625001 0.0357563453125 0.8093012734375 0.034494359375 0.8042914421875 0.039994909375 0.8045003312500001 0.0398578 0.8030077359375 0.0383561375 0.80138568125 0.035673503125 0.8010680421874999 0.023390209375000002 0.8065523265625 0.0207964890625 0.8112456296874999 0.0229338125 0.813743290625 0.0279329828125 0.8151653124999999 0.0355703078125 0.8142094265625
0 0.0234332046875 0.7506217281249999 0.017424746875 0.7482514859375 0.0135652875 0.7498928890625 0.0089120734375 0.7503008875 0.007518340625 0.751004771875 0.0095591546875 0.7540799453125 0.0126833828125 0.756715871875 0.0174193640625 0.7603999796875 0.022302515624999998 0.762049734375 0.0245427828125 0.761537090625 0.0232580296875 0.758646709375 0.02689063125 0.7567471703125 0.026065046874999998 0.7526744046875 0.0234332046875 0.7506217281249999
0 0.1988626796875 0.22253684843750002 0.1944522625 0.22148934374999998 0.194113409375 0.2226392609375 0.19536900625 0.23080012187499999 0.2020954875 0.227460065625 0.2025949796875 0.2231147171875 0.1988626796875 0.22253684843750002
0 0.286311928125 0.195131890625 0.29345340000000003 0.1941369640625 0.298614415625 0.1921115296875 0.301709659375 0.1895309578125 0.29678581249999997 0.1872361921875 0.2937354359375 0.1836122765625 0.2905643015625 0.182998746875 0.2851659171875 0.184129121875 0.280187553125 0.1871028921875 0.27916895468749997 0.1891415375 0.2814030453125 0.191519540625 0.2855598171875 0.1929099578125 0.2847884203125 0.19494366406250002 0.286311928125 0.195131890625
0 0.3026703109375 0.155181021875 0.2986479796875 0.1512060859375 0.2917335515625 0.148099715625 0.2933532546875 0.1529336375 0.2928542390625 0.1599093625 0.2953305421875 0.162916815625 0.304172221875 0.16550755 0.3054525609375 0.16174348125 0.3026703109375 0.155181021875
0 0.2391722296875 0.026356934375000002 0.2388616765625 0.02875353125 0.24312138125 0.0313475375 0.24726148124999997 0.030101621875 0.24763590937500002 0.0274002328125 0.24524077187499999 0.02578626875 0.2391722296875 0.026356934375000002
0 0.22998601718749997 0.027979984375 0.227565821875 0.028463828125 0.2224141703125 0.029729871875 0.22100135937499998 0.032919778125 0.22505838125 0.033390540625 0.22848068281249997 0.032704482812500005 0.23196626875 0.030442028125 0.22998601718749997 0.027979984375
0 0.314127290625 0.0844292484375 0.31578999531249996 0.0863015078125 0.3186740765625 0.0864951875 0.3209098328125 0.08580016093750001 0.3207712640625 0.0843492328125 0.31991487812499997 0.08305375468750001 0.318820690625 0.08215072500000001 0.31595369375 0.0819778 0.3139485703125 0.08322476250000001 0.314127290625 0.0844292484375
0 0.25948839375 0.377620084375 0.2701593078125 0.3739635765625 0.27062954375000003 0.37101933593749997 0.268315890625 0.3683466359375 0.2671789515625 0.3665829015625 0.261490225 0.3657541875 0.2601352828125 0.3657518609375 0.2548721515625 0.37337439375 0.25948839375 0.377620084375
0 0.3280564171875 0.43007444531249994 0.32567758750000003 0.43156906250000004 0.32565715 0.43418089374999996 0.3286686921875 0.4383783640625 0.334946828125 0.440128525 0.33731767968750004 0.43705782656250003 0.3360466390625 0.43296922968749996 0.3280564171875 0.43007444531249994
0 0.1754637546875 0.3627231171875 0.1772434296875 0.369290315625 0.184559078125 0.37438871875 0.192859721875 0.37079429375 0.190980840625 0.36512255625 0.18596613125 0.3623036 0.1849920640625 0.36363271875000003 0.17762283125 0.3601650765625 0.1754637546875 0.3627231171875
0 0.31897718125 0.3484640734375 0.3178554578125 0.3452550296875 0.31333787968750004 0.3435932328125 0.309392734375 0.3437493484375 0.30637943437500004 0.3480827296875 0.3091571203125 0.350049928125 0.313557078125 0.3505025828125 0.31897718125 0.3484640734375
0 0.30848354218749996 0.3535236453125 0.30561876718750003 0.3504023953125 0.29986075625 0.34632473125 0.295556325 0.347966609375 0.28482957343750004 0.354379134375 0.2932267609375 0.35169218125 0.2895309171875 0.3565625171875 0.2837694109375 0.360871271875 0.28144935000000004 0.365654078125 0.29093651875000004 0.365449440625 0.30649038281249996 0.3576418515625 0.30848354218749996 0.3535236453125
0 0.34906183749999997 0.3408084453125 0.34453331249999997 0.3379499125 0.3387413734375 0.333208021875 0.334612734375 0.3343809828125 0.3464344171875 0.3475050375 0.34906183749999997 0.3408084453125
0 0.375007371875 0.3678885640625 0.3732302171875 0.3636724421875 0.370183815625 0.36211043906249996 0.3691497390625 0.3692598484375 0.368920675 0.362689171875 0.36306077187499997 0.35284004062499996 0.362595990625 0.357532771875 0.3518935453125 0.3501988140625 0.3508420671875 0.3547327234375 0.3536632875 0.3606909296875 0.3564267953125 0.36424445 0.3637605015625 0.3699817984375 0.368659765625 0.371372196875 0.3739093375 0.37036856406249996 0.375007371875 0.3678885640625
0 0.3202204984375 0.4076656109375 0.3147147234375 0.405852259375 0.3169471140625 0.41200371406249997 0.32421865156249996 0.4176289640625 0.329697234375 0.4200448703125 0.3279410015625 0.41668036875 0.32587589375000003 0.412796346875 0.3202204984375 0.4076656109375
0 0.3387440453125 0.3648623078125 0.3431494234375 0.36557846875 0.34444149999999996 0.36386545 0.3403975828125 0.36110603281250003 0.3352942828125 0.359227440625 0.33467946249999997 0.3607854640625 0.3387440453125 0.3648623078125
0 0.3323116140625 0.367485284375 0.3344401015625 0.3752621046875 0.332739871875 0.376319003125 0.3350863546875 0.3799015140625 0.34057904843750003 0.376499390625 0.344931665625 0.3786621234375 0.34143825781250003 0.3740896609375 0.3418705890625 0.3700191046875 0.3398994390625 0.3729866125 0.3355775265625 0.367286284375 0.3323116140625 0.367485284375
0 0.3362616546875 0.39443530625 0.3397473453125 0.39721337968750003 0.3421016265625 0.39629938125 0.3380568921875 0.39270990625 0.3362616546875 0.39443530625
0 0.3858366453125 0.2337843984375 0.39375653593750004 0.2362413734375 0.395307371875 0.23361094218749998 0.3885530171875 0.23072216562499998 0.3858366453125 0.2337843984375
0 0.3154972796875 0.7078805390625 0.3226946796875 0.70682780625 0.3250774609375 0.7038816265625 0.3206855125 0.699933825 0.3155902390625 0.69748798125 0.3119799859375 0.6983744078125 0.3081518296875 0.70144446875 0.30719431875000003 0.7067686890625 0.3154972796875 0.7078805390625