0 0.5181554765625 0.4637990171875 0.505842709375 0.46727459375 0.49941502031249996 0.4716078078125 0.4918486953125 0.477092396875 0.4880875859375 0.48230183125000003 0.4889256203125 0.5031212046875 0.49802315625000004 0.5173530000000001 0.49992057812499996 0.5279463578125 0.4861536671875 0.5295825015625 0.4629608703125 0.5300593953125 0.4497276265625 0.5301884953125 0.43197448437499997 0.5320201250000001 0.4156856390625 0.5372355234375 0.3948769796875 0.5420068296875 0.381807946875 0.548853040625 0.3715214 0.556268115625 0.3671097546875 0.5618317187499999 0.3738336203125 0.5798142640624999 0.3858266890625 0.58912169375 0.41911422187499997 0.59758544375 0.4488055796875 0.6031322968749999 0.476079425 0.602444096875 0.52761015 0.574084675 0.53279741875 0.5716146375 0.5731846593750001 0.5494119296875 0.5882629234375 0.5570325359375 0.593497471875 0.5642886484375 0.60219013125 0.5716272499999999 0.634163246875 0.574417790625 0.6503857234375 0.56224265625 0.6617545375 0.5573898078124999 0.6727313781250001 0.560743140625 0.6789450890625 0.5512673875 0.6918524984375 0.5438671046875 0.695586015625 0.5388525015625001 0.6990741453125 0.5258259578125 0.6954908140625 0.5186654015625 0.6859195984374999 0.516165096875 0.6707338203125001 0.5227475203124999 0.6583614328125 0.5264409359375 0.6423101156250001 0.52995169375 0.6388840328125001 0.5185189859375 0.645777696875 0.508725559375 0.660615446875 0.49571386562499997 0.6721471390625 0.4768108375 0.6727485578125 0.465603334375 0.6527888468749999 0.4485707921875 0.62956198125 0.4410877765625 0.6070428953125 0.4418741609375 0.603036909375 0.44257845937500007 0.5746547296875 0.4414354734375 0.5520299546875 0.4433590515625 0.5302411734375 0.4512242609375 0.530188934375 0.45957804687500003 0.5181554765625 0.4637990171875
0 0.619549559375 0.4210281109375 0.6156573234375 0.4166175109375 0.6116785484375 0.414161121875 0.5976187656249999 0.416543878125 0.5935871546875 0.4186186546875 0.5824679765624999 0.4235909875 0.5743599921875 0.42413053125 0.5585935 0.42191848906249996 0.5737378125 0.4287441171875 0.58868685 0.43244028125 0.6067326015625001 0.43258558125 0.614530825 0.4307419921875 0.619549559375 0.4210281109375
0 0.3736539875 0.4679351921875 0.3612535640625 0.4652741515625 0.3483080578125 0.4681808390625 0.344491015625 0.4692365703125 0.338472184375 0.4741746328125 0.345372325 0.4818932109375 0.3611689515625 0.48492345 0.3762458921875 0.48767082031250003 0.388808121875 0.48748854374999995 0.3958690109375 0.48440899687499994 0.394144159375 0.4836374734375 0.39589117812499997 0.47698495 0.375962575 0.46890208749999995 0.3736539875 0.4679351921875
0 0.32338039531249996 0.57558810625 0.33204908906249997 0.5697492046875 0.3455751234375 0.5588423828125 0.3551704140625 0.552988321875 0.3588576796875 0.5424407125 0.3363935578125 0.5260866109375 0.3175810171875 0.526548128125 0.3042871609375 0.5256130703124999 0.294879165625 0.5295328546875 0.292056125 0.53854780625 0.2955365640625 0.5762508703125 0.2977482375 0.5888141499999999 0.3099592765625 0.591961784375 0.32338039531249996 0.57558810625
0 0.7016817093750001 0.49519442031249994 0.6967309125 0.49588480781250005 0.6950747500000001 0.501467884375 0.69516570625 0.5040725453125 0.6955024562500001 0.5070000765625 0.7050638859375 0.50756360625 0.7085789250000001 0.5028740140625 0.7077753765625 0.49786150312500005 0.7016817093750001 0.49519442031249994
0 0.41693038437499996 0.48248685625 0.420561315625 0.48299638749999996 0.4242315078125 0.47822789375 0.4181082265625 0.47359345781249995 0.411173609375 0.4767967984375 0.4122054609375 0.481541803125 0.41693038437499996 0.48248685625
0 0.5148749734375 0.4452975484375 0.5124881343750001 0.44602973125 0.50672639375 0.443510528125 0.5023162984375 0.4448652625 0.5025193406249999 0.448888753125 0.5031784390625 0.456659546875 0.504519446875 0.4596020390625 0.5131078625 0.45809045 0.5181377281249999 0.45473943125 0.5199336515625 0.45168114062500003 0.5189024984375 0.44914996093750004 0.5148749734375 0.4452975484375
0 0.5528438796875 0.19884419375 0.54725298125 0.193830009375 0.5429803421875 0.1908382375 0.5360838171875 0.1900284296875 0.5342303687500001 0.1915737421875 0.5341686812499999 0.2046713734375 0.5345635859375 0.21042828593750001 0.527248640625 0.21411238125 0.527982934375 0.2176342125 0.53497729375 0.2208874078125 0.541570496875 0.2226818390625 0.5583805625 0.2220948171875 0.5701440718749999 0.2207991125 0.58056963125 0.21776779531249998 0.582368990625 0.2118529578125 0.5775158312500001 0.2082654578125 0.5663431578125 0.2038261109375 0.5528438796875 0.19884419375
0 0.669462078125 0.20758272656250001 0.6620778734375 0.2042243234375 0.6594595390625 0.2033417265625 0.654343728125 0.2011423625 0.6501349453125 0.2019491140625 0.6467469609375 0.2048597515625 0.6458663125 0.20663844375 0.653309078125 0.21104700625 0.6615038296875 0.21326079843749998 0.66574655625 0.2131126390625 0.669462078125 0.20758272656250001
0 0.6987272859375 0.205492925 0.69440966875 0.1965569140625 0.69141215 0.1947104 0.680743528125 0.191229046875 0.6665632968749999 0.19092374375 0.674732271875 0.19477224531249998 0.6823621109375 0.1971058265625 0.6863700406250001 0.1983823546875 0.687574078125 0.2011185640625 0.689767628125 0.20671573125 0.69725266875 0.2068280140625 0.6987272859375 0.205492925
0 0.6916485109375 0.104056303125 0.6952972984375 0.1032863046875 0.69379533125 0.09810744375 0.6904512046875 0.0962745984375 0.6863738390624999 0.0949348296875 0.68155061875 0.09909944375 0.683921940625 0.1025344046875 0.6916485109375 0.104056303125
0 0.47043208124999997 0.1054321703125 0.46020389218749996 0.103459803125 0.455307803125 0.10414984375 0.45129427343749995 0.104100821875 0.444559009375 0.10929685625 0.4521840046875 0.1152077859375 0.466998809375 0.11461227031250001 0.4738043328125 0.1081598921875 0.47043208124999997 0.1054321703125
0 0.2794235546875 0.2978154671875 0.2865598984375 0.29156885625 0.28736076875 0.28455069375 0.286465221875 0.27430695781250003 0.28444606562499997 0.2708831515625 0.277066615625 0.2777792671875 0.2728201828125 0.283238603125 0.2746212875 0.29461079843750004 0.2774319515625 0.297061075 0.2794235546875 0.2978154671875
0 0.5367005265625 0.2824569609375 0.5360842546875 0.277434784375 0.52904408125 0.2750634140625 0.52230906875 0.27184962968750004 0.5179307796875 0.26860826718749997 0.5158497734374999 0.2777849203125 0.5137470125 0.2815480984375 0.5185115390624999 0.28452269375 0.52454888125 0.2866961296875 0.5347622984375 0.2869023125 0.5367005265625 0.2824569609375
0 0.569237978125 0.26263590937500003 0.5758174953124999 0.265023365625 0.5814500390624999 0.262947403125 0.58251360625 0.2606760890625 0.5831358843750001 0.257274175 0.5749677234374999 0.257747028125 0.5710604484374999 0.25908420468750004 0.569237978125 0.26263590937500003
0 0.6117342890625 0.280144725 0.6181891796875 0.2797692234375 0.61897025625 0.27760158125 0.6127199125 0.27313418125 0.6080388328125 0.27196715 0.6067874328125 0.2774110140625 0.6117342890625 0.280144725
0 0.6518324125 0.3861708453125 0.6428508828124999 0.383678090625 0.632821084375 0.38716306093749997 0.6299734296875 0.388533590625 0.6249135921875 0.388608659375 0.5954638250000001 0.38756236718750003 0.584554978125 0.3919316796875 0.5781414828125 0.3951043140625 0.57664091875 0.3979349703125 0.5888011375 0.40652206562500004 0.59667436875 0.4096022953125 0.6102602609375001 0.413661878125 0.6213032515625 0.41756636093750005 0.6336348125 0.41655412968750005 0.6358938968750001 0.41587956562499995 0.661630803125 0.41142864843750004 0.6708978078125 0.408082884375 0.67469045 0.40319442031249997 0.6652757171875 0.39675813125000003 0.658242884375 0.3891348671875 0.6518324125 0.3861708453125
0 0.668597503125 0.44697591875000003 0.67766678125 0.44240036875 0.6795213703125 0.438290953125 0.6727157906250001 0.43341455624999997 0.6592858968749999 0.43735909375000004 0.6412001593750001 0.4366507828125 0.6457859109374999 0.4407291640625 0.664809634375 0.448374590625 0.668597503125 0.44697591875000003
0 0.5743811546875001 0.6152837375 0.5716512265625 0.6075790046875 0.575072453125 0.6001582109375 0.57501606875 0.5985435703124999 0.5654177953125 0.5895824609375 0.5696196296875 0.697818940625 0.5738423078125 0.697141471875 0.5793754578125 0.6911447140625 0.581602615625 0.6859294359375 0.5812359687499999 0.68075783125 0.5793026578125 0.677732834375 0.5737422921875 0.671981196875 0.5707126046875 0.667377878125 0.5696952328125 0.6579435734375 0.5744926546875 0.649950965625 0.5760694609375 0.6451398796875 0.5748298578125 0.637669215625 0.5740670390625 0.6312262875 0.57414464375 0.6233750453125 0.5761520953125 0.6191211453125 0.5743811546875001 0.6152837375
0 0.5738593546875 0.9787045843750001 0.5821236171875 0.97758110625 0.5775764875 0.7448417703125 0.574604503125 0.7401895328125 0.571623321875 0.752913825 0.5738593546875 0.9787045843750001
0 0.7402133453124999 0.7018693359375 0.7424080875 0.6646544453125001 0.735627253125 0.6773206843749999 0.7402133453124999 0.7018693359375
0 0.41876827499999997 0.2106586875 0.42134791250000003 0.20555304843750002 0.414057746875 0.20273857031250003 0.4100338265625 0.20306357656250001 0.408048171875 0.2070462375 0.41475392656250004 0.2100937546875 0.41876827499999997 0.2106586875
0 0.4691730703125 0.20351398281250002 0.47276450312499996 0.2038325875 0.47924745 0.20063407500000002 0.47486932968750006 0.1995018046875 0.4709326515625 0.19825093124999998 0.4691730703125 0.20351398281250002
0 0.607345034375 0.156198965625 0.6004547437500001 0.1561050015625 0.594227290625 0.15632246875 0.5826037203125 0.1551336515625 0.5772348453125 0.15334336875000001 0.5711590765625 0.16672449843749998 0.57808901875 0.17167003593750002 0.5913075203125 0.172058953125 0.6052656187500001 0.1720921546875 0.6130152453125 0.1725282125 0.627556540625 0.169428215625 0.6276808390624999 0.1638095171875 0.6225056343750001 0.1561933015625 0.607345034375 0.156198965625
0 0.7047555546875001 0.1607099484375 0.70765654375 0.1585386328125 0.7096768234375 0.149145215625 0.7059194359375 0.14304450468750002 0.7014107609375 0.141844875 0.700467759375 0.14609130937499998 0.7012142296875 0.15282717343750002 0.7047555546875001 0.1607099484375
0 0.60861036875 0.1976269171875 0.6124911328125 0.196246890625 0.6062323984375 0.19265844375000002 0.6047797515625 0.1925184296875 0.60190819375 0.1936521484375 0.6069004734375001 0.19768662812499999 0.60861036875 0.1976269171875
0 0.618063940625 0.1903112859375 0.6158446140625 0.18634882656250001 0.6092151968749999 0.1843680453125 0.60731505625 0.184173303125 0.601770325 0.185361284375 0.6040728859375 0.1883045953125 0.608911925 0.1906371359375 0.6157777703125 0.19110561875 0.618063940625 0.1903112859375
0 0.47943359531249996 0.1931151859375 0.488821678125 0.1927889109375 0.49709527500000006 0.1902314203125 0.5087966453125 0.189797784375 0.5182799265625 0.18946662187500002 0.5291651828124999 0.1923462984375 0.535382046875 0.18761707656249998 0.5313454156249999 0.18645880937499998 0.5245753890625 0.18506297968750002 0.5119933718749999 0.184320384375 0.5048006421875 0.183534990625 0.49276342656249994 0.1858127203125 0.48299315624999994 0.187417175 0.48127822499999995 0.187287884375 0.473960859375 0.18741051875 0.47082841875000003 0.192132090625 0.47943359531249996 0.1931151859375
0 0.4586645046875 0.48994427500000004 0.4562814421875 0.48232280000000005 0.4517685421875 0.47786820937499996 0.44219138437499994 0.48110754531250005 0.4392448375 0.48475009687500004 0.44415086718749996 0.491149965625 0.4586645046875 0.48994427500000004