0 0.5056331046875 0.2906260515625 0.5025875171874999 0.2998008515625 0.49895006249999996 0.306787609375 0.491772440625 0.30998700156250003 0.486422509375 0.305514534375 0.480381165625 0.300168590625 0.4756604109375 0.30643191718749996 0.47824995000000003 0.3193634734375 0.45669007031250003 0.33292615937500003 0.4568387203125 0.3600482984375 0.4649484734375 0.38228082343750003 0.479815025 0.40672208281250005 0.48463682343750003 0.42199175 0.47042177656249995 0.42220610937499997 0.43972691406250003 0.41279259843749994 0.4146450640625 0.40518250624999996 0.40933261718749997 0.4093351328125 0.404879465625 0.42932238749999996 0.408885246875 0.44343756562500003 0.41800312812499996 0.4566444328125 0.43056180624999996 0.4721115375 0.44660745156250004 0.476891175 0.466588078125 0.46840182343750003 0.4859416671875 0.48592996718750003 0.49290943125000003 0.4911284078125 0.5077594234375 0.48628391875 0.531251840625 0.47492412812499996 0.5379162046875 0.466788075 0.5442513890625 0.45430294531250004 0.5560697390625 0.448036759375 0.56343605625 0.4454145578125 0.57570386875 0.45647328125 0.5827674921875 0.48306198125 0.5907095515624999 0.5078349531249999 0.5953058484375 0.5147844546875 0.6008618 0.5062496328125 0.6088759921875 0.4913607203125 0.6145100578125 0.48579535625 0.6221614125 0.4782035234375 0.6265717625 0.470118328125 0.628530621875 0.46289408125 0.6299784578125001 0.4525921984375 0.631917628125 0.443801528125 0.6344717296875 0.43246541875 0.6318768859375 0.42673445 0.630122934375 0.41948858125 0.6181979156249999 0.41400684062500004 0.605668540625 0.4146553375 0.600996790625 0.4153494109375 0.595934665625 0.4092669546875 0.5969709453125 0.40300492343750005 0.6017163562500001 0.39436565468749996 0.6054498203125 0.3815874578125 0.6087032671875 0.36381573437500003 0.61107436875 0.3526590265625 0.6131607265625 0.3374545484375 0.6052346796875 0.32537767500000003 0.59916599375 0.32151738281250003 0.5957808328125 0.31787329531249997 0.5924386968750001 0.309140359375 0.5915169390624999 0.299857675 0.5794373015625001 0.2930398515625 0.5745155515625 0.292335521875 0.56808933125 0.293242175 0.5623176296875 0.298237525 0.5539147625 0.2950321890625 0.5484326171875 0.292668090625 0.5301003468750001 0.290023809375 0.5173266578125 0.289053803125 0.5129200734375 0.2885796609375 0.5056331046875 0.2906260515625
0 0.9117873484375 0.487155028125 0.914359253125 0.48151905624999997 0.9147835390625 0.478511334375 0.915748165625 0.47436460468749997 0.91889840625 0.46953099218750005 0.9215851125000001 0.465211309375 0.9259147640625001 0.44601298125 0.9265024625 0.4372169828125 0.9263433421875 0.434677940625 0.9244711015625 0.43275333125 0.920126359375 0.43022246875 0.9158382218750001 0.42868098593750004 0.9135845859374999 0.4253947328125 0.9099099140625 0.4243607546875 0.904135965625 0.4492888375 0.90340874375 0.4568771015625 0.9033310765625 0.46169600156249996 0.9046581937499999 0.4650855625 0.9052917796875001 0.4689078140625 0.8998762515625 0.47106574375 0.8983885984375 0.472882634375 0.89669855 0.478306459375 0.8946556828125001 0.4929095765625 0.8921553453125 0.5015503765625 0.8907229937500001 0.5055335453125 0.8955395328125 0.513037846875 0.8996188859375 0.5154698765625 0.9026400546875 0.5229837796875 0.9035110359375 0.528978965625 0.9057447406250001 0.5365273609375001 0.9152935140625 0.49319395000000005 0.9113178375000001 0.496715540625 0.9098047859375 0.49221270468749995 0.9117873484375 0.487155028125
0 0.947633253125 0.3236321078125 0.9467693374999999 0.3194840046875 0.9467309234375 0.3127853421875 0.9476436203124999 0.30863762499999997 0.9460265546875 0.308736978125 0.943065509375 0.312909234375 0.9394342953124999 0.3161242171875 0.9372872781250001 0.3178500171875 0.9354435953125 0.322469634375 0.9360719312500001 0.32475747187500004 0.939512584375 0.3261766921875 0.945849975 0.32663186718750004 0.947633253125 0.3236321078125
0 0.944060690625 0.332436209375 0.9427352703125 0.3317402859375 0.940920078125 0.3309029484375 0.9391951046875 0.3302881453125 0.9376248765625 0.3331079921875 0.9395319703125 0.3346162109375 0.94141994375 0.3344192375 0.944060690625 0.332436209375
0 0.9234453921875 0.38606086093749997 0.924441071875 0.3843988828125 0.9230079281249999 0.38229141875 0.9220957265624999 0.3815967671875 0.9213014203125001 0.38338645 0.921402496875 0.385372975 0.9234453921875 0.38606086093749997
0 0.9573800640625001 0.48049328906250005 0.9570348421875 0.47803222968750003 0.953802453125 0.47705094375 0.9488891921875 0.4778467703125 0.9452859046875 0.47613645625 0.9409118640624999 0.47452136562499997 0.9379441546875 0.47556379687500006 0.937607028125 0.4777380375 0.937244475 0.4800033765625 0.95506685 0.48357004375 0.9573800640625001 0.48049328906250005
0 0.3054677875 0.6642624390625 0.30372906718750003 0.6570092437499999 0.3059870015625 0.6312430453125 0.305461040625 0.6284962390625 0.300847353125 0.6258581515625 0.300297875 0.64574395625 0.29926680625 0.650408353125 0.2960622578125 0.6598385140625 0.2988671140625 0.671058378125 0.29556526875 0.6809450671875 0.29289844375 0.687986190625 0.29500360468750003 0.6990651171875 0.29540393125 0.7130459546875 0.29137906406249997 0.727796540625 0.2854709875 0.81159923125 0.2925702703125 0.7330288703125001 0.295506340625 0.7320656171875 0.29798647031250003 0.72581400625 0.2985461265625 0.7129400453125 0.3039404484375 0.7001775234375 0.3070538140625 0.6946744515625001 0.3110803109375 0.6829772453125 0.3103146953125 0.6744360078125 0.3054677875 0.6642624390625
0 0.5410717609375 0.6247646609374999 0.537424403125 0.6274882390625 0.5346011265625 0.6303434140624999 0.5332452359375 0.633939709375 0.5335718890625001 0.6390252890625 0.5393274625 0.6410380859375 0.5412167 0.637699778125 0.5410717609375 0.6247646609374999
0 0.34296350468750003 0.4287450453125 0.3426955640625 0.42557692343750003 0.343176775 0.42009839062500004 0.3403242421875 0.42028761093749994 0.3367020515625 0.4218329140625 0.333908934375 0.4262922734375 0.334747321875 0.434573925 0.3353935046875 0.4378125625 0.3414947953125 0.43540072656250006 0.34490598437500003 0.43075368437500006 0.34296350468750003 0.4287450453125
0 0.3456246640625 0.492485728125 0.3470523734375 0.49142093906250006 0.3486440125 0.48820174843749997 0.3491203546875 0.48525025624999996 0.34353039218750003 0.48328282343750006 0.34458868125 0.49060606562500003 0.3456246640625 0.492485728125
0 0.27670514062499996 0.3751883921875 0.28174009375 0.378062403125 0.283810365625 0.3729981203125 0.2881883640625 0.36633318125000003 0.2947771953125 0.36103611875 0.29933525 0.35279811875 0.2921710359375 0.3511979796875 0.287742103125 0.352364821875 0.28356679375 0.35428681093750003 0.2805217859375 0.3561262421875 0.2788889796875 0.35883 0.276629034375 0.3628862 0.27538451406250003 0.37134847656250003 0.27670514062499996 0.3751883921875
0 0.36171243125 0.405948159375 0.349570203125 0.4132165234375 0.3653102875 0.418014753125 0.3796123421875 0.42040346093750003 0.39691655 0.42163939375000004 0.40087641874999996 0.4207900484375 0.408976990625 0.4082279890625 0.4061953 0.37538844843749997 0.40374611875 0.3749306328125 0.390257153125 0.37133710937500003 0.383866434375 0.3791203140625 0.3797184203125 0.38926834375 0.383018140625 0.4072510203125 0.37164008593750003 0.40734182187499995 0.36171243125 0.405948159375
0 0.3297990375 0.39240613281250003 0.33455908125 0.39556339218750003 0.33681483437500004 0.39929489687499997 0.340364259375 0.40278061718749997 0.3435191421875 0.3988233671875 0.3454857140625 0.3901296421875 0.3468643859375 0.3878083 0.344900428125 0.3839316171875 0.3417726875 0.37960105 0.3381749046875 0.3774923125 0.33146111093749997 0.38050127968749997 0.32737796874999997 0.38515802187500003 0.32704115 0.393111990625 0.3297990375 0.39240613281250003
0 0.63951023125 0.452278209375 0.64495176875 0.462936121875 0.6516526234375 0.42386818125000003 0.64167205625 0.40793029843750006 0.6379838828125 0.4164230921875 0.6364451250000001 0.422982146875 0.6351632015625001 0.43550529843749997 0.6370030234375 0.445631778125 0.63951023125 0.452278209375
0 0.5983186984375 0.3093135078125 0.6015284125 0.31208405156249996 0.602947575 0.3105636390625 0.6030076703125 0.30287215 0.6004824953125001 0.2999911125 0.5983359234375001 0.29889577031250003 0.5970068640624999 0.301852071875 0.5970104593750001 0.30382489687500003 0.5983186984375 0.3093135078125
0 0.5802647578125 0.27373589531250003 0.5774024890625 0.2751844546875 0.5752473015625 0.2777879734375 0.5757888109375 0.2829053265625 0.579222890625 0.28434886875 0.5821594718750001 0.28195614999999996 0.581746003125 0.276006328125 0.5802647578125 0.27373589531250003
0 0.5678372546875 0.268742096875 0.5710509078125 0.2714958390625 0.5732866984375 0.26682561250000003 0.5749028703125 0.2611752390625 0.5750191359375 0.2568114515625 0.5717920328125 0.2557251921875 0.5691234671875 0.2604434671875 0.5683644484375 0.2638569890625 0.5678372546875 0.268742096875
0 0.43868747968750005 0.21973000312500002 0.45262804687499997 0.2170676828125 0.427940834375 0.23358324062500002 0.419319971875 0.2400573921875 0.4341664234375 0.23890932031249998 0.44495163125000003 0.23795100468750002 0.4550146875 0.24155849375 0.4721435875 0.24889187031249999 0.4882721015625 0.25153253593749997 0.50443890625 0.25497855625 0.5096000828125 0.25991836562500004 0.4976907546875 0.2596915125 0.5066248515625 0.2691314546875 0.511878809375 0.27075029375000004 0.5256473328125 0.27153507656250003 0.5319670390625 0.2815243234375 0.5341457125 0.28167273125 0.554679509375 0.2713692734375 0.5504260750000001 0.265842271875 0.5462440749999999 0.2631638703125 0.543551190625 0.2585346671875 0.546913028125 0.2531722328125 0.5474515203125 0.251608521875 0.54757411875 0.24312426562499997 0.54319178125 0.23853690625 0.551358884375 0.23532510312500002 0.552717778125 0.23149412812499998 0.5528733453125 0.2241000703125 0.5495870453125 0.21932593281249999 0.5421294671875 0.21348115625 0.5266794203125 0.21243480468749998 0.495335459375 0.2148476125 0.4956790296875 0.202276209375 0.48228646406250003 0.2008484296875 0.46964015625 0.200117225 0.45919420781250003 0.2001323265625 0.44577357968750003 0.20610074687500002 0.442134478125 0.20924835000000003 0.43868747968750005 0.21973000312500002
0 0.46175766874999996 0.29577929687500004 0.47012868750000003 0.2982906328125 0.47730021093749997 0.2979526140625 0.48187038437499996 0.2886291734375 0.4722293140625 0.2851851296875 0.46863425625 0.2835958890625 0.46532239531249997 0.283427075 0.46115323124999996 0.2906830796875 0.46175766874999996 0.29577929687500004
0 0.45056459687499995 0.287514528125 0.4555044546875 0.288505415625 0.4585294140625 0.2877629328125 0.46076468750000005 0.28266976875 0.45960079687500005 0.279443578125 0.4571321265625 0.27779963125 0.4512753515625 0.2781236171875 0.44944598906250005 0.28223717656249997 0.45056459687499995 0.287514528125
0 0.42137158750000003 0.2520786609375 0.4176763734375 0.25202164531250004 0.4118138421875 0.257595925 0.4166515859375 0.262760090625 0.420340015625 0.2649872828125 0.426853871875 0.26608419843750003 0.4277824265625 0.25899443125 0.42137158750000003 0.2520786609375
0 0.423125328125 0.0936039078125 0.42761921875000003 0.1023598609375 0.44678640156249994 0.1010506125 0.45980596875 0.10092227499999999 0.45609737499999997 0.094291609375 0.44513944062500005 0.09275157187500001 0.43505713281249997 0.08553124375 0.4272607953125 0.0840615875 0.43132023437499994 0.08395204843750001 0.4268344375 0.08216662031250001 0.423125328125 0.0936039078125
0 0.465149315625 0 0.464957834375 0.0000687140625 0.4640401203125 0.0046338578125 0.466599453125 0.0074739375 0.47079885781249997 0.0121728609375 0.47424381093749995 0.0135390390625 0.47868917812499995 0.00910045625 0.48043700312500004 0.00596001875 0.4788985078125 0.0028058312500000003 0.4765458859375 0.0011781937500000002 0.4725461578125 0 0.465149315625 0
0 0.637191453125 0.056644278125 0.63231140625 0.0547450609375 0.6320004 0.0547013515625 0.62450320625 0.0618698953125 0.6225401484375 0.0694832828125 0.625808659375 0.0719701875 0.6345060828125 0.071575228125 0.6378172421875 0.0682237484375 0.6387442078125 0.0612126515625 0.6394276953125 0.0548000546875 0.637191453125 0.056644278125
0 0.5672710109375 0.037767020312499996 0.561171628125 0.041018543750000004 0.559932946875 0.047575590625000004 0.561643225 0.047363109375000004 0.5749980859375 0.046005409375 0.5763829078125 0.0408447921875 0.5755886609374999 0.036627587499999996 0.5766583109375001 0.0363029828125 0.5687858125 0.037979912500000004 0.5672710109375 0.037767020312499996
0 0.40254874375 0.20884768281250002 0.39905891250000003 0.2059146984375 0.3975469453125 0.21132883750000003 0.389641709375 0.2208730875 0.3931546640625 0.2359351421875 0.399150796875 0.23129637343749998 0.40513228437500004 0.232274290625 0.4168352125 0.23268987968750002 0.4130016875 0.22826169843750002 0.40699373281250006 0.21913043906250002 0.40254874375 0.20884768281250002
0 0.364708134375 0.23350563124999998 0.359642953125 0.2355171453125 0.3572525921875 0.2412086109375 0.365611784375 0.2422098546875 0.3697617421875 0.24858539999999998 0.3720246140625 0.2463046984375 0.3728538 0.23506067343749998 0.3720116703125 0.2338898890625 0.3681086265625 0.23251613437500002 0.364708134375 0.23350563124999998
0 0.40022064375 0.26823285625 0.40160875 0.2706495625 0.397211965625 0.277021534375 0.39718442187499997 0.28279734843750004 0.40133739375 0.2799901984375 0.40852572968749995 0.27654616718749997 0.4091965109375 0.2729072328125 0.40712777187500004 0.268136959375 0.4065107796875 0.263837371875 0.40604783125 0.2588683328125 0.40896613750000005 0.2509584421875 0.41168542031250005 0.24648555156250002 0.409791859375 0.2431520765625 0.40800233593749996 0.2422331421875 0.40250794375 0.24732111250000002 0.3995396390625 0.24965887968749997 0.3950366515625 0.257235609375 0.3951754046875 0.26228846875 0.40022064375 0.26823285625
0 0.43570565156249996 0.166287096875 0.42910549062500003 0.1637721828125 0.42705806874999996 0.1644974203125 0.42180001093749997 0.16885807656250001 0.421711940625 0.16948473125000002 0.41942916874999997 0.17935054374999998 0.42467760625000006 0.1802901296875 0.42616179687500005 0.1786999640625 0.4267529984375 0.1725173875 0.42584687031249996 0.1698260234375 0.42723623125000004 0.1716275421875 0.43339208593749995 0.16979298125 0.4406708234375 0.1746311953125 0.445546940625 0.172561553125 0.4436180171875 0.171657740625 0.43570565156249996 0.166287096875
0 0.4057403671875 0 0.40460965781249997 0.0007530937500000001 0.4048370515625 0.0027053015625 0.40615562812499995 0.010118771875 0.4124109359375 0.006734532812500001 0.416273909375 0 0.4057403671875 0
0 0.603925053125 0.0262673 0.5996754234375 0.024070107812499998 0.5962557703125 0.0199304609375 0.6018996515625 0.0330893109375 0.6033836906250001 0.0346437890625 0.6060560421875001 0.034512871875000004 0.6076985578125 0.03199824375 0.6068022328125 0.0282716078125 0.603925053125 0.0262673
0 0.561218565625 0.5048547234375 0.5559137890625 0.5082005656249999 0.5538904359375 0.513784246875 0.55336114375 0.517550359375 0.5545720546874999 0.5201725296874999 0.554490959375 0.5247463812500001 0.553496515625 0.5302616546875 0.5508398109375 0.5354344421875 0.549417453125 0.541580678125 0.550280975 0.5471125046875 0.5514530375 0.5488771734375 0.5487810265624999 0.55431604375 0.547182109375 0.56016923125 0.54860804375 0.56396714375 0.5507091609375 0.5629496609375 0.5523751890625 0.5573599406249999 0.554270375 0.5470073234374999 0.555414840625 0.536618625 0.5594614109375 0.52704645625 0.5579546750000001 0.5196807 0.5589329265625 0.5107328921875001 0.561218565625 0.5048547234375
0 0.5131989875 0.7551213296875 0.512663846875 0.76448643125 0.5099024 0.77861145 0.5054260421875 0.790422153125 0.5054986031250001 0.799022196875 0.507561178125 0.805845971875 0.5113456656250001 0.8055147609375 0.5207229875 0.742047484375 0.5230999765625 0.73397 0.520682053125 0.7244091953125 0.522122778125 0.71817718125 0.5255468859375 0.7010211375 0.5192605953125 0.712170384375 0.518091271875 0.727473765625 0.5160365640625 0.7310239171874999 0.512856746875 0.740446509375 0.5131989875 0.7551213296875
0 0.42220431718749996 0.8860265921874999 0.418476165625 0.889369959375 0.4166350375 0.8865503453124999 0.41266250937500004 0.8801697562499999 0.410717125 0.8790237968750001 0.410573015625 0.8890308156250001 0.41746900781249996 0.8996012359375 0.4239690484375 0.8970466296874999 0.426065240625 0.8899679109375 0.424842971875 0.8844850703124999 0.42220431718749996 0.8860265921874999
0 0.2670132953125 0.94756929375 0.2656367375 0.954422534375 0.26346790625 0.9607494515624999 0.2626608015625 0.9682886203125 0.264839575 0.967897415625 0.2667367515625 0.9661080999999999 0.2707453828125 0.95705286875 0.2725857453125 0.947079121875 0.2726813359375 0.942660359375 0.2729476984375 0.9349158109375001 0.272144028125 0.9266453484375001 0.2718574375 0.9204214546875 0.26843584374999996 0.9173734109374999 0.267369640625 0.921064065625 0.2671108390625 0.92931616875 0.2668379015625 0.9376688453125 0.2670132953125 0.94756929375
0 0.4192347484375 0.3437278828125 0.4241139171875 0.349327046875 0.43130239374999996 0.34964306562499997 0.4397306140625 0.3433832515625 0.441641965625 0.34053876562499996 0.44011999843750005 0.3375588859375 0.4294559484375 0.336015971875 0.42539643437499997 0.33696807500000003 0.4192347484375 0.3437278828125
0 0.44484186093750006 0.2527658421875 0.44941971875000003 0.2545137171875 0.44892287968750005 0.25018999218750004 0.4443050109375 0.2440563671875 0.44101820781249995 0.24606693750000003 0.441819028125 0.24909220625 0.44484186093750006 0.2527658421875
0 0.4130588890625 0.193118271875 0.41330456406250005 0.20068863750000002 0.42487106093750004 0.206026896875 0.4392382140625 0.20214804375 0.44288483593750005 0.194916428125 0.4420492734375 0.1901175 0.4339225203125 0.1824887953125 0.4364023546875 0.18496268437500002 0.420120196875 0.18754679375 0.4130588890625 0.193118271875
0 0.4884735375 0.0086957375 0.49018200937499995 0.0100229890625 0.49232170000000003 0.01032528125 0.49401549375 0.00664866875 0.49226926875 0.005724775 0.49374225000000005 0.004551165625 0.493658053125 0.0040612421874999995 0.4901708375 0.004421609375 0.4884735375 0.0086957375