0 0.6916389578125 0.5548067328124999 0.6862650046875001 0.553092625 0.6803204359375 0.5494493046875 0.676971375 0.545238565625 0.6718377046875 0.545494234375 0.670589740625 0.548895109375 0.66644610625 0.551777828125 0.66296033125 0.5559540796875 0.6523975890625 0.5567519890625 0.649087553125 0.5582824140625 0.6512421109375001 0.56226515 0.6445352843750001 0.567337503125 0.643529153125 0.5727079625 0.64395226875 0.576153959375 0.6455646421875 0.5770799875 0.6562803203125 0.5775148156250001 0.653172903125 0.5752721109375 0.653526715625 0.5727303578125 0.6594017921875001 0.5703843796875 0.6616646359375 0.567107621875 0.6654828859374999 0.5656391609375 0.672077925 0.5650796953125 0.68198835 0.56711049375 0.6913904546875 0.5677066078124999 0.6970005125000001 0.567266509375 0.6989985265625 0.5658971796875 0.6984847703125 0.561712978125 0.6940922109375001 0.558504065625 0.6916389578125 0.5548067328124999
0 0.6215924828125 0.535452109375 0.6244436015625 0.536402353125 0.6275430796875 0.5371316187499999 0.6341128312500001 0.5371482796875 0.624829925 0.5290866796875 0.622670575 0.531385725 0.6229968609375 0.5334661546875 0.6215924828125 0.535452109375
0 0.7010583171875 0.4998869375 0.70190656875 0.499012984375 0.7033125015625 0.498091021875 0.7046382578125 0.4969648078125 0.7046866828125 0.4960001546875 0.703332021875 0.49509600625 0.7015675453125 0.4946876859375 0.7001910140625001 0.49483623750000005 0.69893019375 0.4964015609375 0.6992363484374999 0.49829240625000004 0.7001986234375 0.500142046875 0.7010583171875 0.4998869375
0 0.695738271875 0.4890986234375 0.6959266687500001 0.4898893703125 0.6964420484375 0.4907533125 0.6977860796875001 0.4912888203125 0.69928449375 0.49150469374999994 0.699749234375 0.4901740765625 0.6994702671875 0.48790207656250006 0.699937640625 0.48687496093749993 0.700509828125 0.4853296484375 0.699782378125 0.4850206859375 0.6974833421875 0.48489996875 0.6969270359374999 0.4855617609375 0.6959011984375 0.48761772968750006 0.695738271875 0.4890986234375
0 0.6468910078125 0.4278749421875 0.65379363125 0.440897984375 0.65760755 0.44825363749999997 0.6587543171875 0.447797984375 0.6586825296875001 0.4472133125 0.6583609078125 0.444593921875 0.657797328125 0.44192710156250004 0.657163340625 0.44026384218750003 0.6555333421875 0.43666850312500005 0.6549808796875001 0.4345024984375 0.6541761390625 0.43506413281249995 0.6522597734375 0.43534193749999994 0.6513671609375 0.433008325 0.6508148890625 0.43084387187499995 0.65142665 0.42750536875 0.6509569953125001 0.4259368515625 0.649696971875 0.4234956515625 0.6485272921874999 0.42157229999999996 0.647612075 0.42027258749999996 0.6462279125 0.41858966718749996 0.64533046875 0.41696033125 0.6433695953125 0.41454221406249997 0.6415942203125 0.41486567656249995 0.6409230828125 0.41610514375 0.6414934078125001 0.41763453906250003 0.6468910078125 0.4278749421875
0 0.615402140625 0.41884044062500003 0.6142286546875 0.4180399859375 0.6127330984375 0.41775764375 0.6125468093750001 0.418843125 0.6134777375 0.420847740625 0.61427948125 0.4229028515625 0.6157814859374999 0.42440443281249995 0.618934659375 0.42814806250000004 0.6211658328125 0.42854945468750005 0.6215160125 0.42793973437500005 0.6212888125 0.42610216406249996 0.6202559484375 0.4248058765625 0.61920901875 0.42347195937500004 0.6181776250000001 0.422123540625 0.616763959375 0.4208157625 0.615402140625 0.41884044062500003
0 0.6408279484375 0.410676271875 0.642743596875 0.41205937343750004 0.6435171890625 0.4125389828125 0.6451228999999999 0.4144749140625 0.6474380484375 0.4144063203125 0.6481218937500001 0.4142704046875 0.64871990625 0.4137687859375 0.64996423125 0.4125691359375 0.6495328234375 0.4113249375 0.6475560015624999 0.40911028125 0.6467330390625 0.4081644625 0.6441348109375 0.4074917171875 0.641142575 0.4072640578125 0.63794656875 0.4075179453125 0.635574546875 0.4055848 0.6336238453124999 0.4045444640625 0.630296409375 0.4030356046875 0.6266240625 0.401410096875 0.625333903125 0.40212106406250003 0.6261145375 0.40399143281249994 0.627235459375 0.404722778125 0.631341371875 0.40598177812499997 0.63227274375 0.4063617296875 0.63450963125 0.40796356093749997 0.6355285046875 0.4095433546875 0.6375875062499999 0.40997848125 0.6408279484375 0.410676271875
0 0.6329988609375 0.40301863125 0.6332823750000001 0.40382760937500006 0.634593253125 0.40499058593750004 0.6355205453125 0.4052860296875 0.6386599687500001 0.4058277796875 0.641523396875 0.40628849999999994 0.6423705671875 0.40635449843749993 0.6408236390625001 0.4050127078125 0.6395187203125 0.4038726140625 0.6385653140625001 0.40328756875 0.6325867046875 0.401033753125 0.6329988609375 0.40301863125
0 0.6084790984375 0.39163763125 0.6072555203125 0.3909676921875 0.606019253125 0.388296884375 0.60464344375 0.3890026265625 0.60654859375 0.39395423125 0.6024566359375 0.3952705390625 0.6086614828125 0.3973155390625 0.6118177796875 0.4014051171875 0.6144177015625 0.4029891359375 0.6145376578125 0.401927540625 0.6132037265625 0.3999613890625 0.6120420234374999 0.3978465765625 0.6122441359375 0.39608223124999997 0.6115227453125 0.39486104375000003 0.6093678546875 0.39360649531249997 0.6084790984375 0.39163763125
0 0.6147759781250001 0.4151895375 0.6171615765625 0.41587422187499995 0.620143834375 0.41703347968750004 0.62101625 0.41476651093749994 0.6205226296874999 0.41298998906250006 0.6191480890625 0.41169314999999995 0.6158977140624999 0.41101704375 0.6145794890625 0.4111789015625 0.6126695796875 0.4098297296875 0.606949478125 0.40607856093750005 0.6010334296875001 0.3996673828125 0.599369875 0.40017074687500004 0.6001045890625 0.40176968750000003 0.6000206343750001 0.40258600468749994 0.6004628765625 0.403572271875 0.6018365125 0.40395144531250005 0.602397228125 0.4057102828125 0.60220845625 0.40704479843749997 0.6023592703125 0.408273075 0.6028325375 0.4088966078125 0.6051057171875 0.41065298125 0.6056500234375 0.41131659374999996 0.6077211484375 0.4122350953125 0.611367490625 0.4123666984375 0.6103439296875 0.413646290625 0.6121731296874999 0.41423557187500004 0.6147759781250001 0.4151895375
0 0.5934147703125 0.41769901875000004 0.5913413140625 0.41642817499999996 0.589189534375 0.4147245875 0.5868488515625 0.41299539375 0.5843512453125 0.4131934390625 0.5824309875 0.41472166250000003 0.583023146875 0.4169032578125 0.584544203125 0.41811126718749997 0.5878517359375001 0.41906056875 0.5913528 0.42111168593750004 0.5924739859375 0.422165715625 0.5937439546875 0.422803196875 0.595759490625 0.4226407296875 0.5965052078124999 0.4212394046875 0.5963764109375 0.41978016093750004 0.5955613671875 0.41875780625000003 0.5934147703125 0.41769901875000004
0 0.59137091875 0.40401485312499996 0.5913686265625 0.40550908124999996 0.5913667125 0.40594223124999995 0.59341814375 0.40664905625000003 0.5937512765624999 0.406656953125 0.5966082125 0.4054749703125 0.5960599546875 0.405112521875 0.5928877828125 0.40288091562500006 0.59137091875 0.40401485312499996
0 0.5979721703124999 0.34518277343750003 0.5981765421875 0.34460355 0.5975082609375 0.343468721875 0.5958062421875 0.34356908124999996 0.594768665625 0.3449653125 0.5955056390625 0.345262084375 0.5962372593749999 0.3452588359375 0.5979721703124999 0.34518277343750003
0 0.6279683453125 0.3106100859375 0.626990203125 0.310169759375 0.6259052546875 0.3117827546875 0.6264207234375 0.3122499796875 0.6280272171875 0.3120511515625 0.6279683453125 0.3106100859375
0 0.7144723484375 0.0151719984375 0.7066451218750001 0.020517303125 0.7043046921875 0.0208928296875 0.7019618078125001 0.021504790625 0.7015770484375 0.0233073046875 0.696101440625 0.0280348515625 0.6978420375 0.0280179125 0.6991610875000001 0.0274781375 0.7050927140625001 0.0233746671875 0.710334921875 0.0203617828125 0.7197471828124999 0.013283834375000001 0.7346550671875 0.0031414203124999996 0.7355871578125 0.001770734375 0.7242486921875 0.008661723437500001 0.7144723484375 0.0151719984375