0 0.725847875 0.9014069062500001 0.7281175078125 0.8981176109375 0.7255132984375 0.89225279375 0.7250509640625 0.88228205 0.7244577828125001 0.8714951640624999 0.7225726265625 0.8525410859375 0.7215751734375 0.849769246875 0.72323550625 0.8461588125 0.7237043078125 0.8385511875 0.721323034375 0.83055810625 0.7196207593749999 0.8057170031249999 0.715344953125 0.7681530999999999 0.7149359515625 0.7514774015625 0.7120421453125 0.7226391078125001 0.710060171875 0.6819386921875 0.7073167625 0.6681433234374999 0.7059490625 0.652456334375 0.702672321875 0.64586116875 0.694571690625 0.6475634078125 0.68772533125 0.6536689578125 0.6927755875 0.6679358234375 0.683942575 0.650920625 0.6762571687500001 0.6517186500000001 0.67855779375 0.6697700578125 0.6672933609375 0.676157721875 0.6683649968750001 0.686449603125 0.6561790796875 0.6975867671875 0.6395087703125 0.7085973250000001 0.6379876375 0.7201383078125 0.6383482296875 0.7259408374999999 0.6119073046875 0.7351514453125 0.5882678015625 0.7338727984375 0.5788414140625 0.7483395828125 0.5579130296875 0.7395173875000001 0.543667675 0.7447034515625 0.5508307015625 0.7582164625 0.5208737359375 0.7734243734375 0.5086490625 0.7808009890625 0.501647628125 0.78944328125 0.49807979687500004 0.8021452953124999 0.50094106875 0.8096431296875 0.5119583359375001 0.8087366140625001 0.526520603125 0.82317065625 0.5447815484375 0.825718825 0.5521969078125 0.8161741078125001 0.5497880734375 0.811532853125 0.56509565625 0.80952759375 0.584100128125 0.7956351640625 0.5994982578125 0.7906857421875 0.5980692140625 0.79928231875 0.5895804296875 0.79853385625 0.5925889125 0.7963836265625 0.5811564203125 0.79819435625 0.5823479500000001 0.802191546875 0.5858460828125 0.8066586906250001 0.593466715625 0.8054517015625 0.584999025 0.818929778125 0.5877957687500001 0.826020190625 0.5975406125 0.8311732671875 0.5942961609374999 0.84591701875 0.5737832468749999 0.836192153125 0.5667219625000001 0.82684735625 0.556805678125 0.8346952249999999 0.54504980625 0.8344642171875 0.5381940390625 0.8334586906249999 0.5731396734375 0.8567996671874999 0.5847868953125 0.8633963578125 0.5951040703125 0.865111321875 0.5965911765625 0.874500534375 0.6125276093750001 0.8870431968749999 0.60526756875 0.8940527171875001 0.5974627578125 0.9011485203125 0.5952591953125 0.9048449921874999 0.5955001390625 0.91694375625 0.60017860625 0.918295715625 0.6142946578124999 0.912293265625 0.6271174375 0.8981254109375 0.6359181609375 0.8938016921875 0.64102175 0.901363603125 0.6517737 0.9164011390625 0.6613359078125 0.9274427828125 0.6548678046874999 0.928884871875 0.660461290625 0.9430656984375 0.65132106875 0.9558134265625 0.6279612640625001 0.9703940921875001 0.61839145625 0.9874811984375 0.7316175781250001 0.9695479421875 0.7309400734375 0.9441253078124999 0.7307995734375 0.9361965453125001 0.7293494375 0.9305665828125 0.73081569375 0.9257307984375001 0.7284344203125 0.917737715625 0.72778790625 0.913655784375 0.728450540625 0.9072719687499999 0.725847875 0.9014069062500001
0 0.5698173671875 0.941518671875 0.5790286359375 0.9538704078125001 0.5991908546875 0.9649069078125001 0.6187984046875 0.9689155265625 0.622765584375 0.9657765890625001 0.6194144171875 0.9516598390625 0.60918933125 0.9470004671875 0.59989716875 0.944705515625 0.59284886875 0.9424743937500001 0.5855289781249999 0.931496825 0.578339934375 0.9213353968750001 0.56805031875 0.9162686046875 0.5609632609374999 0.9102769343749999 0.5531761125 0.9069067453124999 0.538531409375 0.9025297312499999 0.5225515390625 0.9038061859375001 0.523752478125 0.9149144546875 0.5442396203125 0.9279924453125 0.550689815625 0.93701480625 0.5666067 0.935330684375 0.5698173671875 0.941518671875
0 0.47947254531250005 0.9030958546875001 0.47487969999999996 0.9163778578124999 0.48698472343750004 0.9152974765625 0.49296293125 0.907236471875 0.5064954546875 0.8975597578125001 0.5179003875 0.8991008562499999 0.5263519578125 0.8960885281250001 0.5311113187500001 0.887383703125 0.5332774234375 0.8799248953125 0.5460195531250001 0.8758153671875 0.54293664375 0.870444009375 0.562183846875 0.8686516421875 0.5678740999999999 0.86230839375 0.5734579328125 0.8693765984375 0.593426075 0.879187746875 0.5950864078125 0.8755773140625 0.5831913359375 0.86741575625 0.5752103546875 0.8628217593749999 0.572995596875 0.8594058546875001 0.5728275375 0.8548289203125 0.561784496875 0.8590885640625 0.548693215625 0.8645094828125 0.5447535953125 0.864296590625 0.542252671875 0.8625997421875 0.5395579171875 0.8596790875 0.54729665625 0.8521761078125 0.54325505 0.847793459375 0.5397842328125 0.83997294375 0.5328910078125 0.83520508125 0.5265800125 0.834113271875 0.5281383578125001 0.8263330796874999 0.5218918921875 0.8256486921875 0.5197612140625 0.83686699375 0.5133318671875 0.84206963125 0.5059425234375 0.8482627640624999 0.502740209375 0.849189184375 0.4984124375 0.8465255921875 0.4900532015625 0.8465950578125 0.48746173125 0.8478423718749999 0.48660323281249995 0.8529995390625 0.48446444531250005 0.8571049765625001 0.47856713125 0.8551091984375001 0.47232066406250006 0.854424809375 0.4642200328125 0.856127046875 0.4612503078125 0.8620378234375 0.4786058875 0.8588697468750001 0.49654215312499994 0.859377965625 0.5000402859374999 0.8638451093749999 0.49358362343750006 0.87240111875 0.4891364453125 0.876035303125 0.4887693859375 0.887811140625 0.495016096875 0.8884970734375001 0.49751677499999997 0.890192378125 0.47947254531250005 0.9030958546875001
0 0.4318205671875 0.855903628125 0.43003093124999997 0.8586976749999999 0.45510290781249996 0.8760722765625 0.4620507640625 0.874133396875 0.46393094687499997 0.8683951859375 0.45580922187499995 0.855870884375 0.4473383453125 0.844657971875 0.4359979421875 0.84352429375 0.4390905046875 0.856008271875 0.4380397171875 0.8599413874999999 0.4318205671875 0.855903628125
0 0.42696911562500006 0.8675528578125 0.424339134375 0.8650411671875 0.41758640781249995 0.8682020671874999 0.4159263203125 0.87181404375 0.420991153125 0.87561540625 0.42696911562500006 0.8675528578125
0 0.489971125 0.8249318109375 0.48788567031249996 0.82233229375 0.484969278125 0.821538115625 0.4791479328125 0.8270636781249999 0.4740006640625 0.83331934375 0.4801178265625 0.8331873468750001 0.48693662499999996 0.8304336234375 0.489971125 0.8249318109375
0 0.4675601203125 0.8314096046874999 0.463712590625 0.8282523078124999 0.45820342968750005 0.8287072312499999 0.45699577968750005 0.8351757875000001 0.4624404109375 0.8343134421875 0.4675601203125 0.8314096046874999
0 0.6000753828125001 0.68863435 0.5903791921875 0.6943559859375 0.580500121875 0.7059646484375001 0.58470824375 0.714924475 0.5882711515625 0.7198005843749999 0.5985768874999999 0.7144016296875 0.6126817421874999 0.7012868046875 0.6296007593749999 0.68479485625 0.6369515906250001 0.6748427171875 0.6546742296875 0.6598988015625 0.6524579296875 0.6564831421874999 0.63814934375 0.6612599968749999 0.63058204375 0.65576203125 0.6185628875 0.67147791875 0.6000753828125001 0.68863435
0 0.57439435 0.6709401546875 0.5800039546875 0.6746552328125001 0.5885572671875 0.6758111171875 0.5954405953124999 0.6734648156249999 0.5931225515625 0.6658809437500001 0.592309278125 0.657220290625 0.580543753125 0.6498766609375 0.5675060484375 0.6485941687500001 0.551110465625 0.65077175 0.565092290625 0.6615310375 0.56282265625 0.6648203328125 0.5640787171875 0.6692249453125 0.57439435 0.6709401546875
0 0.524210390625 0.6747026015625 0.5268195234374999 0.6629892953125001 0.5217903609375 0.662948971875 0.5134795328124999 0.67389160625 0.511754671875 0.6770946171875 0.509237628125 0.6858635171875 0.515160715625 0.68450616875 0.5198925156249999 0.6791531734375 0.524210390625 0.6747026015625
0 0.6618005859375 0.5941036343749999 0.629930903125 0.5937092953125 0.6177080171875 0.6010872109375 0.63671591875 0.6118873125000001 0.6471084234375 0.61213018125 0.6611696 0.61283293125 0.6664672656249999 0.6216201906250001 0.6766000171875 0.629222425 0.68691540625 0.6309360921875 0.7113406234374999 0.64422721875 0.702892334375 0.604970190625 0.7009135468750001 0.5889607640625 0.7019546812499999 0.577915028125 0.7000245453125 0.5727803140625001 0.6990174390624999 0.562895853125 0.6971146203125 0.5544077671875 0.6979455578125 0.5526024281249999 0.6968461171875 0.54566083125 0.6976382984375 0.54009494375 0.6964098 0.532338503125 0.69268684375 0.5053068484375001 0.6885309187499999 0.4508806515625 0.6819070328125 0.3632631375 0.67856725625 0.313989896875 0.6773436328125 0.29569671875000003 0.6746714640625 0.26473194843750003 0.6721658109375 0.23834435625 0.6702600515625 0.205166825 0.6690201109375 0.190296465625 0.66687635 0.1697096140625 0.6647213921875 0.14201038906250002 0.660301775 0.1422927453125 0.6420148140624999 0.143096159375 0.6353528796875 0.143314440625 0.6238735203125 0.13425175625000002 0.6070252546875 0.13357121562500002 0.6175074046875 0.13986360312499999 0.624502371875 0.14879967968750002 0.62316541875 0.15445185 0.6331688671875 0.1612376984375 0.6174848171875 0.16790771875 0.612854759375 0.177428928125 0.613032715625 0.1891200265625 0.6144552921875001 0.1981018171875 0.615305534375 0.2105217203125 0.6225608953124999 0.2210918671875 0.623724621875 0.2284393421875 0.622436321875 0.24496622499999998 0.618582325 0.2593872953125 0.6087017125 0.2709962015625 0.5496432453125 0.324422434375 0.552014865625 0.3253028953125 0.5737143375 0.3143326640625 0.586343040625 0.298939459375 0.6024428046875 0.2913683125 0.6046414421875 0.3052499640625 0.5979631421875 0.3159324484375 0.61681596875 0.329269290625 0.6115766093749999 0.33846936250000004 0.6096415515625 0.350912771875 0.6035501609375 0.3476916421875 0.6040093093750001 0.332971396875 0.5984369187499999 0.3330171125 0.5919899078124999 0.348685740625 0.595331421875 0.3556898703125 0.6032494171875 0.3598762015625 0.6137849 0.359463634375 0.6037668734375 0.36314328906250004 0.5872144265625 0.3678563125 0.58655179375 0.37424012812499996 0.5760083 0.39223130781250004 0.5608253421875 0.41263262031250003 0.5816566625 0.399706934375 0.594655609375 0.3972288796875 0.605489996875 0.40220938906250003 0.61479205625 0.41161850624999996 0.6272038546875 0.41794855625 0.6560390375 0.42384470625 0.6566582359375001 0.4312800078125 0.6490376015625 0.4324869984375 0.644774603125 0.43023236875000004 0.6550465562500001 0.4457651546875 0.6442233640625 0.4478970203125 0.635746021875 0.45426247656249996 0.6266866921875 0.4569534234375 0.620412665625 0.4596208625 0.5877557765625 0.48948469843750003 0.5760597546875 0.5072407796875 0.56949980625 0.5116288171875001 0.5659853078125 0.5176258781249999 0.5624432500000001 0.526974765625 0.5800576796875 0.525441003125 0.5918556890625 0.5118546796875 0.6005172125 0.49960041093749996 0.6113031906249999 0.4937077515625 0.6098093734375001 0.5018953640625 0.6169515515625 0.501183378125 0.6157907671875 0.5185253484375 0.6190302937500001 0.5213597203125 0.6325370453125 0.5150361328125 0.6327035609375 0.5196133125 0.6314698937500001 0.5294334515625 0.6256649140625 0.5244948109375 0.625103778125 0.5350452984375 0.6368320890625 0.538628134375 0.64248045 0.5461037609375 0.6315393968749999 0.5545331609375 0.622386434375 0.5601687578125001 0.610486684375 0.5695868671875 0.5885770156250001 0.5897974953125 0.597490921875 0.5967559109375 0.6116813999999999 0.598275046875 0.6281479796875 0.57892651875 0.6366156703125 0.5654484421875 0.645961165625 0.561038440625 0.6481499046875 0.5678059265625001 0.6489356203125001 0.5798184078124999 0.65214783125 0.5860061515625 0.66230814375 0.5902565578125001 0.6777804546875 0.5928271781250001 0.68472855625 0.5908898421875 0.6890399640625 0.6040176390625 0.677689909375 0.595771340625 0.6618005859375 0.5941036343749999
0 0.46196225 0.60775835 0.45668413281250003 0.6131978734375 0.452820484375 0.620506321875 0.4564479203125 0.625789853125 0.4644194921875 0.623272771875 0.47212101874999995 0.612009 0.46766394375000003 0.6085290203125 0.46196225 0.60775835
0 0.390256775 0.6341821265625 0.39388266875 0.6394659015624999 0.40538958750000004 0.6451767578125 0.41510711562499997 0.65368320625 0.4264100609375 0.651054546875 0.421267959375 0.6397336328125001 0.41751251875 0.633631928125 0.4077401140625 0.6318306796875001 0.3973326359375 0.6330614203125 0.3936789390625 0.63112793125 0.390256775 0.6341821265625
0 0.4359039125 0.5735985828125 0.43116245937500003 0.5718389578124999 0.425717828125 0.572701303125 0.4294745671875 0.5788012203124999 0.438508121875 0.5794634000000001 0.4359039125 0.5735985828125
0 0.5525199546875 0.4220414578125 0.5470120921875 0.42249459375000004 0.5450658374999999 0.4278256265625 0.5474098984375 0.432057915625 0.5532052249999999 0.4298839359375 0.55665365 0.4234797 0.5525199546875 0.4220414578125
0 0.5646168203124999 0.37157779999999996 0.5636469265625 0.36545413125000004 0.554123475 0.3581730359375 0.546048615625 0.356522146875 0.5425616796875 0.359167378125 0.5475359656250001 0.3659129015625 0.5485979484375 0.3690921625 0.5488940125 0.37448727187499997 0.5498912218750001 0.3772575671875 0.55729200625 0.3781783546875 0.5646168203124999 0.37157779999999996
0 0.2496181171875 0.31223636093749996 0.25580970625 0.31962594843750003 0.26256397656249997 0.3164648046875 0.2676189109375 0.3131520015625 0.2661745734375 0.3087772109375 0.2573584 0.30473313750000003 0.252652615625 0.30673455 0.2496181171875 0.31223636093749996
0 0.5170524078125001 1 0.5171238078125 0.9998929453125 0.528384509375 0.9911344906249999 0.5268223171875 0.9883128828125001 0.5137561328125 1 0.5170524078125001 1
0 0.285440934375 0.14543667031250002 0.28594036875 0.1509371984375 0.2907011421875 0.15046159374999998 0.29456271875 0.149013115625 0.297206990625 0.14692057187500002 0.2988967125 0.134096796875 0.29187981875 0.139115646875 0.285440934375 0.14543667031250002
0 0.1436071078125 0.2105890015625 0.1414218546875 0.20619076406249998 0.1321885453125 0.199562946875 0.12181211562500001 0.1998111078125 0.115728434375 0.20133310624999998 0.1383600390625 0.21504594687499998 0.1450652390625 0.21510082343749998 0.1436071078125 0.2105890015625
0 0.0627192046875 0.27533352031249997 0.0811634453125 0.25790393125 0.09626177968750001 0.24518860937500003 0.10850049843750001 0.23320621562500002 0.1119013359375 0.22649153906250002 0.111953071875 0.2150820375 0.1049714890625 0.215629375 0.0965469484375 0.2211496015625 0.091515465625 0.226967703125 0.0869270140625 0.22853130937500002 0.06219096875 0.2508633234375 0.045812746875 0.264896653125 0.04248640625 0.267377234375 0.0401246828125 0.2736109375 0.0342401078125 0.278727290625 0.046160951562500004 0.283535721875 0.0627192046875 0.27533352031249997
0 0.1006008625 0.26319558593750003 0.091208371875 0.2649616375 0.0896417859375 0.27385842656250003 0.0921286640625 0.28016105156250004 0.1011837296875 0.28095903906249997 0.1132086359375 0.28407725781250004 0.1207504484375 0.28706708124999997 0.1246895375 0.2931396984375 0.1335274734375 0.292576771875 0.13552238125 0.2981204515625 0.14669240625 0.300535621875 0.150160153125 0.29189615625 0.134817675 0.2842821953125 0.128616303125 0.27800945 0.1272442109375 0.2740408578125 0.126080484375 0.2666933828125 0.1349006421875 0.2683654421875 0.14128595 0.2687478296875 0.13862675 0.2613572046875 0.1224685078125 0.26503329375 0.1257456640625 0.25753772656249996 0.12064000156250002 0.2558357875 0.1107632484375 0.261586021875 0.1006008625 0.26319558593750003
0 0.1506428859375 0.271451746875 0.1495860484375 0.2788724984375 0.1529200984375 0.28113504375 0.1637825765625 0.2769039984375 0.1706093703125 0.2730321328125 0.17999439687500002 0.266524496875 0.18523375625 0.257324425 0.18294468749999998 0.2546179421875 0.1759453265625 0.2574002640625 0.1778387796875 0.2529144609375 0.180631675 0.24940307343749998 0.1873902078125 0.2427529953125 0.193516909375 0.24150261093749997 0.196592353125 0.242132384375 0.203469875 0.24327526093750002 0.20598484374999998 0.2403663328125 0.2067040125 0.23550807968749998 0.205005053125 0.2271285 0.1992958953125 0.2216162453125 0.19758483437500002 0.2202119375 0.19252218906250002 0.2187816125 0.18282807343750002 0.218643278125 0.17172476718750002 0.21900656562499998 0.160837046875 0.22073101093749997 0.16000789531249998 0.22253764843749999 0.1500371515625 0.2229999828125 0.1436948640625 0.22288920937499998 0.13734201875000002 0.2297534609375 0.14960183124999998 0.23199760781249998 0.15780818125 0.23683592031249998 0.1654615203125 0.24287711406249998 0.1718710140625 0.24576943281250002 0.1647719859375 0.23852356874999997 0.169525296875 0.23330637968749998 0.1766361828125 0.23357542968749997 0.1774982828125 0.23901851875000002 0.1733662453125 0.2458110390625 0.1664961875 0.249409746875 0.1583972140625 0.259342746875 0.1539202875 0.263957721875 0.1506428859375 0.271451746875
0 0.1263693296875 0.3930001171875 0.135836003125 0.3987541078125 0.1462453828125 0.40575567343749996 0.1520763796875 0.40734273125 0.1516647734375 0.40238672812500004 0.15187265 0.399004759375 0.1618256171875 0.400777409375 0.1629937359375 0.3964064859375 0.154485515625 0.3896622453125 0.141775453125 0.3869325546875 0.12956636875 0.38970315 0.1256110453125 0.3858652734375 0.1177928484375 0.3834776625 0.1263693296875 0.3930001171875
0 0.1026016 0.3627251625 0.0969236046875 0.364461334375 0.0927233046875 0.368475640625 0.0968331734375 0.375636503125 0.10173510781249999 0.369000471875 0.105616003125 0.3653167625 0.1062983171875 0.3649302671875 0.1026016 0.3627251625
0 0 0.49973982968749997 0.0182993328125 0.5111180296875 0.0195091734375 0.507020509375 0.02324274375 0.50475385625 0.028201571874999998 0.5078759374999999 0.0343715375 0.5068987109374999 0.03726670625 0.5016958140625001 0.024766309375 0.495585453125 0.044303165625 0.494443278125 0.054481787500000003 0.4905989734375 0.06348636875 0.48638376250000004 0.06806865625 0.48007678593750003 0.07151708125 0.47367254843750006 0.0784598984375 0.4686654328125 0.087155146875 0.45780270781250004 0.10286883124999999 0.4419208890625 0.106120990625 0.43192026562499997 0.1234579109375 0.4168982265625 0.12030649687499999 0.40874711250000006 0.10825219999999999 0.4148422359375 0.0997024890625 0.42428660625000003 0.0924952515625 0.43045089687500004 0.08806158750000001 0.43533903125 0.079566753125 0.438078203125 0.07613480781250001 0.4422492421875 0.063766784375 0.45341524843750003 0.0410983015625 0.472350759375 0.0404188375 0.46101910156250003 0.0335353953125 0.45513439531250005 0.0287923984375 0.453375015625 0.0196943125 0.45230541406249997 0.0150551328125 0.4488542765625 0.007193671875 0.446193509375 0.0012404859375 0.44099833125 0 0.4428361734375 0 0.44583934062499997 0.0029216671875 0.45161289531250004 0.0061694343749999995 0.45333066874999994 0.0023941421875 0.45532391875 0.0054337875 0.46042211875000005 0.0116276953125 0.4619532796875 0.013481199999999999 0.47365584375 0.01175 0.48620775937499994 0.00788688125 0.48765648281249996 0.003032115625 0.48284418906250004 0 0.481117240625 0 0.49973982968749997
0 0 0.40868174062499996 0.0020709578125 0.41101331406249997 0.0068569734374999995 0.41304430937500003 0.0119451046875 0.41698277656249993 0.020896109375 0.419470978125 0.026113298437499998 0.42422428749999996 0.028487107812500002 0.42747578593749996 0.0231985625 0.431660871875 0.0236297359375 0.43438318750000005 0.0288572375 0.4321599296875 0.0405210203125 0.43533534375 0.042630059375 0.4322106984375 0.0518636125 0.4388400578125 0.057584628125 0.43737550000000003 0.0603090171875 0.4310843578125 0.05502924375 0.42829311875 0.048012349999999995 0.43331196875 0.054943204687500004 0.427749890625 0.0503411234375 0.4198285390625 0.041642803125 0.4142312828125 0.033652040625000004 0.41075412812499995 0.026723790625 0.40459651093750004 0.011320515625 0.3989459203125 0.0023947531250000003 0.39896431875 0 0.3985103390625 0 0.40868174062499996
0 0.0541041078125 0.38017195312499996 0.05418422656250001 0.375973353125 0.0486535546875 0.3762924703125 0.0475477765625 0.3786997765625 0.04475488125 0.3822111625 0.0387335390625 0.38176954687500003 0.0377377421875 0.38722846875 0.045168031250000004 0.3871669203125 0.048686260937499996 0.38354065312499996 0.0541041078125 0.38017195312499996
0 0.0620652609375 0.6794027703125 0.06782799687499999 0.6782116140625 0.0742921234375 0.6743971906249999 0.078751271875 0.6720171984375 0.0826751890625 0.6686051046875 0.0731222328125 0.66230634375 0.069043528125 0.662393909375 0.062457562499999994 0.6701335312500001 0.0615480484375 0.676137225 0.0620652609375 0.6794027703125
0 0.1424038640625 0.6722580171875 0.14659255 0.6752220671875 0.1458316609375 0.67980691875 0.1480151265625 0.6842038578125 0.152672084375 0.685420009375 0.1566392640625 0.6822810734375 0.160699946875 0.6844269484375001 0.159531828125 0.6887978718750001 0.1621403 0.6911737546875 0.1645689859375 0.6877200546875 0.1664804609375 0.6810008078124999 0.159467715625 0.6742997171875 0.1569197953125 0.66995891875 0.1468630140625 0.6698780265625001 0.1424038640625 0.6722580171875
0 0.175733334375 0.6853949390625 0.1678108328125 0.6846959984375001 0.17369255781249998 0.6912977984374999 0.175125446875 0.6933030203125 0.17884740625 0.6980147234375 0.17735371875 0.6979728734374999 0.17408663124999998 0.698490328125 0.1728082859375 0.6998080921875001 0.173835490625 0.7015991406250001 0.1812302234375 0.7060075625 0.188046703125 0.709112265625 0.1952675703125 0.71243293125 0.2008237265625 0.7146219578124999 0.20720773593750003 0.7150061328125 0.210277015625 0.710892534375 0.2040326234375 0.7043481765624999 0.1970361125 0.6954123437499999 0.1883808125 0.6900867015625 0.1813739875 0.6881274375 0.175733334375 0.6853949390625
0 0.238708615625 0.6179442546875 0.23810512031250003 0.6141339390625 0.23643732499999998 0.6130027874999999 0.2317625890625 0.614021621875 0.2289282171875 0.6172611484375 0.22641324687500003 0.6201700781249999 0.22893413749999997 0.6220029765625 0.231562175 0.622145175 0.23546677031250002 0.620968309375 0.236470275 0.6202525140625 0.238708615625 0.6179442546875
0 0.22149685156249999 0.6455026203124999 0.224884234375 0.6410602109375 0.2296390875 0.6358427765625 0.2294412796875 0.6322466343750001 0.22148167812500003 0.6360179078125 0.216419034375 0.6345875828125 0.2140691671875 0.633844471875 0.21042317812500003 0.636654109375 0.2065245046875 0.642572803125 0.211949815625 0.6439456875 0.20843158593750002 0.6475719546875001 0.21262157187500003 0.6505342171875 0.216181521875 0.6471813515625 0.22149685156249999 0.6455026203124999
0 0.227984065625 0.700554640625 0.23187112656250003 0.7016143031250001 0.2396403828125 0.6989884703125 0.2400133640625 0.6919544609375 0.24026604843750002 0.6888454046875 0.23521371875 0.6804385109375 0.22925317343749999 0.6780335234375 0.22648552031250002 0.6840515078125 0.2273300875 0.691731125 0.22859195312499997 0.692646559375 0.227984065625 0.700554640625
0 0.26645615624999996 0.7085851484375 0.2682457921875 0.7057911 0.268282890625 0.7013208859375 0.2656311546875 0.6986718453125 0.2624248640625 0.6972259296875001 0.25476121093750004 0.6981613062500001 0.2517364953125 0.702546275 0.247363628125 0.7054710375 0.2448903796875 0.7086533687500001 0.246116690625 0.714038771875 0.2522791921875 0.7083199609374999 0.25381589843749996 0.7086334265625001 0.25899006875 0.7131151234375 0.26645615624999996 0.7085851484375
0 0.22532258437500002 0.73072525 0.23136145937500002 0.7289303390625 0.22965218593749998 0.7275273296875 0.234068315625 0.7248757234375 0.2411106953125 0.7223650171875 0.2376221 0.7167794859375001 0.2354012921875 0.71685121875 0.2278906421875 0.7211098234375 0.22294723125 0.7274739968749999 0.2151676609375 0.7370763984375001 0.21188433906249998 0.7398285953125 0.2159867421875 0.7422478734375 0.21899368125000002 0.7400978890625 0.221614009375 0.735496959375 0.2220374734375 0.7334761484375 0.22532258437500002 0.73072525
0 0.1547720546875 0.8630945953125 0.146512371875 0.8649612390625 0.1472451703125 0.8695879421875 0.1575427796875 0.8735365921874999 0.15938314375 0.8757572859374999 0.17092769218749998 0.871138203125 0.1676114203125 0.866640671875 0.1593857484375 0.864037590625 0.1547720546875 0.8630945953125
0 0.27248850468749997 0.83356930625 0.272286303125 0.8416915609375 0.271500171875 0.8437698125 0.2664004296875 0.8468097015625 0.2691992453125 0.8480401437499999 0.2796812796875 0.8461015250000001 0.2805282078125 0.8420599015624999 0.2805222875 0.8373180734375 0.28009135937499996 0.8345973015625001 0.27248850468749997 0.83356930625
0 0.322823546875 0.9012075968750001 0.3190230140625 0.9006942484374999 0.3158419640625 0.901754934375 0.31368990625 0.9046079656250001 0.3187955703125 0.9063099046875 0.323513325 0.9055626859375 0.323575665625 0.9035990703125 0.322823546875 0.9012075968750001
0 0.3429254625 0.026178973437500003 0.347442540625 0.027221114062500003 0.34982413125 0.025337865625 0.35112973125 0.025131078125 0.35341684687499997 0.0247688359375 0.3556414390625 0.021904315625 0.354062734375 0.020396781250000003 0.348931721875 0.0197034125 0.3444365171875 0.02091686875 0.34034467031250004 0.022569509374999998 0.3397914703125 0.025419259374999996 0.3429254625 0.026178973437500003
0 0.563772403125 0 0.5587210609375 0.0040533890625 0.5565350890625 0.00716174375 0.5542327703125001 0.00953550625 0.5523891734374999 0.010580525 0.5488419906249999 0.01566205 0.5533979312499999 0.016949570312500002 0.5587735078125 0.0128345453125 0.5634556296875 0.0085762359375 0.5659855203124999 0.0034042984375000002 0.5651843046875 0 0.563772403125 0
0 0.5817887515625 0.0207393015625 0.5869655421875 0.025946709374999998 0.5930445765625 0.0305081484375 0.5999483703124999 0.0339344015625 0.60519060625 0.031095003125 0.60009154375 0.026378351562500003 0.5981872109374999 0.0249223921875 0.5998740515625001 0.022897646875 0.5951628984374999 0.0206301546875 0.5893775406249999 0.0200404234375 0.5847994828124999 0.0164957609375 0.5775517703124999 0.015133089062499999 0.5817887515625 0.0207393015625
0 0.6073746171875001 0.0131717453125 0.6105137359375 0.0181988203125 0.617378665625 0.021379696875 0.6196439078125 0.0187618546875 0.618220415625 0.0182342921875 0.6153291984375 0.012664884375 0.608137096875 0.009535828125 0.6073746171875001 0.0131717453125
0 0.6452534390625 0 0.64439143125 0.00379370625 0.6414970484375 0.0087718390625 0.6384474531250001 0.01277 0.6422576624999999 0.015681673437499998 0.646066328125 0.0185935921875 0.6426509406250001 0.0223997375 0.644944725 0.0263046109375 0.6446008062499999 0.028368192187500002 0.64948391875 0.02960389375 0.648969584375 0.032699021875 0.6490926015625 0.0377007328125 0.651401834375 0.03959563125 0.6494318125 0.0461849359375 0.6515081046875 0.0466091046875 0.6552560328125 0.047020045312499995 0.6560200546875 0.043383884375 0.6555932828125 0.040689346875 0.6554314015625 0.0354422578125 0.6549657640625 0.0325023421875 0.654616475 0.030297018749999998 0.6541510828125 0.027358645312500002 0.654128965625 0.025101504687499998 0.6539215515625 0.01534191875 0.6534947796874999 0.01264738125 0.6534337984375 0.0101448609375 0.653793165625 0.0060713046875 0.6529782390625 0.0009260656250000001 0.652831565625 0 0.6452534390625 0
0 0.6217288296875 0.038268042187500004 0.63032100625 0.03966930625 0.632131109375 0.0426478140625 0.639213775 0.0493109375 0.648458753125 0.050608807812500003 0.6476438265625 0.04546356875 0.643469125 0.042358090625 0.6384629953125 0.036120678125 0.6305792296875 0.0328496375 0.6276493921874999 0.02703639375 0.621055778125 0.025568540625000004 0.6166230984375 0.0292842734375 0.617132725 0.036736929687499996 0.6217288296875 0.038268042187500004
0 0.6374545765625 0.055113829687500004 0.629452675 0.0511068953125 0.6174077890625 0.05326615312500001 0.610276425 0.0526380734375 0.6054998265625 0.058417389062500005 0.6015403609375001 0.0651208796875 0.6027599421875001 0.0707035140625 0.6074710953125 0.07297100625 0.60342478125 0.07913614218750001 0.59175105625 0.0857563203125 0.5836365546875 0.09583099375000001 0.5821656640625 0.1013366890625 0.582614309375 0.106286825 0.58887538125 0.1035375921875 0.5939358234375 0.1080104078125 0.6015714453125 0.1118222375 0.6096274140625 0.11406303124999999 0.6158936125000001 0.1155811609375 0.61710628125 0.11689513437500001 0.6222053421875 0.1216117859375 0.6306271046874999 0.124044596875 0.641970490625 0.12802377812500002 0.6487291515625 0.1241911796875 0.651387428125 0.1282898578125 0.6557106734375 0.128108190625 0.6546311 0.125517046875 0.6578524109375 0.120485553125 0.6624639625000001 0.1200066890625 0.66105055 0.11320024687500001 0.6620472687500001 0.111033271875 0.660439778125 0.103001478125 0.65738673125 0.071040271875 0.6576295062499999 0.066230578125 0.6584697140625 0.06308541875 0.657079715625 0.05853433125 0.6540232078125 0.058263831249999995 0.6467839515625 0.061169575 0.6374545765625 0.055113829687500004
0 0.5930057546875 0.0767681328125 0.584332928125 0.08542519531250001 0.5774409281249999 0.09053341875000001 0.572797425 0.0950355640625 0.5696924625 0.100801653125 0.5724990390625 0.1016116421875 0.5765741390625 0.101970765625 0.582136878125 0.0948124296875 0.590521396875 0.086452565625 0.595237503125 0.07817381718750001 0.5930057546875 0.0767681328125
0 0.592254109375 0.1143025140625 0.5907209375 0.1173074765625 0.5914192703125 0.121716578125 0.5931313140625 0.1219484859375 0.5955332359375001 0.12232107968749999 0.601677959375 0.11883725468749999 0.59821166875 0.1138619984375 0.592254109375 0.1143025140625
0 0.5927076484375 0.1784636828125 0.5894860937499999 0.183493634375 0.57893080625 0.1929503359375 0.5710047671875 0.1999799125 0.5653256796874999 0.20640365468750002 0.5691732093749999 0.20956095156250001 0.5721131265625 0.20909531406249998 0.57462626875 0.20593514062499998 0.5813615125 0.1998471890625 0.5876560796875 0.1930744296875 0.5952158390625 0.18584974999999998 0.599914953125 0.17958122031249998 0.598508209375 0.1770418953125 0.5927076484375 0.1784636828125
0 0.614720709375 0.15890585468750001 0.6122243140625 0.160054265625 0.6126510859375001 0.162748803125 0.611062303125 0.16752015 0.61104555625 0.1695319125 0.6152151328125 0.16837002968749998 0.616188190625 0.16394615625 0.6169522140625 0.1603099953125 0.614720709375 0.15890585468750001
0 0.6026731703125 0.211788453125 0.6037005421875 0.2055999828125 0.5984361890625001 0.206182240625 0.5996709734375 0.20975335624999997 0.6026731703125 0.211788453125
0 0.1693454515625 0.9062650640625 0.172689571875 0.901549496875 0.1720860765625 0.8977391812500001 0.16371486875000002 0.896554453125 0.156143175 0.9027748859375 0.15722110625000002 0.909580675 0.16029785000000002 0.9102086609375 0.1666566171875 0.9080862375000001 0.1693454515625 0.9062650640625
0 0.2772583328125 1 0.27786883125 0.9995634890625 0.28211239374999997 0.9958223390625 0.2860795734375 0.9926834031249999 0.2879730265625 0.9881975984375 0.28310072656249996 0.9856218328124999 0.274562871875 0.9880893890625 0.273204409375 0.993605753125 0.27367843125 1 0.2772583328125 1
0 0.17923829375 0.9828193687500001 0.1754970140625 0.9803428937499999 0.173854703125 0.9817198859375 0.1741995921875 0.9838974296874999 0.176592721875 0.9849137000000001 0.17923829375 0.9828193687500001