0 0.6901964671874999 0.613454634375 0.7013418671875 0.6046947609375 0.7028191265625 0.59390624375 0.673638609375 0.5785661546875 0.6672305625 0.576672478125 0.6496151718750001 0.5577319046875 0.6246314328125 0.5466703203125001 0.618147040625 0.5637667796875 0.6189873640625 0.589370765625 0.6496184406250001 0.5988552781250001 0.67555326875 0.611925325 0.6901964671874999 0.613454634375
0 0.33662420000000004 0.8880265093749999 0.3268432078125 0.905701978125 0.3530477171875 0.9086618890624999 0.3547681546875 0.9070482140625 0.3641891203125 0.8956635890625 0.35557966875 0.8864725468750001 0.33662420000000004 0.8880265093749999
0 0.6631543984375 0.9528640578124999 0.6449043359375 0.96787110625 0.65428638125 0.97100445625 0.665249503125 0.9683580624999999 0.670553525 0.96302128125 0.675083984375 0.95274611875 0.6631543984375 0.9528640578124999
0 0.36785103124999996 0.5044690609375 0.3727705140625 0.5016471890624999 0.37268724531249997 0.49547363593749993 0.3677072328125 0.493145496875 0.3627110046875 0.495640790625 0.3578177234375 0.5034654546875 0.3619394734375 0.503786371875 0.36785103124999996 0.5044690609375
0 0.3342600484375 0.5799500171874999 0.3306109453125 0.585291965625 0.33149195 0.5898624125 0.337282028125 0.5917660515625001 0.34039495 0.5911136515625001 0.34490770312499996 0.586813696875 0.344499778125 0.579927990625 0.336011734375 0.5777816 0.3342600484375 0.5799500171874999
0 0.010746214062499999 0.4970984890625 0.0208695015625 0.505789490625 0.0219779375 0.506290434375 0.04173955 0.5063673921875 0.052179075 0.5001294921875 0.04911475 0.48559360937499996 0.038332268749999995 0.48371037031249997 0.0160892328125 0.48769315625000004 0.010746214062499999 0.4970984890625
0 0.0499953671875 0.5514325453125 0.058046171875 0.5474457296875 0.058432284375 0.5401324953125 0.0519113828125 0.5376583734375 0.043297228125 0.538093996875 0.03934418125 0.5446697875 0.040312560937500005 0.5495782671875 0.0499953671875 0.5514325453125
0 0 0.45823044687500003 0.0112892140625 0.4558061515625 0.028931896875 0.455125446875 0.0473743078125 0.45526721718749996 0.0547520328125 0.456939571875 0.0675785 0.46601260624999996 0.076031059375 0.474338746875 0.076460559375 0.48912799375000005 0.0870792546875 0.493952278125 0.095070953125 0.4918994234375 0.09687547656249999 0.48344730937499997 0.095326915625 0.46916217343750005 0.089079671875 0.460935746875 0.0744771546875 0.449823125 0.064867196875 0.443953296875 0.039814875 0.4368282578125 0.0160177375 0.4388801015625 0 0.44175945 0 0.45823044687500003
0 0.14163068437499998 0.5317807671875 0.1488498609375 0.5436489859375 0.148996990625 0.5504301296875 0.14269610625 0.5676282765625 0.134853503125 0.58165300625 0.1207072171875 0.5932074921875 0.11130880937500001 0.6036407984375 0.1174279125 0.61176914375 0.1325255609375 0.618683575 0.14318495 0.6211296390625 0.142259771875 0.616094075 0.142464415625 0.606097609375 0.14745112656249998 0.5954696968750001 0.15344348593749998 0.5883559171875 0.159067109375 0.58051419375 0.1588911171875 0.5700502671875001 0.1601740390625 0.5614487328125 0.1587005609375 0.5487001031250001 0.1509934234375 0.536509246875 0.1448116453125 0.5285618828125 0.1370040453125 0.5207366953125 0.1324691796875 0.5215825374999999 0.1355887484375 0.5291101921875 0.14163068437499998 0.5317807671875
0 0.05816463281249999 0.7189211453125 0.0644530578125 0.717509215625 0.0654938796875 0.7131814000000001 0.062399896875000006 0.710411509375 0.05318911093749999 0.7088328390624999 0.0527347484375 0.7164234781250001 0.0537203734375 0.7177590171875 0.05816463281249999 0.7189211453125
0 0.09136860937499999 0.7069048703125 0.104010009375 0.7216313453125001 0.10216835312500001 0.7144831296875 0.10302585312500001 0.7088595640625 0.104308740625 0.7036060625 0.1044828203125 0.6971006656250001 0.099947834375 0.6976762921875 0.094071165625 0.69980693125 0.09136860937499999 0.7069048703125
0 0.32067203593750004 0.21111074843750002 0.3233956984375 0.21333196562499998 0.3268750375 0.21202517968749998 0.3309659375 0.2067310625 0.3354572 0.199192175 0.33896908125 0.19377038124999998 0.344054371875 0.1845288234375 0.34797001875 0.17602764375 0.3518021265625 0.1682862328125 0.35370633749999997 0.16248666875 0.3566322734375 0.15627335 0.3615498359375 0.1453761921875 0.3585174265625 0.140606096875 0.3569892390625 0.1418664890625 0.3539617515625 0.1479208015625 0.3521717796875 0.1553753046875 0.344830340625 0.1647958625 0.34099756875 0.169481540625 0.3358861921875 0.18131502500000002 0.333297740625 0.188317703125 0.330355309375 0.1954204296875 0.3271231953125 0.20304064687499998 0.3260041375 0.2056076203125 0.32067203593750004 0.21111074843750002
0 0.45602086093749994 0.25074883593749997 0.45429401875000003 0.255126759375 0.4589080703125 0.258846084375 0.4614502 0.259325171875 0.463874946875 0.25681892500000003 0.46407539375000006 0.25270198125 0.45602086093749994 0.25074883593749997
0 0.3748906234375 0.30238085 0.37041978593749997 0.2949716546875 0.3640432140625 0.2936764046875 0.356798225 0.30033738906249996 0.3547715984375 0.304464021875 0.35466765312500004 0.3091254234375 0.3580032140625 0.3119814703125 0.369819134375 0.31124546406250003 0.37278292031250004 0.309293721875 0.3748906234375 0.30238085