0 0.0783220671875 0 0.0732923765625 0.006495398437499999 0.07381607968750001 0.011458775000000001 0.081796403125 0.01006996875 0.08534302656250001 0.0095002046875 0.0919919484375 0.013150140625 0.10395161718749998 0.0166675859375 0.11521349218750002 0.014944731250000001 0.12080248593750001 0.013955124999999999 0.125056525 0.0083630640625 0.1307439765625 0.0095694703125 0.143104603125 0.012164996875 0.1669273328125 0.019471903125000002 0.17474713749999998 0.0223239015625 0.18103784843749998 0.0275234390625 0.18014442343749998 0.027604575 0.1822099171875 0.032016220312499996 0.1845804203125 0.03733381875 0.22313073437500003 0.023355132812500002 0.2313570953125 0.0172405140625 0.23651348906249997 0.018419620312500003 0.25564931562500004 0.023833942187500002 0.2804635859375 0.0241530265625 0.283333275 0.014489615624999999 0.288850815625 0.0194984421875 0.292065425 0.013039218750000001 0.28698829375 0.012609689062500002 0.285540996875 0.008649410937500001 0.2808885625 0.0037384984375 0.282663684375 0.0029860375 0.2842605296875 0 0.0783220671875 0
0 0.6068588359375 0.3265526484375 0.6074259796875 0.3343954046875 0.606409071875 0.339262178125 0.6043562296875 0.3419794859375 0.604458809375 0.3507588890625 0.5996314328125 0.36135106875 0.5959196999999999 0.3948905875 0.5908641796875 0.423733315625 0.5912943687500001 0.42780152656250003 0.5883095015625 0.4371505359375 0.5855324890625 0.45454110625000005 0.586979784375 0.458501384375 0.5868749265625001 0.46399652031249994 0.5815468625 0.4757711484375 0.5766440125 0.515405775 0.5728164640625 0.5236328359375 0.5691588640624999 0.5449089796875 0.5667404109375 0.5763755015625 0.5584042765625 0.63331004375 0.5600920375 0.6403083546875 0.554556953125 0.65355600625 0.5457724046875 0.7184414578125 0.54983926875 0.7227698921875 0.5452532890625 0.7268841875 0.539111728125 0.756325340625 0.5382315578125 0.7649682062500001 0.539419978125 0.7683903453125 0.5333298546874999 0.7950853703125 0.5326212156250001 0.807256759375 0.5296540453125 0.8236202453124999 0.531066765625 0.82782654375 0.5305489984375 0.83151065 0.52654609375 0.8504835078124999 0.5248574015624999 0.8530011140625 0.525132225 0.8557946734374999 0.5287861796875 0.8583120796875001 0.522373221875 0.8611676718749999 0.5192336078124999 0.8787581609374999 0.5177653875 0.89633425 0.5202973765625 0.9044547250000001 0.5173313546875 0.9113007468750001 0.5149165265625 0.9237341062500001 0.5156386187499999 0.9280942203125001 0.5211442484375 0.93525356875 0.5265230187500001 0.9350075671875 0.5308411578125 0.9292288609374999 0.5367103203125 0.9266723734375001 0.5485683031249999 0.9278371453125001 0.5554631046875 0.926302090625 0.570347296875 0.9190025296875 0.5781900703125 0.9130911921875 0.5842417734375001 0.9056768953125 0.5836735 0.902591215625 0.585864009375 0.894134084375 0.5903289828125 0.8885006640625001 0.5939668078125 0.8792434234375 0.5971387203125 0.8756814531250001 0.5992789234375 0.8652133750000001 0.6023644046875 0.8598862593750001 0.6054067609375 0.8584361875000001 0.61199103125 0.8591106671875 0.6191088015624999 0.8583580062499999 0.623962403125 0.8559096703125 0.6267371374999999 0.8527936390624999 0.6273784078125 0.8363525703124999 0.6299140234375 0.8254398843749999 0.6311909546875001 0.8115937859375 0.6347625234375001 0.7980701796874999 0.6350066156249999 0.78207505 0.63879845625 0.7788510843750001 0.6403173828125001 0.7728036234375 0.6466341015625 0.7278578312499999 0.6457919359375001 0.712462675 0.6468620453125 0.7048484421875 0.649586471875 0.6997214640625 0.6543658203125 0.6728437984375 0.6620802593749999 0.61557258125 0.663584403125 0.5929918515625 0.6689664015625 0.5641950062500001 0.6745769593750001 0.52190490625 0.6770176859375 0.46414339687500006 0.685418709375 0.42099423125 0.6843695234375 0.4070720984375 0.6900638171875 0.3760643875 0.691548184375 0.365502559375 0.6910659234375001 0.35942473124999996 0.6955347421875 0.3347566015625 0.6955028624999999 0.325485375 0.6940380703125 0.3192694609375 0.695246465625 0.3154315359375 0.6983838015625 0.3121155859375 0.6996793593749999 0.29576805 0.705610075 0.282074240625 0.70768134375 0.2720966546875 0.7162415765625 0.21118743125 0.7159492562499999 0.2061382359375 0.7120550531250001 0.20058124843749997 0.711159884375 0.1926923921875 0.7082726921875 0.1906582765625 0.7035429921875 0.18986733125 0.6930200453124999 0.19227153125000002 0.6733709609375 0.1895100328125 0.6678731484375 0.19299441875 0.6511186546875 0.19815347656249999 0.6354342734375 0.1956983015625 0.6274273859374999 0.19920716875 0.626030596875 0.202016678125 0.626495778125 0.21059616406249998 0.62456259375 0.21959121874999998 0.6251652265625001 0.2224324265625 0.6210947359375 0.2371371546875 0.6195748609375 0.2574609171875 0.6158679031250001 0.2624498109375 0.6138152609375 0.2699259578125 0.6128304499999999 0.2840624109375 0.6162082328125 0.28854488125 0.6106226421875001 0.295022746875 0.608049753125 0.3156986984375 0.6104030296875 0.3144026609375 0.6137478015625 0.31437098125 0.6156509140625 0.3162667921875 0.617063634375 0.320473090625 0.61251223125 0.324341365625 0.6068588359375 0.3265526484375
0 0.5510303609375 0.5690395671874999 0.55452148125 0.5749722359375 0.5573462046875 0.572656890625 0.558848971875 0.5662079624999999 0.557944390625 0.5641006234375 0.558040878125 0.554724365625 0.5559124625 0.55422958125 0.55409361875 0.5654086796875 0.5510303609375 0.5690395671874999
0 0.4871313953125 0.9477871828125 0.49025810625000005 0.9572109234375 0.4906882125 0.9550150374999999 0.492280253125 0.9537240421875 0.49617507656250004 0.9495315468750001 0.496782871875 0.945206859375 0.4912751421875 0.9395556468749999 0.4891121421875 0.9424168359375 0.4871313953125 0.9477871828125
0 0.5200022515625 0.9389446171875001 0.5187693953125 0.9337616578124999 0.5124751359374999 0.9374118156250001 0.5101024609375 0.9503086765625 0.5073757156250001 0.965118628125 0.5053349125000001 0.9865667734375 0.5129066015625 0.9798000078125 0.5136801078125 0.9758567828125001 0.5159696609375 0.9681993437499999 0.519210096875 0.9632853140625001 0.5194891140625 0.9585830718749999 0.5176523015625001 0.9532852546875 0.5195730140625 0.9475561859375 0.5207432875 0.9440568765625 0.5200022515625 0.9389446171875001
0 0.589926478125 0.9430426328125 0.5941682593750001 0.9280621859375 0.5797928375 0.9278122062499999 0.5743798734375 0.9347009078124999 0.5764379171875 0.93641495 0.5827153796875 0.9384080000000001 0.589926478125 0.9430426328125
0 0.6253198328125 0.8835472421875 0.6292735328125 0.868011928125 0.6280013390625 0.8657472078125 0.6241093265625001 0.8685500078124999 0.6206541671875 0.8750480062499999 0.621866103125 0.8880478765625 0.6246459296875 0.88834230625 0.6253198328125 0.8835472421875
0 0.608595603125 0.9355097499999999 0.60950791875 0.9431643390625 0.6066684312499999 0.9502664 0.6084642859375 0.9566976734375 0.6129801671874999 0.9571351078125 0.6147788515625 0.950994425 0.6165950625 0.9360281046875001 0.6198345375 0.927090409375 0.6206122859375001 0.9165491890625 0.613527784375 0.9246545984375001 0.6091086781249999 0.930051475 0.608595603125 0.9355097499999999
0 0.50277215625 0.9070929218750001 0.50439251875 0.9006605203125 0.50505815625 0.8959242546875 0.5053005890625 0.8926274734374999 0.5038224984374999 0.890772459375 0.5037969734375001 0.8841055875 0.504295028125 0.8794278171875 0.4979145046875 0.885667734375 0.4980938640625 0.8897243625 0.49804397343750006 0.892470709375 0.49568792031250003 0.895560378125 0.4952346375 0.8999083578124999 0.49336055312499993 0.906125225 0.49246880937500004 0.9104494515624999 0.4879149140625 0.9125391328125 0.495557871875 0.9283031171875 0.500153528125 0.923974015625 0.4995811984375 0.919783265625 0.5002014140625 0.9136300125 0.50277215625 0.9070929218750001
0 0.50790039375 0.835148665625 0.5065007703125 0.8384611124999999 0.5055612593750001 0.8431588890624999 0.5044850875 0.8461570421875001 0.5014312375000001 0.8521797031249999 0.5004558640625001 0.8555833312500001 0.50184020625 0.8583860828125 0.50200896875 0.8605982875 0.50063990625 0.864815984375 0.5001378953125 0.8672652671875 0.504415528125 0.8692407609374999 0.5113886375 0.867743534375 0.5126581921875 0.85473581875 0.5138621578125 0.840578096875 0.516845353125 0.8265031765625 0.5118836921875001 0.8278791625 0.5095153109375 0.8318648984375001 0.50790039375 0.835148665625
0 0.52055960625 0.81353609375 0.5207618953125001 0.80540543125 0.5232175375 0.795084246875 0.5237320171875 0.790536590625 0.5227221546874999 0.78322804375 0.5166775734375 0.7793758734375 0.516467509375 0.780870559375 0.514157446875 0.7884493796875 0.5100750921875 0.7900467718749999 0.510364778125 0.7921844546875 0.51460995 0.7933917046875 0.5172680140625 0.8011764593749999 0.5162090874999999 0.8051521515625 0.513392040625 0.8093888249999999 0.510622284375 0.8115825109375001 0.5102635624999999 0.813393965625 0.5117060734375001 0.817388284375 0.513012840625 0.8220341140625 0.5161601453125 0.8220377953125 0.5183218578125001 0.8199716640625001 0.52055960625 0.81353609375
0 0.5293212109375001 0.7354313 0.5205417203125 0.7406540078125 0.5252136765625 0.749198309375 0.52634698125 0.747129653125 0.5290757671875 0.7394455828125001 0.5293212109375001 0.7354313
0 0.5154777203124999 0.713309684375 0.5107450078125 0.7144038546875 0.5061945406249999 0.7173223921874999 0.5067501609375 0.7202848000000001 0.5096338484375 0.7217488171875 0.5163893328125 0.7226982375000001 0.5227856703125 0.7229360640625 0.5332613937499999 0.7225070140625001 0.53488744375 0.7143949953125001 0.5339421390625 0.7121620171874999 0.533056528125 0.70906645 0.528225284375 0.7044286234375 0.52621179375 0.7082244015625 0.5249450359375001 0.7091319359375 0.5187726031250001 0.7110619953125 0.5154777203124999 0.713309684375
0 0.53606264375 0.6824113515625 0.538350415625 0.677180403125 0.53949199375 0.669899675 0.5384212953125 0.6537055625 0.535998175 0.6520743296875 0.533623571875 0.6571147765625 0.533631490625 0.66284035 0.5328617828125 0.6647581406249999 0.5304693375 0.6695325796875 0.5323224343749999 0.6738275921875 0.53278438125 0.6766032703125 0.5324804234375 0.6822913234375 0.5323226 0.6822691421875 0.529744790625 0.684915825 0.5317633390625 0.68821321875 0.5306597734375 0.6964696703125 0.53277129375 0.69614159375 0.535806759375 0.6923379703125 0.5379373000000001 0.6898761515625 0.53606264375 0.6824113515625
0 0.5599932703125 0.43896956718749996 0.5600893515625 0.44255218125000007 0.559638996875 0.44575662656250004 0.5605732765625 0.45062780937499997 0.5609338453125 0.45361960625000003 0.5603868375000001 0.4595101796875 0.5587565234375 0.46516014375000003 0.5567777 0.468361209375 0.5529256390625 0.474259065625 0.5499956140625 0.480512140625 0.5513496875 0.4862359828125 0.5536308812499999 0.49591642187499996 0.55143264375 0.5006787078125 0.5497718109374999 0.503593115625 0.548507009375 0.5106166921875 0.5496035953125 0.5147596265625001 0.554541478125 0.5178976984375 0.5613034031249999 0.5201260875 0.5655482093749999 0.514262915625 0.5694037296875 0.488187928125 0.5636874859375001 0.478193553125 0.562909440625 0.4728394140625 0.563961503125 0.46535360625 0.56564625625 0.45934996406249995 0.5674378578125 0.45261974687500006 0.5664379390625001 0.44686836249999995 0.5666164234375 0.44265690468749996 0.566393865625 0.4368980109375 0.5660098625 0.43117638593749996 0.569285803125 0.424381809375 0.5730174078125 0.422462153125 0.578688375 0.421372040625 0.5795693453124999 0.4174612765625 0.57891704375 0.40656444687500004 0.57326125 0.40314560312500003 0.573147903125 0.40626487187500004 0.5716556749999999 0.41268372343750004 0.56973973125 0.41613346093750003 0.566892734375 0.4204148390625 0.5654249359375 0.42377450781250003 0.5628455781249999 0.431091425 0.562557696875 0.4347115921875 0.5599932703125 0.43896956718749996
0 0.718178853125 0.1299397890625 0.717584059375 0.1224734109375 0.717619121875 0.1149488109375 0.7056187781250001 0.1195011140625 0.6999688046875 0.122148365625 0.7009183984375 0.1248111234375 0.7008609375 0.130743675 0.697999053125 0.13771320468749998 0.6979970015625 0.1456653078125 0.699162915625 0.1485178328125 0.7035125421874999 0.150766946875 0.7081125046875 0.1523238515625 0.7136791734375 0.1529862796875 0.7166399671875 0.1501630546875 0.7191247578125 0.139735515625 0.7196855484375 0.1341734953125 0.718178853125 0.1299397890625
0 0.729887109375 0.0733403171875 0.7321112671875001 0.06743930625 0.733608965625 0.05963428750000001 0.7321443234375 0.0555279875 0.7327171421875 0.045726381249999996 0.7366616234375 0.039170925 0.7380629890625 0.030008034375 0.7336167203125 0.027918903125 0.7275140234374999 0.032047248437499995 0.7217394296874999 0.03654674375 0.729395421875 0.0420912109375 0.7286384499999999 0.047477340624999996 0.7238661671875 0.0550840703125 0.7214778296875 0.06069377031249999 0.7241463078125 0.06489036718749999 0.7225558390625 0.07203069375 0.7216542671874999 0.075627725 0.725523009375 0.08525042187500001 0.7269292265625 0.075985653125 0.729887109375 0.0733403171875
0 0.65215283125 0.0612462859375 0.6502834296875 0.06855253125 0.65173556875 0.0714342375 0.6576848046875 0.0735847015625 0.65982426875 0.07291184687499999 0.660766671875 0.0692937296875 0.6594142640625 0.0635243640625 0.654251740625 0.0592565328125 0.65215283125 0.0612462859375
0 0.6482443859375 0.0828926828125 0.6440856171875 0.0892775953125 0.6396602625 0.0948424234375 0.6380422515624999 0.10279620781250001 0.6389449328125 0.10854339375 0.6409318578125001 0.1100786109375 0.6401312296875 0.1125869078125 0.6376961125 0.119102034375 0.637594315625 0.124485571875 0.6366979546875 0.1308635171875 0.6374893890625 0.13413519062499998 0.64048299375 0.135445825 0.6444277828125 0.12999964375 0.6423585593750001 0.1257941734375 0.6437556671875 0.11894066562500001 0.6454559859375 0.11405002187499999 0.6465429828125 0.10628195468749999 0.6498542265625 0.10014557187499999 0.6539293828125 0.0924582234375 0.6596639390625 0.0908595109375 0.660651446875 0.08919954062499999 0.6595189890625 0.08599670000000001 0.661541628125 0.082921709375 0.6612317859375 0.0805681828125 0.655411384375 0.078713528125 0.648668153125 0.07771060468749999 0.648977878125 0.080401775 0.6482443859375 0.0828926828125
0 0.6612830625 0.14441069374999999 0.6647960546875 0.143822003125 0.667566390625 0.13896340000000001 0.6690373921874999 0.1293274734375 0.6666787296875001 0.1330195171875 0.6563187359375 0.133130325 0.6552325609375 0.13503204062500002 0.650717471875 0.140101434375 0.6512123453124999 0.14141906875000002 0.6550689125 0.1441227359375 0.6612830625 0.14441069374999999
0 0.6756912078124999 0.1606284375 0.67660636875 0.16087539374999998 0.679214078125 0.15903761875 0.6797598984375 0.1551539109375 0.675415565625 0.1531927109375 0.67191796875 0.1587127859375 0.6727140890625 0.1586952890625 0.6756912078124999 0.1606284375
0 0.6810610921875 0.173109746875 0.6834218421875 0.1797766203125 0.6844143859375 0.1796526109375 0.6885642109375001 0.176531025 0.6810610921875 0.173109746875
0 0.6057937375 0.212104678125 0.6058900953124999 0.2169764375 0.6068004453125 0.220749225 0.6061500875 0.22695977812499998 0.6062808453125 0.22829724218749997 0.6103616625 0.22884394062500002 0.611820384375 0.228883275 0.6151834296875001 0.20507745625 0.6098993296875 0.20293211093750002 0.6087509765625 0.2089811609375 0.6057937375 0.212104678125
0 0.62253816875 0.1474353828125 0.6253664859375 0.12976958593750001 0.619814753125 0.1279006203125 0.619676575 0.13361039375 0.620851771875 0.1382156421875 0.6199951140625 0.1423239 0.62253816875 0.1474353828125
0 0.625756178125 0.0978065078125 0.6268916140624999 0.103098846875 0.6289544921875 0.1018819140625 0.6303600546875 0.09991936875 0.6309862328125 0.09658658125 0.6283930609375 0.09412200937500001 0.625756178125 0.0978065078125
0 0.64563283125 0.0457663515625 0.65149905 0.046194753125 0.65061478125 0.026855353125 0.6411452390625 0.03248599375 0.641284109375 0.0398283390625 0.64563283125 0.0457663515625