0 0.4341317171875 0.3482340765625 0.4312058484375 0.3381459296875 0.4258707109375 0.328052053125 0.408954653125 0.321752025 0.3997356125 0.31979245624999997 0.3905998328125 0.31565255468750003 0.385592128125 0.314757459375 0.38079865156250003 0.3176266640625 0.3797672140625 0.3224791921875 0.3766573484375 0.327565640625 0.36908364374999997 0.3357590890625 0.362209859375 0.3478216703125 0.35662338125000004 0.3532267265625 0.34873475468750004 0.35932452812500004 0.3379309171875 0.36243851875 0.32673715937500003 0.3703704765625 0.32224758124999997 0.379558125 0.3200476171875 0.38990815 0.31878263906250004 0.39944415625 0.3198042171875 0.4101418875 0.3229189390625 0.4187478484375 0.331183353125 0.4299707375 0.3354056734375 0.43813802031250004 0.3422839234375 0.4600532390625 0.353515890625 0.464469375 0.3604183921875 0.46897800937499995 0.36509188593749997 0.46726698125 0.3797948953125 0.454165740625 0.3870683546875 0.453344403125 0.39417681718750003 0.4568840609375 0.4023999390625 0.4647164640625 0.40415699375 0.4689780265625 0.40528873593750003 0.482742234375 0.4114058515625 0.49452305625 0.4125939515625 0.50086011875 0.41289405312499994 0.5364230875 0.41676658125 0.5414713609375 0.424946246875 0.5435486515625 0.429384671875 0.5465207765625 0.4370672703125 0.5616758140625 0.4393232046875 0.5641840359375 0.4455572859375 0.5634804234375 0.448790178125 0.559603803125 0.45106238125000003 0.55129624375 0.45355001718750004 0.5467548359375 0.45668221249999996 0.54454686875 0.46025115312500003 0.5456425234375 0.46165319531250004 0.5444198046875 0.462404578125 0.5384949921875 0.4532817015625 0.521172834375 0.4471051828125 0.5144511546875 0.440065590625 0.510587484375 0.4378925921875 0.5059004578125 0.43940851875 0.5011509109375 0.4448750125 0.496904028125 0.45177116875 0.47639432187499997 0.45138247812500004 0.4722558859375 0.44802997031249997 0.46596354531250006 0.44327476718750003 0.46089697812499997 0.4379585921875 0.451315109375 0.4332211484375 0.4467586953125 0.43057043906250003 0.43537603125 0.43027940156250005 0.4272009375 0.42714571718750005 0.418082971875 0.42817715312500004 0.41323044218750005 0.4383394734375 0.410151015625 0.44008064999999996 0.4049429671875 0.43462060625000004 0.4025987203125 0.43284579218749997 0.3978270046875 0.4284747078125 0.3945305453125 0.4245192828125 0.38033546875 0.4258622734375 0.3752121109375 0.43002894999999997 0.37051961875 0.4342690671875 0.3678714453125 0.4380008390625 0.3622414828125 0.437956178125 0.35648451875 0.4341317171875 0.3482340765625
0 0.5759927125 0.3744994734375 0.5874631156250001 0.3765989328125 0.59296633125 0.373374209375 0.5971330078125 0.36868171875 0.59479076875 0.365985828125 0.5619086703125 0.3530797265625 0.5608692937499999 0.35319745 0.5595918046875 0.355630321875 0.5582503421875 0.36075400625 0.5586338109375 0.36252716875 0.5617803578125 0.36978848750000004 0.5686139875 0.3746211328125 0.5759927125 0.3744994734375
0 0.55833108125 0.46236306875000005 0.5607997546875 0.45730965625 0.5604447421875001 0.45182537500000003 0.5620292140625 0.44675334375000003 0.56579803125 0.4421440125 0.563367634375 0.43926165624999997 0.5422193984375 0.44034460624999994 0.5346711078124999 0.44245893125 0.5320601218750001 0.44579203749999996 0.5443537953125 0.45296893125000004 0.5502199640625001 0.45996329375 0.55833108125 0.46236306875000005
0 0.48299035 0.52157080625 0.488394359375 0.5313406703125 0.49456446718749997 0.5333278703125 0.5011933640625 0.53017309375 0.5016665453125 0.52317479375 0.4988205296875 0.5198654453125 0.48646625 0.5177458390624999 0.4839574875 0.5194106171875 0.48299035 0.52157080625
0 0.683178221875 0.5293001734375 0.689394584375 0.5167608 0.690865525 0.506255815625 0.6893916078125 0.4941089328125 0.684335875 0.4850903984375 0.679635478125 0.481554615625 0.6699175562499999 0.4813483890625 0.661018009375 0.48385279687500005 0.6543667828124999 0.48412909062500004 0.6473639109375 0.48128758125 0.6429573093750001 0.476970815625 0.63262545 0.4730846546875 0.6200152984375 0.47277004375000004 0.5969692234374999 0.46787144999999997 0.58831148125 0.47042565625000005 0.5827393953125 0.473974390625 0.5728485 0.4847199625 0.5648509140625 0.4877531390625 0.5579165875000001 0.484589146875 0.5526166156250001 0.484475359375 0.5441008625 0.4887514015625 0.5356588765625 0.49507023281249996 0.5206247390625001 0.4966077453125 0.518399075 0.5017128125 0.521803021875 0.5071694609375 0.523371221875 0.512913209375 0.5199592703125 0.52300561875 0.51989376875 0.5256961062500001 0.5268901890625 0.53512874375 0.542242615625 0.538053353125 0.5428819328125 0.5543070828125 0.5533455640625 0.55419898125 0.5488768859375 0.5365642171875 0.556087121875 0.530178453125 0.5675174375 0.5288892765625001 0.576530515625 0.531817821875 0.5873737921875 0.532095521875 0.6007322171875 0.544401178125 0.6044128093750001 0.5598892421875 0.6079269187499999 0.5684123671875 0.613434990625 0.5788800546874999 0.6167670234375 0.582292709375 0.6224511125000001 0.584176603125 0.6265394234375 0.584031246875 0.631658846875 0.579034890625 0.637128709375 0.577154484375 0.6432189625 0.5723628875 0.6495904609375 0.5710127796875 0.6547897375 0.572795221875 0.6557537921875001 0.5795926375 0.6596247921875 0.5846405859375 0.6766767515625001 0.587926440625 0.677284265625 0.58923925 0.676126434375 0.590515475 0.6666405 0.5945837015625 0.663994321875 0.596894975 0.6615063609375 0.601437909375 0.6666532968750001 0.613010915625 0.66968443125 0.6237987390625 0.6668625609375 0.6346922765625 0.6691041046875 0.6390568203125 0.6737533890625 0.6434267671875 0.6796804875 0.6453623140625 0.6813432984375 0.6447014015625 0.6824322578124999 0.6437491890625 0.6831166234375 0.638147184375 0.68989275625 0.6301212609375 0.6960515546875 0.6250071796875 0.6972938515625 0.6215524734375 0.7017784921875 0.6213236328125 0.7132583640625 0.6281582218749999 0.7210689109375 0.6379316359375 0.7290744375 0.6396332625000001 0.738131853125 0.6483203 0.7498483078125 0.6528394171875 0.752304078125 0.6609682609374999 0.7536965875 0.6752942749999999 0.75726705625 0.6763902546875 0.7631094046875 0.6691802015625 0.7665387640625 0.6685577281249999 0.7743413718750001 0.6735963375 0.7897911265625 0.6724858171875 0.794400646875 0.6734656015625 0.8006426671875 0.6774967937499999 0.8019186015624999 0.6840218515625 0.8045772921875001 0.6888137125 0.8172721921875 0.698273921875 0.8205996531249999 0.6993182484375 0.8287759484375 0.6990290640625 0.8368776 0.6966937078125001 0.839213428125 0.69465511875 0.8400419453125 0.693139571875 0.83950453125 0.68254635 0.836212628125 0.6711967203125 0.8250302843749999 0.6546204875 0.821317828125 0.6518026734375 0.8176356796875 0.6452725375 0.8122907234375001 0.6394033140625 0.8054654234375 0.61902008125 0.7930006953125 0.6025099203125001 0.78853011875 0.6008839671875 0.7742602015625 0.6035982734374999 0.7709921171875 0.6064530593749999 0.761836984375 0.6220865421874999 0.7516455578125 0.62888014375 0.7480417359375 0.62912848125 0.740218678125 0.6122519328125 0.736261371875 0.6070163140625 0.727774725 0.6075781828125 0.7229221953125 0.6065467453125 0.712309090625 0.5992190921875 0.7109003125 0.595708859375 0.7163588671875 0.586727171875 0.7266558859375001 0.5806317171875001 0.7320311796875 0.573830365625 0.7295784921874999 0.55674391875 0.726705575 0.5481877578125001 0.7184090109375 0.5383110375 0.7142169609375 0.5377570421875 0.7060449125 0.540416084375 0.6940933874999999 0.5405801203125 0.6899732515625 0.54207011875 0.6860545078125 0.540222809375 0.6827240046874999 0.5368104781249999 0.683178221875 0.5293001734375
0 0.953917709375 0.5462782765624999 0.9542693515625 0.5493960828125 0.9553996046875 0.55183435625 0.96003145625 0.5556926234375 0.9615072265625001 0.567838303125 0.9657938453125 0.57331324375 0.9668729859375 0.5765856828125 0.978683725 0.5747016656249999 0.9917722796874999 0.5703832484375 0.9959147453125 0.5717717328125 0.9964647359375001 0.5691842265625 0.995628603125 0.565963440625 0.9938060468750001 0.5643923656250001 0.9911262296875 0.556723875 0.9880372062499999 0.553362871875 0.977257903125 0.5503943609374999 0.9676262875000001 0.5503758046875 0.9577626859375 0.546082796875 0.953917709375 0.5462782765624999
0 0.7131856296875 0.5110001015625001 0.717370065625 0.5068177625 0.7182270390625 0.501591096875 0.7142923890625 0.4992324328125 0.709076909375 0.487981909375 0.7075340812500001 0.48748464687500004 0.70526375625 0.4868327484375 0.7003502953125 0.490860128125 0.6957967843749999 0.49141298125 0.6948133750000001 0.50438895 0.6966230578125 0.5101840281250001 0.6966854765625 0.51645114375 0.7011943015625001 0.51909958125 0.7062883109375 0.520182346875 0.7104595578125 0.517858184375 0.7131856296875 0.5110001015625001
0 0.8113357078125001 0.501941509375 0.8062049765625 0.4998365859375 0.798343278125 0.50222294375 0.787422865625 0.49753597968749996 0.7847145921875 0.49357860625 0.7766212328125001 0.49168898437499997 0.7724144671875 0.4929928421875 0.7697092375000001 0.4914034734375 0.752901815625 0.488169596875 0.73755275625 0.48761146406250006 0.7335715656249999 0.48845529218749995 0.7313443734375 0.493560034375 0.7274158109375 0.495937378125 0.72408530625 0.492525046875 0.721039740625 0.49491915468750003 0.714960834375 0.495486425 0.7174597781250001 0.49804630000000005 0.7204079765625 0.5110129296875 0.7222259625 0.510215675 0.7255595484375 0.5046704015625 0.7264804703125 0.505711178125 0.7269217875 0.5113831281250001 0.732364396875 0.51321569375 0.7370345234375 0.509138190625 0.7408431046875 0.507919021875 0.7449681375 0.508795825 0.7492260140625 0.506657803125 0.7557110437500001 0.51074065 0.7603891093749999 0.51139795 0.7625477171874999 0.5179413 0.7675327656250001 0.5159594421875 0.7755382921875 0.5176610687500001 0.779182203125 0.520801365625 0.7809986609374999 0.5200037875 0.782515790625 0.5152560921875 0.7835358796875 0.514627890625 0.7859341265625 0.51885641875 0.7894357249999999 0.520276409375 0.793117871875 0.5268065453124999 0.7972429046875 0.527683346875 0.8004981250000001 0.526685209375 0.8054547187500001 0.5284144687500001 0.8130222968749999 0.5268106218749999 0.8123587734375001 0.5239651750000001 0.8130064171875 0.5173410109375001 0.815836228125 0.511182278125 0.8140072593750001 0.5048767234375 0.8113357078125001 0.501941509375
0 0.5444609703125 0 0.5420626656249999 0.02059095625 0.535410834375 0.104371584375 0.5293838875 0.21026056406250002 0.52961095 0.22112646875 0.52636809375 0.2721628203125 0.5255568390625001 0.3260833828125 0.5261227093749999 0.3329654875 0.5289880109375 0.3367853140625 0.5405349 0.34329709531249997 0.5510666234375 0.34384562500000004 0.5520882406250001 0.34321774843749997 0.552945540625 0.33798955468749997 0.5527487875 0.323411328125 0.5549858640625 0.293798071875 0.5544790453124999 0.290816609375 0.5520312140625 0.2874225703125 0.5502151078125 0.27926036718749997 0.5581151890625 0.23732876875 0.5578165359375 0.22441734218749998 0.5533047343749999 0.1991170375 0.5525947109375 0.1881484765625 0.5477505125000001 0.17156645312500002 0.5490855640625 0.1617082890625 0.5482414921875 0.1537526984375 0.5496738703124999 0.1398594046875 0.5496212703125 0.1293676359375 0.5510940640624999 0.11886144843749999 0.5491659546875 0.1052666171875 0.5487950625 0.0903127265625 0.5517244453125 0.059832270312500005 0.55173245 0.0442832140625 0.5553605484374999 0.0176700390625 0.555172059375 0.0078250890625 0.5566509390625 0.0020549109375 0.5524907156250001 0.0001562734375 0.551853496875 0 0.5444609703125 0
0 0.8796663499999999 0.48112459999999996 0.8812752125 0.48532431249999997 0.8886491453125 0.4890354109375 0.8920829046875 0.48619028125 0.893408325 0.483772390625 0.8933830031250001 0.476511584375 0.892191728125 0.47234632187500003 0.8800644953125 0.466565796875 0.8793878046874999 0.46875737031250003 0.8796663499999999 0.48112459999999996
0 0.8246435484375001 0.4700026109375 0.8195837046875001 0.471960584375 0.8238027921875 0.4805488953125 0.826295759375 0.48233275625000005 0.8268577984375 0.47739642812499994 0.8339513859375 0.4730624984375 0.8325436625 0.4697952953125 0.8316664015624999 0.4693532421875 0.8246435484375001 0.4700026109375
0 0.8403369906249999 0.47298373125 0.8426784578125 0.4807560171875 0.8462504890625 0.48510624843750005 0.849181384375 0.47856965 0.8506633640624999 0.47480647343750004 0.845943115625 0.4720028765625 0.8403369906249999 0.47298373125
0 0.80549250625 0.4437056078125 0.8054578984375 0.44495061874999997 0.8077514796875 0.44937095156250007 0.8119768921875 0.4515566015625 0.81591305 0.45007541875 0.8179600718750001 0.44662243906250004 0.8054876125 0.442000134375 0.80549250625 0.4437056078125
0 0.835370446875 0.4535578765625 0.8292588625 0.45218214375 0.8254745 0.4538585265625 0.8265412 0.45897811875 0.8271239171874999 0.461331959375 0.8333676343749999 0.46084604531249995 0.8365754609374999 0.45943209218750003 0.835370446875 0.4535578765625
0 0.9294880671874999 0.48501660468749996 0.9284637328124999 0.4878291578125 0.9318828296874999 0.49327465000000004 0.9350890046875 0.494491275 0.93781166875 0.49659232343750004 0.9397509984375001 0.49526176875 0.942327771875 0.4925555609375 0.9435729374999999 0.49077075625 0.9389956671874999 0.48731705312500007 0.9351012203125 0.48518258437500006 0.9294880671874999 0.48501660468749996
0 0.9373657937500001 0.5063104218750001 0.9360094234374999 0.5090843453125 0.9377177359375001 0.5123802984375 0.9380985046875001 0.5128510015625001 0.941742328125 0.5098668203125001 0.9446583531250001 0.5055570421875 0.9468179703124999 0.5036710890625 0.9444243859375 0.5025920421875 0.94145538125 0.5040998890624999 0.9373657937500001 0.5063104218750001
0 0.961860184375 0.504312559375 0.963350390625 0.5007060796875 0.9634002453124999 0.4973301734375 0.9610019875000001 0.496130328125 0.955416521875 0.49587918125 0.95710638125 0.5020050125 0.961860184375 0.504312559375
0 0.2047327390625 0.3062020984375 0.211412646875 0.3090148953125 0.21614904687499997 0.3049562703125 0.2198451296875 0.29404568124999997 0.21937379375 0.286718825 0.2127363859375 0.284397478125 0.20358744374999999 0.29684545 0.2047327390625 0.3062020984375
0 0.1880822734375 0.23851585156250002 0.19984949531250001 0.24080459687500003 0.20529859843749998 0.2395028328125 0.21034997031249997 0.23486420625 0.20791719999999997 0.237013178125 0.16931160781250001 0.22274674375 0.16401872343749999 0.22830366093749999 0.1736779828125 0.23223535 0.1880822734375 0.23851585156250002
0 0.1523226140625 0.2411015671875 0.151021496875 0.24521627812500002 0.1592584671875 0.24848942968749999 0.16093474375 0.247524678125 0.1657749546875 0.24354882031249997 0.165081334375 0.24012350625 0.1586257734375 0.23835198281249997 0.1523226140625 0.2411015671875
0 0.19096417968749999 0.2500658671875 0.1840015921875 0.2455843953125 0.1756302015625 0.2486627171875 0.1699824390625 0.2554157375 0.1763910265625 0.25676195156250003 0.18723633906249998 0.25226543437500004 0.19096417968749999 0.2500658671875
0 0.09218917812500001 0.239563959375 0.0973190265625 0.24700882968750001 0.09968053906249999 0.2603683140625 0.10076788750000001 0.26306104218750004 0.1046561640625 0.25776945156250003 0.109423590625 0.24027044687500002 0.1085367375 0.23138885 0.1004183390625 0.2353436109375 0.09218917812500001 0.239563959375