0 0.359862759375 0.5506000640625001 0.370641515625 0.552395590625 0.3738084796875 0.5487588578125 0.37535867343749996 0.539908821875 0.36266625625 0.5238413984375 0.3568985671875 0.5186195265625 0.354041459375 0.52011485625 0.3533339875 0.5234125015625 0.3563758703125 0.5467973078125 0.359862759375 0.5506000640625001
0 0.3797310203125 0.6012690546874999 0.3689781015625 0.5959861296875 0.368632203125 0.59203248125 0.3702632640625 0.587907440625 0.369587375 0.5839826640625 0.36206472343749996 0.5776689671875 0.36061249218749997 0.5800373624999999 0.360471225 0.58602401875 0.3622003484375 0.5906032406249999 0.3657317890625 0.5930328265625 0.3612668296875 0.5989005515625 0.3604241078125 0.604452940625 0.36319089375 0.636077453125 0.36634303749999997 0.7062588484375001 0.3697523375 0.7338432390625 0.37060691874999996 0.7360098140625 0.3752160484375 0.7374730453125 0.38116955625000004 0.7353350890625 0.391268 0.72175326875 0.3933197109375 0.7148528796875 0.3929795546875 0.70716420625 0.39535956250000004 0.7002335265624999 0.393675303125 0.6961491515625 0.3841368453125 0.6857800890625 0.3824741 0.68194165 0.3826569796875 0.6764485578125 0.3869980375 0.6653639671875 0.38714349062500003 0.655642421875 0.3896372328125 0.6462110640625001 0.38462606250000003 0.6344515046875 0.385207940625 0.625935571875 0.38375965624999997 0.60938161875 0.3797310203125 0.6012690546874999
0 0.3863789625 0.8897342203124999 0.38882534999999996 0.8835443234374999 0.3899200953125 0.8695064296874999 0.39126589218749996 0.86590355 0.3870586984375 0.8595507453125 0.38205168125 0.8592406421875 0.3799611234375 0.8619142703125 0.3798605328125 0.8721306640625001 0.3805738484375 0.8802838953125001 0.383962775 0.890568290625 0.3863789625 0.8897342203124999
0 0.560953984375 0.9009005578125 0.5598938203125 0.8798189859375001 0.552655771875 0.88672610625 0.5536090375 0.8976219859375 0.560953984375 0.9009005578125
0 0.5490476859375 0.7827386187500001 0.5439606609375 0.6977021421875 0.5357107828125 0.7109716609375 0.5364693015625 0.7375692640625 0.53919291875 0.7687003484375 0.5490476859375 0.7827386187500001
0 0.543795196875 0.7047747265625001 0.5427350328125 0.6836931546875 0.5383377328125001 0.6872148046875 0.543795196875 0.7047747265625001
0 0.5592129156250001 0.8720362140625 0.556158371875 0.8550502984374999 0.5473637703125 0.8620936015625 0.553969246875 0.874847678125 0.5592129156250001 0.8720362140625
0 0.554281121875 0.8246294015625001 0.55551698125 0.7939361421875 0.548006571875 0.7977301546875 0.5459829109375 0.8104549499999999 0.554281121875 0.8246294015625001
0 0.5698935859375001 0.976189165625 0.5641930421875 0.9468869984375001 0.5543866093750001 0.960292696875 0.5581220578125 0.985061384375 0.565603184375 0.9898965093750001 0.5698935859375001 0.976189165625
0 0.519446696875 0.5429999859375 0.5128705015625 0.5216167703125001 0.5006904296875 0.525819325 0.500359503125 0.53996449375 0.5065564375 0.5480489093750001 0.519446696875 0.5429999859375
0 0.522171725 0.4486534671875 0.5172297 0.44594890156250006 0.5112758453125 0.449606734375 0.515225090625 0.49474680624999995 0.5246127484375 0.521373690625 0.522171725 0.4486534671875
0 0.339707728125 0.19170348125 0.3338124375 0.17810303593750001 0.3264382078125 0.18345360156249998 0.3307476625 0.2058193671875 0.339707728125 0.19170348125
0 0.5005189703124999 0.20116134687499998 0.49590787187499996 0.1843116125 0.485829078125 0.1946042046875 0.48735635000000005 0.20309716249999998 0.5005189703124999 0.20116134687499998
0 0.334786165625 0.0995944203125 0.326322490625 0.092492553125 0.32206137031250004 0.09757075937500001 0.32711029375 0.11046101718750001 0.334786165625 0.0995944203125
0 0.414122096875 0.0652052265625 0.41557175312499994 0.054883353125 0.40538606093749996 0.0549902515625 0.405356778125 0.06361939062500001 0.414122096875 0.0652052265625
0 0.48540289531249997 0.0283838296875 0.48295164062499996 0.000365853125 0.46809628593749997 0.0008812953125 0.4662380875 0.0065335062499999996 0.4677360765625 0.0236556015625 0.48056777031250003 0.03586495625 0.48540289531249997 0.0283838296875
0 0.4873768125 0.1136926671875 0.48760084062500003 0.08936180625 0.48246407031249994 0.10235896250000001 0.4873768125 0.1136926671875
0 0.433219521875 0.023538471875 0.430028796875 0.0049960031250000005 0.406680484375 0.007038715625 0.4169437921875 0.025746648437500002 0.433219521875 0.023538471875
0 0.46232694375000005 0.03353965 0.45689876093750004 0.007350590625 0.45222909843750003 0.0077591328125 0.45162581093750004 0.018791193749999997 0.455390540625 0.0349307421875 0.46232694375000005 0.03353965