0 0.3776025015625 0 0.3647769515625 0.0740855859375 0.36297802031250004 0.0821485046875 0.3608698078125 0.09999735 0.3656638828125 0.10248003750000001 0.370322078125 0.1040301328125 0.37966200781250004 0.108348078125 0.386164271875 0.1112668265625 0.391473396875 0.112720246875 0.3973716953125 0.11571283750000001 0.4009034921875 0.11841886093750001 0.411138159375 0.12042411718749998 0.42542479687499996 0.12315317031249999 0.42883672031250003 0.12281514687499999 0.44375014375 0.1256424 0.44659498593749997 0.12670489375 0.4518572734375 0.12806250937500002 0.45482310156250005 0.127788271875 0.46458821875 0.1289586921875 0.4738470296875 0.1315997875 0.48035618593749996 0.1322173578125 0.485460475 0.1324464453125 0.48843487812499997 0.1331491765625 0.492024503125 0.1349031828125 0.480424115625 0.20447362500000002 0.49160718281250004 0.19766155000000002 0.4922966171875 0.1916260109375 0.49222199375000003 0.1881081234375 0.49867645781250003 0.18000231093750002 0.5064100265625 0.17583037031249998 0.50496253125 0.1691876265625 0.5006162109375001 0.1651614140625 0.49933666875 0.158416328125 0.5040906078125 0.140596190625 0.512332678125 0.1315336046875 0.5234058171875 0.12675356875 0.52361145 0.1344550265625 0.5426361859375 0.13215059843750002 0.5510006734374999 0.132705803125 0.553935515625 0.1418872578125 0.55859255625 0.146977834375 0.5661008921875 0.1492757375 0.55889395625 0.133822528125 0.56414098125 0.1343363328125 0.568593803125 0.1403739953125 0.5711084390625001 0.1445754734375 0.56921843125 0.14974050625 0.571337759375 0.15444565625 0.56208888125 0.16201376875 0.564083465625 0.1643905578125 0.57881510625 0.1574820796875 0.5742570953125 0.165368246875 0.57111104375 0.1704517671875 0.5787519359375 0.1704390171875 0.5863617234375 0.172394721875 0.5999483828125001 0.17621778906250002 0.60854706875 0.1808360640625 0.612225721875 0.1860872296875 0.61696635 0.19401783749999998 0.6237533046875 0.198342921875 0.6327156640625 0.20259454687499998 0.6352801390625 0.20236395468750001 0.632624828125 0.19340258593749998 0.63445595625 0.19040966718750002 0.6370850984375 0.187467884375 0.647799784375 0.191075309375 0.650475803125 0.1852979609375 0.6486955984375 0.1810271015625 0.6577441609375 0.175229621875 0.66468906875 0.16995193125000002 0.6695867859375 0.16376863749999998 0.6600436359375 0.1572260859375 0.6570079062499999 0.154830228125 0.648646859375 0.1488283875 0.64256936875 0.14091627499999998 0.6357186625 0.1308035109375 0.624254940625 0.11694452968749999 0.6208908703125 0.1065591015625 0.609917940625 0.10053476406249999 0.6051522796875 0.09976967656249999 0.595102640625 0.09665735625 0.5854527187499999 0.0959673484375 0.586649459375 0.0915130171875 0.6000070281250001 0.0867777 0.6181952578125001 0.07655240156250001 0.6356059000000001 0.07949594843749999 0.6456796812500001 0.078704265625 0.6689979578125 0.0949633296875 0.6642469671875 0.0851396859375 0.656522090625 0.0753334453125 0.63528080625 0.0531619421875 0.6511913265625 0.062374009375 0.6589224796875001 0.06521405625 0.6640363953125 0.0577192203125 0.6703396984375 0.050497371874999995 0.6795500203125 0.040713803124999996 0.689029834375 0.0332775828125 0.6892421859375 0.030537946875 0.5569678031249999 0 0.3776025015625 0
0 0.7328188812499999 0.07191993906250001 0.7372610046875 0.0796501359375 0.7462550984375 0.08519517343750001 0.74845806875 0.0834186390625 0.7453452953124999 0.0770986234375 0.7390912171874999 0.06895812031250001 0.7375133968750001 0.06332442187500001 0.739349203125 0.0616587609375 0.7439746125 0.0656291359375 0.747888784375 0.06462290625 0.7517921640624999 0.06754621250000001 0.7572948125 0.0684670140625 0.7680623953125 0.0774506953125 0.7807949625 0.08851568125 0.7853627421875 0.0888389953125 0.8025127765625 0.082110396875 0.8050150734375 0.079280446875 0.7999437453125 0.078505728125 0.7891528546875 0.0819798484375 0.7835655390625 0.083502628125 0.777732053125 0.0799861921875 0.7724541296874999 0.076779221875 0.7693305328125 0.0709714640625 0.763405084375 0.0665197421875 0.7701256562500001 0.0631306171875 0.7855234578125 0.056066439062499994 0.7887923578125 0.053520915625 0.7089457765625 0.0350868796875 0.7048261921875 0.039761228125 0.7042750078125 0.0439685078125 0.7049866625 0.048234815625 0.7114510828125 0.051324431250000004 0.7182117031249999 0.0567082265625 0.7241804875 0.06114589687500001 0.7251535796875 0.06624549843750001 0.7328188812499999 0.07191993906250001
0 0.69862110625 0.0424386984375 0.6997037578125 0.044438175 0.7013399890625001 0.0441440203125 0.7034831390625 0.039605104687499997 0.701636940625 0.0359604515625 0.6988001484375 0.03647455 0.69862110625 0.0424386984375
0 0.5329345187500001 0.15244618593749998 0.533405384375 0.14801029062499999 0.5304933000000001 0.144655159375 0.52687456875 0.1435759625 0.52415416875 0.143064971875 0.5180560468750001 0.1478213484375 0.5207680703124999 0.15273068437499998 0.5243334171875 0.1536035203125 0.5329345187500001 0.15244618593749998
0 0.5467226468749999 0.16839247968749999 0.54806449375 0.163934765625 0.5468184671875 0.1606980765625 0.5442748296875 0.1610329015625 0.5397968953125 0.1617582390625 0.53718678125 0.164117496875 0.5381129953125 0.16830184374999999 0.54373918125 0.1694099234375 0.5467226468749999 0.16839247968749999
0 0.6164838296874999 0.7749837890625 0.62360546875 0.78085985 0.6257357390625 0.78376026875 0.6285155203125 0.7867368734375 0.635045275 0.7912383078125 0.639351628125 0.79060325 0.6397501578125 0.7857305125 0.644345503125 0.7880807265625001 0.6414291609375 0.7963924062500001 0.632604846875 0.8049485359374999 0.6353707015625 0.8090412390624999 0.6496008468750001 0.804749515625 0.6569509046875 0.8064063203125 0.6654003078125 0.8018913031249999 0.67609639375 0.791541509375 0.682007353125 0.78942955625 0.6925119859375 0.7837709937499999 0.6958204515624999 0.7839158234375 0.71102104375 0.7904447359375 0.7159784109375 0.79256743125 0.724336346875 0.804264540625 0.721743759375 0.8070479875000001 0.726955684375 0.8109436999999999 0.7295944828125001 0.80493165 0.7197192140625 0.7907354109375 0.7234969984374999 0.7829641765625001 0.73043104375 0.7736284734375001 0.7310243578125 0.767266059375 0.738043225 0.7613415531250001 0.74845133125 0.7559413359375 0.7545841703125 0.7506317140625 0.74708025 0.744973684375 0.74012835625 0.7286380421875001 0.72847316875 0.71584455 0.7271092125 0.7113057734375 0.7322675203125 0.7137250203125001 0.75005319375 0.716343025 0.7515490078125 0.7185116546875 0.7490192062500001 0.721162065625 0.7529712234375 0.7287021390625 0.7451078390625 0.7334502703125 0.749055096875 0.740538634375 0.7585319421875 0.7310523265625 0.7684812546875001 0.7349881859375 0.7624466 0.7435886125 0.756912915625 0.7489146859375 0.76460294375 0.7506964828125 0.7746295234375 0.7449484 0.7828817031249999 0.742961628125 0.794078034375 0.74953946875 0.7993798453125 0.7502952374999999 0.8049738703125 0.7471736124999999 0.8100064828125 0.748678653125 0.8177139859375 0.7539410890625 0.8198944796875001 0.7595343234375 0.8298640875000001 0.7631044359375 0.83963485 0.7577767703125 0.8329639125 0.7526782734374999 0.826774334375 0.747349340625 0.8196028328124999 0.7386955578125 0.812739821875 0.728656928125 0.7959503078125 0.7087559859375 0.784962940625 0.7005923203125 0.77730236875 0.6994122578125 0.7726314515625 0.6949166203125 0.7803271796875 0.689637478125 0.786360246875 0.6817246296875 0.7893947109375 0.67516569375 0.7975073921875 0.6720883390625 0.803922225 0.6744480937499999 0.807692409375 0.6765035703125 0.8215930890625 0.6799389015624999 0.8297585265625 0.6862531859375001 0.83743104375 0.6936675937500001 0.8466345953125 0.694867125 0.8462457625 0.68751465 0.8375357796875 0.6820656734375 0.8316484531249999 0.67198930625 0.8267418390625 0.66192286875 0.816868565625 0.6489265843750001 0.8091737999999999 0.64024019375 0.7926366734375 0.6289912156249999 0.7786885390625 0.6245667312500001 0.7876635359375 0.6202131453125 0.7947276171875 0.61544725625 0.7914178578125 0.6116266765625 0.7808670640625001 0.6124910421875 0.7765845578125 0.6185726218750001 0.7736778703125 0.621362128125 0.7679879515625 0.622995925 0.76161811875 0.620337065625 0.7486023937499999 0.6214662296875 0.7410448015625 0.624889825 0.7383500875 0.63019941875 0.7370429859375001 0.6363264828124999 0.7347787640625 0.6381113265625 0.7220002578125 0.6261200796875 0.712684690625 0.6242596625 0.709334053125 0.616733346875 0.6993678109375 0.6122595796875 0.6750304015624999 0.6084930046875 0.6635214734375 0.6108472093749999 0.66247590625 0.6067908562500001 0.6702142734375001 0.6026537000000001 0.6813013437500001 0.601682225 0.6793563828125 0.5946520203125 0.6702955328125 0.596606040625 0.6640843453125 0.599407184375 0.6611536046875 0.6026690109375 0.6566581765625 0.60634574375 0.6513357265625 0.6096038328125 0.6491149609375 0.6163057265624999 0.64088321875 0.61267499375 0.6399703453125001 0.6260339046875 0.63661190625 0.6267723468749999 0.624988475 0.6150429578125001 0.6233812828125 0.611641103125 0.6313694609375 0.6136665265625 0.63095129375 0.6081706640625 0.625918065625 0.6007433859375 0.615614171875 0.5888968890624999 0.6082193499999999 0.585037628125 0.6160710953125 0.5795411374999999 0.63045778125 0.5682088671875001 0.6411485171875 0.5612093625 0.6475808515625 0.5642643078125 0.638309071875 0.5650342828125 0.6456271796874999 0.5689271484375 0.65283143125 0.5730631328125 0.6589702890625 0.577243403125 0.6687622296875 0.5845906703125 0.6766632218749999 0.587181278125 0.677573515625 0.5813282234375 0.6735661453125 0.5733472093749999 0.668791996875 0.5706670671875 0.6661436593750001 0.5734905625 0.65893834375 0.569463378125 0.6582734359375 0.571239003125 0.6530441796875001 0.5660916874999999 0.6438031171875 0.5577891703125 0.6458459828125 0.5548723953125 0.6452236640625 0.5495939953125 0.6393980781249999 0.5442721234375 0.641941878125 0.539713453125 0.63649935 0.53214196875 0.6308932984375 0.526153971875 0.6250850484375 0.5232783875 0.620152596875 0.5189917734375 0.620206159375 0.5123139203125 0.62536678125 0.508805190625 0.6346740421875 0.5018454921875 0.6373206125 0.5003702171875 0.636911878125 0.49669501406250005 0.6438359296875 0.495251528125 0.6416580328125 0.49191836718750004 0.632758171875 0.49183449687499997 0.6234789578125 0.49695011562499997 0.6134361187499999 0.49997634375000005 0.6062471609375 0.50385226875 0.6006928703125001 0.5016478906249999 0.5993574515625 0.49627701875 0.598318296875 0.490039646875 0.5945192718750001 0.48454580781249995 0.5876182546875001 0.4789018875 0.584346528125 0.4716519703125 0.5682755640625 0.45866166093749994 0.5711366140624999 0.45672275156250003 0.5727943203125 0.4584749375 0.5740691625000001 0.4616493234375 0.5781995265625001 0.4644021328125 0.5838832109375 0.4643095609375 0.577844303125 0.46083550000000006 0.5762758890625 0.4597870609375 0.579039378125 0.4579026 0.5830412703125 0.45688455 0.5857888703125 0.4608271109375 0.5891291859375001 0.46352901874999997 0.596337621875 0.46301392343750003 0.602734140625 0.457110909375 0.60049625625 0.454044528125 0.606635590625 0.4519019125 0.620457659375 0.441917809375 0.6259938375 0.4387202890625 0.6379726109375 0.43281674375 0.6487378374999999 0.42949545625 0.6541071953125 0.42681907812500003 0.6611741546875 0.417602259375 0.6586177484375 0.41048381093749997 0.6517985562499999 0.400269278125 0.6474744515624999 0.394139459375 0.6314704171875001 0.390507178125 0.625489134375 0.38447745312500003 0.6301209234375 0.3778831796875 0.6335924796875 0.3710771734375 0.62092736875 0.3550453734375 0.6104855687499999 0.3500961953125 0.607376975 0.34666843593749996 0.5961330874999999 0.333941034375 0.5915557140625001 0.3272828890625 0.5834163078125 0.32435660781250003 0.57711990625 0.315468678125 0.5782733296875 0.3120980015625 0.5705548796875 0.3049520140625 0.5616706406249999 0.3068634234375 0.5539245640625 0.29833677187499996 0.5455007765625 0.30070567187499997 0.5373892171875 0.305542434375 0.52729476875 0.3119178921875 0.5213929546875 0.31642132031250003 0.515887834375 0.31938707499999996 0.5089813000000001 0.3151354109375 0.5057030359375 0.3151306515625 0.5038637796875001 0.3073855921875 0.4990880625 0.3027118125 0.49802266093750003 0.29661591249999997 0.4917763875 0.2901850453125 0.47679669375 0.2846789140625 0.47117761874999997 0.285179284375 0.47181904062499996 0.290298528125 0.46567953125 0.29306009375 0.4654046703125 0.295487028125 0.47519153125 0.3070377625 0.46384490781250004 0.31329411406249996 0.46226936875 0.3157911953125 0.46133338906250004 0.32204723749999997 0.45874416093750003 0.3376939359375 0.45639938906250005 0.34544000937499997 0.455902671875 0.355801653125 0.45431608125 0.359992790625 0.4542695859375 0.36622326875 0.45370290625000004 0.36957385625 0.44571719062500004 0.41862527031249996 0.4422159671875 0.43206814375 0.4414463125 0.43932635 0.4404306578125 0.4447189 0.43566638125 0.46286859687500004 0.43944191874999994 0.46779735625 0.43413403749999996 0.47056169375 0.43440769531249995 0.47720444375 0.44250971562499997 0.47043634843750004 0.44646884218749994 0.47210407656250003 0.438847834375 0.47987963437500003 0.4435881484375 0.4899092828125 0.4492369328125 0.49105144375 0.45341453437499996 0.4908837765625 0.4590769984375 0.4922792578125 0.462947721875 0.4937533875 0.46697758437500003 0.4966914625 0.4669450796875 0.499860690625 0.46987914843749995 0.5023148625 0.4720389765625 0.5047538546875 0.4729537890625 0.5069038078125 0.4732676859375 0.5090657671875001 0.4729767296875 0.5120277953125 0.471188653125 0.5167513171875 0.46544751250000005 0.52007951875 0.462622603125 0.517541503125 0.4595648703125 0.5187278171874999 0.45916293125 0.5224900781249999 0.451644684375 0.52224249375 0.44560289375 0.5207674578125 0.43924791562500004 0.5170648765625 0.4342934984375 0.510977159375 0.43347866718750006 0.506706275 0.4379378265625 0.50636788125 0.4383232578125 0.503788475 0.43704993906249995 0.50059359375 0.4336769546875 0.49908203437500004 0.4296117671875 0.500665975 0.42819091406250004 0.502159634375 0.42898556250000003 0.5043508 0.427755265625 0.511937234375 0.4298268625 0.514841746875 0.44066740937500004 0.5250722328124999 0.43202495937499996 0.5300414015625 0.4233745375 0.5326001234375 0.424011778125 0.5398560015625 0.42554282031249996 0.5447685046874999 0.4329610125 0.552916378125 0.4319582296875 0.5584337734375 0.430879978125 0.5619581109375 0.4283566875 0.5676087562500001 0.41974529531250004 0.5648653640625 0.41825624375 0.5717249625 0.4154159578125 0.5895010109375 0.41817678437500005 0.597255175 0.413669125 0.6014919484375 0.40984132031250003 0.6056595703125 0.410220340625 0.6089911578125 0.4145028046875 0.6108281468750001 0.41423414843749995 0.6145201499999999 0.4199511359375 0.6177146296875 0.4200805734375 0.6236553828125 0.4177010046875 0.630315803125 0.41173540781250006 0.6330950671875 0.4136135296875 0.639761859375 0.414592084375 0.6453101265625001 0.4117231078125 0.65307629375 0.41129064375 0.662631728125 0.40806945156249996 0.6684644203125 0.40177421874999997 0.67080998125 0.4018410796875 0.67343768125 0.412359721875 0.6682393796875 0.41551060937499995 0.67027535625 0.39855623906250004 0.679858634375 0.40104732031249996 0.6817102109375 0.41287984062499994 0.675578865625 0.41040801250000003 0.68193735625 0.4089590078125 0.6913671484374999 0.40452834531250004 0.6875603984375 0.4020740015625 0.6898353484374999 0.40407956875 0.694977675 0.4087270625 0.6982411515625 0.411568721875 0.7044921609375 0.41158916406249996 0.7075501359375 0.4058886859375 0.7106327515624999 0.39987281406249997 0.7112820546874999 0.3932669453125 0.714139609375 0.390869334375 0.7171204109375 0.3915877359375 0.7206281703124999 0.39005093125 0.7222073124999999 0.38812017656250003 0.737252340625 0.392561428125 0.7380403515625 0.39598825 0.7374363640625 0.3977476390625 0.737643703125 0.40489855625000004 0.7435249203125001 0.40585775 0.7382380015625001 0.40746822656250004 0.7353464828125 0.4128124640625 0.7332929171875 0.41716767812500005 0.729910946875 0.4221293015625 0.7315984453125 0.423643659375 0.7346036234375 0.43202101875 0.7402500234375 0.438082621875 0.7415003203125 0.444789109375 0.7409366937499999 0.44640080781249997 0.7399986421875 0.45502521875 0.745054225 0.45592141093749994 0.7396998421875 0.4611220734375 0.740060221875 0.46330181875000004 0.73867601875 0.47387183750000006 0.74134721875 0.480230209375 0.738846253125 0.49478745 0.7321236203125 0.49726371093750005 0.729677334375 0.489920025 0.7312644796875001 0.477680171875 0.7362498234375 0.47494454687500004 0.7344989421875 0.4707865625 0.7290457078125 0.47160107343749996 0.71928020625 0.47608015625 0.713819703125 0.482050603125 0.7105123703125 0.4890368546875 0.708945334375 0.4953154265625 0.710665865625 0.49648449218749996 0.7153264218750001 0.498597775 0.7207870765625 0.5025972984375 0.7250443234375 0.505600325 0.7289849171875 0.50921564375 0.7314889265625 0.5140148015625 0.730983678125 0.5163340953125 0.7313844281249999 0.519068934375 0.734034746875 0.5186999765625 0.7370429109375001 0.518533609375 0.7389721203125 0.519991596875 0.74363844375 0.5232943671875 0.7470516984375 0.5270523359375 0.747006846875 0.538184646875 0.7444293859375 0.5353356609375 0.7413566234375 0.53169568125 0.7383273546875 0.5239448343750001 0.7319468234375 0.5182727171875 0.724862746875 0.5175799453125001 0.720299321875 0.5121638328125 0.7157807765624999 0.5059544687499999 0.711641959375 0.49611747656249994 0.7076294 0.48933532812499997 0.7032557140625 0.4977019375 0.6974322875000001 0.503284071875 0.6962097875000001 0.507453521875 0.6930559390625 0.51840914375 0.687583278125 0.5227354015625 0.689494521875 0.531976003125 0.6902487875000001 0.5381276328125 0.689372646875 0.5486205984375 0.6957047171874999 0.5545723671875 0.7017372484375 0.56081143125 0.70885920625 0.5542296906249999 0.7154394765625 0.548535715625 0.7191121140625001 0.5392904281249999 0.7246156187499999 0.5387359328125 0.7279273265625 0.5373094296875001 0.7359399203125 0.5454218375 0.7395110296875 0.541045246875 0.7422979390625 0.538803521875 0.7477153203125 0.542793790625 0.755735684375 0.549333946875 0.7567260328125001 0.553263565625 0.7521104578125 0.5630761875 0.7512552734375 0.5691865078125 0.74878684375 0.5756910328125 0.7525848875000001 0.5826515125 0.7473300359375 0.5858004953125 0.7509371015624999 0.5814584515625 0.7512544250000001 0.5809107375 0.7546895703125001 0.5808697234375 0.7586874984375 0.5803300421875 0.7613724109375 0.590886878125 0.7585161640625 0.5956759359375 0.7570752875 0.596785259375 0.7556460125 0.6036199234375 0.7644946421875 0.6102150484375 0.7700326609375 0.6164838296874999 0.7749837890625
0 0.5263542921875 0.207724934375 0.5254827 0.20553364375 0.523822675 0.2047847765625 0.523141946875 0.20541338125 0.5225292171875 0.2065323515625 0.5220085250000001 0.20779444374999997 0.522922571875 0.209357303125 0.5251539921874999 0.20892313593749998 0.5263542921875 0.207724934375
0 0.47157406249999995 1 0.465731003125 0.9942188890624999 0.47361080468749994 0.9967276328124999 0.4807749390625 0.9977866671875001 0.49045331406250003 0.9985409734375 0.49875292968749996 0.9952582187499999 0.50777673125 0.9962222140625 0.5207079671875 0.994361546875 0.5321852234375 0.9913249125 0.5375599328125 0.9877709984375 0.546163134375 0.9842151609374999 0.5502877484375001 0.9771157265625 0.554383434375 0.9700304609374999 0.5572088078124999 0.96140431875 0.5577599890625 0.9534879109375 0.5468600109375 0.951308209375 0.5461362249999999 0.9465387765625 0.5419156140625 0.940787246875 0.5485719296875 0.9382251765625 0.5556033125 0.9449367234375 0.5586920375 0.95043014375 0.5611802359375 0.9518079937499999 0.564838665625 0.9579108125 0.577340296875 0.9750674796875 0.583768453125 0.97896014375 0.5830845874999999 0.9731078765625 0.5757790625 0.963666253125 0.563658146875 0.9529942421875001 0.562278240625 0.949941528125 0.56635344375 0.9514468296875 0.581234209375 0.9640773687499999 0.5700680328125001 0.949422740625 0.5596933875000001 0.9389662671875 0.5421541750000001 0.92334063125 0.563501596875 0.9152542531250001 0.5735593156250001 0.9059261046874999 0.583509190625 0.9063518140625 0.5893032609375 0.9093235484375001 0.59599429375 0.9124526515625 0.5982448921875 0.90857356875 0.5933475578125 0.9032110296875 0.5890683203125 0.9006932546875 0.5898843046875 0.8976728359375 0.5855448890625 0.8874695453125 0.5825739171875 0.8826607859375001 0.5829510875 0.8745117718750001 0.5755291296875 0.866553859375 0.5610999421875 0.8615596859375 0.5562685328125 0.8600513843750001 0.5597165609375 0.8531180718750001 0.557586775 0.8537857750000001 0.558097275 0.8513106109375 0.5650697203124999 0.85084526875 0.5774549703125 0.8439868125000001 0.5773593921875 0.8403790953125 0.5741779578124999 0.83937840625 0.5819980015625 0.8334913359374999 0.5762182265625 0.8279571406249999 0.5700704046875 0.8231975046875 0.5722985078125 0.8156858843749999 0.5704651953125001 0.8144929031249999 0.5677351359375 0.819566625 0.5654462578125 0.8182700703125001 0.567688925 0.8152935875 0.562526146875 0.8068646171875 0.5567445015625 0.805040721875 0.554428475 0.8035005671875 0.5470557140625 0.8066653578125 0.5488923140625 0.80776769375 0.55125265 0.8113594609374999 0.5527844859375 0.80782919375 0.5575788312500001 0.8086923078125 0.5614398390625001 0.8113684984375 0.5629421359375 0.816850059375 0.5564561140625 0.8155627140625 0.5473290375000001 0.8156156125 0.53958445625 0.8210855296874999 0.534564209375 0.8200964953125001 0.53219349375 0.8110484874999999 0.523295734375 0.8060516718749999 0.5178734203124999 0.8002263640624999 0.5116728984375001 0.7967021625 0.5072838468749999 0.7925137421875 0.5013170578125 0.7880396484375 0.4971586109375 0.7825398031249999 0.49409721875 0.7753095796875 0.49482233593749997 0.7684179390625 0.4969785390625 0.7645587546875 0.4965225859375 0.761101965625 0.490994071875 0.7587720421874999 0.49555245625 0.7543850171875001 0.491771971875 0.7534993953125 0.48397695 0.757354065625 0.476398784375 0.7591163921875 0.46288890625 0.7669980890625 0.456567634375 0.7734989796875 0.45524679375000004 0.768787346875 0.4493467625 0.7680249640625 0.445764340625 0.769393225 0.4402706 0.773407153125 0.43979693906249995 0.7789248328125 0.4413082484375 0.7807137796875 0.4423864578125 0.783871634375 0.44251428906249995 0.78821483125 0.4439419015625 0.7920819640625 0.43642037968749997 0.78802828125 0.4324653953125 0.7846616921875 0.428999590625 0.7800930890625 0.4252214671875 0.7752727765625 0.41650655781249996 0.7674140546875 0.411356175 0.7591675515625 0.4043338453125 0.7545908828125001 0.397599565625 0.74680776875 0.39977750156249997 0.7522176015625 0.3960207515625 0.7530003921875 0.3928221515625 0.752706134375 0.389311403125 0.7553337328125 0.38848435625 0.758916065625 0.38836101093750003 0.764166640625 0.3858279859375 0.767476990625 0.382705965625 0.7698239015625 0.3806272375 0.774257421875 0.3784214578125 0.7822488609375 0.377765984375 0.7933050953125 0.3839965296875 0.7951364109375 0.38535867968750004 0.8026767109374999 0.3824414578125 0.8066440359374999 0.3787490953125 0.8101902624999999 0.37652743593750004 0.8126937234374999 0.37785274687500003 0.81719150625 0.3760624515625 0.8205979609374999 0.372677778125 0.822589171875 0.37165401875000004 0.8257524500000001 0.371702953125 0.829694171875 0.371291659375 0.8345527374999999 0.37075065625 0.8376045703124999 0.370956278125 0.8429166609375001 0.3679529328125 0.8485975937499999 0.3687789359375 0.85363276875 0.36806882500000004 0.8553819218750001 0.3663406328125 0.867167090625 0.367970678125 0.871643821875 0.3676049671875 0.8762354890624999 0.3663147453125 0.8796916453125 0.3643652828125 0.8831832265624999 0.362346328125 0.8858922421875001 0.360430003125 0.891949215625 0.3604327734375 0.8973620046875 0.3606288484375 0.9020833703125 0.362026190625 0.9090128046875 0.36488958125000004 0.9133429078124999 0.369047009375 0.9184720859375 0.3712326265625 0.920639609375 0.370902896875 0.9237001265625 0.36852665 0.928658290625 0.36010414687500003 0.9298199765625 0.3525459609375 0.927092025 0.36021867812499997 0.9348737046875 0.3672820046875 0.9331464625000001 0.37617471406249997 0.93082328125 0.37818483125 0.9324243062500001 0.3835068078125 0.9329538124999999 0.3874404125 0.93329428125 0.3892359984375 0.9359009468749999 0.3905498265625 0.9392190359375 0.40476115156250003 0.944531740625 0.4105299515625 0.9471961640625001 0.40723909375 0.949114421875 0.406458215625 0.9499267703125 0.398368665625 0.94988244375 0.3893406953125 0.9558755078125 0.3904935703125 0.9571054328124999 0.3985200953125 0.9523661015625 0.4021883453125 0.9524111843749999 0.40820406875000004 0.9521098296874999 0.4122905390625 0.9508643515624999 0.4140772078125 0.9536485609375 0.41636993437500003 0.9563523593750001 0.41935390625 0.9599309515625001 0.4176127671875 0.9624298906250001 0.410317821875 0.960048153125 0.40695067500000004 0.9599699562499999 0.40617569531250003 0.962826653125 0.411903071875 0.965128721875 0.40950436874999996 0.967273796875 0.4056137265625 0.9658928875000001 0.4104881359375 0.972188240625 0.40471540937499995 0.97515315 0.40367528906250005 0.979193028125 0.40764799375000005 0.9809408640624999 0.41574128281249995 0.9798507046875 0.42140457031249995 0.97745706875 0.42631085 0.9798566171875001 0.42989616249999996 0.98386589375 0.43430768437499995 0.9882278812499999 0.44063959218750004 0.9894187078125001 0.44937103437500003 0.9908363781249999 0.454406875 0.9928970093749999 0.45981508125000004 1 0.47157406249999995 1
0 0.585826553125 0.8176304328124999 0.5897601859375 0.8214090281249999 0.5958079734374999 0.8263588484375 0.602058015625 0.826334490625 0.6022414953124999 0.8230044781249999 0.598753440625 0.8184211156250001 0.5952212765625 0.8133897859375001 0.5904049859375 0.80802350625 0.585323925 0.802394046875 0.5804576875 0.798855565625 0.574433403125 0.7980548749999999 0.5710174109375 0.8030504171875 0.575862209375 0.8103908953125 0.582853275 0.81491544375 0.585826553125 0.8176304328124999
0 0.54146955 0.8021540578125 0.5489731015625 0.8005204328125 0.553710896875 0.7962245390625 0.562544121875 0.7962914203125 0.5569266093749999 0.7926243953125 0.5643844796875 0.7885700124999999 0.5635891078124999 0.7828395328125 0.57078445625 0.782019940625 0.5742696109375001 0.7788155515625 0.5787298703125 0.777993125 0.5825849578125 0.7788542781250001 0.5881168328124999 0.77533504375 0.592699946875 0.772000878125 0.598316 0.76875605 0.5981831484375 0.7654973328125 0.59133545 0.7644985234375 0.5856246890625 0.766090625 0.578708846875 0.7686585265625 0.5702054875 0.7728098984375 0.5666680296875 0.7755115109374999 0.5629772703125 0.775709790625 0.536470615625 0.7862292015625 0.53224921875 0.79009428125 0.526836665625 0.7975490359374999 0.5309028687499999 0.802601028125 0.54146955 0.8021540578125
0 0.538011046875 0.7585314578125 0.537036075 0.7597191390625 0.540577184375 0.7680110484375 0.550296284375 0.770346284375 0.5512722765625 0.7682512015625 0.5477184734375 0.7604518734375 0.5438050328124999 0.7586487640625 0.538011046875 0.7585314578125
0 0.50284274375 0.7490074609375 0.50367806875 0.7470562968750001 0.5046254343750001 0.7455158640625 0.5029412859375 0.7434961875 0.5005278234375 0.7444271359375 0.49643150625 0.7457777828125 0.49496998750000004 0.7475378734375 0.4969584328125 0.7491980390624999 0.5005081078125 0.7510903546875001 0.50284274375 0.7490074609375
0 0.6126881953125001 0.8431023953125001 0.6083708328124999 0.840006540625 0.6062583484374999 0.8372513453125 0.6039129109375 0.8333936124999999 0.6000807796875 0.8300088828125001 0.5939082359375 0.826627446875 0.5920631828125 0.8269856437499999 0.593686953125 0.8309477734374999 0.6026912 0.8405955609375001 0.6087094468750001 0.8483336359375 0.6151615921875 0.8549355078125 0.6222788718750001 0.8586008015625 0.6260332109375 0.8560502874999999 0.6252717703124999 0.8531596 0.61983703125 0.852430871875 0.6208762890624999 0.8488462171875 0.616596575 0.8451705328125 0.6126881953125001 0.8431023953125001
0 0.397004696875 0.9679111296875 0.394317475 0.9645405609375001 0.389594171875 0.961674915625 0.38722093125 0.9583126921874999 0.38640977187500003 0.9598396687499999 0.3840132265625 0.960197228125 0.3853289671875 0.9643544421874999 0.389253559375 0.967130303125 0.39505911562499996 0.9687464406249999 0.397004696875 0.9679111296875
0 0.3637051390625 0.958898746875 0.362464146875 0.9619124515624999 0.3644825015625 0.9680760156250001 0.3665938640625 0.9728017781249999 0.373498475 0.9800693703125001 0.3782298953125 0.9850392109375001 0.3810570921875 0.9856919203125001 0.3878883390625 0.9872690375 0.37755201718750003 0.9752851625 0.368387875 0.9635029515625 0.3746249734375 0.9666186625 0.3820352125 0.9746620671875 0.3905617671875 0.987886246875 0.402611984375 0.990668259375 0.393824959375 0.981274278125 0.3859350765625 0.9726342484374999 0.3805913734375 0.9627731875000001 0.36983260625000003 0.957168725 0.36600668125 0.9562854406250001 0.358722928125 0.9482151109375 0.3551978 0.948077990625 0.3637051390625 0.958898746875
0 0.8901598546875 0.99077028125 0.893729809375 0.9912063984374999 0.8965025171875001 0.987191278125 0.89702266875 0.9842019828125 0.890883853125 0.980820315625 0.883001409375 0.981497315625 0.8876688859374999 0.9877096156249999 0.8901598546875 0.99077028125
0 0.9163229453125 0.8712774781249999 0.923666615625 0.8710934781249999 0.9270028921875 0.8731530140625001 0.9295913703125 0.8605032703125 0.9296785265624999 0.859014403125 0.92412880625 0.86052020625 0.920428015625 0.8615259875 0.9195829124999999 0.8640890734375001 0.9187884109375 0.866558003125 0.9146404312499999 0.8668126875000001 0.9140479578124999 0.8692192140625 0.9163229453125 0.8712774781249999
0 0.9385031968750001 0.8042939140625001 0.9409249078125 0.804070453125 0.9423977562499999 0.8026224734375 0.942796459375 0.79964523125 0.9406298281250001 0.79856933125 0.9378564015625 0.8002606703125 0.9365305890625001 0.8023359296875 0.9385031968750001 0.8042939140625001
0 0.9490790765625 0.7695288171875 0.9479322078125 0.7704330671874999 0.947049934375 0.7722194453125 0.9484515984374999 0.7755321562499999 0.9493419390625 0.7763919765625 0.9493774390624999 0.7762382078125001 0.9510294234375 0.769082678125 0.9490790765625 0.7695288171875
0 0.9217539312499999 0.7723480031250001 0.9200898531249999 0.7686090890624999 0.9155331265625 0.767807246875 0.91055259375 0.76668786875 0.9080817781249999 0.768513215625 0.92101658125 0.779799684375 0.9227777265625001 0.7787630359375 0.9214426250000001 0.776259475 0.9217539312499999 0.7723480031250001
0 0.9127661687499999 0.84525094375 0.9104939375000001 0.8412914468749999 0.9074652625 0.8361005374999999 0.9025460359374999 0.8318955546875 0.9010184484374999 0.8338376343749999 0.9056768390625001 0.8407838890624999 0.9015209421874999 0.84179525 0.9018287796875001 0.8448794843749999 0.9068245671874999 0.84941965625 0.9100012984375001 0.8518576890625 0.9144010343750001 0.8507695249999999 0.9127661687499999 0.84525094375
0 0.8548460046875 0.7553552203125 0.8604641328125 0.7611936640625 0.8611754703125 0.7563690890625 0.8602007125 0.7527909203125 0.857299084375 0.749091825 0.8548460046875 0.7553552203125
0 0.8251792625000001 0.786966859375 0.83123656875 0.7841029296875 0.8386942375 0.7784449 0.8445279937500001 0.77659094375 0.849745859375 0.7733343671874999 0.848800740625 0.7684192234375 0.843048571875 0.7682249765625 0.8367182484375 0.7700973906249999 0.83006295 0.7755445734374999 0.823587396875 0.7787545375 0.8165822109375 0.77992431875 0.8109799687500001 0.7820049140625 0.8086354390625001 0.7884232625 0.8124100484375001 0.7932587984375 0.8147855421875001 0.792575659375 0.8251792625000001 0.786966859375
0 0.73793963125 0.77822439375 0.751075278125 0.775867296875 0.757513575 0.7740550890625 0.7613694609375 0.7801361453125 0.7698162828124999 0.7806542328125 0.7829348546875 0.7954998234375 0.7900146390625 0.8031061265625 0.793206025 0.8091203640625 0.7963711171875001 0.8157763859375 0.79983740625 0.81766869375 0.8029767046874999 0.8183934578125 0.809401053125 0.8154539062499999 0.8089350796874999 0.8077131906250001 0.8032721453124999 0.8026036640624999 0.797139821875 0.7961862765625 0.7924553171875 0.7904783859375 0.7910966609375001 0.7831313265625 0.7906897890625 0.775829209375 0.78437228125 0.77218659375 0.7799061296875001 0.7758893296875 0.7722706921875 0.766480584375 0.7593032109375 0.7614550437500001 0.74817453125 0.7615509687500001 0.739567096875 0.766528221875 0.7277078984375 0.7711636640624999 0.727113809375 0.7745704640625 0.73793963125 0.77822439375
0 0.7517363796875001 0.8008917625 0.74554554375 0.8002498640625 0.7480347234375 0.7974072640625 0.7436992124999999 0.7905211203125 0.7401060203125 0.7868724375 0.733856290625 0.788548575 0.726362059375 0.78696753125 0.723508065625 0.791077740625 0.726185771875 0.7997476156250001 0.7340853468749999 0.8061993656249999 0.7377723656249999 0.814658059375 0.7474512015625 0.8154798234375 0.730444921875 0.8241210296875 0.73990643125 0.8295238156250001 0.7498659390625 0.8246566609375 0.7554486609375 0.8234246734375 0.7640600796875 0.8184162687500001 0.772713534375 0.81348973125 0.7755934859375 0.806078890625 0.7693053390625 0.80655308125 0.7654817234375 0.8085215296875001 0.7594459578125 0.8040058546875001 0.7517363796875001 0.8008917625
0 0.882168425 0.5035700656250001 0.8873294968750001 0.49899665000000004 0.897882375 0.49464333125 0.9077165640624999 0.4911038890625 0.9157151671875001 0.4856172484375 0.9238453984375001 0.4802411765625 0.9196890859375 0.47819116875 0.9161299375 0.4799031625 0.912054996875 0.48184886875000005 0.906676734375 0.48206326875 0.9005324484375 0.48332436406249996 0.89247110625 0.4871865046875 0.88450013125 0.4902821421875 0.8782554453125 0.49062364531249997 0.8673193890625001 0.500991803125 0.8610279437499999 0.496694521875 0.8687805187500001 0.492148521875 0.8621767531250001 0.48759953125 0.8789171031249999 0.4885425859375 0.8763933765624999 0.48262315781250004 0.8846167109374999 0.4859985796875 0.8868233156249999 0.48293519218750003 0.8892546984375 0.480731915625 0.8912900515625 0.47675021875 0.8950328296875 0.47385386562500004 0.8933488281249999 0.47150708750000003 0.888363803125 0.4733244671875 0.881681915625 0.4763168140625 0.8787333140625 0.47771113437499996 0.868876515625 0.475097153125 0.8641000234374999 0.4687041359375 0.8613425265625001 0.46662427656250005 0.855784621875 0.4654982859375 0.8503661375 0.46751226093750003 0.8498817593749999 0.464956546875 0.8474509171875001 0.4626426078125 0.8395871015624999 0.46698973749999995 0.8391378968750001 0.46524715156249996 0.841961740625 0.4641848390625 0.8395516734375 0.46014861875 0.8331561484375 0.4579552859375 0.8282722890625 0.45874406093750003 0.8150544875 0.46171400937499996 0.8064137546874999 0.46336251875 0.8019403109375001 0.463665540625 0.79693985 0.46148639375 0.7951817625000001 0.4586478453125 0.7940195859375 0.4542005546875 0.7876938234375 0.452427434375 0.7849094984375 0.4529504390625 0.7850055171875 0.4555977015625 0.78542025 0.46149046406250005 0.7826249734374999 0.4639015859375 0.784327440625 0.46789792031250005 0.789481728125 0.4719599296875 0.7937150296875 0.4710369984375 0.7963360765624999 0.4669980890625 0.802536271875 0.46775921093750006 0.7912918984374999 0.47516329375 0.7837204359375 0.47788291406249994 0.7813625562500001 0.481802978125 0.7769032484375 0.48994926562499996 0.785799075 0.48559824999999995 0.79427720625 0.4832162390625 0.7950645749999999 0.4793681703125 0.7963758671875001 0.4760291296875 0.8030662468750001 0.4748892984375 0.8084863531250001 0.47304888749999996 0.8116361671875 0.4752978953125 0.8048668140625 0.478085634375 0.7971280484375 0.47650105312499996 0.8029626640625 0.47919991562500003 0.79312589375 0.4852997109375 0.8012618734375 0.487282284375 0.8100645734375 0.485661546875 0.8199435890625001 0.4873874515625 0.8322808343749999 0.4916212390625 0.8370300265624999 0.4969030734375 0.8433277328125 0.50064535 0.8542672984375 0.5015352765625 0.8598187749999999 0.5075235015625 0.8679928578125 0.5115706875 0.8718825828125001 0.5127332953125 0.877349425 0.5095791000000001 0.882168425 0.5035700656250001
0 0.8491251312499999 0.43701873593749996 0.8463864578125 0.43654521874999996 0.847377765625 0.4409755125 0.8450046062500001 0.4404885625 0.8400068421875 0.435797196875 0.8413375328124999 0.4416191921875 0.8442704843750001 0.44723861249999997 0.8501428499999999 0.45328167812500003 0.857155103125 0.45790893906249996 0.8600964953125001 0.453475734375 0.8619950671875 0.4481555265625 0.8587595421875 0.44324239375 0.8491251312499999 0.43701873593749996
0 0.8127036484374999 0.4318253921875 0.809819684375 0.4320784390625 0.807521934375 0.43423078437499996 0.80917376875 0.436140371875 0.8126102062499999 0.43665470937500006 0.8211076875 0.4339805 0.8168042703125 0.43329005781249996 0.8127036484374999 0.4318253921875
0 0.8178408765625 0.450450565625 0.8207028796875001 0.44959109843749995 0.821947196875 0.4485842671875 0.8212622171874999 0.44585555625 0.8208616953125001 0.4457566734375 0.8170821875 0.44444311562500005 0.8151011921875 0.4445149546875 0.8142169375 0.44621267812500004 0.8150119828125 0.4491592328125 0.8178408765625 0.450450565625
0 0.8369870718750001 0.5963468359374999 0.8309951640625 0.59123833125 0.82676928125 0.587982390625 0.82623255 0.5904322546875 0.8247518640625 0.591782209375 0.8264524609375 0.595738021875 0.8311188625 0.5996906 0.8355389671875001 0.602431725 0.8379678593750001 0.6030662453125 0.8393964031250001 0.6007404890625 0.8369870718750001 0.5963468359374999
0 0.9310488703124999 0.6148186296875 0.9350688890625 0.61532658125 0.9353258671875 0.61377589375 0.933051496875 0.6101382265625 0.9299139734375 0.6079610109375 0.9272139234375001 0.606500575 0.9281118671874999 0.6099391359374999 0.9279550546875001 0.61239653125 0.9310488703124999 0.6148186296875
0 0.7507259359375 0.760807415625 0.7520300671875 0.761389128125 0.75479315625 0.7612637234374999 0.7587526109375 0.7607073343749999 0.76304201875 0.7584439171875 0.7696566671875 0.7531172421875 0.7705443187500001 0.7514187 0.765171478125 0.7487895640625 0.7605337578125 0.751200278125 0.7583969109375001 0.7484811515625001 0.7550889796875 0.7488896859375 0.753079778125 0.7512577828125 0.7528781484375 0.75331195 0.75224673125 0.7563733765625 0.7507259359375 0.760807415625