0 0.38595358125 0 0.372230778125 0.0717904875 0.37029140312500003 0.07982078125 0.36787200625 0.097630115625 0.3726220234375 0.10019609375 0.3772524546875 0.10182724843749999 0.3865156046875 0.106307540625 0.3929659390625 0.10933932500000001 0.3982488890625 0.1108851796875 0.4040940625 0.11398025468749999 0.40757809375000004 0.11674750468749999 0.41777620625 0.118931075 0.4320130390625 0.12190904843749999 0.4354303421875 0.1216306234375 0.45029215312500004 0.12471772031249999 0.45311801718750006 0.125829703125 0.458355809375 0.12727895 0.46132597343750004 0.127056515625 0.47106917656249997 0.1283971828125 0.48028048281249996 0.131199465625 0.4867778703125 0.131930540625 0.49187738437500006 0.13224867499999998 0.49483907031249996 0.13300320937500001 0.498397534375 0.134819596875 0.48558474374999994 0.20417698906249998 0.49688499531249997 0.197561121875 0.49767965781249995 0.19153853437499999 0.4976664421875 0.18801988125 0.5042613890625 0.1800279484375 0.5120665890625 0.1759916140625 0.510735246875 0.16932461875 0.50645985625 0.165223165625 0.5052982265625 0.15845677656249998 0.510362446875 0.1407223203125 0.518761425 0.13180495781249998 0.5299163015625 0.1272189046875 0.5299874921875001 0.134922778125 0.54904955 0.132950728125 0.5574030734375001 0.133651828125 0.5601772296875 0.1428831046875 0.56474471875 0.1480541828125 0.57221180625 0.150482775 0.565275665625 0.13490613906249999 0.5705129234374999 0.13551143906250002 0.5748596953125 0.14162589375 0.577300621875 0.1458706203125 0.575320759375 0.1510018796875 0.5773576484375 0.1557433015625 0.567978096875 0.163148846875 0.5699308984375 0.1655600828125 0.5847808640625 0.15890975937500001 0.580085915625 0.166715178125 0.5768516234375001 0.1717430171875 0.5844915734375 0.17186362187499998 0.5920660703125 0.1739518375 0.6055839390625 0.1780114421875 0.6141007140625 0.18277908125 0.6176871625 0.18809365 0.6222886609375 0.19610578437499998 0.6289990984375 0.20054865937500002 0.6378858921874999 0.20495605 0.640454 0.20477025000000001 0.637955490625 0.1957639046875 0.639838575 0.1928033984375 0.6425186578125001 0.18990795 0.6531687515625 0.193701821875 0.6559451921874999 0.18797205625 0.6542397953125 0.1836707796875 0.6633881609375 0.1780321015625 0.67042411875 0.1728764203125 0.675429003125 0.1667795453125 0.666001490625 0.16007143906250001 0.6630080375 0.1576229640625 0.654753009375 0.1514761171875 0.6488145296875001 0.14345914375 0.6421413593749999 0.133228359375 0.6309212546875 0.11917141875 0.6277389484375 0.1087288609375 0.6168728296875 0.1025139359375 0.6121212468749999 0.10166579375 0.6021274546875001 0.09837855625 0.5924910453125001 0.097520240625 0.59376534375 0.0930874734375 0.6072035203125 0.088586 0.6255674359375 0.0786796859375 0.6429240546874999 0.0819266421875 0.6530101171875 0.0813108921875 0.6760410828125 0.097974440625 0.6714622625 0.088069375 0.6639097046875 0.0781298109375 0.6430586015624999 0.0555909734375 0.6588059265624999 0.065079315625 0.6664863359375001 0.06805385625 0.671730275 0.0606494109375 0.6781586578125001 0.0535386703125 0.687538321875 0.043917334375 0.6971464734375 0.0366476921875 0.6974066062500001 0.0339121796875 0.5613922828125 0 0.38595358125 0
0 0.74025445 0.07604838750000001 0.744560984375 0.0838549328125 0.753456934375 0.08955609375 0.7556905734375 0.08781827656249999 0.7526885734375 0.0814448984375 0.7465775203125 0.07319648749999999 0.7450982625 0.0675361109375 0.7469628593750001 0.0659027421875 0.7515182703125001 0.0699532375 0.7554494078125 0.069015471875 0.7593011749999999 0.07200645624999999 0.7647869140625 0.07302315312499999 0.7753960703125 0.082193384375 0.7879335875 0.0934789 0.7924950296875 0.0938818828125 0.8097598828124999 0.08745362031250001 0.8123111875 0.08466777187499999 0.8072541515625 0.0838046640625 0.7964042734375 0.08708992812500001 0.7907912328125 0.0885149640625 0.7850200046875 0.0848972546875 0.7797988546875 0.0815986609375 0.77677709375 0.0757372734375 0.7709302390625 0.0711828171875 0.7777089375 0.067911496875 0.7932276796875 0.0611171234375 0.7965405078125001 0.0586290375 0.7170278046874999 0.0388042953125 0.7128272703125 0.043406034375 0.7122027421875 0.0476030546875 0.71283983125 0.051881132812499994 0.7192493453125001 0.055083096875 0.7259149765624999 0.060584060937499996 0.731805403125 0.065125225 0.732689346875 0.0702410328125 0.74025445 0.07604838750000001
0 0.7065764 0.045974803125000005 0.7076239906249999 0.047992870312500005 0.7092651078125 0.0477273171875 0.7114871468749999 0.043226496875 0.7097048359375 0.0395501765625 0.7068595046875 0.0400146890625 0.7065764 0.045974803125000005
0 0.538995153125 0.15307390625 0.5395433640625 0.1486469046875 0.536690278125 0.1452414625 0.5330909328125 0.1440992734375 0.5303798640624999 0.1435408828125 0.5241996624999999 0.1481901078125 0.5268255921875 0.153146028125 0.5303751625 0.15408095625 0.538995153125 0.15307390625
0 0.5525028796875 0.16925840781249998 0.5539223203125 0.164824790625 0.552732971875 0.16156684999999998 0.550183878125 0.16185723125 0.5456939671875001 0.16250430625 0.543043075 0.1648176515625 0.543896121875 0.1690175265625 0.5495021125 0.1702236265625 0.5525028796875 0.16925840781249998
0 0.611666959375 0.77697483125 0.6186849624999999 0.7829742859375 0.6207642890625 0.7859114421875 0.6234916984375001 0.7889361078125 0.629941896875 0.793550815625 0.6342586781249999 0.7929910109375 0.6347421875 0.7881259703125 0.6392958171875 0.7905560265625 0.636234859375 0.79881554375 0.6272625640625 0.8072163640625 0.629956571875 0.8113567156249999 0.6442594500000001 0.807313996875 0.651579471875 0.8090988250000001 0.6601063859375 0.80473195625 0.6709814734374999 0.7945704124999999 0.676928390625 0.7925619421875 0.6875301781250001 0.787087571875 0.6908356125 0.7872901203125 0.70591994375 0.794083325 0.7108395109375001 0.7962922140625001 0.71899203125 0.808133409375 0.7163512609375 0.8108711843749999 0.7214944015625 0.8148572640625 0.7242377234374999 0.8088921828125001 0.7146117171874999 0.794525759375 0.718524553125 0.786821640625 0.7256204734375 0.777608375 0.7263247359375 0.7712572843750001 0.7334459296875 0.765456178125 0.7439466984374999 0.760238428125 0.7501712687500001 0.7550366484375 0.7427672375000001 0.74924851875 0.7361014984375001 0.7327940374999999 0.7246713640625 0.7197990812499999 0.7233868296875 0.7152371921875 0.7285021296874999 0.7177460953125 0.7462394031249999 0.7206741046875 0.7476971421874999 0.722868509375 0.7451214687500001 0.725474365625 0.7489412921875 0.7330822640625 0.7409962390625 0.7376924359375 0.7448191859375 0.744848609375 0.754460146875 0.735529140625 0.7643392546875 0.7396380406249999 0.7581554203125 0.7481318375 0.7525296265625 0.7533605234375 0.7601873859375 0.755276259375 0.7703127578125 0.7497040390625 0.778598353125 0.747861590625 0.78967818125 0.7546338328125 0.7949659953125 0.755482015625 0.800613646875 0.7524584953125 0.8056192265625001 0.7540511375000001 0.8132337125 0.7594472875 0.8153162593750001 0.7650777234375 0.8252220421875001 0.7688212859375 0.835084296875 0.7636649546875 0.82850335625 0.7584508109375 0.822407725 0.7530146671875 0.8153883437499999 0.7442370421875 0.8087015765625001 0.7340801640625 0.7922619390625 0.7138892375 0.7814187203125 0.7055350578125 0.7737799109375 0.7042214812500001 0.7691881656249999 0.699645009375 0.776974853125 0.6945009796875 0.7831451015625001 0.6866946281249999 0.786293571875 0.6801896484375 0.7944587249999999 0.67725435 0.800831396875 0.6797256984375 0.804565134375 0.6818466609375 0.8184037421875001 0.6855240703125001 0.8264577359375 0.6919798984375001 0.8339996859375001 0.6995270812500001 0.8431808999999999 0.700887053125 0.8429204468749999 0.6935289124999999 0.8343068875 0.68792875625 0.8285963140625 0.677751175 0.82386613125 0.6676006390625 0.814221178125 0.6544340203125001 0.8066791828125 0.6456146625 0.790340896875 0.6340787828125001 0.7764721046874999 0.6294115437500001 0.7855217156250001 0.6252152578125 0.792667896875 0.6205733796875 0.78942531875 0.6166956171875 0.778861046875 0.6173757156249999 0.7744730546875 0.623381628125 0.7715181265625 0.6261199828125 0.7658005593749999 0.6276542265625 0.7594781015625001 0.624884603125 0.746444653125 0.625786440625 0.7388284625 0.629077615625 0.7360414937499999 0.634339371875 0.7346276578125 0.640442690625 0.7323326296875 0.642187746875 0.7197653468749999 0.629975309375 0.7104836671875 0.6279525968749999 0.70726489375 0.62036895 0.6973782468749999 0.6157219296875 0.6731102796874999 0.6115311828125 0.6615620171875001 0.6136841703125 0.660587403125 0.6096101875 0.66839679375 0.6056087140625 0.6794991296874999 0.6048308828125 0.6776771609375001 0.5977678046875 0.6685835875 0.59956339375 0.662324459375 0.6022557109375 0.6593372390625001 0.6054658921875 0.654778328125 0.6090636093749999 0.6493998265625 0.6122283125 0.6470624359375 0.6188904265625 0.6388953125 0.615116584375 0.6377494328125 0.6284575296875 0.6343786171875 0.6291372453124999 0.6229616609375 0.6172067859375 0.6214140859375 0.6137774 0.6293656984375 0.615941928125 0.6290435109375 0.610439603125 0.6241406734375 0.602925615625 0.6140450984375 0.5909010953125 0.6067187578125 0.586913365625 0.6146652328125 0.5815547421875 0.6292475015625 0.5704752796875 0.64005876875 0.5636634203125 0.6464368078125 0.5668301609374999 0.6371530015625 0.5674382046875001 0.64440205625 0.5714581953125 0.6515330265625 0.5757192812499999 0.6575979937499999 0.5800060515625 0.667260215625 0.58752309375 0.6751147921875 0.5902511984375 0.6761270968749999 0.584414921875 0.6722596249999999 0.576365184375 0.667532978125 0.57360213125 0.6648357671875 0.5763789765625 0.657701834375 0.5722266546875 0.6570060390625 0.5739904046875 0.6518674109375 0.5687526109375 0.6427726546875 0.5602900796875 0.6448661140625 0.5574094015625 0.6443360109375 0.55212094375 0.6386041921875 0.5466982125000001 0.6412271640625 0.5421846328125 0.6359176046874999 0.534519315625 0.6304169125 0.5284343921875 0.624659734375 0.5254578765625 0.6198028437499999 0.5210858328125 0.61997294375 0.51440993125 0.6251940140625 0.5109918015625 0.634621321875 0.504195596875 0.6372932375 0.5027667359375 0.6369487046875 0.499084959375 0.6438968953125 0.49776253437499995 0.6417775015625 0.494391871875 0.632880459375 0.494152690625 0.623513378125 0.4991055859375 0.61341925625 0.5019560796875 0.606163746875 0.5057059515625 0.6006487734375 0.503404971875 0.59940729375 0.49801161250000003 0.5984771546875 0.4917570546875 0.5947745890625 0.48619775 0.5879731234375 0.48043425156249997 0.5848284234375 0.47312833750000005 0.56898661875 0.4598595296875 0.571881071875 0.457970846875 0.5735079453124999 0.459751696875 0.57472719375 0.46294785000000005 0.578808884375 0.4657723234375 0.58449331875 0.46577896093750004 0.5785159609375 0.462200034375 0.576966084375 0.461124384375 0.5797620421875 0.45928843906249994 0.5837810921875 0.4583403875 0.5864594656250001 0.46233029999999997 0.5897521171875 0.4650900921875 0.5969684453124999 0.4647008796875 0.6034670109375 0.4589103984375 0.6012829843749999 0.45580542968750004 0.607458778125 0.4537702859375 0.6214529875 0.44402893125 0.6270441265625 0.44092851718750004 0.6391241062499999 0.43523493125 0.6499456578125 0.432102028125 0.6553609078125 0.429519765625 0.6625876453124999 0.42042768593749996 0.6601558640625 0.41326570625 0.6535159765625 0.40293371718750004 0.6492995109375 0.39672936718749996 0.63336130625 0.392818328125 0.62748616875 0.386685134375 0.6322323375 0.380172703125 0.635822146875 0.37342831875 0.6234387578125 0.357177925 0.6130849234375 0.352047265625 0.610036625 0.348565775 0.5990165734375 0.3356440796875 0.5945560984375 0.3289070609375 0.586469003125 0.325839175 0.5803286765625 0.3168427109375 0.5815407515625 0.313492678125 0.573948190625 0.30621307343750004 0.565031946875 0.3079691390625 0.5574358593750001 0.2993086 0.5489720124999999 0.30153012343749996 0.5407772750000001 0.3062245828125 0.530573096875 0.31242289687499997 0.5245935859374999 0.3168226390625 0.5190375453125 0.3196918640625 0.5122062640625 0.3153203109375 0.5089285828125 0.315258340625 0.5072247765625 0.307482359375 0.5025313546875 0.3027259453125 0.501572503125 0.2966123796875 0.49543941562500005 0.2900734796875 0.4805580984375 0.2843067546875 0.47493114687500004 0.2847089828125 0.47548312812500004 0.2898386421875 0.4692963578125 0.2924926359375 0.4689791828125 0.29491440468749996 0.478562965625 0.3066341828125 0.46710888125 0.3126915578125 0.46549000156250003 0.3151607609375 0.46444498125000006 0.321399515625 0.46158307499999995 0.33699864218750003 0.4591034734375 0.34470261406249997 0.45842599531249995 0.3550540109375 0.4567665015625 0.3592168203125 0.456611278125 0.3654455375 0.4559862078125 0.368785725 0.44714564375 0.41769029843750005 0.44341034218750003 0.4310700203125 0.44251413125 0.4383136875 0.44140451875000003 0.44368769218750004 0.43632421250000003 0.46175147499999997 0.44001315625000004 0.4667453765625 0.4346578390625 0.46941665625000006 0.43481552343749996 0.476063171875 0.443034428125 0.46943750624999997 0.446963846875 0.47117407812499995 0.43920829687499996 0.478815446875 0.44377284687499996 0.488926296875 0.4494008390625 0.49016686875 0.4535807296875 0.4900721375 0.45921797656249996 0.49156622812500006 0.46306238281249995 0.49310768749999995 0.46704035624999996 0.49611564531249996 0.46695254531249997 0.4992838234375 0.46984333593749994 0.501788828125 0.47196026875 0.50426514375 0.4728374203125 0.5064307343750001 0.4731135375 0.50859784375 0.47277093125 0.5115543437500001 0.470900690625 0.5162459390625 0.46510233906250004 0.5194734359375001 0.46232215468750004 0.5168865046875 0.45924418281249996 0.518019275 0.4587766453125 0.521773946875 0.4512638640625 0.5213951906250001 0.44524873749999994 0.519814934375 0.4389593453125 0.5160020078125 0.434111928125 0.5098287515625 0.43337175781250004 0.5055442953125 0.43783614374999996 0.505283778125 0.43826653281250005 0.502711490625 0.43704916718750003 0.4994948734375 0.4337030765625 0.49792467656249995 0.42961086562500006 0.49943742812499997 0.42816415937499996 0.5009060640625 0.428920446875 0.503110765625 0.4275579359375 0.510674571875 0.42957852656249995 0.513614796875 0.44023887500000003 0.52403291875 0.4315110171875 0.5288504984375 0.4228172578125 0.5312578593749999 0.42332776718750004 0.538523753125 0.4247728421875 0.5434622296875 0.43204770468750003 0.5517383265625 0.43094878281250004 0.55723738125 0.42980918749999997 0.5607423640625 0.42718766406249997 0.5663481109374999 0.4186254609375 0.563454846875 0.417016921875 0.5702874125 0.41386683125 0.588011184375 0.416491909375 0.5958123515625 0.41191099375 0.599969809375 0.4080110375 0.6040699921875 0.40833185624999996 0.6074076859375 0.41258160781250003 0.609319134375 0.41224855781249997 0.6130058875 0.41790892343749997 0.61629965625 0.4179346625 0.6222417625000001 0.415439215625 0.6288596390625 0.409426021875 0.6315343671875 0.41118750625 0.638232921875 0.41206908125 0.6437974203125 0.409065003125 0.651512334375 0.4084658390625 0.661058765625 0.40514334375 0.666834353125 0.39880813437499996 0.6690696890625001 0.3988291234375 0.67169815625 0.40943688749999996 0.666684221875 0.4125517625 0.6687748796874999 0.3954327234375 0.678060803125 0.39789111093749996 0.6799555734375 0.409828834375 0.6740316671875 0.40724641406249995 0.68034605 0.40563305781250003 0.6897491171875 0.40126950624999996 0.685865621875 0.3987758328125 0.6880973906250001 0.4006913484375 0.6932739375 0.405281178125 0.6966180265624999 0.4080133109375 0.7029176781250001 0.4079803796875 0.7059755437499999 0.40222697187499995 0.708958203125 0.3962006828125 0.7095024140625 0.38954595 0.7122442453125 0.3870966828125 0.71518275 0.3877537546875 0.7187025125 0.3861896234375 0.72025459375 0.38399659062499997 0.7352636328125 0.38842341406249997 0.736129034375 0.39186025625 0.7355849453125 0.3936157578125 0.735822959375 0.4006629453125 0.74182808125 0.4017142625 0.7365587078125 0.4033749578125 0.7336957359375 0.4087542203125 0.7317357531249999 0.41316779375 0.7284303078125001 0.41809921250000004 0.7302041406249999 0.419560890625 0.7332352906249999 0.42783843125 0.7390270359375 0.433877290625 0.74038293125 0.44059259375000004 0.7399364359375 0.44222041875 0.7390266546875 0.4507552828125 0.7442319828125 0.4517447859375 0.73889405625 0.456938365625 0.7393451468750001 0.4591419375 0.7379991953125 0.469663728125 0.7408544609375001 0.47606477968750005 0.7384648453125 0.490737128125 0.7319972953125 0.4932557046875 0.7295945984375 0.4858854390625 0.7310533375 0.47356044375 0.7358243078125 0.47085579062500005 0.7340259484375 0.4667936140625 0.728500978125 0.46777843125 0.7187511796875 0.4723521296875 0.7133696781250001 0.4783793890625 0.7101670484375 0.48539192499999995 0.708722178125 0.4916395140625 0.710552021875 0.49272706250000003 0.7152322734375 0.4947447234375 0.720728978125 0.4986693375 0.725055378125 0.501603134375 0.72904778125 0.5051742 0.73161450625 0.5099814453125 0.7311930906249999 0.51229339375 0.73163425625 0.5149815609374999 0.7343319015625001 0.514560159375 0.73733316875 0.5143601484375 0.7392591796875 0.5157364734375001 0.7439502375 0.5189791734375 0.7474206140625 0.5227373531249999 0.7474413546875 0.53391295 0.745058571875 0.5311180249999999 0.74193655625 0.5275314671875 0.738844221875 0.5198931578125 0.732329390625 0.5143455375 0.7251474015625 0.5137325140625 0.72057258125 0.5083960859375 0.7159601999999999 0.5022599 0.71171364375 0.492494434375 0.7075300171875 0.4857896515625 0.7030386328125 0.49425661875 0.6973621109375 0.4998592390625 0.69623721875 0.5040830953125 0.6931566171875 0.5151325609375 0.6878759921875 0.519424803125 0.6898624484375 0.5286508328124999 0.6907778687499999 0.5348168171875 0.6900092234375 0.545197675 0.69652345625 0.5510432546875 0.7026589421875 0.557157075 0.7098887015625001 0.5504614937500001 0.7163531015625 0.544704290625 0.7199258078125 0.5353643609375001 0.725267121875 0.5347521515625 0.728568646875 0.533186028125 0.736555125 0.541234875 0.740267271875 0.5368103140625 0.7429773749999999 0.5344743828125 0.7483548078125 0.5383240687499999 0.7564435890625 0.5448459453125001 0.7575479281249999 0.5488555203125001 0.7530016374999999 0.558681571875 0.7523178374999999 0.564834040625 0.7499564234375 0.571271290625 0.7538674078125001 0.5783224203125 0.7487348328125 0.581407971875 0.7523963078125 0.5770610515625 0.7526378031250001 0.57645346875 0.7560628671875 0.5763426859375 0.7600594703125 0.5757562296875001 0.7627345546875001 0.5863613062499999 0.7600629859375 0.59117478125 0.7587059093749999 0.5923088812499999 0.7572962109375 0.5989880734375 0.7662627750000001 0.6054855421875 0.7719150515625001 0.611666959375 0.77697483125
0 0.5314511828125 0.2082293953125 0.5306179656250001 0.2060232265625 0.5289712625 0.20524550156250002 0.5282796671875001 0.20586213125000002 0.5276475015625001 0.2069702375 0.5271048625 0.20822305000000002 0.5279914953125 0.20980162343750003 0.530230153125 0.209406465625 0.5314511828125 0.2082293953125
0 0.4634107328125 1 0.4571109125 0.993545540625 0.46494573125 0.9961914234375 0.4720902921875 0.997375328125 0.481754028125 0.9982984296874999 0.490109671875 0.9951610234375 0.499115275 0.9962823609375 0.512077015625 0.99464765625 0.5236055187499999 0.9918117921875 0.5290414343750001 0.98835221875 0.5377053843749999 0.9849470703125001 0.541953271875 0.9779207031249999 0.5461719875 0.9709079953125 0.549147478125 0.9623324765625 0.5498367359375 0.95442689375 0.5389764609375 0.9520572921875001 0.538336021875 0.9472759546875 0.53421643125 0.9414516421875 0.5409164484375 0.9390061296875001 0.5478296265625 0.94583936875 0.5508220078125 0.9513858578125 0.5532857812499999 0.9528069234375 0.5568371453125 0.9589726625000001 0.569037446875 0.9763448984374999 0.5753966875 0.9803491578125 0.5748150609375 0.974485846875 0.5676754296875 0.9649181625000001 0.5557426109375 0.9540362375000001 0.5544161937500001 0.9509599046874999 0.5584645046875 0.9525361 0.5731225703125 0.9654244203125 0.5622138515625 0.950577146875 0.552023278125 0.9399412046875 0.5347594421874999 0.9240118468749999 0.5562447390624999 0.9162992640625 0.566463725 0.9071480671875 0.5764046546875 0.9077473609375 0.582145978125 0.9108197640625001 0.58878138125 0.9140651656250001 0.5910993375 0.9102259515625001 0.5862963375 0.9047787578125 0.5820616937499999 0.902186684375 0.5829302671875001 0.899180965625 0.578769584375 0.8889034953125 0.5758829890625 0.88404361875 0.5764023218750001 0.875902428125 0.5691203796875001 0.867816196875 0.55478055 0.8625709593750001 0.5499761999999999 0.86097856875 0.5535447062500001 0.8541064875 0.551403590625 0.8547369187499999 0.5519572109374999 0.8522710421875 0.558936715625 0.85192745625 0.571439775 0.845286196875 0.5714071749999999 0.8416773624999999 0.568243690625 0.8406213015624999 0.5761652859375 0.8348716062499999 0.5704829765625 0.8292373828124999 0.564419159375 0.8243711781249999 0.56677801875 0.8168995875 0.56496580625 0.815674790625 0.5621476125 0.82070009375 0.5598817109375 0.8193637921875 0.5621759843749999 0.8164269000000001 0.5571610984375 0.8079091125 0.5514121640625 0.805984590625 0.5491233703125 0.8044042515625 0.5416964984375 0.8074398875 0.54351358125 0.8085741078125 0.5458108734375 0.8122065218750001 0.5474040875 0.808703525 0.5521826390625 0.80965018125 0.5559963531250001 0.8123933484375 0.557402753125 0.8179002921875 0.5509401859375 0.816499946875 0.541813578125 0.8163935484374999 0.5339747125 0.8217274703124999 0.528972490625 0.820650971875 0.526760046875 0.8115629671875 0.5179508484374999 0.806411625 0.512631025 0.8004925734375 0.5064929546875 0.79686069375 0.50217766875 0.7925963125 0.4962898734375 0.7880187640625 0.49222804375000007 0.7824471828124999 0.489293303125 0.77516463125 0.4901385859375 0.76828669375 0.4923618125 0.7644657296874999 0.49196625781250003 0.761001509375 0.4864792484375 0.7585754546875 0.49111350312499996 0.754268653125 0.48734905156249997 0.7533171859375 0.47948794218749996 0.757035228125 0.4718801734375 0.7586650296874999 0.4582347984375 0.7663097453125001 0.451801034375 0.7726993249999999 0.4505626234375 0.7679653578125001 0.44467679687499995 0.7671001203125 0.4410710421875 0.7684056515625 0.435508084375 0.772323090625 0.43493819843750003 0.7778316640625 0.43641805624999996 0.7796467125000001 0.43744098906250006 0.7828229046875 0.437493003125 0.7871676703125 0.43885290625 0.7910591296875 0.4314032765625 0.7868747953125 0.4275076484375 0.7834396953125 0.42412210625 0.7788113015625 0.42042868437500003 0.7739257859374999 0.4118522546875 0.7659161640625001 0.40684657968750004 0.7575810296875 0.3999051921875 0.752882503125 0.393307771875 0.7449830453125 0.39539096093750004 0.7504300640625 0.391621121875 0.7511471703125 0.3884281453125 0.7507971343750001 0.3848720734375 0.7533630625 0.3839826328125 0.7569304156250001 0.38376767031250003 0.7621780375 0.38117725625 0.7654436765625 0.378014753125 0.7677357437500001 0.3758589671875 0.7721323078125 0.37351405312499997 0.7800840359375 0.37266572187499997 0.7911271453125 0.37886335625 0.793066921875 0.380093703125 0.8006298453125 0.3771076859375 0.804545653125 0.37335399687500004 0.8080268984375 0.3710889828125 0.81049120625 0.3723355953125 0.8150114343749999 0.370486121875 0.8183861234375 0.36706721249999996 0.8203179609375001 0.3659884015625 0.823462890625 0.3659685375 0.827404865625 0.3654725125 0.8322555140624999 0.3648783296875 0.8352974390625001 0.36499121093750003 0.8406123093750001 0.361889178125 0.8462399625 0.362627178125 0.8512887843750001 0.36188664843749996 0.8530252781250001 0.359953040625 0.8647784921874999 0.3615047078125 0.8692829890624999 0.36105891562500003 0.873867575 0.359708571875 0.8773006875 0.357698471875 0.8807577125 0.3556325453125 0.88343108125 0.353610803125 0.8894536875 0.3535191078125 0.8948657015625001 0.353632753125 0.89958976875 0.354908946875 0.9065425359375 0.3576963296875 0.9109219515625 0.3617636078125 0.91612290625 0.36391106562500003 0.9183282437500001 0.363527971875 0.921382540625 0.3610655546875 0.9262984781249999 0.3526240609375 0.9273129921875001 0.3451146359375 0.9244535484374999 0.35265037499999996 0.9323679500000001 0.3597427703125 0.93076424375 0.3686746703125 0.928596615625 0.37065653906249996 0.930232478125 0.3759684640625 0.930854784375 0.379895528125 0.931263853125 0.38164534843750003 0.9339014578124999 0.3829010671875 0.937241971875 0.3970175078125 0.9428018890625 0.40273892968749997 0.9455665874999999 0.39941509375 0.94742711875 0.39862015781250004 0.948225715625 0.39053261250000004 0.9480402140624999 0.381401425 0.9538748046875 0.382532659375 0.9551246640625 0.3906406734375 0.9505261359375 0.3943075796875 0.95063523125 0.40032764531250004 0.9504389109375 0.4044352296875 0.9492649406250001 0.40617303437499996 0.9520799078125 0.40841822499999997 0.9548233093749999 0.4113392875 0.9584534328125001 0.4095548 0.9609216046875 0.40230253281249995 0.9584129171875 0.3989372640625 0.958275965625 0.39811254687500003 0.9611187031249999 0.403798875 0.963520378125 0.40136310000000003 0.9656232625 0.39749715 0.9641746625 0.4022609484375 0.9705541265625 0.39643735625 0.9734178375000001 0.3953268890625 0.977438946875 0.399268484375 0.97925585 0.407379565625 0.9783071046874999 0.413083765625 0.9760126703124999 0.41794742031250004 0.9784974796875 0.42146221562499997 0.98256871875 0.42579693750000003 0.9870070328124999 0.4321070984375 0.9883081859375 0.4408124703125 0.9898780234375 0.4458115796875 0.9920262281250001 0.45166581250000004 1 0.4634107328125 1
0 0.5802700656249999 0.8190799375 0.584137153125 0.8229266078125 0.5900976328125 0.8279812218749999 0.5963471484375 0.8280659453125001 0.5965887171875 0.8247396437500001 0.5931811859375 0.8200961031249999 0.58973736875 0.815003896875 0.585015465625 0.8095543781250001 0.580033425 0.8038370984375 0.5752296859375 0.800214228125 0.569220290625 0.799308521875 0.5657176359375 0.8042436859375 0.5704335875 0.8116675984375 0.5773446234375 0.8163134703124999 0.5802700656249999 0.8190799375
0 0.53618991875 0.8028317812499999 0.5437208375 0.8013293609375 0.5485328859374999 0.79711680625 0.5573635968749999 0.797337840625 0.5518109390625 0.7935733328125 0.5593384312499999 0.7896497250000001 0.5586431937499999 0.7839062390625 0.5658517484375001 0.783212346875 0.569392296875 0.7800692703125 0.5738662296875 0.7793248109375 0.5777057015625 0.7802531140625 0.583298153125 0.776830959375 0.5879387578124999 0.7735772875 0.5936105875 0.7704309687500001 0.5935346265625 0.767170428125 0.5867054031250001 0.7660522624999999 0.5809677265625 0.7675444546875 0.5740081203125 0.7699912671875 0.5654336062499999 0.773993603125 0.5618495375 0.7766330671875 0.5581558796875 0.776766903125 0.5314696734375 0.7868221078125 0.5271814640625 0.790612925 0.52163963125 0.7979720828125 0.5256170453125 0.80309426875 0.53618991875 0.8028317812499999
0 0.5334932609374999 0.7591554656249999 0.5324977109375 0.7603259515625 0.5358935671875 0.7686783984375001 0.5455704296875 0.7711829015625 0.5465828390625 0.7691051703125 0.54316569375 0.7612450078124999 0.5392843171874999 0.7593738734375 0.5334932609374999 0.7591554656249999
0 0.49849653125 0.7490191484375 0.49936578125000003 0.7470828609375 0.5003398875 0.745559196875 0.49869124375 0.743510434375 0.4962619015625 0.7443991203125 0.4921426359375 0.7456780703125 0.49065062187499997 0.7474123859375 0.492609790625 0.7491070015625 0.4961259 0.7510609796875001 0.49849653125 0.7490191484375
0 0.6066830703125 0.8450168203124999 0.6024203953125 0.8418460890624999 0.6003563171875 0.8390544437499999 0.5980785640625 0.8351563656250001 0.5943060874999999 0.831705271875 0.5881934984375 0.8282166249999999 0.586342475 0.8285425656250001 0.5878968484375 0.83253243125 0.5967313484375001 0.8423358953125 0.6026136296875 0.8501778249999999 0.6089495734375 0.856891296875 0.6160018 0.8606802453125001 0.61980008125 0.8581956421875001 0.61908920625 0.85529210625 0.6136680125 0.8544686390624999 0.6147696734375 0.8509026687500001 0.610554759375 0.847152853125 0.6066830703125 0.8450168203124999
0 0.388854209375 0.9660423484375 0.3862262203125 0.9626253953124999 0.3815536484375 0.959677753125 0.3792394484375 0.956274621875 0.3784017625 0.9577872109375001 0.37599934375 0.9581028890625 0.3772423296875 0.9622824328125 0.38111787812500003 0.965126365625 0.3868943453125 0.966843578125 0.388854209375 0.9660423484375
0 0.35571701093749997 0.9564501812499999 0.35442361093749997 0.95944176875 0.3563340890625 0.9656396203125001 0.35836265312500004 0.970401509375 0.3651393765625 0.9777884984374999 0.369783340625 0.9828401546875 0.3725987140625 0.98354210625 0.37940139687499996 0.98523820625 0.369275796875 0.9730757625 0.36031867812499996 0.961135409375 0.36650045000000003 0.964359496875 0.373769184375 0.9725310046875 0.38206364531250003 0.9859019796874999 0.394063475 0.988893871875 0.38544173593750003 0.97934796875 0.37770384375 0.97057155625 0.372533053125 0.9606187374999999 0.36187373749999996 0.9548273609375 0.3580638109375 0.9538774406250001 0.3509220140625 0.9456812203125 0.347399815625 0.9454825984375 0.35571701093749997 0.9564501812499999
0 0.881535309375 0.9975047625 0.885097109375 0.99800311875 0.8879394671874999 0.9940369984374999 0.8885117109375 0.9910572375 0.8824328484375 0.9875689484375 0.874539790625 0.9881082781250001 0.8790981359375 0.994401090625 0.881535309375 0.9975047625
0 0.9097798515625 0.87848676875 0.917125615625 0.8784309609375001 0.920425440625 0.8805484078125 0.9232342921875001 0.8679457671874999 0.92334741875 0.8664586484375001 0.9177722640624999 0.867867365625 0.914054484375 0.86880840625 0.9131647765625001 0.8713563515624999 0.9123273078125 0.8738110390625 0.9081755156250001 0.8739932937500001 0.9075411328125 0.8763891140625001 0.9097798515625 0.87848676875
0 0.93312575 0.8119005046875 0.9355509921875 0.8117193437499999 0.9370488859374999 0.8102972875000001 0.9374994890625 0.80732745625 0.9353519640625001 0.806213909375 0.9325494421875 0.8078565875000001 0.9311876140625 0.809908390625 0.93312575 0.8119005046875
0 0.944306753125 0.777325278125 0.943144278125 0.7782093734375 0.9422309625 0.7799800828125 0.9435745984375 0.7833167515625 0.944449796875 0.784191978125 0.944487975 0.784038853125 0.9462645890625 0.7769132437499999 0.944306753125 0.777325278125
0 0.9169365671874999 0.77966714375 0.9153379968750001 0.7758997578125 0.9107959578125 0.7750185125 0.9058357203125 0.7738123828125001 0.9033334234374999 0.7755943281250001 0.9160692812500001 0.7871048218750001 0.9178482499999999 0.78609906875 0.9165570437499999 0.7835725874999999 0.9169365671874999 0.77966714375
0 0.9066778421875 0.8524021234375001 0.9044750593750001 0.8484035734375001 0.9015374406250001 0.843160596875 0.89669235 0.8388704015625 0.8951311015625001 0.8407855265625 0.899667553125 0.8478120234375 0.8954946390625 0.8487506984375001 0.8957486015624999 0.8518398359375 0.9006643921874999 0.8564665046875 0.903798090625 0.858959609375 0.908216146875 0.8579483968750001 0.9066778421875 0.8524021234375001
0 0.850335396875 0.7615092453125001 0.8558507734375 0.7674448484374999 0.856646203125 0.7626334234375001 0.8557340421875 0.7590387875 0.8528974140625 0.755289615625 0.850335396875 0.7615092453125001
0 0.820121475 0.7925983140625 0.8262278390625 0.789840534375 0.8337831187500001 0.7843135218749999 0.8396483421875001 0.782561659375 0.84492225 0.77939664375 0.8440630546874999 0.7744657546875 0.8383151515625 0.7741711484375 0.831953115625 0.7759327984375 0.8252037640625 0.7812629984374999 0.818673175 0.784359459375 0.8116486406250001 0.7854068062499999 0.806010940625 0.7873893125 0.803554753125 0.793765765625 0.8072443953124999 0.798666440625 0.80963145 0.7980248640625 0.820121475 0.7925983140625
0 0.73304770625 0.7823346390625 0.746222490625 0.7802071484375 0.7526914328125 0.77850758125 0.7564406031249999 0.7846550046874999 0.764877096875 0.78532043125 0.7777345796875 0.8003927109375001 0.7846805359375 0.8081214156250001 0.7877664734375001 0.8141904343749999 0.7908149203125 0.82090068125 0.7942476562499999 0.8228531953125 0.797373828125 0.8236326375 0.8038485 0.8208056546875 0.8035176906249999 0.8130579859375 0.7979447921875 0.8078504046875 0.791925403125 0.8013269703124999 0.7873412265625 0.79553819375 0.786111003125 0.788168540625 0.7858316328125 0.7808604359375 0.779578659375 0.7771081203125 0.7750485671875 0.7807323453125 0.767578496875 0.7711917765625 0.7547006984375 0.7659406890625 0.7435720390625 0.7658423765625 0.7348790515625 0.7706686515625 0.722940759375 0.775096415625 0.722287303125 0.778492328125 0.73304770625 0.7823346390625
0 0.7464467546875 0.8052393406249999 0.7402680625 0.80448949375 0.742806475 0.8016907703125 0.7385918031250001 0.794730009375 0.7350628359375 0.791019171875 0.72878480625 0.7925859828124999 0.721319309375 0.7908743859375 0.7183940171875001 0.7949341624999999 0.72092000625 0.8036494484375 0.7287057796874999 0.8102380828125 0.7322446109375 0.8187598359375 0.7419076312499999 0.81975039375 0.72475313125 0.8280934828125 0.734118909375 0.8336605734375 0.7441618437499999 0.8289679765625 0.749765215625 0.827833609375 0.7584627312500001 0.8229762562499999 0.7672008484374999 0.8182014921875 0.7702097 0.8108420421875 0.763914234375 0.8112064171875 0.7600568453125 0.8131078359374999 0.754100809375 0.808487509375 0.7464467546875 0.8052393406249999
0 0.8820479125 0.51023928125 0.887288015625 0.505756634375 0.8979152625 0.5015881515625 0.9078097250000001 0.49822087968749995 0.9159028656249999 0.49287466875 0.9241256828125 0.48764130781250004 0.9200057828125001 0.485519075 0.9164172984375 0.4871686921875 0.91230901875 0.489042984375 0.9069278359374999 0.48916348750000005 0.900762475 0.49031715781249996 0.89263495625 0.49403802187499996 0.8846111703125 0.49699407500000004 0.878361475 0.4972265421875 0.8672461359374999 0.5074022593749999 0.8610306453125001 0.5029958328124999 0.8688613796875 0.498585825 0.862338009375 0.4939222765625 0.8790593515625 0.495157346875 0.87663931875 0.4891947734375 0.884802490625 0.49271319843750006 0.8870622218750001 0.4896887890625 0.8895316875000001 0.48752828125000003 0.8916362203125001 0.4835827140625 0.8954289765624999 0.4807521203125 0.8937861890625 0.4783763109375 0.88877020625 0.48010641249999997 0.8820371124999999 0.4829816875 0.879064625 0.4843243359375 0.8692549484375001 0.481538728125 0.8645907562499999 0.4750633234375 0.8618699796874999 0.4729356578125 0.8563325718750001 0.47171283906249994 0.8508797640625 0.47363194062499997 0.8504400625 0.47106816250000005 0.848049975 0.4687121515625 0.8401114890624999 0.472921378125 0.839692765625 0.4711712171875 0.84253471875 0.4701583484375 0.8401954593750001 0.46608068124999996 0.8338391890624999 0.463776065625 0.8289423078124999 0.4644794859375 0.8156746859374999 0.46721830000000003 0.8070064984374999 0.46871575625000006 0.802528446875 0.46894066093750003 0.7975667796875 0.466674575 0.7958585 0.4638057765625 0.7947741171875 0.4593388796875 0.7884802609375 0.45745562968750003 0.7856872328125 0.4579299625 0.7857370359375 0.4605784953125 0.7860488640625001 0.4664776 0.7832119328125 0.4688395703125 0.78484439375 0.47286500781249996 0.78992700625 0.47701635312499996 0.7941757703125 0.47616744375 0.79686690625 0.47217489218750003 0.8030528734375 0.47304410781249995 0.79168099375 0.480250821875 0.7840632203125 0.4828378875 0.781637284375 0.486716203125 0.7770364843750001 0.49478342499999994 0.7860068921875001 0.49058832499999994 0.794525303125 0.488354640625 0.7953797109375 0.48452089843749996 0.7967490765624999 0.481205253125 0.8034583312500001 0.4801823578125 0.80890973125 0.47843682187500003 0.8120198140625 0.48074045937500004 0.8052028390625001 0.4834096328125 0.79749290625 0.4816902328125 0.8032795328125 0.48449051093750006 0.7933378046875 0.490417703125 0.8014379437500001 0.49254196562499997 0.8102675890625 0.491075103125 0.8201149796875 0.49297315781249995 0.8323764562499999 0.497421615625 0.8370327453125 0.5027855296875 0.8432641796875 0.5066371468749999 0.8541865468750001 0.507717859375 0.85963266875 0.513802059375 0.8677348734375 0.5179912859375 0.8716037171875 0.5192216015625 0.8771247750000001 0.5161632968750001 0.8820479125 0.51023928125
0 0.8501711328124999 0.44312140156249996 0.8474411390625001 0.4426001609375 0.8483549765625 0.44704708125000003 0.845990678125 0.44651878749999996 0.84107555 0.44174091249999997 0.84230443125 0.44758524531250005 0.8451388640624999 0.453254996875 0.85090486875 0.459399628125 0.857835296875 0.46414856562500006 0.8608536109375 0.45976737031250003 0.86284474375 0.4544811078125 0.8596954578125 0.4495122546875 0.8501711328124999 0.44312140156249996
0 0.8138458343750001 0.43729320625 0.8109578921875 0.4374958828125 0.808622928125 0.4396078 0.8102411843749999 0.44154592499999995 0.813668121875 0.4421201578125 0.8222109812499999 0.43959465625 0.8179202671875 0.43882921562500005 0.8138458343750001 0.43729320625
0 0.8186572234374999 0.45600520156249996 0.8215337921874999 0.4551958140625 0.822795490625 0.4542108515625 0.8221582375 0.4514706015625 0.8217595031249999 0.45136474375 0.8180034968750001 0.44998542500000005 0.8160215484375 0.45002267968750004 0.8151077984375 0.45170471250000005 0.8158513 0.45466469218750005 0.8186572234374999 0.45600520156249996
0 0.8352542625 0.6022133968750001 0.8293524234375 0.5970010968749999 0.8251840093749999 0.5936719 0.824604603125 0.5961120234374999 0.8231005828125 0.5974359312499999 0.8247318828125 0.601420821875 0.8293285906250001 0.6054542390625001 0.8337001828125 0.6082720875 0.8361176312499999 0.6089489 0.8375865484375 0.6066484296875 0.8352542625 0.6022133968750001
0 0.9289793578125 0.6223239828125 0.9329898999999999 0.622902015625 0.9332739015625 0.6213560499999999 0.9310633640624999 0.6176792421874999 0.9279643171874999 0.6154476015625 0.925290165625 0.6139402656249999 0.9261279609375 0.6173939749999999 0.9259282843750001 0.6198482578125 0.9289793578125 0.6223239828125
0 0.7461360328125 0.7651434640625 0.7474298125 0.7657478484375 0.7501946703125 0.7656706859375 0.75416323125 0.7651834828124999 0.7584914875 0.762995271875 0.7651980921875 0.75778485 0.766115253125 0.75610205625 0.7607891140625 0.753379553125 0.7561100281249999 0.7557089593749999 0.7540209625000001 0.7529529546875 0.7507064031249999 0.7533036953125001 0.7486561796875 0.7556363671875 0.7484187296875 0.7576867015625 0.7477339796875 0.7607366421874999 0.7461360328125 0.7651434640625