0 0.35342569375 0.48957162656250003 0.3538554859375 0.491593640625 0.34550314375 0.502665896875 0.348691090625 0.5070600453125 0.35298015625 0.5086834609374999 0.377325834375 0.503931940625 0.3987793609375 0.501483625 0.4092661140625 0.4924943703125 0.41802397031250005 0.485982778125 0.4376650171875 0.48561137031249996 0.45017460781249996 0.480840603125 0.4543394046875 0.47657363750000004 0.43411913750000003 0.471574678125 0.42178959687499995 0.46658855 0.41230429687500003 0.4643795703125 0.390029365625 0.46826922499999996 0.39812376875 0.4559834546875 0.405804459375 0.44970241875 0.39584298906250004 0.450551453125 0.39553746562500003 0.4544198203125 0.38727908437499997 0.45533016562500006 0.36570764218749996 0.47048056875000005 0.36441039218750004 0.4749814484375 0.3646222796875 0.4812765203125 0.34838555625 0.48176934375 0.35342569375 0.48957162656250003
0 0.45752735156249996 0.4809677859375 0.4731609 0.477644771875 0.4750834234375 0.47343270156250006 0.47586326406249996 0.46650511562499997 0.47129383281250004 0.46620803750000006 0.45752735156249996 0.4809677859375
0 0.59195863125 0.450703478125 0.5703089734375 0.4548819421875 0.5634481578125 0.4597219640625 0.5598001203125 0.46641257812500003 0.5510419390625 0.47292264062499995 0.551901525 0.4769666703125 0.5550258078125 0.478415953125 0.556692753125 0.4809976671875 0.5866381390625001 0.4733866015625 0.608764846875 0.46614674218749996 0.6211010578125 0.4605677984375 0.6277263578125 0.451974409375 0.6098344546875001 0.4473255703125 0.59195863125 0.450703478125
0 0.7631666609375001 0.45826155156250004 0.749423809375 0.4704795953125 0.7414375953125 0.48062899843749995 0.7637125265625 0.47673934375 0.7801435265625 0.47451516875 0.80628745625 0.45966119531249994 0.81396661875 0.45338048437499995 0.8040051484375 0.45422951874999995 0.79509906875 0.45739090468750004 0.7631666609375001 0.45826155156250004
0 0.47212149999999997 0.250086621875 0.48031807187500003 0.24623261406250002 0.48933386875 0.2409345359375 0.449496509375 0.2337668078125 0.44375256875 0.24386131562500002 0.47212149999999997 0.250086621875
0 0.3724747078125 0.1842133015625 0.380585190625 0.17995428125 0.3834133515625 0.17470468125 0.38154628437500004 0.163267946875 0.3747951859375 0.165971278125 0.36016092187500004 0.18725239375 0.3724747078125 0.1842133015625
0 0 0.37592851718750003 0.0253086859375 0.38010513281249997 0.018339357812500002 0.38707999375 0.0159806984375 0.39983665 0.0170042625 0.41525610312500005 0.025198981250000002 0.4114008921875 0.03029336875 0.403556221875 0.050037789062500004 0.4116147234375 0.07357814375 0.4163312890625 0.096970275 0.41769765000000003 0.1020807453125 0.41787972812499996 0.09394630781249999 0.4246789265625 0.0927988109375 0.43252968750000004 0.0865172140625 0.44274007656250003 0.133387565625 0.4458778109375 0.15334989062499998 0.44966325625000003 0.1556145890625 0.4470685109375 0.12244103749999999 0.43679428906249995 0.1398410140625 0.43647592343749997 0.1462326515625 0.424130371875 0.15091179999999998 0.42229075937499994 0.1624678453125 0.423637871875 0.227619859375 0.42795989062500006 0.23221477343750002 0.42571646875 0.2300818921875 0.42363314374999994 0.21999494843749998 0.41859365000000004 0.21549432031250002 0.410676690625 0.2254648671875 0.399258878125 0.23541058124999997 0.390384625 0.23958325 0.37555073437500003 0.24303548125000002 0.3705917984375 0.27949246875 0.375097934375 0.2832884046875 0.371755996875 0.280188075 0.3677665375 0.251035921875 0.36846793906249997 0.2567319546875 0.3634537828125 0.2411687375 0.3591565921875 0.22098818125 0.359642675 0.23257452343749999 0.3478830125 0.22900469218750003 0.3363864953125 0.24793558125 0.3353194109375 0.2452316890625 0.3464593921875 0.250146353125 0.348373146875 0.26048335312500004 0.3360340109375 0.26424078125 0.327205178125 0.24766188437499997 0.32608067812499997 0.21843369375 0.315812871875 0.2459351546875 0.2994020046875 0.29142249374999996 0.306637134375 0.309518075 0.29898737343750004 0.2799222265625 0.28964274375 0.30202530625 0.28494458906250003 0.30608825781250004 0.2722473890625 0.3060485484375 0.266762346875 0.31304183124999996 0.25724731093750003 0.32850336874999997 0.2363861859375 0.33316828906249996 0.2265210296875 0.3604039375 0.21946357187499999 0.3502788125 0.208938709375 0.31677545937499996 0.20507150312500003 0.30986897343750003 0.20512741406249999 0.2871701484375 0.1910229234375 0.29464714999999997 0.1678814203125 0.2889829421875 0.15978847499999999 0.2732636296875 0.162708003125 0.2581441078125 0.1684568421875 0.24259632187500002 0.17218334062500001 0.2265714859375 0.1789712359375 0.22742439062500003 0.16442126875000002 0.218656796875 0.1523395125 0.22818211875 0.1308759953125 0.23268273437500003 0.10963388593750001 0.229439321875 0.091729475 0.22044715468749998 0.09448584843749999 0.197890665625 0.1288627609375 0.1959217640625 0.1381548609375 0.1875375953125 0.16233421718750002 0.180428240625 0.155393475 0.19300783906250002 0.1430009734375 0.18916278125 0.1222660484375 0.1674973671875 0.11841929375 0.14237819375 0.11953179843749999 0.1252994953125 0.1240070171875 0.10968049843750001 0.135357103125 0.101367865625 0.1519144 0.0859986125 0.17504339687499998 0.0786934515625 0.1698343328125 0.079029271875 0.1528591890625 0.0811476 0.146915440625 0.0481522546875 0.1560421875 0.04768428125 0.14853480624999998 0.032924532812500004 0.134768325 0.0192213890625 0.1524714109375 0.0030007484375 0.16099098125 0 0.1563668234375 0 0.1643597234375 0.0031756296874999998 0.167292321875 0 0.177833425 0 0.2443774484375 0.007902395312500001 0.24784803281249998 0 0.24760088125 0 0.31153322499999997 0.0089338546875 0.31101869843749996 0.0396689171875 0.32042468749999997 0.03262958125 0.33502128125 0.030270921875000002 0.34777793749999997 0.024285446875 0.36468720781249997 0.014261842187500002 0.36259105156250004 0.002573653125 0.36592048125 0 0.3720047875 0 0.37592851718750003
0 0.08283825156249999 0.43256385 0.07984458125 0.42643835 0.075251521875 0.4286829765625 0.07162590937499999 0.43283373750000004 0.0661638640625 0.441601584375 0.0709927640625 0.4431118515625 0.0770325015625 0.43971469687500003 0.0802904546875 0.43648711249999994 0.08283825156249999 0.43256385
0 0.0422179953125 0.43232435625 0.0188876734375 0.4339016578125 0.019637215625000003 0.4400808484375 0.035788175 0.4391845390625 0.0422179953125 0.43232435625
0 0 0.5222629953125 0.073851584375 0.5599407750000001 0.1843745625 0.6133587546875 0.2082125671875 0.6247738765624999 0.2247214578125 0.6335201125000001 0.2405968671875 0.6233838656249999 0.2532779859375 0.61942006875 0.265935475 0.617997978125 0.2714117484375 0.617255675 0.2808352375 0.6165209921875 0.2901711109375 0.6153816187500001 0.29269527812499996 0.6140000624999999 0.3037818203125 0.60784011875 0.30996978125 0.60779316875 0.3151263046875 0.6028936890625001 0.3095002796875 0.6002861109375 0.2957652984375 0.6019372296875 0.3016571375 0.5951913984375 0.30640629375 0.5857300515625 0.2918741875 0.5862838609375001 0.28167872968749996 0.5833792046874999 0.27650645156250003 0.580253465625 0.2638489609375 0.58167555625 0.2502858328125 0.584135175 0.23924566875000003 0.585215090625 0.22440924375 0.5896354140625 0.215118221875 0.5856950828125 0.2107285140625 0.5756395796875 0.24067473593750002 0.5760361390625001 0.25279424375000004 0.5747283984375 0.243610015625 0.568637621875 0.25368120312500003 0.5656518968750001 0.2572443546875 0.558554415625 0.2662447203125 0.545232646875 0.275667884375 0.5444964359375 0.279097690625 0.5420773515625 0.2660107328125 0.54147895625 0.2471892359375 0.5404078218749999 0.2314538421875 0.5353006015624999 0.23492970156249998 0.527799959375 0.253541165625 0.5225772265625 0.217929209375 0.5140880484375 0.20734246562499997 0.5146482734375 0.1934977671875 0.5184360828125001 0.196935446875 0.5054500734375 0.18498931875 0.5075659890625001 0.1761292921875 0.5056458187499999 0.16101949531249998 0.5008289359375 0.16050361562499998 0.4984019078125 0.15186181875 0.49221020937500004 0.1448303546875 0.49623987812500003 0.13408751562500001 0.5040168234375 0.122835465625 0.4988016671875 0.1137099515625 0.5062364359375 0.10672606874999999 0.5051842234375 0.0906151453125 0.5115671046875 0.0850288296875 0.51444456875 0.0908809578125 0.50221369375 0.08855259531250001 0.5018635734375 0.07397258281249999 0.5074977359374999 0.0614251359375 0.506784665625 0.0303100703125 0.498243775 0.0321689296875 0.4910868375 0.023161006249999998 0.48581799062500003 0.006472390625 0.48683017968750003 0 0.486002025 0 0.5222629953125
0 0.3416581546875 0.6568853796874999 0.3227890765625 0.6608961265625 0.30885829062500003 0.664278921875 0.3068515328125 0.6680871828125 0.3015452578125 0.66963678125 0.3376027625 0.6881731953125 0.34279932031250004 0.6887602859374999 0.3445260375 0.6862798921875 0.3527844203125 0.685369546875 0.3695815484375 0.6822225203125 0.3870291078125 0.676822271875 0.39130241718750003 0.6704204687499999 0.40023245156250004 0.66471890625 0.40549901562499996 0.6576842640625 0.3957554515625 0.6542602421875 0.3850829453125 0.65441698125 0.3633711515625 0.6556502531249999 0.3600974421875 0.65085261875 0.3475020875 0.6552199015625 0.3416581546875 0.6568853796874999
0 0.4197867203125 0.69464639375 0.40380793906249995 0.6963527328125 0.3873548390625 0.7011182875 0.379588059375 0.706994309375 0.3892477640625 0.7084681515625 0.40056829374999997 0.7060618984375 0.408998528125 0.705960053125 0.411131409375 0.708043378125 0.4066241125 0.710691490625 0.3978262203125 0.7117165125 0.3911848390625 0.712283153125 0.4102774796875 0.7241366593749999 0.4267321078125 0.7193707796875 0.461062884375 0.71122851875 0.484135265625 0.708437703125 0.49573736406249996 0.704703259375 0.5036744671875 0.6996360625 0.524762190625 0.6981121265625 0.5371774953124999 0.7035017406249999 0.5515998843750001 0.705084621875 0.565116634375 0.70770503125 0.6039562359375 0.6969143343749999 0.62248008125 0.6912869125000001 0.6401458718749999 0.6816151359375 0.6312858453125 0.6796949671875 0.629325140625 0.6784216703125 0.6345056171875 0.6709820140625 0.62825399375 0.6680840984375 0.62763025 0.6677949640625 0.6391926390625 0.6585754781250001 0.641958665625 0.6503806875 0.5969393015625 0.6506529390625 0.572703665625 0.653269296875 0.55120190625 0.6607964375 0.525935159375 0.6585617953125 0.508526984375 0.6694455578125 0.49662089062500003 0.6770480437499999 0.48956394531249997 0.6836182140625 0.47770390625000003 0.68613914375 0.46084343906249997 0.6863428328125 0.4455296390625 0.6938230234375 0.4197867203125 0.69464639375
0 0.43470581875000003 0.726019171875 0.432417090625 0.7276366203125 0.43011079218750004 0.731102809375 0.43423761875 0.7337590890625 0.43703781406250003 0.7303093234375 0.437214296875 0.7326727140625 0.4372938171875 0.729988140625 0.4382743140625 0.729415521875 0.440190590625 0.7294426984375 0.443321475 0.728946534375 0.445521728125 0.729092259375 0.44818359374999994 0.730034415625 0.44903944687499997 0.7307917734375 0.44614981875000004 0.7320321671875 0.4423799125 0.7327009 0.437722259375 0.733882603125 0.43588020937499994 0.7356926406250001 0.438026803125 0.737336959375 0.4410064078125 0.7391652296875 0.44357152187500004 0.7403436 0.448227878125 0.740606228125 0.45325344218749997 0.7378862921875 0.4565372890625 0.73688478125 0.45942457968749995 0.7365953421875 0.46380675781249997 0.7360264937500001 0.46678421718749996 0.7352594328125 0.471427778125 0.7334928781250001 0.4737086453125 0.7328004015625 0.47972968437499997 0.7323288781249999 0.48447960468750007 0.7302585734375 0.49234962031249996 0.72570243125 0.491599178125 0.7248172375 0.48633573906249994 0.7250127140625 0.48670205937500005 0.724436459375 0.48763580468749995 0.7217124859374999 0.48537500156249996 0.72142468125 0.47984614687500005 0.72103281875 0.47518468281250004 0.7206259125 0.46854799218750004 0.7203353453125 0.465504603125 0.72038640625 0.45789465468749996 0.722032703125 0.4541599640625 0.723513421875 0.44621530312499996 0.72378041875 0.441387015625 0.7240766875 0.4351299578125 0.7234754015625 0.43470581875000003 0.726019171875
0 0.46937866250000004 0.7369139859375 0.46355713749999994 0.7392184562499999 0.46021283906250005 0.7412056375 0.457348559375 0.744143478125 0.45429126562500005 0.746729384375 0.4658806203125 0.7514271671875 0.47001117812500004 0.74958435625 0.47165398593749996 0.7484827875 0.47437338437500004 0.7471028640624999 0.47713021875 0.7469737390625 0.4801346515625 0.747250440625 0.48307313281250003 0.7467584328125 0.4883898578125 0.7444989609375 0.49011569218749995 0.7430139375 0.48800264374999996 0.7409487625 0.4852279046875 0.7410161984375 0.4873568953125 0.7389854296875 0.48827940937500003 0.7366520125 0.48355099375000005 0.7357497640624999 0.47751184843749994 0.737007865625 0.4726000484375 0.7371893 0.46937866250000004 0.7369139859375
0 0.623523265625 0.7201156234375 0.6252579234375 0.7189050765625 0.6269540296875 0.716325759375 0.629940471875 0.715999271875 0.6315448890625001 0.716468128125 0.6314502609375 0.7132423109375 0.637090378125 0.7125418578125 0.6413909484375 0.711761925 0.6491467609375 0.7086900859374999 0.65547688125 0.7062231984375 0.6621565031250001 0.7030558375 0.65893875 0.7007159 0.6519071171874999 0.7005588 0.6428859296875 0.70370471875 0.640290909375 0.705895246875 0.6371630203125 0.7070217515625 0.6305556343750001 0.707026865625 0.624159403125 0.7075669578125 0.622148634375 0.707861775 0.6166508109375 0.70790899375 0.6128957859375 0.7092790203125 0.60773183125 0.7113478765625 0.603754075 0.713969690625 0.60349065625 0.7149473859375 0.606376303125 0.7160480406249999 0.6102815765625 0.715219546875 0.616622725 0.71387169375 0.6219153109375 0.7124831484375 0.6160697500000001 0.7154636390625 0.614896159375 0.7152706125 0.6108551234374999 0.715310090625 0.606067034375 0.71670481875 0.6041754296875 0.71786086875 0.6028069046875 0.71926834375 0.60406048125 0.7211152578125 0.6081348125 0.7220590953125 0.611455278125 0.7216807765625 0.6134777812500001 0.7207572812499999 0.6166634125 0.720481103125 0.6209300234375 0.7205709890625001 0.623523265625 0.7201156234375
0 0.515897596875 0.7681736921875 0.51351675 0.7670280375 0.510102184375 0.769007790625 0.5065889343750001 0.77047818125 0.5054568374999999 0.7727123796875001 0.5140521421875001 0.7762654578125 0.5161594 0.775101909375 0.518583484375 0.7738582359375 0.5208763015625 0.772605725 0.523682203125 0.7711818546875 0.525208903125 0.7692184046875 0.5216430187500001 0.7685323015625001 0.518689034375 0.7688311234375 0.515897596875 0.7681736921875
0 0.52995905625 0.772154325 0.5265742328125 0.77337218125 0.5248961171875 0.7747735812500001 0.5200083078125 0.7766160125 0.518084890625 0.7791254375000001 0.5371892500000001 0.7883135765625 0.54243704375 0.784249309375 0.5505347140625 0.7825903953125 0.554018340625 0.7833930234375 0.55876650625 0.7821186 0.5643070140625001 0.7796869640625 0.57188155 0.778866065625 0.585859084375 0.7761841796875 0.5931053875 0.772639184375 0.5938061109375 0.770923184375 0.588675728125 0.7706399109375 0.5823960921875 0.7718788437499999 0.578396753125 0.77316661875 0.573283778125 0.773641609375 0.573541315625 0.771997446875 0.5802383171875001 0.7690771859375001 0.5829560890625001 0.7662391734375 0.57777325 0.7674526390625 0.5711057515625 0.768700534375 0.5640286078125001 0.7684796281249999 0.5587724828125 0.7693332796875 0.5540277031249999 0.7689552640625 0.5473039375 0.769780625 0.542918215625 0.7701825 0.5391370640625001 0.7709862078125 0.5347467953125 0.7713666859375 0.52995905625 0.772154325
0 0.5597630640625 0.7852964734375 0.55559143125 0.785052215625 0.5473291546875 0.787064003125 0.54587504375 0.7902707796875 0.5444076015625 0.7924979859375 0.5725526546874999 0.8063425875 0.5727940015625 0.8063056640624999 0.575271875 0.8069834218749999 0.5789111703125001 0.8064366968750001 0.5819336109375 0.8047990734375 0.5858745234375 0.8041307312500001 0.590087303125 0.8043055406249999 0.5920114 0.80376078125 0.593414784375 0.8015328140625 0.59709339375 0.8016294765625 0.602358578125 0.8005103265625 0.6062343 0.8004596609375 0.61370624375 0.7996445953125 0.6162541265625 0.7983746093749999 0.62008856875 0.796296025 0.6229344328125 0.795518596875 0.62527931875 0.794060134375 0.6283116375 0.7927846187500001 0.632088596875 0.7918108796875 0.636132309375 0.7904162296874999 0.6352815203125 0.78969773125 0.6305625203125 0.790493121875 0.6261530640624999 0.790069390625 0.6233902328125 0.7888100453125 0.621967353125 0.78771475625 0.6181852078125 0.7856880703125 0.615106896875 0.7850788375 0.6112149421875 0.7863006578125 0.6073901296875001 0.7877030890625 0.6069796015625 0.7875603234375 0.6115259734375 0.7860955703125 0.61247928125 0.7844105453125 0.6126651203125 0.782767246875 0.6090413890625 0.78320683125 0.60720795625 0.784689165625 0.6026781265625 0.7871711453125 0.5997197359374999 0.78690063125 0.5996020484375 0.7861365265625 0.603576540625 0.7850249546875 0.608128815625 0.7828289328125 0.608400121875 0.7814374296875 0.6061816999999999 0.7805975 0.603766378125 0.7820853109375 0.600458590625 0.7841014703125 0.5962257125 0.7845986500000001 0.6025972625 0.781627759375 0.6033400203125 0.7796360578125 0.6017086093749999 0.779521175 0.5979175796875 0.7799627734375 0.5957458453125 0.7807854046875 0.5922459734375 0.7823487953125 0.5865431703125 0.7833405203125 0.58268681875 0.7823024296875001 0.5792003703125 0.7816218046875 0.57570988125 0.78213210625 0.5720870125 0.7829740546874999 0.5678141328125 0.7831778265625 0.5614990015625 0.7851591124999999 0.5597630640625 0.7852964734375
0 0.6449069328125 0.6690459 0.6472927015625001 0.6689972453124999 0.6492599703125 0.6683474656249999 0.6509222125 0.6666459328125 0.6529178078125 0.6648368046875001 0.6420603984375 0.667325125 0.6419474000000001 0.66814625 0.642701075 0.6687911453125001 0.6449069328125 0.6690459
0 0.6982305734375001 0.6499450171875 0.6983433359375 0.6486718765624999 0.696508534375 0.6488701859375 0.6938931828125 0.650288696875 0.6938263 0.6514019296875 0.699002925 0.6515044515625 0.70587215625 0.6510778734375 0.7075594609375 0.650719225 0.71067741875 0.6496587296875 0.715234503125 0.6466661765625 0.712944596875 0.6455650875 0.7095420359375 0.6455646984375 0.7048406859375 0.6473674968750001 0.702984328125 0.6488547046875001 0.7004934890625 0.6500774234375 0.6982305734375001 0.6499450171875
0 0.642979571875 0.655529378125 0.6444761296875 0.656813475 0.6475633921874999 0.6562323343750001 0.650014 0.654722646875 0.6510689359375 0.6542747765625 0.643245375 0.6530448203125 0.642979571875 0.655529378125
0 0.5905841296875 0.8101374984374999 0.5869941843750001 0.8110666953125 0.5868215046875 0.812275896875 0.58858183125 0.8137563171875 0.58977000625 0.8154909375000001 0.595012559375 0.8169707875000001 0.5995117390625 0.8154042484374999 0.603097253125 0.8148449937500001 0.60530275 0.8144592671875 0.6082242296875 0.813624234375 0.6128214437499999 0.811902675 0.6159232046875001 0.810209853125 0.61824111875 0.808827409375 0.6193608453125 0.8074744140625001 0.6194532265625 0.80552670625 0.6192040890625 0.8035429687500001 0.6177696687500001 0.8027616265624999 0.61218885625 0.8028392640625001 0.6098434046875 0.8040470546874999 0.6067933421875 0.805426978125 0.6035831468749999 0.8057754671874999 0.6012871890625 0.8061564625000001 0.5992705953125 0.806145815625 0.5969213812499999 0.80599820625 0.59341501875 0.8079894843750001 0.591941384375 0.8098042781249999 0.5905841296875 0.8101374984374999
0 0.6091318546875 0.8164663859375001 0.607040046875 0.8164701296875 0.6031389046875 0.8163185343749999 0.6002077609375001 0.8171907640624999 0.5982752046875001 0.8192213125000001 0.6067549265625 0.8235082078125 0.60745145625 0.821952840625 0.60838874375 0.822168940625 0.6113063859375 0.8224656875 0.6126691109375 0.8219252390625 0.6147549031249999 0.821269434375 0.6172995703125 0.8209537828125001 0.61968385 0.8205524171875 0.623839646875 0.8198128421875 0.6258974578125 0.8189201796875001 0.62696910625 0.8173409875000001 0.6268373921875 0.8158194999999999 0.6262843250000001 0.8146303781249999 0.6244642859375 0.813688196875 0.6219580953125 0.8136362531250001 0.6193723609374999 0.8144350640625 0.6163706703125 0.8150730921875 0.61340128125 0.815975815625 0.6091318546875 0.8164663859375001
0 0.619596709375 0.833188859375 0.6148709671875 0.8343658671874999 0.6123677984375 0.8354554265624999 0.6079267203125001 0.8367316671875 0.613266065625 0.8411844859375 0.6314124890625 0.8480603234374999 0.6325073109375 0.8468531921875 0.6328870265625001 0.8456335296875 0.6313889546875 0.8449360046875001 0.6306173687500001 0.8437709671875 0.6308153078125 0.841936603125 0.6305772140625 0.84066615625 0.629364309375 0.8398297421875001 0.6264464375000001 0.8395394328125001 0.6211976203125 0.839142359375 0.624656009375 0.838180425 0.628083921875 0.8367744984375 0.6352692265625 0.834347875 0.6375245890625 0.8329116359375 0.6379423171874999 0.8308788 0.6338466421875 0.8312925046874999 0.6287487828125 0.8335821296875 0.6274219328124999 0.8337427578125001 0.6257656859375 0.83360120625 0.6230680953125 0.8334078406250001 0.619596709375 0.833188859375
0 0.6217807421875 0.833310878125 0.62758138125 0.8326817328124999 0.6317564734375 0.8312288078125001 0.635179128125 0.8300987531249999 0.6371500218749999 0.8293683328125001 0.639377496875 0.827703203125 0.6400955546875 0.8264595453125001 0.6442436812500001 0.8258717578124999 0.64746625625 0.8262202999999999 0.6524641953125 0.8245653171875 0.6557976187500001 0.823939840625 0.6608290828125 0.8232617359375001 0.6644515359375001 0.822868746875 0.6690065281249999 0.8221960734374999 0.672222503125 0.8223782921874999 0.67609605625 0.8221220234375 0.6797763359375 0.8213397546874999 0.6833575640625 0.8199411765625 0.6878928156249999 0.8187998671875001 0.6896149031250001 0.8183267984375 0.6922864984375 0.8179394406249999 0.6969270265625 0.8176766921875 0.7019008671875 0.815547609375 0.70482424375 0.8148192 0.7076836296875 0.8135868328125 0.711839834375 0.8126011703125 0.7163360890625 0.812801984375 0.7205038781249999 0.8119384578125001 0.7234140625000001 0.8106745265624999 0.725408471875 0.8095812875 0.7257046765624999 0.807916128125 0.7227831874999999 0.8075035875 0.7195388921875 0.8068274000000001 0.716450503125 0.806373659375 0.7130701484374999 0.8075298656250001 0.7066869734375001 0.8092812109375 0.7035480062499999 0.8093861312499999 0.700176371875 0.8100197296875 0.6961181875 0.8115867796874999 0.6912293593750001 0.8129885437500001 0.6880824765625 0.813657434375 0.6845317546875 0.8135687328125 0.6835777249999999 0.8128530093749999 0.686954453125 0.8117774437499999 0.6944495093749999 0.8101843203125 0.6969330874999999 0.80965641875 0.7009434921875 0.80880398125 0.70428935 0.808447421875 0.7081460093749999 0.808111678125 0.7113979296874999 0.8074108765625001 0.71645095625 0.805902328125 0.7210692609375 0.8052193921875 0.7234496640625 0.8045217328125001 0.7283773234375001 0.8022730765625001 0.733010946875 0.8004447390625 0.7365979171875 0.7995992390625 0.7363913906249999 0.7973875984375 0.7303425765625 0.797563115625 0.725024996875 0.7971055796875001 0.7206252109375 0.79743376875 0.7171804500000001 0.7988656390625 0.71352709375 0.8004584593749999 0.710026753125 0.8011178171875001 0.705534384375 0.8017995421874999 0.7044516234375 0.801718196875 0.69997205625 0.8031064499999999 0.6975190203125 0.8042364703124999 0.6924819546875 0.804805546875 0.6904748546875 0.8051251421875 0.68736954375 0.8061925359375 0.684552340625 0.8070597140625001 0.6780434046875 0.8089032843749999 0.67557760625 0.8093044062500001 0.6698331859375 0.8094615468749999 0.6602257921875 0.810473334375 0.657698653125 0.8106159343750001 0.6544535046875 0.8111156203125001 0.6521756062499999 0.8112659453125 0.6502661171875 0.8127436796874999 0.64847984375 0.814019509375 0.6470901984374999 0.8142078609375 0.644084515625 0.8144889203125001 0.639534225 0.8152212953125 0.6364228390625 0.816267615625 0.63519881875 0.818324871875 0.6350567546875 0.8186410046875 0.6335008078125 0.8188886656250001 0.6294374828125 0.8204616015624999 0.6273949562500001 0.8231321234375001 0.6280292281250001 0.823786425 0.6294387015625 0.8242775484375 0.6353585578125001 0.8244121828125 0.634780821875 0.824940725 0.63063515625 0.8254273546875 0.62793888125 0.825165021875 0.6247651265624999 0.8263763531249999 0.624042365625 0.8275603078125 0.62212688125 0.82910001875 0.6204879078125 0.83184290625 0.6217807421875 0.833310878125
0 0.70032903125 0.7858776140625 0.705834078125 0.7848272859375001 0.7093436796875 0.783715490625 0.7165519265625 0.7805475859375 0.7229034859375 0.779173559375 0.72860075 0.7764498234375 0.7267742859374999 0.77431255 0.7219470343750001 0.7743130781249999 0.717959890625 0.7757484171875 0.71551315625 0.7764346171875001 0.7131360124999999 0.775952696875 0.7104033890625 0.7758274796875 0.7072915765625 0.7764058515625 0.7034767640624999 0.777239078125 0.6964685203125 0.77930379375 0.6896656546875 0.78071145 0.6887219359375 0.7806229124999999 0.6828117109375 0.781923896875 0.6790449749999999 0.783644646875 0.6734991546875 0.7853298265624999 0.668280571875 0.7869087078125 0.6623410437499999 0.791476228125 0.66591508125 0.7920503796875 0.673725215625 0.7901810234375 0.6769183015625 0.7903457421875 0.6820444250000001 0.7899701921875 0.6870521468749999 0.788669353125 0.6913575078124999 0.7881599609375 0.6956326890625 0.78702760625 0.70032903125 0.7858776140625
0 0.7070862109375 0.7755373828125001 0.71355025625 0.7737832250000001 0.7165993875 0.7725041375 0.72191005625 0.7706069656250001 0.7268924171875 0.768803540625 0.7289704703125001 0.76669095 0.7294764218750001 0.76674155 0.7267060375 0.7653640046875 0.723664434375 0.7652581390625001 0.7193342421875 0.766199315625 0.7116492234375 0.7687625078125 0.7086376359375001 0.768324390625 0.7046165640625001 0.7683676125 0.698873084375 0.77000215625 0.693912596875 0.7725021937500001 0.68940099375 0.77359694375 0.6841318515625 0.77288630625 0.68933539375 0.76944804375 0.6902493140625 0.7692761484374999 0.698014971875 0.7670472453125 0.7023733562500001 0.7635106781250001 0.7045481062500001 0.7580277703125 0.69970190625 0.7570147781250001 0.6933236515625001 0.7575718140625 0.6880083265625 0.7588533765625 0.6849594359375 0.7589311624999999 0.6770739421874999 0.7602430671875 0.67168575 0.7611743109375 0.6694882828125001 0.7623793984375 0.6673134328125 0.762841678125 0.6614418359375 0.7644746984374999 0.6566616046875 0.7656057828125 0.652465253125 0.7653955328125 0.6467589312500001 0.7673927765624999 0.644753075 0.7691385921875 0.6424962671875 0.7699968765625 0.6401009656250001 0.7703989875 0.6349671953125 0.771768153125 0.6297372593749999 0.77466890625 0.6267134421875 0.7770064875 0.6252602125 0.7792178937500001 0.6279502828125 0.7802626765625 0.63217824375 0.7820795890625 0.6294672875 0.7848219046875 0.6349963546875 0.7835013015625 0.6379625953125 0.7851614890625 0.639389065625 0.7855371812499999 0.6458745328125 0.7852816296875 0.649186559375 0.7846607015625 0.656564834375 0.7828112578125 0.6595647 0.7823525265625 0.6665617171875 0.7811368234375 0.6699250421875 0.7812382015625 0.6749707171875 0.780874959375 0.6797611140625001 0.7804605484375 0.6874471046874999 0.7782326046875 0.6867868953125 0.77980101875 0.689149225 0.7808595578124999 0.6926384 0.7804182234375 0.6971139609375 0.7784174171875 0.7024430671874999 0.7765243140625 0.7070862109375 0.7755373828125001
0 0.686269759375 0.7570169 0.689158 0.7555595546875 0.689880215625 0.7541776375 0.6901293875000001 0.7525767859375 0.69031050625 0.753060640625 0.69049103125 0.7527826578125 0.6923580015625 0.7486399015625 0.6934244984375 0.746480346875 0.693911659375 0.744233078125 0.6920555421875 0.7424072109375001 0.686593075 0.7433798015625 0.6849290203125 0.7437351046875 0.6823937359375 0.742667003125 0.6788095765625 0.7439240359375 0.6750807640625001 0.7452821015625 0.6702591828125 0.7470002359375 0.6646637281250001 0.7476177140625 0.6604377593749999 0.748027165625 0.6537171296875 0.7495962515625 0.6498932187500001 0.7510480109375 0.6463973281250001 0.7520514625 0.645435053125 0.75467128125 0.6441783390625 0.7551844046875 0.6407222078125 0.7544510109375 0.6363944218750001 0.7550578171875 0.634887225 0.75591810625 0.63335235 0.7582714640625 0.6341120296875 0.7607632828125 0.6395653765625 0.75824474375 0.6431153734375 0.7569246859375001 0.6469982203125 0.7568549359375 0.650042434375 0.757559275 0.6542428421875 0.756834178125 0.6620932828125 0.754545721875 0.6641994796875 0.75494785625 0.6591967375000001 0.757857825 0.6556864109375 0.75934196875 0.64977693125 0.7588728687499999 0.6487114359375 0.7597670625 0.647080078125 0.761335834375 0.6480013984374999 0.762363615625 0.65424835625 0.7612865765625 0.658350309375 0.7618267875 0.6613405375 0.76224708125 0.6629414109375 0.7622183 0.6672807609375 0.761019590625 0.6731469921875 0.7605186734375 0.6757752531250001 0.7604009046875 0.6787107546875 0.7588728125 0.680863990625 0.7575573203125 0.686269759375 0.7570169
0 0.7436048046875 0.752361734375 0.745896734375 0.751315478125 0.7484045609375001 0.7505108640625 0.75177350625 0.7499848640625 0.7543552921875001 0.748934503125 0.7498684234375 0.7478083921875001 0.74512573125 0.7485449234375 0.7434278796875 0.7496054765625 0.7394984859375 0.7520189328125 0.7411886187500001 0.753777846875 0.7436048046875 0.752361734375
0 0.7833343078125 0.7858137640625 0.781032325 0.7857455703125 0.777329915625 0.7849958359375 0.7746640218749999 0.7848388640625 0.7729401359375 0.7866637203125 0.7823360625 0.788144109375 0.7893075859375001 0.7867708906249999 0.7926209796875 0.785983540625 0.7974271546875 0.7855306343749999 0.80148876875 0.784859 0.804921 0.7834809093749999 0.8086253734375 0.7823836234375 0.8113902671875 0.7814732515625 0.8097127734375 0.7802547703125 0.8069093890625 0.779826709375 0.805135175 0.7801447265625 0.8002446359375 0.781328009375 0.7975974046875 0.78182999375 0.7970452953125 0.781051203125 0.7948169843749999 0.7810440265625 0.7911334765625 0.7821943828125 0.7861440546875 0.7848363515625 0.7833343078125 0.7858137640625
0 0.7816832234375 0.7564848875 0.7755256375 0.75895184375 0.771615309375 0.7606583875 0.7686737609375001 0.762345909375 0.769381665625 0.7634142609375 0.7753801218749999 0.7618820671875 0.7782587015625 0.7615817 0.7803976375 0.761521615625 0.7802534234375 0.7599037453124999 0.7849793265625 0.759554159375 0.7883915265625 0.7583448609375 0.7909041234374999 0.75709675 0.7865208484374999 0.75648055625 0.7816832234375 0.7564848875
0 0.8465773765625 0.7215367453125 0.844058646875 0.72207211875 0.8404103781250001 0.7234258437500001 0.8373980234375 0.7247051015625 0.8370574390625001 0.72634934375 0.837771903125 0.7264866109375 0.8424840546875 0.72692906875 0.8452624265625 0.7269087812499999 0.8534086468750001 0.7260494328125 0.8605900249999999 0.7234239687499999 0.8656251328125 0.7215981499999999 0.8688990328124999 0.7207377265625 0.8726089640625 0.7203053796875001 0.8719837359374999 0.719791325 0.86981608125 0.71906999375 0.8661941859375 0.71846608125 0.8628847671875001 0.7185657 0.8587117828125 0.7187434453125 0.8523794734375001 0.7199600296875001 0.8511404265625 0.7204134890625 0.8465773765625 0.7215367453125
0 0.8678672265625 0.77259323125 0.8705191640625 0.7729400671875 0.8719685687500001 0.7727773499999999 0.8743511937499999 0.7721878421875 0.8753236546875 0.7703374078125 0.873231996875 0.7695903375 0.8684663875 0.77012886875 0.8658697921874999 0.7707638578125 0.8647814296874999 0.7716932625 0.8654507 0.7723017875 0.8678672265625 0.77259323125
0 0.8913402546875 0.7483375578125 0.8940286328125 0.747766125 0.896384396875 0.747516184375 0.898672425 0.7471129140625 0.8976357984375 0.7462566046875 0.8965622156249999 0.745639771875 0.892797965625 0.7463200828125001 0.8859113531249999 0.7489419984375 0.8853309749999999 0.74935289375 0.888397046875 0.7493784812500001 0.8913402546875 0.7483375578125
0 0.9476434156250001 0.742202084375 0.944580546875 0.7427476890625 0.94289919375 0.742938940625 0.9398462390625 0.7438242828125 0.9380688171875 0.7452244265625 0.9427156421875 0.7451791828125 0.9479102078125001 0.7435399125 0.94982351875 0.742455925 0.9476434156250001 0.742202084375
0 0.9665688093749999 0.686916975 0.9609271156249999 0.6885043234375 0.9587442312500001 0.6894698953125 0.9582155374999999 0.689642975 0.9560170749999999 0.690129440625 0.9538787109375001 0.6894482078124999 0.95199286875 0.6894289375 0.9493644296875001 0.6901170203125 0.9443492000000001 0.6914050796875 0.9414820046875001 0.6920145203125 0.938327890625 0.692897403125 0.934754940625 0.6943724953125 0.931960975 0.6943194218750001 0.9302265421874999 0.6947344109375 0.9299587359375 0.69618746875 0.9310099953125001 0.6973681375 0.9341464984375 0.696905921875 0.9372081187499999 0.6962567515625 0.9412909265625 0.695309053125 0.942081403125 0.6953455015625 0.94511161875 0.693691846875 0.9500547328125 0.6928536109375 0.9518259734375001 0.692288628125 0.9530760875000001 0.69193984375 0.9572895656249999 0.6926815828125 0.9619001671875 0.6908501515625 0.9665762078125001 0.688777978125 0.9703534953125 0.6868137765625 0.9665688093749999 0.686916975
0 0.9458801156250001 0.6836597171875 0.943097584375 0.684479590625 0.9388370296874999 0.68547785 0.936603790625 0.686537190625 0.9375839546875 0.6882776875000001 0.9422190734375 0.6869298500000001 0.9466739296875 0.6857033953125 0.9499301640625 0.6842413109375001 0.9527037625 0.6828834109375 0.9528108156249999 0.6823574734375 0.9492069328125 0.682740125 0.9458801156250001 0.6836597171875
0 0.92613165 0.7198167078125 0.92284114375 0.72062155625 0.9212119984375 0.72105090625 0.9200169031250001 0.7220493234375 0.921386953125 0.723414621875 0.9263108078125001 0.72181691875 0.9294839984375001 0.7211440328125 0.9289535078125001 0.7202264656249999 0.92613165 0.7198167078125
0 0.9633921328125 0.593159875 0.9677730921875 0.592337296875 0.9703186578125 0.5909511921874999 0.9734486578125001 0.5896692906250001 0.97587275625 0.5890118640625001 0.9815555484375 0.5867911921875 0.984748084375 0.5856381671875 0.9860393625 0.5848141906250001 0.983522071875 0.583687953125 0.9793698203125001 0.5836025125 0.97720265625 0.5841685875 0.9732386359375 0.5864041046875 0.9701934234375 0.58808490625 0.9666602546874999 0.589656971875 0.9627860359374999 0.5920970390625 0.9633921328125 0.593159875
0 0.9854351953125 0.5876006953124999 0.9809953218749999 0.5885444203125 0.9793687953125 0.5893693703125 0.980583965625 0.59075001875 0.9820742625 0.5914635734375 0.985453134375 0.5904131109375 0.9882924875000001 0.5893495343749999 0.9887017203124999 0.5884941968749999 0.9882216140625 0.5876633609375 0.9854351953125 0.5876006953124999
0 0.9101214484375 0.6154107703125 0.9111932578124999 0.616109446875 0.9152363703124999 0.615606278125 0.9179277609375 0.6149287765625 0.9186795046875 0.61482809375 0.921759134375 0.6140457046875001 0.9250172578125 0.612893115625 0.9270449828125 0.61382789375 0.9300280875 0.6136059453125 0.931348278125 0.6129179921875 0.930977084375 0.6116902125 0.9331785078125 0.6111951296875 0.9377026953125001 0.611068928125 0.942607109375 0.609612734375 0.9452920125000001 0.608040465625 0.9498785828124999 0.6076741718750001 0.9491964984375001 0.6064342015624999 0.9461042265625 0.6058870390625 0.9424126828125001 0.60575958125 0.9371176796875 0.6059042609375 0.9329263624999999 0.60799480625 0.9313286234374999 0.6087673140625001 0.9284091578125 0.6086498625 0.922901190625 0.6104755546875 0.9195305375 0.6115721921875 0.9147322812500001 0.6129115734374999 0.912698490625 0.6135339609375 0.9101214484375 0.6154107703125
0 0.8679041859375 0.6178109968750001 0.8708025421875 0.618287559375 0.87330606875 0.6178384828125 0.8744647249999999 0.6174276703125 0.8754336890625 0.616966125 0.87647885 0.616291903125 0.8761927421875001 0.6149533875000001 0.8741689078125001 0.6145704875 0.870841803125 0.615135515625 0.8680217875 0.6155911625 0.8679041859375 0.6178109968750001
0 0.9773572453125 0.5770049015625001 0.9793078203125001 0.576088709375 0.9797526265625001 0.57523539375 0.977802396875 0.5747553796875 0.974555109375 0.5763497453124999 0.9754745296875 0.5782628937500001 0.9773572453125 0.5770049015625001
0 0.8229359515624999 0.6259667671875 0.8243159921875 0.6251846234375 0.8273661484374999 0.6238126671875001 0.8280097078124999 0.6230752484375001 0.8279832640624999 0.6219738671874999 0.8246467640624999 0.62188595625 0.8215484125 0.6219790484375001 0.8188325609374999 0.6225339562500001 0.8159673875 0.6234384890625 0.8139088234375 0.624523 0.8113585484374999 0.6260522749999999 0.8086589015625 0.6252555265625 0.8060507796874999 0.6261293828125 0.8039253437499999 0.6274629265625 0.8017926234375 0.6297692421875001 0.8021850953125 0.630931796875 0.8042235953124999 0.6311582296875 0.809918653125 0.6300323703124999 0.81408205625 0.6293135421875 0.819502309375 0.6274058578124999 0.8208886906249999 0.626946640625 0.8198548156250001 0.6268021890625 0.8229359515624999 0.6259667671875
0 0.7222571624999999 0.6275045421875001 0.7231583921875 0.6286707765624999 0.7264694890625 0.6281506828125 0.7285920953125 0.6274726765625 0.7309795296875 0.6264173015625001 0.73417933125 0.625358578125 0.7376047078125 0.6247598812499999 0.7393709109375 0.6246672046875 0.7424265812499999 0.623854765625 0.745377640625 0.6220917421875 0.7488805515625 0.6212641109375 0.7480859453125001 0.619765315625 0.747318596875 0.6188757296875 0.744209721875 0.619392775 0.7414602109375 0.6199772015625 0.7391199671875001 0.6200145828125 0.73481486875 0.6214871546875 0.73432465625 0.6217510921875 0.7315670984375 0.6219219046875 0.7255115796875 0.624237775 0.7241935078124999 0.624898121875 0.7222571624999999 0.6275045421875001
0 0.723945546875 0.6608717234375 0.7249245640625 0.661193965625 0.7265294640625 0.660710665625 0.7289611875 0.6601266953125 0.7314924140625 0.6588985859375 0.72199491875 0.6583231515625 0.7175505859375 0.6591256546875 0.722675871875 0.6598508953125 0.723945546875 0.6608717234375
0 0.73761138125 0.6573471671875 0.7372248734375 0.6583845703125 0.7381523703124999 0.6587800640625 0.739528678125 0.6589347937500001 0.741829775 0.6588785781250001 0.74293484375 0.6581405046875 0.74300301875 0.6569055953125 0.7408550546875 0.6564196890625 0.7391142296875 0.65660920625 0.73761138125 0.6573471671875
0 0.775053403125 0.6483758625 0.7720999546875 0.649406184375 0.771818128125 0.6505603125 0.7715714375 0.65178205 0.7720313546875001 0.6516235906250001 0.7729330296875 0.6521907015624999 0.7747129578124999 0.6522452640624999 0.7769330125 0.6507781921875 0.7788467203125 0.6503123171875 0.7829799000000001 0.6503155515625 0.785453509375 0.6502066921874999 0.788076046875 0.6502498796875 0.7905989140624999 0.6491928734375 0.7968993249999999 0.6463457265625 0.79982875 0.6447965625000001 0.800395571875 0.6445323140625 0.7983681140625001 0.6435687265625 0.795018009375 0.644183371875 0.7914302859375 0.6452207203125 0.7872807046875 0.6460947531250001 0.7859532125 0.6467107796875 0.784127940625 0.6475476234374999 0.7801122968749999 0.6476088609375 0.778663334375 0.6478337828125 0.775053403125 0.6483758625
0 0.8369705156249999 0.651554853125 0.8307774328124999 0.6529830515625 0.8291627671875 0.653037128125 0.82525778125 0.6538895218749999 0.8223708703125 0.6552028187500001 0.8180683875 0.6559512093750001 0.8166794812499999 0.6560227937499999 0.8142366390625 0.6562688796875 0.8099359265625001 0.6572660890625001 0.8041554968750001 0.659929228125 0.8020398468750001 0.6602942609375 0.8001317734375 0.660388340625 0.7976177859375 0.6602997171875 0.797122703125 0.661991175 0.7950488171875 0.66310130625 0.79312759375 0.663426609375 0.7900974921875 0.6640211578125 0.788967675 0.6667245109375 0.794604675 0.6663250328125 0.79804279375 0.6664025265625 0.798889859375 0.6675243640625 0.7981567218750001 0.6693734484375 0.7984639703124999 0.671983796875 0.8006482874999999 0.67312170625 0.8034431296875001 0.6735020625 0.8075227859374999 0.672216384375 0.8125344796875 0.670558478125 0.8182814453124999 0.6687299078125 0.8223563640625 0.666745571875 0.8252116656249999 0.6656067218749999 0.8278466765625 0.6652351265625 0.8304275171875 0.666141790625 0.8348512328125001 0.6659938140625 0.8385713750000001 0.6653915687499999 0.8432032906250001 0.6641338671875 0.8454008671875 0.6635229921875 0.8496759218750001 0.66220216875 0.85062729375 0.6632059921875 0.8521018109374999 0.6646193703125001 0.8533245718750001 0.6636534109375 0.855524978125 0.6623869953125 0.8514052171875001 0.6614624 0.8540673062499999 0.6601585546875001 0.85674503125 0.6590334875 0.85927460625 0.65873701875 0.8619511828125 0.6607479078125 0.8652806 0.6598405421875 0.8689360859375 0.6591370249999999 0.872626365625 0.658116215625 0.8764130109374999 0.6571579890625 0.8796940984375 0.6556474921875 0.8809951 0.6548166546874999 0.8838410328125 0.6535360296875 0.8860897734375 0.65188075625 0.88491810625 0.6501937437499999 0.8811685640625001 0.65082300625 0.8762263546875 0.6524996890625 0.8714448203125 0.6542859859375 0.8692601156249999 0.654438865625 0.8666561093749999 0.6544077125000001 0.8621433296875001 0.654234371875 0.8588746875 0.6544882578125 0.856381940625 0.6550181078125 0.8543974078125001 0.654361684375 0.8553844328125001 0.6533388046875 0.8608034953124999 0.6520192203125 0.8608770640625 0.64983270625 0.8577787453125 0.6487836453125 0.855100221875 0.6482140328125 0.8532636124999999 0.6481858953125 0.8482003859375 0.648669478125 0.8456280375 0.6493584171875 0.8390011140625001 0.651608846875 0.8369705156249999 0.651554853125
0 0.7859581921875 0.696026471875 0.7873421265625 0.6948042140624999 0.7872400640625 0.6933019828125 0.7897766078124999 0.6914976765625 0.789609615625 0.69012585625 0.784566575 0.689028509375 0.7769250859375 0.6903460546875 0.7748737718750001 0.691269284375 0.772543240625 0.69249466875 0.7691987296875 0.692301434375 0.7669859265625 0.6936072249999999 0.7656560625 0.6945352484375 0.7598690625 0.6947701281249999 0.75645975 0.6956848921875001 0.754155721875 0.698041996875 0.752592584375 0.6999317234375 0.751595696875 0.702298521875 0.7536110218750001 0.7021528921875 0.76884356875 0.6999869734375 0.7757102171875 0.697361315625 0.782057671875 0.6953667703125 0.7859581921875 0.696026471875
0 0.552717290625 0.46243737500000004 0.5490108546875 0.4600303890625 0.537433734375 0.4656859953125 0.5481802015625 0.46739528124999996 0.552717290625 0.46243737500000004