0 0.5892736046875 0.574345471875 0.5885824703125 0.5726213328124999 0.5950526890625001 0.5643227734375 0.5953130890625 0.5603504359375 0.593647209375 0.5596340890625 0.582818615625 0.5645363203125 0.5672029734375 0.579443934375 0.5620386749999999 0.586727359375 0.56108560625 0.5889771484375 0.5618302500000001 0.59367736875 0.560532975 0.5951877390625 0.555238846875 0.5950332359375 0.5406174625 0.5910706234374999 0.5306927625 0.590995384375 0.5241332187500001 0.594086896875 0.5204817296875001 0.5934067703125 0.5174249390625 0.588746909375 0.51800353125 0.5840235921875 0.519939990625 0.5812612500000001 0.51856914375 0.5785566390625 0.5106604015625 0.580183975 0.503455746875 0.584277525 0.48763011718750005 0.6061351734375 0.47108528125 0.6056801015625 0.4598015015625 0.6033954328125 0.455842028125 0.603961496875 0.4575511578125 0.6071555921875 0.46453004531250003 0.609018453125 0.467213921875 0.6112047578124999 0.4722028375 0.6128538781249999 0.47424750312499997 0.6162905921874999 0.472646578125 0.6192955515625 0.45990748437500006 0.6284473984375001 0.4527851015625 0.63725429375 0.44138656093749995 0.6473750796875 0.43559883125 0.656902540625 0.431691278125 0.66044315 0.4310910328125 0.66392603125 0.43905605937500003 0.665523203125 0.444524909375 0.67559804375 0.442874809375 0.675875321875 0.420918940625 0.668568328125 0.4153022578125 0.66891484375 0.4137013328125 0.671919803125 0.4147366453125 0.674381796875 0.41842120468750005 0.6770460234375 0.431729559375 0.68152694375 0.44069095625 0.6833551984375 0.4466864515625 0.6857306125 0.455908221875 0.68358496875 0.46088572031249997 0.684490425 0.46322695312500006 0.685937284375 0.4649707421875 0.6911170156249999 0.4585697875 0.7033837203125 0.45239613749999996 0.7096924265625 0.4505072890625 0.715182478125 0.4511940859375 0.716658215625 0.45581876093749996 0.7163305796875 0.464097046875 0.7159094765625 0.47211518124999996 0.7114172953125 0.478577853125 0.7059989921875001 0.48754621093750006 0.702585703125 0.4952074171875 0.707279275 0.49624793125 0.709502078125 0.50099609375 0.7096239171875001 0.5119821515625 0.7173239828125 0.52226509375 0.721807703125 0.5260845046875 0.7222598640625 0.5398791890625 0.7193280421875 0.5517690546875 0.718375078125 0.5620883203125 0.7221643078125 0.5661198328125 0.7258148171875 0.569787075 0.7274870078125 0.574077775 0.7269167249999999 0.579963503125 0.7230931093749999 0.5874603890625 0.71676130625 0.59131599375 0.7102445875 0.598867575 0.7071357578125 0.6097626593750001 0.7059532453124999 0.61643908125 0.7095575875 0.6322624890624999 0.7065528484375 0.6282077625 0.7016619296875 0.6122301 0.6957398765625 0.6102113953125 0.6937904359375 0.6118080109374999 0.6905386390625 0.623228178125 0.6816567265625 0.6323259890624999 0.6723199625 0.6445969171875 0.6552375796875001 0.64742431875 0.6467556921875001 0.6352617296874999 0.632084475 0.6365503343750001 0.6300773046875 0.6629410453125 0.64202791875 0.6673718937500001 0.6357887015625 0.6444824078125 0.6283542328125 0.6337496078125 0.62119670625 0.629441590625 0.620774953125 0.62153285 0.6224022890625001 0.6219159703125 0.6253710546875 0.6246301437499999 0.6292930328125 0.6210278296875 0.6313405890625 0.611756884375 0.6307585515625 0.6048645515625 0.6338543109375 0.6012102890625 0.6329257578124999 0.6005278281249999 0.63169841875 0.608585990625 0.6196512609375 0.614451628125 0.6145871828125 0.621569703125 0.6055334515624999 0.622475159375 0.600555953125 0.615110378125 0.5954759015625 0.6147099140625001 0.5915135359375 0.6323117171875 0.5956710390625 0.641260134375 0.5967556578125001 0.6535591359375 0.6002618562500001 0.65686921875 0.6004525546874999 0.6575143015625 0.5994489546875 0.6568172703124999 0.5974764453125 0.6494698046875 0.593388428125 0.6205610109374999 0.5857058484375 0.6042261875 0.578302303125 0.5892736046875 0.574345471875
0 0.7120157218750001 0.652324578125 0.7129471656249999 0.648835915625 0.7212975593750001 0.6345505046875 0.7205934468749999 0.6320827296875 0.7185834125 0.6306300890625 0.711673790625 0.6327353734375001 0.700914434375 0.6416041890625 0.6896457500000001 0.6591644671875 0.681969171875 0.674181978125 0.6773618421875 0.6755032140624999 0.6681038765625 0.6756648125 0.6568200984375 0.67338014375 0.6505425781249999 0.67373819375 0.653582053125 0.67740601875 0.6606042171875 0.6817481890625 0.6699141296875 0.6845627000000001 0.672593671875 0.6865006046875 0.6732934484374999 0.6887199796875 0.672344715625 0.6912181687500001 0.6618819265625 0.6980971296875 0.6492380859375 0.7127059578125 0.6425968203125 0.7301854624999999 0.6364880984375 0.7402139156249999 0.6372052187499999 0.7434268890625 0.6395291359375 0.7438817125 0.6473902921875 0.739528228125 0.6574801406249999 0.7301741500000001 0.6607079515625001 0.7256515015625 0.6656162125 0.722590375 0.6715814109375 0.7232301156250001 0.6839351078125 0.7299592890625 0.6949195453125 0.733985384375 0.6972651140624999 0.7356806437500001 0.697291075 0.7371679171875 0.6947284093749999 0.7419258671875 0.69515760625 0.7476239312499999 0.6932919734375 0.7543543921875 0.6785492421875 0.7814001828125 0.67894970625 0.785362546875 0.6833210890625 0.7895040734375 0.6849782703125 0.7897220593750001 0.688911784375 0.7876687234374999 0.697974990625 0.77634945 0.702569340625 0.774284578125 0.7155811 0.7807537890625 0.7252855796875 0.7872822921875 0.7322817828125 0.7901371875 0.7390117140625 0.7967176125 0.7479557953125 0.79755383125 0.757647265625 0.803337134375 0.762951628125 0.8039884109375001 0.7695473671874999 0.8028809421875 0.780839790625 0.8056608484375 0.8007395484375 0.8087859 0.80310520625 0.8117216234375 0.8011860625 0.8154760015625 0.7994416140625 0.8291491546875 0.806475221875 0.83423655 0.8114094171874999 0.8326611343750001 0.82522345 0.809350871875 0.8291439828125 0.8065538968749999 0.8377568656250001 0.8073958984375 0.8590951734375001 0.8171937359375001 0.8610749109375 0.816910703125 0.8643346062499999 0.8141252640625 0.8692932265625 0.8140387109375 0.8719857484375 0.8167202546875 0.873713784375 0.8209079203125 0.8777409593750001 0.8243100296874999 0.882408909375 0.8264617031249999 0.8873777359374999 0.8268703609375001 0.8925766671875 0.8215710062499999 0.9011917703125001 0.803560096875 0.9056173234375 0.7918248234374999 0.9079765578125001 0.7754123984375 0.903605175 0.771270871875 0.8991775359374999 0.7639063984375001 0.8951487984375 0.760504315625 0.8956927578125 0.7537969265625 0.894349459375 0.752581121875 0.878121253125 0.751375096875 0.859854278125 0.7469807312500001 0.8613167015625001 0.7360410421875 0.8673490781250001 0.7215491796875 0.8815526828125 0.7205573921874999 0.8891231421875 0.718440571875 0.9050071421875 0.718907178125 0.9066426984374999 0.7178862921875 0.9029538046875001 0.714973665625 0.8810223609375001 0.7091555359374999 0.8623781375 0.7020392140625 0.8553646453124999 0.6981938421875 0.836127259375 0.695055665625 0.8304196875000001 0.6901951609375 0.8211530515625001 0.6898599609375 0.8198054171875 0.68839575625 0.8258318953125 0.6736555234375 0.826711390625 0.6671907515625 0.824697021875 0.6654897109375 0.817388496875 0.6636326046875001 0.8130474375000001 0.6612283125 0.8074004312499999 0.6598375921875 0.80210905 0.659929953125 0.790567671875 0.6618676109375 0.7856464578125 0.6641866640625 0.7860512296875 0.668395865625 0.7850722015625 0.6691583796875 0.7797953625 0.6699943515625 0.7591784828125 0.663656325 0.7130207375000001 0.6530508984375001 0.7120157218750001 0.652324578125
0 0.9593304328125001 0.7804684828124999 0.9599523296875001 0.7782260375 0.9585944609375 0.7762650625 0.9519353562499999 0.77365275625 0.9400108296875 0.7726200859375 0.9314137015625 0.77277015 0.9265011328125 0.7755844390625 0.9222076859375001 0.77590785625 0.920910409375 0.7774182281249999 0.91867894375 0.7821703953125 0.9181220031249999 0.7881341484375 0.9195302312500001 0.7930696984375001 0.9232624015625 0.798461634375 0.927622365625 0.8018594984374999 0.93327211875 0.8034970828124999 0.935574384375 0.8027114703124999 0.94045665625 0.7981615078125001 0.942443503125 0.798375303125 0.944128234375 0.800082096875 0.9474383171874999 0.8002727953125 0.9497347109375 0.7992403734375 0.9533889734375001 0.8001689265625 0.9550131125 0.7984043749999999 0.9639398781249999 0.7982485578125 0.9655797703125 0.7974760703125 0.9668423875000001 0.7939800640625 0.9656945328125 0.785070615625 0.9646678640624999 0.7831038578125 0.9593304328125001 0.7804684828124999
0 1 0.7483879359375 0.9961465421875 0.7485710953125 0.9864751328124999 0.7440266921875 0.9798290078124999 0.7421580234375 0.9781745718750001 0.7421869015625 0.9762266937499999 0.7442055796875 0.9769654390625 0.7486574265625 0.98035343125 0.7533115078125 0.9794739343750001 0.759776278125 0.9841289046874999 0.761184315625 0.988270184375 0.771033853125 0.999642078125 0.7782771140625 1 0.7783710375 1 0.7483879359375
0 0.55546821875 0.5620663984375 0.5452345125 0.5574489859375 0.545714159375 0.5598597328125 0.5321383609375 0.5590371625 0.529263396875 0.5596014859375 0.54225705625 0.5661975953125 0.5510665390625 0.56854420625 0.55994349375 0.5657138500000001 0.55546821875 0.5620663984375
0 0.8372979328125 0.6580905421875001 0.8291911015625001 0.65212955625 0.8196692593750001 0.649439075 0.8050924281249999 0.6456116421875 0.8043754468750001 0.648852775 0.8280159859375 0.6573258562500001 0.8372979328125 0.6580905421875001
0 0.7607641890625 0.6527066703125 0.76624343125 0.6565725703124999 0.7713032515625 0.652972778125 0.7735598640625 0.6424989875 0.7760263515625 0.6350063625 0.7872706140625 0.62455228125 0.77951398125 0.6231655671875 0.77283958125 0.6329272875 0.7677517125 0.6427988375 0.7607641890625 0.6527066703125
0 0.3061880984375 0.980169678125 0.321417575 0.9842326312499999 0.30920865468750003 0.97433795 0.2976967140625 0.9679347609375 0.2943575203125 0.968404046875 0.29655125312499997 0.9759044031249999 0.3061880984375 0.980169678125
0 0.26600490625 0.89446104375 0.27141408437500003 0.8999534140625001 0.27745378125000003 0.8999370671875001 0.2825761640625 0.8921324171875 0.27261786718750003 0.8858349421874999 0.259758909375 0.8780925578125001 0.2599358515625 0.8861703875 0.26600490625 0.89446104375
0 0.3815032453125 0.66667 0.40641983125000003 0.681817140625 0.410240428125 0.67168329375 0.395571571875 0.6624941515625 0.4327256453125 0.668312234375 0.443558878125 0.6392343640625 0.43254323125000005 0.6372700640625 0.409936384375 0.6467441765624999 0.3881777 0.6569114046875 0.3815032453125 0.66667
0 0.45811535000000003 0.6930166359375 0.456136975 0.6856781703125 0.438366515625 0.68788395625 0.4159108359375 0.6774586484375 0.411746403125 0.6798910734375 0.41331398437500005 0.6968209812499999 0.42053401875 0.7121410578125 0.44161411875 0.7206650828125001 0.454166840625 0.7114899218749999 0.45811535000000003 0.6930166359375
0 0.5521711046875 0.719921421875 0.5228913125 0.7181118359374999 0.49796707656250006 0.710405025 0.48533375312500004 0.7078001109375001 0.48011933906250004 0.7084521515625 0.45787446718749997 0.7161024796875 0.450688109375 0.721870965625 0.46681099374999996 0.730114275 0.47540083906249997 0.7335758265625001 0.5083535312499999 0.7226990671875 0.5380159765625 0.7389104171875001 0.5529315031250001 0.7484437453125 0.5706028546875 0.736978903125 0.56733985 0.7257872703125 0.5521711046875 0.719921421875
0 0.0490694703125 0.8773132265625 0.054339768749999996 0.8791465265625 0.060948878124999994 0.8753134109375 0.0647547171875 0.8674676703124999 0.07268461875 0.8621284609375 0.057007203125 0.85227869375 0.05316254375 0.860228253125 0.058678065625 0.8663516765624999 0.051965170312499996 0.8691630109374999 0.0490694703125 0.8773132265625
0 0.6531250187500001 0.4434252328125 0.6472442890625 0.43786608125 0.64157664375 0.42938401718749997 0.6283783171875 0.4219851078125 0.6255945406250001 0.4256248703125 0.6417259828125 0.44429618125000003 0.6418871671875 0.4504864984375 0.647290590625 0.451351703125 0.6531250187500001 0.4434252328125
0 0.0568826859375 0.638959315625 0.028909432812500004 0.6486146109375001 0.0173243390625 0.64160166875 0.009119960937500001 0.6359611828125 0.027954973437500003 0.6177484421874999 0.023936625 0.6149415828125 0.0274614421875 0.6093495265625 0.0376616078125 0.6120453578125 0.053069496875 0.6020671203125 0.0707408328125 0.596957934375 0.055620317187500004 0.5951981187500001 0.0502941703125 0.5941940453125001 0.040289009375000004 0.593090365625 0.0406254421875 0.6014420171875 0.0173881609375 0.6089987140625001 0.0210543015625 0.6153528859375 0.0211883828125 0.6187369984375 0.0021849484374999997 0.62953905 0.0024265828125 0.643382253125 0.0202363625 0.652113384375 0.030480890625 0.6481292984375 0.024604185937500002 0.6660783453125 0.0283183578125 0.6655150015625 0.0468773859375 0.651456146875 0.052441523437500005 0.653023340625 0.0585664875 0.6486704703124999 0.0568826859375 0.638959315625
0 0.033871840624999996 0.5610959265625 0.029164254687500002 0.57502708125 0.0181433796875 0.5760758312500001 0.009037539062499999 0.5785960718750001 0.0120403265625 0.5855337859375 0.0601484921875 0.5568429375 0.065463484375 0.5590880203124999 0.065328234375 0.56360513125 0.06319480625 0.5686915765625 0.0664291390625 0.571884053125 0.0789040203125 0.5710521468749999 0.0862707125 0.565408659375 0.0728255890625 0.5575686765625 0.0805343234375 0.5517348156249999 0.0702695421875 0.547664903125 0.0628968828125 0.5526083890625 0.0392704578125 0.5509423484375 0.0346078125 0.5529443390625 0.033871840624999996 0.5610959265625
0 0.088284371875 0.8326126500000001 0.098988325 0.8300598265625 0.101119484375 0.8264548953125 0.0964323171875 0.820337328125 0.0930383875 0.8192823375 0.08776875468749999 0.82384375 0.085640053125 0.827858075 0.088284371875 0.8326126500000001
0 0.844566525 0.3700026234375 0.848694490625 0.3655705296875 0.847211228125 0.3633195109375 0.8353998421875 0.359815740625 0.8234100921874999 0.3580903515625 0.8159040328125 0.369268365625 0.8113994890624999 0.375135375 0.8173031828124999 0.3788766609375 0.8218306468750001 0.38712546406250004 0.8273600234374999 0.39216254375 0.8392186390624999 0.3928213078125 0.84200853125 0.3922178375 0.8490345609375 0.39499095156249997 0.8535755859374999 0.38539461249999996 0.8550889890625 0.3797032703125 0.8510701203125001 0.37319585625 0.844566525 0.3700026234375
0 0.931763715625 0.45583452031249994 0.9183644671875 0.45053318750000004 0.9131935375 0.448841925 0.9044443015624999 0.45137938125000004 0.900608940625 0.45431082656250005 0.9060843234375 0.46305878749999996 0.9121263671875001 0.470249746875 0.921280315625 0.475678315625 0.93237715625 0.4784444453125 0.9397577234375 0.4807581765625 0.9449788953124999 0.472525175 0.9438845578124999 0.462205203125 0.931763715625 0.45583452031249994
0 0.9098648765625 0.2343282828125 0.9025052734375001 0.231425034375 0.8907930203125 0.2307355859375 0.8880550765624999 0.23028642656249998 0.8862718890625001 0.23296639375 0.8960019296875 0.2417651078125 0.90353549375 0.2464874734375 0.9060049421875 0.2473116890625 0.9152371625000001 0.24692863125 0.917114375 0.2440844984375 0.9146624140625 0.23862177187500003 0.9098648765625 0.2343282828125
0 0 0.1068341 0.010948928125 0.10427953593749999 0.02491893125 0.10825820625 0.037845515625 0.1102954171875 0.041419726562499995 0.10466811875 0.0516548796875 0.1040862765625 0.05445556875 0.10598143593750001 0.0504415109375 0.1088816203125 0.056664215625 0.11129213593750001 0.0627755625 0.1075020890625 0.07434494999999999 0.1052889015625 0.0709508640625 0.11031296406249999 0.076057253125 0.11224601406250001 0.0825566578125 0.11233415937499999 0.10098060625000001 0.10736811093750001 0.1145245015625 0.10510951875 0.11365565 0.10743910000000001 0.12000827812499999 0.1106677859375 0.1297560734375 0.10750186875000001 0.132955825 0.106295840625 0.1520791265625 0.10925473125 0.170836303125 0.1064581984375 0.1914424140625 0.1118212640625 0.2064517671875 0.1110623234375 0.2166238140625 0.103552403125 0.2295527515625 0.1056348921875 0.24080139531250003 0.1042055453125 0.2560433453125 0.1008358984375 0.274552778125 0.1045274890625 0.28197681874999997 0.10772028281249998 0.29410609375 0.10338293750000001 0.30889332187499996 0.10305919062499999 0.31365090625000003 0.0986176703125 0.329394796875 0.0932061390625 0.343288359375 0.0863594953125 0.35230996718749996 0.088861803125 0.3705922046875 0.091444690625 0.3776130109375 0.091322140625 0.3927273875 0.085657496875 0.39030425625 0.08023489687499999 0.401350678125 0.08503659218750001 0.4120042703125 0.0869400140625 0.41557586874999997 0.0900265890625 0.4143796875 0.0929416578125 0.4242000390625 0.09276868125 0.4402858296875 0.0921722296875 0.45485717656249997 0.0947901984375 0.4557411953125 0.10004432031249999 0.4591548203125 0.1049136109375 0.46850519999999996 0.10512233124999999 0.47714043124999994 0.103663590625 0.48110817812500006 0.09945307812500001 0.4960117234375 0.102838803125 0.5081691296875 0.10333607812500001 0.519656846875 0.1001147859375 0.524032871875 0.09673321093750001 0.5403642890625 0.0952573390625 0.5576163328125 0.09513435625 0.5572071968750001 0.1002547765625 0.5591770656249999 0.1052258421875 0.5581999828125 0.1075323078125 0.5552960953125 0.11127418281250001 0.5523413546875 0.11577331093750001 0.552832153125 0.1194496796875 0.56350378125 0.1197900484375 0.5650124953125 0.12090295 0.5595035375 0.12545135000000002 0.5597662625 0.1283268890625 0.5669520828125 0.13139100937499998 0.5731447296875001 0.13216898906250002 0.5858137046875 0.13762215312499998 0.5930484375 0.135251778125 0.6200360671875 0.14290225625 0.639460440625 0.1409957765625 0.6545366328125 0.142812625 0.664291028125 0.1381448015625 0.672300434375 0.13503266875 0.6826370859375 0.1306859828125 0.6902638390625 0.124273775 0.7035491828125 0.132629125 0.7079608937499999 0.138812446875 0.7196868078125 0.13876248124999999 0.731120565625 0.13701579375 0.7331598546875 0.1343251046875 0.7405070734375 0.132848215625 0.75509840625 0.1378646390625 0.7610740703125 0.13516462499999998 0.7566092375 0.126564675 0.746841584375 0.12187818125000001 0.7397149125 0.11754721093750001 0.7261426015625 0.11728247812499999 0.71401011875 0.11946642656249999 0.6993614390625 0.11886417656249999 0.6866701796875 0.1158945921875 0.6734570093750001 0.11453905 0.6687940390625 0.11526897968750001 0.6637279609375 0.10722960781249999 0.6587331609375 0.10640727812499999 0.646254971875 0.10158838125 0.643736903125 0.1001274171875 0.6201830859374999 0.0984132265625 0.6037435671875 0.09530747656250001 0.595651603125 0.092615478125 0.5991015984375 0.09007831875 0.6082911375 0.085459421875 0.6159877796875 0.087706690625 0.6265916640625 0.089806321875 0.6298674421875 0.09295588125000001 0.6443062890625 0.0922803484375 0.6441894953125 0.0855891796875 0.65748206875 0.0890764734375 0.66412039375 0.09112499375000001 0.6768744546875001 0.09151496406250001 0.6884958 0.09030883437500001 0.6970630203125 0.09238463125 0.7143584875 0.091526403125 0.71304599375 0.0850920796875 0.7239739734375 0.085704578125 0.731133953125 0.08746738750000001 0.742805353125 0.0868010921875 0.7417882765625 0.08977085781250001 0.7517047796874999 0.08678014843750001 0.7544335703125 0.0825865734375 0.7620136359374999 0.0871080953125 0.779873196875 0.081233009375 0.8032355750000001 0.0831708875 0.813679353125 0.0789629765625 0.8609403140625 0.079536684375 0.870581915625 0.0718985015625 0.8946009968749999 0.0709916734375 0.9076569718749999 0.073995521875 0.91438481875 0.07195123125 0.928564803125 0.069964390625 0.9390606421875001 0.06900763125 0.9509215390625 0.0643358546875 0.9680988859375 0.07112460312499999 0.9925788109375 0.07047695781249999 0.9924622624999999 0.06379985 0.9922908187499999 0.053977909375 0.9898734125 0.0418104328125 0.8970702515625 0.0468261484375 0.8331597421874999 0.050273315625 0.8017182796875 0.0471872 0.7771657375000001 0.045196646875 0.7690802859375 0.0466379765625 0.7601365203125 0.049669529687500005 0.74831813125 0.047555154687500004 0.7394911421875 0.05190518125 0.7350757265625 0.051955685937499996 0.7266167593749999 0.049366984375 0.7075354828125 0.052486410937500005 0.7017209421875 0.0552851890625 0.686528359375 0.053962634375 0.6804101046875 0.054044426562500004 0.6769327781250001 0.057254040625 0.656290346875 0.059031757812499995 0.6372813875000001 0.0607434578125 0.61821823125 0.06319996875 0.5874067078125 0.0636143296875 0.55589985625 0.066630284375 0.5228759625 0.06787713281249999 0.470321475 0.07273413749999999 0.4147889421875 0.0741300890625 0.3362226234375 0.08256504375 0.2276238859375 0.0864500078125 0.2161329171875 0.08832115 0.21218053124999997 0.0815937921875 0.20033735 0.0790438453125 0.190936365625 0.08202399375 0.1877578015625 0.085697215625 0.176073571875 0.08732950625 0.15781881250000002 0.08766377187499999 0.14298955 0.09220452031250001 0.1123116421875 0.09167890625 0.08296601875000001 0.09603547031250001 0.042416490625 0.0961478625 0 0.09751708125 0 0.1068341
0 0.5690410984375001 0.1353989109375 0.5652433515624999 0.136993559375 0.5575544328125 0.138501415625 0.552230125 0.13993049375 0.5524812421874999 0.142051434375 0.550350140625 0.14807704375 0.550050496875 0.1529345765625 0.5596515421875 0.1529107609375 0.565319903125 0.15086933593750002 0.5752274046875 0.152645134375 0.5863938906249999 0.1476729328125 0.5893126718749999 0.14379952812500002 0.5884990906249999 0.1391786484375 0.582223928125 0.135822028125 0.5690410984375001 0.1353989109375
0 0.8555466062500001 0 0.8547261046875001 0.000259625 0.8587129546875 0.003142046875 0.8559767671875 0.0029725859375 0.849941953125 0.0026419203124999997 0.84633084375 0.0024846062499999997 0.845856515625 0.0065560046875 0.8569823015625 0.007757328125 0.86187345625 0.0065811624999999995 0.8680683265625 0.004532109375 0.8618102859375 0.0018877999999999998 0.8588422359375001 0 0.8555466062500001 0
0 0.18529470625 0.15811373125 0.1736730484375 0.1631517 0.16527068281249999 0.1645219875 0.153826696875 0.1681894578125 0.14945755624999998 0.17151777968749998 0.13196151875 0.17726931562499998 0.1286046453125 0.18361949375 0.1314660546875 0.1841587 0.14866365625 0.17796230468750002 0.14587497031250002 0.1853495984375 0.13861385312500002 0.1919382640625 0.1396953265625 0.1965075859375 0.151797146875 0.20134086562500003 0.162713853125 0.2032772 0.17924579375 0.20388877187499999 0.19098594687499998 0.19874559375 0.196240003125 0.1880991515625 0.2094140125 0.18568917812500002 0.2060782765625 0.179015128125 0.212379909375 0.17994904218750002 0.2268277734375 0.17773092968749998 0.23835730000000002 0.1799488 0.2505249859375 0.181035046875 0.2668361734375 0.18081753125 0.26232559375000003 0.1855329078125 0.2718202890625 0.1862204328125 0.2911500359375 0.1767441390625 0.2990149109375 0.1734094953125 0.30354109687499997 0.1784515828125 0.310388875 0.17710061562499999 0.3079512484375 0.1827549578125 0.31811896093750003 0.18206958906249998 0.32322737031250004 0.1794628515625 0.32961895937499996 0.1714047625 0.3282327046875 0.1671908140625 0.33725196875 0.16955876718750001 0.3395386640625 0.1638523640625 0.33642413125 0.15848090312500002 0.339918184375 0.1542599046875 0.352248884375 0.1486594765625 0.347318971875 0.1470780875 0.34035464531250004 0.147302790625 0.32172934531249997 0.141270678125 0.321290875 0.13692141875 0.3070500828125 0.135066546875 0.3044851140625 0.13799144531250002 0.29050210781249997 0.13631178906250002 0.269566815625 0.1332188765625 0.2658052796875 0.13473944375 0.259489790625 0.141069378125 0.2518024859375 0.13953611875 0.2367863109375 0.1381135953125 0.22279560312500002 0.14136451249999998 0.2173194234375 0.1443886703125 0.20719551875 0.14865819375 0.20256211406250002 0.1528725125 0.2069664671875 0.157022840625 0.21224800937500002 0.159410715625 0.20667580000000002 0.16140983125 0.19421726718750001 0.1614772734375 0.1873837484375 0.1621231953125 0.18529470625 0.15811373125
0 0.26702948125 0.1990544359375 0.266543971875 0.20248530625 0.25241658125 0.20417274531250001 0.247733559375 0.20447014531250002 0.24900380625000001 0.2073202859375 0.24154869687499997 0.21049462968750002 0.23833719375 0.212549428125 0.24179619218749998 0.216974109375 0.25291783749999996 0.2197288671875 0.26271229687500003 0.2197735609375 0.2725425984375 0.21712659531249998 0.277326853125 0.215735075 0.291038459375 0.2144002578125 0.29501315781250004 0.210588121875 0.30141445 0.20809946250000003 0.3020688171875 0.2016292453125 0.2976873515625 0.1974472625 0.28406779531250004 0.1976990578125 0.28423738906249996 0.1974773140625 0.291499009375 0.1944985640625 0.29228244999999997 0.189155953125 0.279798053125 0.193740159375 0.27117201562500004 0.19599417187499998 0.26702948125 0.1990544359375
0 0.24219157187499998 0.2417741109375 0.23267089375 0.24201530624999998 0.2240117734375 0.24210550468749997 0.21225036249999998 0.2400323296875 0.2092233453125 0.2429871703125 0.20893000781249998 0.24811650937500002 0.21199134531250002 0.25375300156249997 0.2246322046875 0.2575954734375 0.24341385781249997 0.2615729828125 0.2444524328125 0.2544631484375 0.249121128125 0.2525391875 0.2596124984375 0.24819292656249997 0.2628768140625 0.24092703750000002 0.257238871875 0.243010125 0.2469401734375 0.2415630796875 0.24219157187499998 0.2417741109375
0 0.5321783421874999 0.24108178906250002 0.5251846515625 0.23649064531250003 0.520328434375 0.23465480625000001 0.5161041265625 0.23634285 0.5149494390625 0.23894933749999997 0.5164840109375 0.24333416093750002 0.5203009609375 0.24865898125000002 0.5299955703125 0.25059320625 0.5372781140625 0.25024574374999997 0.5413483609374999 0.247341453125 0.5374514593749999 0.24388237343750002 0.5321783421874999 0.24108178906250002
0 0.823945203125 0.163312284375 0.818757828125 0.162558953125 0.8165816109374999 0.16644752499999999 0.8215314296875 0.1670206015625 0.823945203125 0.163312284375