0 0.5335017875 0.44189043124999994 0.5289496421875 0.45032365781249994 0.525552928125 0.460657584375 0.5235607843750001 0.4719298828125 0.5317193437500001 0.4793526734375 0.5466529359375001 0.4917677375 0.5522695234375 0.49509589375 0.565444640625 0.4964376 0.5710154171874999 0.5016637609375 0.5680231109375 0.5216681515625 0.572452515625 0.534674153125 0.58079205625 0.5468325468749999 0.59451591875 0.552237996875 0.596835521875 0.558844159375 0.602270971875 0.5693604437500001 0.6145549906250001 0.57523731875 0.618369053125 0.5737375203124999 0.622437765625 0.5750138812500001 0.6320647640625 0.567594165625 0.6409293453125 0.5697470359375 0.6545793046874999 0.5761059015625001 0.6646785890625 0.5805951031250001 0.6726766296875 0.579303725 0.672356696875 0.577715053125 0.692613328125 0.5824149890625 0.703490184375 0.5826255078125 0.7187758015625 0.5878331328125 0.7262134984374999 0.5857722609375 0.7403484609375 0.5899062296875 0.7388976078125 0.5825075203125001 0.74047248125 0.5753881546875 0.7426570124999999 0.570053853125 0.751050559375 0.572992215625 0.767441409375 0.5688944484375 0.7744678859375 0.5723884203125 0.77549100625 0.567673578125 0.78485104375 0.569251040625 0.785333678125 0.566587953125 0.8042680359375 0.572137128125 0.7961553859375 0.5761472125 0.8083164593750001 0.5835983031249999 0.8209666359375 0.5834642953125 0.8241151859375 0.578804453125 0.837818928125 0.5688774890625 0.84460798125 0.5711935796875001 0.848926775 0.568169903125 0.8546694921875 0.560089071875 0.85338843125 0.5556410359374999 0.8512217312500001 0.547560396875 0.84954603125 0.543971596875 0.8238184875 0.53471911875 0.8238487062500001 0.5321479578125 0.8244854640625 0.527783009375 0.8283132359375 0.5192439984375 0.8347496156249999 0.5024192484375 0.843521534375 0.4984322578125 0.8561479984375 0.4972001125 0.8523642109375 0.492910253125 0.8378728750000001 0.489061971875 0.8371421203124999 0.4877197515625 0.833639046875 0.4819038546875 0.8228345687499999 0.47745585312500005 0.812367165625 0.47413984062500003 0.800773228125 0.4718862078125 0.7852756046875 0.47070905625000004 0.7880642265625 0.47360848437499997 0.7873899109375 0.47482561875 0.7770316687500001 0.47095620625 0.7669657234375 0.4688913453125 0.7638241828125001 0.4635739015625 0.7623238671875 0.45966423437500004 0.75246241875 0.4699114765625 0.7498661578125 0.47668427187500007 0.743832846875 0.4712090296875 0.7395085703125 0.4730489734375 0.7341715453125001 0.4737035859375 0.7283766953125 0.47101408749999996 0.7221629890625 0.4668026421875 0.711294628125 0.45377386093750005 0.6991466515625 0.44936714218749996 0.6900442250000001 0.4523030078125 0.67998321875 0.44950849687499994 0.6812623328125 0.45965778281249997 0.6751683468749999 0.47616229375 0.6704072296875 0.47434544843750004 0.668083890625 0.47277006562499996 0.6736845984375 0.459736771875 0.6719129734375 0.45235052500000006 0.6651236625 0.44517160312500004 0.6452907546875 0.44351626718750004 0.63729488125 0.4426592109375 0.629901378125 0.44354282500000003 0.629725521875 0.45414308906249995 0.6320788328125 0.46777380625 0.6233300796875 0.4667528953125 0.612953284375 0.46392883593749995 0.5905053015624999 0.45899713750000004 0.5862894625 0.46303884999999995 0.57592303125 0.46037438750000004 0.5660835984375 0.45667745000000004 0.5548424125 0.45069289062499995 0.5494042890624999 0.44795335156249994 0.5498699015625 0.440783909375 0.5417560953125 0.43987846093750005 0.5335017875 0.44189043124999994
0 0.4080804984375 0.5365846578125 0.40936823125000005 0.5428326625000001 0.4116640703125 0.5488977875 0.41719702812500004 0.5529673578125001 0.418474525 0.5583426874999999 0.4235787421875 0.564331334375 0.43140349999999994 0.5663553046875001 0.44120597500000003 0.564239965625 0.446219715625 0.5732735421874999 0.4554292203125 0.571891340625 0.462500078125 0.5689744328125 0.4584267625 0.55800981875 0.4697109515625 0.5580082265625 0.4783775453125 0.5608357140625 0.4867593828125 0.5631955890625 0.49626538125 0.5626382421875 0.5058561218750001 0.5634710421875 0.5041387328125 0.5567638703125 0.4999246234375 0.5460568109375 0.497993728125 0.5391378203125 0.5050712515625 0.5268595640625 0.508679340625 0.5256906046875 0.5078603484374999 0.5174405703125 0.50979715625 0.5124799265625 0.5141002046875001 0.5028633671875 0.514355953125 0.4937764640625 0.51077405 0.48777651874999994 0.4856151015625 0.47770339375 0.492307353125 0.4765131546875 0.5320326359374999 0.487927815625 0.5345052859375 0.484362234375 0.533314290625 0.47577406718750004 0.5246566125000001 0.46349175625 0.5171655921875 0.4486140578125 0.5102459515625 0.43864175781250003 0.49141169375000004 0.43205353124999996 0.479017771875 0.42851903281250003 0.4770960015625 0.42379683124999995 0.465636178125 0.41869139375 0.47175252656250005 0.41589456093750005 0.4853364578125 0.4134462015625 0.476071625 0.40403357656249994 0.46902122031250004 0.3973626078125 0.46636401562499996 0.3900366140625 0.451672153125 0.38435386718750003 0.4456291140625 0.384841 0.42546638281250004 0.37942870625 0.4181238546875 0.3792557578125 0.4094674703125 0.390665228125 0.406636084375 0.40450264531249996 0.40147809062500006 0.41627378437500007 0.3954461953125 0.40958749843750003 0.389037140625 0.40047689374999995 0.367140040625 0.396265096875 0.36610883437499997 0.39076095781250003 0.362360953125 0.38631094374999997 0.337490790625 0.3791495421875 0.33488674218750003 0.381253828125 0.3379467125 0.38893985 0.34043257968749996 0.3986376640625 0.338647709375 0.4092530671875 0.3346907359375 0.41809645624999997 0.33908418125 0.42830673125 0.337633203125 0.4361234875 0.3292452390625 0.43183800312500004 0.32724565 0.4522709359375 0.31959301875 0.448927440625 0.30550614375 0.44665879531249997 0.29849735312500003 0.4563479078125 0.2944794171875 0.46253237656249996 0.3118057046875 0.4695740125 0.3306194421875 0.47225529218749995 0.3519327734375 0.477202015625 0.34334261875 0.48068792031249996 0.331167896875 0.48057052968749997 0.3290190890625 0.488316903125 0.339751825 0.5031816625000001 0.3490236703125 0.5109450109375 0.3602057234375 0.5073007546875 0.357998528125 0.49887160937499997 0.36932255937499997 0.5024400875 0.37444900312499996 0.5116881734375001 0.3907661171875 0.522283796875 0.397433484375 0.523121378125 0.4011898234375 0.5306642046875 0.4023662296875 0.5327599921874999 0.4080804984375 0.5365846578125
0 0.317095084375 0.4135460703125 0.319747340625 0.411799746875 0.32346119375 0.4136979453125 0.3289336359375 0.4140581296875 0.32985910937499996 0.41355516562499994 0.33639701875 0.41261029687499995 0.33820323124999996 0.40814954375 0.339470978125 0.40328169375 0.342333353125 0.3972689515625 0.339148128125 0.3889744140625 0.3342935046875 0.385959909375 0.3235985828125 0.38250416875000004 0.31861587343750003 0.3806235578125 0.31253365624999996 0.38072265 0.30529639375 0.384487446875 0.3033757515625 0.39113370625 0.3049709421875 0.39977974843749997 0.3065608328125 0.4060864859375 0.3097667875 0.40994249375 0.317095084375 0.4135460703125
0 0.5539287265625 0.192450471875 0.5557866078125 0.2029796734375 0.556969528125 0.20984877812499997 0.5659851875 0.20928366406249999 0.5654877359375 0.2065446734375 0.571769078125 0.19595489531250002 0.5763319078125 0.186664203125 0.5786602546874999 0.179648321875 0.5789915875 0.1747337484375 0.5731835234375 0.1705645421875 0.5663326750000001 0.17070364375 0.56095011875 0.1791425890625 0.5571338671875 0.185223003125 0.5539287265625 0.192450471875
0 0.5196866875 0.2824149984375 0.5121477796875 0.2799276828125 0.51118649375 0.2869530234375 0.5130657296875001 0.28868402656250003 0.5168208328125 0.2927693421875 0.522645296875 0.2879611125 0.5196866875 0.2824149984375
0 0.591236715625 0.20486125624999998 0.5838495234375001 0.2051555578125 0.5816176890625 0.2054841796875 0.5808858828125001 0.2112552625 0.5846588015624999 0.21478215625 0.5916859609375 0.21415364062500003 0.594951040625 0.213021471875 0.5955804171875 0.20848158906249997 0.594270753125 0.20656364218749998 0.591236715625 0.20486125624999998
0 0.6383258640625 0.20186944687500002 0.64253803125 0.208705003125 0.646624171875 0.2107105875 0.6509751703125 0.20831554218749998 0.6549735765625 0.20809473125000003 0.6494399640624999 0.20169471875 0.6446260421875001 0.19821697031250002 0.648511309375 0.196907696875 0.6543397640624999 0.1966892421875 0.6516552859375 0.1927053875 0.6354377625 0.18868074375 0.63251669375 0.19081095312500002 0.6277058265625 0.188521240625 0.6234585609375001 0.1852236765625 0.6083732000000001 0.1795344765625 0.5977354421875 0.1848333015625 0.6085565859375001 0.1928723359375 0.616426975 0.19489085 0.6298446765625 0.1981945796875 0.6383258640625 0.20186944687500002
0 0.58744440625 0.16885899843750002 0.5830113015625 0.1752795234375 0.5861212765625 0.1827492375 0.5901855312500001 0.1849574921875 0.5939498046875 0.1843935125 0.5915475015625 0.1749618453125 0.5971221140625 0.17812107500000002 0.5998745578125 0.171953259375 0.6031878953125 0.1637105953125 0.5994654500000001 0.15926075 0.5897920984375 0.1591313609375 0.588995571875 0.16693048125 0.58744440625 0.16885899843750002
0 0.584655559375 0.15611776875 0.5811463078125 0.153068715625 0.5767365875 0.151802475 0.5723011984374999 0.15434506406249998 0.5718931828125 0.1586796625 0.576829884375 0.1620252859375 0.5782581578125 0.1659862109375 0.5822993328125 0.16562727187499998 0.58548448125 0.16099205156250002 0.584655559375 0.15611776875
0 0.4290481875 0.71680603125 0.4302749453125 0.71189519375 0.4286860953125 0.7107093015625 0.42672336250000004 0.7125769203125001 0.4253122078125 0.7139898687499999 0.4245409578125 0.718530825 0.4264692 0.7190679953125 0.4290481875 0.71680603125
0 0.455844965625 0.7236940875 0.46085441875 0.719868715625 0.4521229046875 0.7185789687499999 0.45266969843749993 0.720015953125 0.455844965625 0.7236940875
0 0.447687975 0.6851211546875 0.45020079687500003 0.684960165625 0.4500487671875 0.6833102171875 0.44815616406250003 0.681770809375 0.44404937968749997 0.6807640125 0.4455352515625 0.683986421875 0.447687975 0.6851211546875
0 0.29091022187500004 0.6442366359375 0.28950716875000004 0.6430120453125 0.28597724062499996 0.6418053968749999 0.2851006234375 0.644882159375 0.28860507343749997 0.6467603468750001 0.29084404375 0.646108396875 0.29091022187500004 0.6442366359375
0 0.3873044359375 0.6361146703125 0.38958056874999997 0.6376872437500001 0.39341032343750004 0.6384651 0.39524126875 0.638520159375 0.397758953125 0.63840786875 0.396283209375 0.6363780515624999 0.392433990625 0.634324609375 0.3886144671875 0.6336251453124999 0.3873044359375 0.6361146703125
0 0.08783180625 0 0.06979748125 0.092778559375 0.0725937578125 0.09680961406250001 0.0930214078125 0.10293079375 0.11416698750000001 0.11034554062499999 0.1149332984375 0.10585455937499999 0.1001183359375 0.097865321875 0.1029639328125 0.0967948703125 0.10651603437499998 0.10108108125 0.11564178437499999 0.10257002500000001 0.122123384375 0.10118603125 0.1415457859375 0.10818783125 0.1431812515625 0.11153323125 0.14824037968749998 0.1145683859375 0.15779053437499999 0.11497944375 0.16253405468749998 0.11541282500000001 0.14979901874999998 0.10189863437499999 0.1226358984375 0.087731946875 0.1187171859375 0.07866609375 0.11648195312500001 0.0674332109375 0.12566476875000002 0.06921817031250001 0.1384128453125 0.073813165625 0.149285028125 0.06942104375 0.16028009999999998 0.07284758125 0.169710540625 0.06506335156250001 0.1927296125 0.064027184375 0.16525684062499998 0.057423173437499996 0.175523046875 0.0563450625 0.1994696046875 0.059086525 0.200769140625 0.0556765234375 0.1863454453125 0.049490384375 0.1881522359375 0.03924534375 0.1999703765625 0.0452178953125 0.20023690625 0.035461371874999995 0.196979728125 0.0176039703125 0.1986365296875 0.009088653125 0.196671315625 0 0.08783180625 0
0 0.15430905781249998 0.082905546875 0.151704196875 0.0863324140625 0.1514766609375 0.0900415203125 0.15519855 0.0909894171875 0.1561838515625 0.090669990625 0.160680765625 0.08817119531249999 0.1645181921875 0.0855521671875 0.166687615625 0.083259934375 0.16310745 0.0784875625 0.156853765625 0.079575225 0.15430905781249998 0.082905546875
0 0.1817384953125 0.101835565625 0.1801389109375 0.1110146203125 0.17777568906250002 0.11832456250000001 0.180722953125 0.125059096875 0.182071471875 0.13042117343749998 0.18321057031250002 0.1175759578125 0.18427965 0.1133698578125 0.1851185125 0.1039935890625 0.187765021875 0.0988621 0.1912848453125 0.09859760468749999 0.1947408640625 0.09582803281249999 0.193450996875 0.0929811734375 0.18213328906249998 0.0965863265625 0.1817384953125 0.101835565625
0 0.0219915875 0.45764475937500004 0.024203165625000002 0.46184230781249996 0.0264931578125 0.46155841718749996 0.027967178125 0.46672522812499995 0.03203450625 0.4697283609375 0.035509390625 0.47095614531249996 0.04200973125 0.47292323593749996 0.04960838125 0.4734818265625 0.05181415625 0.47133832656249997 0.0428231296875 0.46926274843750004 0.0497255203125 0.4661889375 0.052095804687500004 0.4608079703125 0.050410626562500005 0.4562033859375 0.0567754875 0.4595798953125 0.06017195937499999 0.4584350640625 0.057031234374999996 0.45598769531250005 0.060194296875 0.4552002046875 0.0641034875 0.4521955984375 0.056799054687499996 0.4424668515625 0.0460979703125 0.44200716875 0.039406134375 0.4485425671875 0.035137209375 0.4360293640625 0.0317518609375 0.433112634375 0.0262813375 0.4362228265625 0.023368465625 0.4427573953125 0.0233003484375 0.45254134375 0.0219915875 0.45764475937500004
0 0.04438915625 0.494780390625 0.043908171875 0.4931031109375 0.0415845453125 0.49170117187500006 0.0371547046875 0.49096425468750005 0.034878667187500004 0.49161855 0.0394988390625 0.4946845765625 0.0427723625 0.49573633125 0.04438915625 0.494780390625
0 0.171756303125 0.5325855890625 0.17268684375 0.536871578125 0.17505645 0.5411651046875 0.17835864375 0.5421921875 0.18076045937500002 0.540997271875 0.18133159999999998 0.5351519812500001 0.17983444843750002 0.5314307546875 0.173688921875 0.5308728828125 0.171756303125 0.5325855890625
0 0 0.8013974328125 0.000956425 0.8022642546875 0.0033727124999999997 0.8028947000000001 0.0031693359375 0.8018364515625 0.0074840171875 0.8025844109375001 0.0100196234375 0.8036328015624999 0.0098954234375 0.8014629875000001 0.0036211390624999997 0.79942205 0 0.79919026875 0 0.8013974328125
0 0.8954133421874999 0.717199934375 0.897922903125 0.7228370390625 0.9091798140625 0.72747963125 0.9051419390625 0.7288451953124999 0.9013470375000001 0.7294684828125 0.9016326937500001 0.7327648 0.9084384625 0.7373778453125001 0.9120667421875 0.7389219609375 0.9150681015625001 0.7392284015625 0.9218436734375001 0.73435036875 0.9228797390624999 0.732312175 0.9293005859375001 0.7288741640625 0.9358712671875 0.7266797796875 0.938530065625 0.7184388171875 0.9450329875 0.7152746234375 0.9409672515624999 0.71114961875 0.9370322968749999 0.70678580625 0.9368786078125 0.7044892875000001 0.9270420500000001 0.70041725625 0.9182192718750001 0.6969847890625 0.91656195 0.6950374671875 0.9134443296875 0.6886470625000001 0.9053236234375 0.6849929218749999 0.9006047374999999 0.6833355015625 0.890123771875 0.6853300984375 0.8848813281250001 0.692139271875 0.8833959437500001 0.7009600984375 0.8862782156250001 0.7059899749999999 0.8906546609375001 0.710678365625 0.8954133421874999 0.717199934375
0 0.805397065625 0.377060640625 0.8034979328125 0.375333728125 0.802378565625 0.379986884375 0.8026698874999999 0.38535038906249997 0.8056359093750001 0.3853554875 0.8105442375 0.38390921875 0.8137558531250001 0.382863753125 0.813303075 0.3784700734375 0.805397065625 0.377060640625
0 0.7588708390625001 0.408773484375 0.7547329421875 0.40898310000000004 0.7528736359375 0.40986006562500005 0.753206234375 0.4116374328125 0.7553691437500001 0.41284259062500006 0.76105303125 0.412467103125 0.7619345859375 0.410699715625 0.7588708390625001 0.408773484375
0 0.8732421140625 0.29851294375 0.8759773296875 0.30377528125 0.8814549906250001 0.309292140625 0.8903579203125 0.314285771875 0.893583228125 0.31350560625 0.8981240828124999 0.31057602968750003 0.9083185609375001 0.3063211796875 0.9140640953125001 0.30453943125 0.9175441671875 0.297322425 0.91510768125 0.2931846234375 0.9069067171875 0.2903855671875 0.896508659375 0.288899215625 0.8885390921875 0.286277253125 0.8817672921874999 0.2873772171875 0.876565015625 0.291981671875 0.8732421140625 0.29851294375
0 0.8750994546875001 0.30996206875 0.8666956765625 0.3089843375 0.861515778125 0.3082655734375 0.85406734375 0.31304305781249997 0.8501150031250001 0.3141323671875 0.8447121140625 0.315527071875 0.8415122625 0.315291878125 0.8384967671875 0.31786693125 0.8444387390625 0.31999608125 0.8512235031250001 0.3232186328125 0.8596619578125001 0.3261880078125 0.8672688890625 0.32839089062500004 0.879304184375 0.33088789687500003 0.8843319562499999 0.331865196875 0.888289259375 0.3324863859375 0.8882428984375 0.3268616984375 0.8826853046875 0.3171048109375 0.8750994546875001 0.30996206875
0 1 0.20659351718750002 0.9975825 0.2083313171875 0.9933256140625 0.21277253749999997 0.9880971171875 0.21915783437499997 0.9819787874999999 0.22572353281250002 0.9783470765625 0.22864359374999998 0.973300878125 0.23077457343750002 0.969810690625 0.2356115453125 0.9592558078125 0.243825046875 0.9538206484374999 0.241463328125 0.9480145453125 0.233861109375 0.9531930046875001 0.2292154140625 0.9616096859375001 0.229406146875 0.96662598125 0.22735530937499998 0.9655781796875 0.220143184375 0.9606414609374999 0.21719071875 0.9535452046874999 0.21450611562500002 0.9470574125000001 0.21429238437499998 0.9388082750000001 0.214484403125 0.9336110953125001 0.214706184375 0.923086834375 0.21101938593749997 0.91601759375 0.20494484218750003 0.9083074468750001 0.20161881875 0.9014091921875 0.199225790625 0.8916743265625 0.19712818906250001 0.8820647046874999 0.19756352187499998 0.87403188125 0.193047821875 0.8709979484374999 0.1971998921875 0.8632571171875 0.19647199843750002 0.8679788359374999 0.202618690625 0.8799515921875001 0.2051672109375 0.8804029109375 0.2087249421875 0.8937468828125 0.2130139546875 0.8936651984375 0.2197232 0.88667006875 0.223667178125 0.8825673234375 0.224596728125 0.8800282906250001 0.22671046874999998 0.8810204718750001 0.2308349375 0.8862675296875 0.2304302515625 0.88095046875 0.2363048921875 0.8778771765625001 0.2398651421875 0.8717097609375 0.2463639953125 0.8704560000000001 0.253477334375 0.8658490078125001 0.2603256640625 0.8612026 0.2691209953125 0.8560977046874999 0.2803978734375 0.85204954375 0.2883592203125 0.8503492921875001 0.2935441203125 0.8578703624999999 0.300381390625 0.8643686687500001 0.300442765625 0.8748642375 0.29208402968749997 0.8795298015625 0.29062559062500004 0.8815808703125001 0.28418455 0.88638145 0.2717136046875 0.890437809375 0.2785236515625 0.8929413140625 0.282701540625 0.9025896640625 0.28778276406250003 0.9060675249999999 0.28893790625000004 0.9182600593749999 0.2897989203125 0.9265833453125 0.290568403125 0.9359638921875 0.2985996015625 0.9385302718749999 0.29848245 0.9429524796875001 0.29152020625 0.9504649875 0.28873053125000003 0.9782768828125 0.2958254578125 0.9760880453125 0.292829321875 0.977294446875 0.288743828125 0.9760888640625 0.2833506421875 0.9718040328124999 0.27611098125 0.974054034375 0.2691706 0.9877577953125 0.2588504796875 0.99428203125 0.2510727765625 0.9981119109375 0.2483615515625 1 0.24724792187500003 1 0.2221103671875 0.9914701031250001 0.2364440265625 0.9902125265624999 0.239736434375 0.9870735312500001 0.2438967359375 0.9836446453125 0.249982409375 0.9783938234375 0.257055775 0.9771571187499999 0.252707090625 0.9810070124999999 0.242932409375 0.992083590625 0.234008525 1 0.219379228125 1 0.20659351718750002
0 0.9601447703125 0.2902189296875 0.9705331203125 0.2938761265625 0.982642034375 0.297689490625 0.9946235140624999 0.3007745328125 0.9990686500000001 0.3008267890625 0.9910303624999999 0.2947915015625 0.9815052046874999 0.2907306578125 0.974122653125 0.2882005140625 0.967827390625 0.2865868609375 0.9652674906250001 0.2860892671875 0.9558011578125001 0.28389583125 0.9601447703125 0.2902189296875