0 0.54406551875 0.5065200765625 0.5505235671875 0.5045775796874999 0.559038965625 0.49514630156250006 0.559419690625 0.49318765000000003 0.5384832234375 0.4824533765625 0.5260122734375 0.4844495453125 0.5208631593749999 0.49100785468749997 0.51613991875 0.4988554890625 0.5246215875 0.5027326015625 0.5324068625 0.50561480625 0.54406551875 0.5065200765625
0 0.599263653125 0.6911635484375 0.5847859343749999 0.693231246875 0.5701214984375 0.6942614421875 0.56168245625 0.698321096875 0.5559773031249999 0.7027529921875 0.5497647671875 0.7119570000000001 0.559861546875 0.7172861546875 0.5665622765625 0.718852875 0.5952653203125 0.724990884375 0.60585323125 0.725205725 0.610851315625 0.7256233265625001 0.6180784734375 0.723106084375 0.6213551640625 0.7161328765625 0.6202052499999999 0.7090775875 0.6167580421875 0.6965378765625 0.612211253125 0.691006175 0.599263653125 0.6911635484375
0 0.8503964890625 0.6773977859375 0.840617478125 0.66209763125 0.8215296750000001 0.6471591703125 0.8131462671874999 0.6414499593749999 0.8037672468749999 0.6450308359375 0.79981638125 0.6520576390625 0.7918531734375 0.651687640625 0.7840016546874999 0.653723784375 0.7808599921875 0.656767753125 0.7734406875000001 0.6648346703125 0.7722005281250001 0.6693640671875001 0.77263491875 0.6774963656249999 0.777016225 0.6932801640624999 0.79222684375 0.6962368078125001 0.81920366875 0.6968676953124999 0.8366659734375 0.6891166265625001 0.8503964890625 0.6773977859375
0 0.812853409375 0.532645025 0.8019556531250001 0.5244924125 0.7899557609375 0.513018478125 0.789249240625 0.5032972499999999 0.7816002296875 0.492352284375 0.762311609375 0.47847150000000005 0.74920553125 0.477429728125 0.732557209375 0.473074625 0.7251435328125 0.466036978125 0.71290084375 0.4684802265625 0.7083205546875 0.4806613171875 0.7057844640625001 0.48694440937500005 0.704239321875 0.49395176406249997 0.697343134375 0.49052450312499996 0.6874066375 0.4797604515625 0.6791537765625 0.47552510468750003 0.6757027765625 0.47814602656250005 0.6592329578125 0.46532252031250004 0.6448364703125 0.44989044843750003 0.612613828125 0.44836403281250004 0.5935223796875 0.44821694843750004 0.5779627546875 0.4537624171875 0.5715273640625 0.45972369999999996 0.5730419890625 0.47251012656249997 0.5814808296875 0.4824052609375 0.5875214171875001 0.49602369218750003 0.5907461890625 0.505850809375 0.5864892984375001 0.5150497546875 0.571227440625 0.5095888859375 0.55774659375 0.5020897765625 0.5342461984375 0.5069942359375 0.5197903921875 0.5065416859375 0.5060683203125 0.5039030375 0.483946490625 0.50952751875 0.4764416859375 0.501165334375 0.46473629218749996 0.5030062890625 0.45869145624999996 0.507523371875 0.4619114421875 0.5143698125 0.4623417953125 0.5164877140625 0.45321679687499994 0.524371109375 0.4391208203125 0.5292571796875001 0.4243248109375 0.5321925859375 0.41468905625 0.5296096671875 0.4098861578125 0.5266402375 0.3686813671875 0.5288148203125 0.373164790625 0.540363734375 0.382279225 0.5510905578124999 0.3819207046875 0.5565872 0.3759199109375 0.565054003125 0.39802756875 0.5803757218750001 0.4076173515625 0.5960433968750001 0.38221351718749996 0.5978018625 0.36945562656250003 0.59501795625 0.36957666875 0.6095199953125 0.379812203125 0.6257143125 0.39584783125 0.6308958171875 0.4006383359375 0.6408076203124999 0.40823927187500003 0.643205121875 0.414968715625 0.6454348125 0.43680977812500005 0.6473881734375 0.44596985624999996 0.650068046875 0.4601390171875 0.6519133671875 0.4747647171875 0.650067034375 0.49214231249999996 0.661438640625 0.5061794500000001 0.6703176859375 0.5318609734375 0.67049623125 0.568025359375 0.6828534453125 0.58439171875 0.69127954375 0.6123929515625 0.690832975 0.6290473624999999 0.68617361875 0.637631109375 0.6948155640625 0.644314296875 0.7034494046875001 0.6546823640625 0.71191131875 0.6545785953125 0.7121585609375 0.6461114625 0.7125549265625 0.6380406703125 0.707931565625 0.66555463125 0.7405606515625001 0.68245514375 0.753412165625 0.69363735625 0.7516668921874999 0.6862276328125 0.738958625 0.6709401546875 0.719471096875 0.6731823171875 0.7187290375 0.6910788765625 0.742424528125 0.6997333593749999 0.74023725625 0.7043610874999999 0.7380153843749999 0.7118390781249999 0.7302607140624999 0.7147481250000001 0.723188984375 0.7052426109375001 0.7143758250000001 0.6937730156249999 0.7048577609375 0.692719471875 0.7040051328125 0.7130030484375001 0.7069450609375 0.714884528125 0.6981009484375 0.7146051359375 0.6913740453125 0.7395472734374999 0.681533684375 0.7591438828125 0.667830503125 0.781239840625 0.6571965468750001 0.7941999515625 0.6471727890625 0.8090909671875 0.651773659375 0.8175687999999999 0.643215315625 0.8293223093750001 0.6533281671875 0.8390503734375001 0.6590966015624999 0.8364796703125 0.648557771875 0.825435946875 0.6437847109375 0.8371610031250001 0.645068990625 0.841477803125 0.6415069171875001 0.8216435343749999 0.6198860609375 0.8030232375 0.6057197421875 0.7954260140625 0.6096167218749999 0.7790230125 0.5894316500000001 0.7656660875 0.585807059375 0.7460593249999999 0.5813751093749999 0.7502715265625 0.57637764375 0.76667280625 0.5687132125 0.7812215218749999 0.5593197796875 0.8016148796874999 0.5469223015625 0.809877078125 0.537475234375 0.812853409375 0.532645025
0 0.6056844015625 0.276606478125 0.5902124265625 0.26096694375 0.5786665015625 0.260734609375 0.5698251 0.2468916953125 0.55926563125 0.22570636875 0.5484513328125 0.20918944062499997 0.5330656296875 0.2038334296875 0.5011305296875 0.1975112703125 0.49858137031250005 0.1839873328125 0.495094890625 0.17919974375 0.5212019531250001 0.165593725 0.5147493484375001 0.1563632328125 0.5091319765625 0.149321384375 0.4994717125 0.1527441296875 0.49376609218749995 0.1468359578125 0.4913331078125 0.13524469687500001 0.489040946875 0.1431717234375 0.48204272656249997 0.137083925 0.48724193125 0.1324215703125 0.46449264375 0.0977914234375 0.45542653906249997 0.086594878125 0.44144119687499994 0.0830423296875 0.431260409375 0.08133079843749999 0.4112454125 0.0652745703125 0.41421554374999997 0.080768146875 0.420117396875 0.0948546453125 0.401305709375 0.1025789984375 0.3884004203125 0.1152031828125 0.3693485875 0.10736771249999999 0.354124959375 0.10693463750000001 0.34643367187499996 0.1178583953125 0.3417648296875 0.120750359375 0.3303408671875 0.11473982187500001 0.29960653125 0.08482264687499999 0.276147340625 0.08845057656250001 0.25778227343750004 0.0926325671875 0.2496895265625 0.10156819531250001 0.245392253125 0.11361169687499999 0.25023675624999997 0.1307302765625 0.25145552968749996 0.13725935 0.253961990625 0.154786184375 0.2802756484375 0.1867935703125 0.2712645625 0.19517185625 0.2846910640625 0.20712683906249998 0.26762585156249996 0.2165118203125 0.27547828124999996 0.2298823515625 0.2659835234375 0.23653985937500002 0.24518781562499997 0.23534203125 0.2329551453125 0.24201649375 0.2416396671875 0.2495176453125 0.2529396515625 0.259687190625 0.26715255 0.2688248359375 0.27033572031249997 0.2831978484375 0.26939613125 0.3000118625 0.2785370796875 0.3158103625 0.281584028125 0.32924641875 0.2853612 0.34024419687499996 0.29582125625 0.3494530125 0.3059721 0.3554293734375 0.31339255312500003 0.3597544140625 0.3092335140625 0.374976440625 0.30388754218749997 0.3887054984375 0.308710278125 0.39211333125 0.3150879765625 0.3984864078125 0.3430069203125 0.414947275 0.35195463125000004 0.4082789375 0.36473374999999997 0.41742280625 0.3725799015625 0.4154142703125 0.3749978515625 0.41329291250000005 0.3912868 0.42383689999999996 0.41133448906250003 0.43392725624999995 0.42768452031250004 0.431857396875 0.439311171875 0.4229942765625 0.456543190625 0.42201270312499994 0.4625557578125 0.4151558515625 0.48293884687500005 0.42340608281250003 0.5052798843749999 0.403412553125 0.5044283578125001 0.4236468359375 0.516597665625 0.43613262343750003 0.5324409734375 0.44677462968750004 0.550171425 0.453358409375 0.553392740625 0.4472514890625 0.5575883453125 0.45567079687499995 0.570914234375 0.4562204703125 0.5760681140624999 0.45025999062500005 0.5958116359375001 0.44774031406250003 0.612847275 0.44586102656250004 0.6305147921875001 0.43440924687500004 0.6366381343749999 0.422765265625 0.6415712250000001 0.409751825 0.6447618484375 0.406128428125 0.61936166875 0.4111681890625 0.5990596765625 0.3991023921875 0.5848918624999999 0.38804590625 0.5739249234375 0.3744679125 0.5798333859375 0.36864615 0.587499228125 0.376867728125 0.5851999015625 0.36675889375000004 0.5529744 0.3320742859375 0.5447801078125 0.3234841671875 0.5761386109375 0.3411006921875 0.5840750234375001 0.3353277140625 0.581043878125 0.3280420484375 0.566094584375 0.322127803125 0.5763503 0.316051165625 0.5950178562499999 0.3138587609375 0.6052426359374999 0.3090877078125 0.6082865375 0.2994142203125 0.60116311875 0.287403078125 0.6119781265625 0.2898889140625 0.6056844015625 0.276606478125
0 0.662380759375 0.0845459609375 0.6635480578124999 0.09368185625 0.67122526875 0.09284543281249999 0.682823715625 0.08601903749999999 0.6853639234375 0.08293297031249999 0.6774874750000001 0.0821166375 0.6711459859375 0.07705583125 0.6606711359374999 0.0780281234375 0.662380759375 0.0845459609375
0 0.6208626265625 0.1510998359375 0.6261941703125 0.154133821875 0.6346934828124999 0.15810031875 0.633165659375 0.152334103125 0.6280645421875 0.1427264328125 0.6152430328125 0.134300159375 0.6178089671875 0.139368825 0.62234144375 0.14633349843750001 0.6208626265625 0.1510998359375
0 0.6697178109374999 0.1719088515625 0.66340869375 0.1791203234375 0.67463104375 0.18224563124999998 0.679493721875 0.1797813234375 0.6846589515625 0.1741063796875 0.6697178109374999 0.1719088515625
0 0.5487137265625 0.9880700515624999 0.555434021875 0.986342478125 0.5662006296875 0.9888316390625 0.5608512890624999 0.9728771843749999 0.5464655265625 0.973137025 0.5396368609375 0.9827019765625 0.5418237031250001 0.9851024109375001 0.5487137265625 0.9880700515624999
0 0.22034025468750001 0.73936591875 0.21263066562500002 0.7388621671875 0.2214931046875 0.75461130625 0.22783791875 0.7514498046875 0.2259074703125 0.746936028125 0.22034025468750001 0.73936591875
0 0.9497247484375 0.3814283453125 0.9558665953125001 0.38379849843749997 0.961982128125 0.3767722421875 0.9568845078124999 0.364468834375 0.9466031140625001 0.36455233593749997 0.935476665625 0.37377373281250004 0.9413953203125001 0.377767059375 0.9497247484375 0.3814283453125
0 0.5163384765625 0.691515903125 0.5278207515625 0.7034909 0.534114346875 0.700887696875 0.5300401234375001 0.6959301515625 0.5163546609375 0.681081978125 0.5094396515625 0.6729856546875 0.49303453125 0.665381321875 0.50379641875 0.677647653125 0.5163384765625 0.691515903125
0 0.7563586640625 0.6958672984375001 0.7791375453125 0.7143851890625 0.7807279484375 0.7103631953125 0.7611492984375 0.6906782437500001 0.7563586640625 0.6958672984375001