0 0.785778125 0.697360040625 0.7769995125 0.7068712421875001 0.7953081171874999 0.7292636984375 0.7791118406249999 0.7436900765625001 0.7674659578125 0.7353294781249999 0.746986121875 0.7159652765625 0.7234232875 0.7123999765625 0.6981341234375 0.6908414203125 0.676866728125 0.6773265375 0.66343106875 0.6693417078125 0.6515678328125001 0.6608667859375 0.635837421875 0.661758890625 0.6397395593749999 0.674168809375 0.6476346234375 0.6874957562499999 0.622503921875 0.685803903125 0.62012049375 0.6961276578125 0.6253328234375 0.70568256875 0.6319099109375 0.7187100484375 0.610303921875 0.7253255625 0.592397575 0.7331768640625 0.5759905375 0.7384028390624999 0.5605649890625 0.742885228125 0.5458301265625 0.7479392015624999 0.5282969796875 0.7587374859375 0.5173292015625 0.7527255625 0.503127434375 0.7366885828124999 0.4935831421875 0.7123971203125 0.5142301421875 0.6964325125 0.500484509375 0.6918880046875 0.4758045015625 0.69103625625 0.453942090625 0.69701206875 0.44462869375 0.7032134515624999 0.427957853125 0.7165905578125 0.4163248140625 0.7148702265625 0.40336598125 0.7125439375 0.3811908484375 0.716317971875 0.36785134375 0.7057911859375 0.3578207015625 0.6999362828125 0.3389675890625 0.6991982140624999 0.33642135 0.6873402671875 0.35785637812500004 0.675463959375 0.35981097812499996 0.6696371203125 0.340904959375 0.6561253859375 0.324357228125 0.6630235046874999 0.3047483578125 0.6712129906250001 0.2907053296875 0.6795841734375 0.2755498375 0.685397359375 0.2643629078125 0.6859609156250001 0.2560331328125 0.68615138125 0.2339456953125 0.6839401781250001 0.22672598906250002 0.6860113703125 0.2118757875 0.6721579265625001 0.20485910624999998 0.6785175125 0.216256109375 0.694471428125 0.2215826171875 0.7115960343750001 0.21575497812500002 0.7206403421875 0.2261377125 0.733492859375 0.25686496718749996 0.7462843968749999 0.2888343328125 0.7566269546875 0.34018570625 0.7726196421875 0.3624949546875 0.781100815625 0.4135766140625 0.79209375 0.4774640359375 0.8017069921875001 0.4858447484375 0.80035124375 0.50805878125 0.8001109046874999 0.5349872390625 0.8062476484375001 0.55304575 0.813011409375 0.5841614171875 0.821418575 0.6173054078125 0.8320980640625001 0.6302562515625 0.8396823171875001 0.6804627062499999 0.8420607078125 0.692898103125 0.8449316453125 0.754493371875 0.8631882953125001 0.8094993640625001 0.8709916375000001 0.8343130109375 0.8791898640625 0.85162799375 0.8868820375 0.8761966953125 0.8932100406249999 0.9068486453125001 0.899784675 0.920458575 0.9014995703125 0.9352202843749999 0.8375595796875 0.937198096875 0.8289927359375 0.9740376984375001 0.669422890625 0.9454132625 0.68370451875 0.9163797609375001 0.6953612234375 0.88368065 0.700036284375 0.8621605765625 0.7108778765625 0.845916653125 0.7213708484375 0.8218257140624999 0.714466803125 0.804757759375 0.6989323265625 0.785778125 0.697360040625
0 0.9081366546874999 0.5459285406250001 0.908322378125 0.5324338265625 0.8992641109375 0.5230894765625 0.8819263671875 0.51084905 0.8607546796875001 0.498329646875 0.8463508 0.49944942968749995 0.8545139624999999 0.51502558125 0.8612492187499999 0.52736795625 0.8758944078124999 0.53812241875 0.8919815703125 0.5507299984375 0.9033891374999999 0.55647623125 0.9081366546874999 0.5459285406250001
0 0.8433320671875 0.44952518125 0.85546656875 0.46268751249999995 0.8642597578125001 0.45509277187499997 0.8732465953125 0.449361221875 0.87888293125 0.4409093765625 0.8702507046875001 0.43678368125 0.86090419375 0.436439540625 0.8536976140625001 0.4408919015625 0.8433320671875 0.44952518125
0 0.4628812296875 0.3176835859375 0.4708712734375 0.3098376765625 0.44617411249999994 0.2933484703125 0.43003987187500003 0.2944408015625 0.42532228437499997 0.3005454109375 0.42354087968750004 0.320264134375 0.42548258906249997 0.325752528125 0.43266467343750004 0.3277201375 0.44827288125000003 0.322418784375 0.46113226875 0.33114934375 0.46764132187499996 0.3378381203125 0.5045766375 0.373639340625 0.5018652343750001 0.3583917375 0.4878794359375 0.340988640625 0.47615504218750004 0.3281198359375 0.4628812296875 0.3176835859375
0 0.42242687187500005 0.27432839375 0.44523354375 0.2599560421875 0.430284684375 0.2553374046875 0.3984884296875 0.258546746875 0.37409141562500003 0.270909853125 0.363549259375 0.28205849843749997 0.3791955890625 0.28733046406249996 0.42242687187500005 0.27432839375
0 0.413135953125 0.638357496875 0.3977239515625 0.6382454937500001 0.4008109765625 0.646892803125 0.41862280468749996 0.6627962593750001 0.42994120156250004 0.6690398671875 0.4437654078125 0.6662147296875001 0.4374855703125 0.656775778125 0.43083379062500005 0.6496980515625 0.4235432078125 0.6432618171875 0.413135953125 0.638357496875
0 0.42806285156249996 0.622420928125 0.42578383906250006 0.63329958125 0.44021596875 0.6368848687499999 0.45280655468750003 0.6296649000000001 0.445474996875 0.6180924953125 0.43673987187499996 0.6172256140625 0.42806285156249996 0.622420928125
0 0.570536978125 0.6799722312500001 0.56071186875 0.6728867109375 0.551334071875 0.6839305312499999 0.525269134375 0.6661906484375 0.5685790171875 0.7140906124999999 0.5860931703125 0.7222120296875 0.5887531328125 0.7190464453125001 0.587903678125 0.7093409828125 0.5788091703125 0.69059598125 0.570536978125 0.6799722312500001
0 0.031063559375 0.70710951875 0.02047630625 0.700887178125 0.008531696875 0.69841178125 0.004590071875 0.7049200390625 0.0160836765625 0.7198234484375 0.0325757546875 0.7194247015624999 0.03373259375 0.71211476875 0.031063559375 0.70710951875
0 0.372639765625 0.3147266375 0.3537175953125 0.2973673453125 0.3345931203125 0.27305624375000004 0.324124384375 0.25813126406250003 0.30157479375 0.2399248953125 0.31684134531249997 0.2262540515625 0.3208168265625 0.2121669765625 0.29923885625 0.219723859375 0.26711629531250003 0.23066740000000002 0.24567977343749997 0.23973706250000001 0.23879272031249998 0.2500153046875 0.253735634375 0.2618070765625 0.244710775 0.275830084375 0.21344304374999998 0.26546990625 0.19733396718750001 0.2542491921875 0.1598278203125 0.22611609531250002 0.150423990625 0.23127831406250002 0.15849667812499998 0.2487675203125 0.1648808390625 0.26969469375 0.160379653125 0.278564159375 0.1468896921875 0.2813862828125 0.1281323203125 0.283762059375 0.08113615468749999 0.3056047359375 0.0494967046875 0.32636800625 0.049068425 0.3337659609375 0.0485994125 0.3546279609375 0.0459869265625 0.36976415625 0.0647980828125 0.3845272484375 0.0656513015625 0.3741148109375 0.0623427828125 0.3309052859375 0.0931597203125 0.3352649515625 0.1108989671875 0.3396538375 0.12100493906250001 0.3539690859375 0.142491603125 0.368395725 0.1299947296875 0.3791411953125 0.108395140625 0.3899243421875 0.09899316875 0.39650938281250003 0.08656660000000001 0.4056306015625 0.0754405375 0.41649530625000003 0.0905412734375 0.42008100937500004 0.1043018609375 0.4362229984375 0.10862624843749999 0.4468317375 0.11895493125 0.45908485781249997 0.127114921875 0.46853452500000003 0.135748134375 0.4821024453125 0.168168290625 0.5072252265625 0.1894141171875 0.5097200015625 0.169156403125 0.4833368078125 0.1782213984375 0.47341866093749996 0.19130330625 0.4733711703125 0.22315213906250003 0.4640161421875 0.2392282703125 0.46314772812499994 0.257204571875 0.4897996015625 0.276363271875 0.5125871656250001 0.3118396234375 0.53417560625 0.3304776125 0.5160425546875 0.3653027140625 0.49500448124999996 0.37833371250000003 0.485876878125 0.40447992812500005 0.4674583046875 0.4415085828125 0.45465029687499997 0.48509002343749996 0.4754447609375 0.49380451406250003 0.4715457890625 0.45666840000000003 0.432710703125 0.4428651875 0.40903638437499995 0.4173054828125 0.38130084218750004 0.3917006328125 0.3953046078125 0.39929873437499996 0.3770634765625 0.44653650312500004 0.3602589640625 0.4306172265625 0.3382834234375 0.421790646875 0.33106120781250004 0.377802790625 0.3180562140625 0.372639765625 0.3147266375
0 0.2212569921875 0.5637587234375 0.238501834375 0.58877924375 0.2601086875 0.624078828125 0.286364534375 0.6441799875 0.2928039421875 0.647982240625 0.2915957046875 0.6326903921875 0.288822890625 0.6316076453125 0.2425950453125 0.58434415625 0.24858558749999998 0.57533745625 0.2313095953125 0.5590092765625 0.2212569921875 0.5637587234375
0 0.397581525 0.5125224296875001 0.40327147500000005 0.5192722640625 0.4145684296875 0.5281231859375 0.41449387968750007 0.53005755625 0.4171542921875 0.5395733453125 0.4312249078125 0.5516913156250001 0.43751724531249997 0.5514907046874999 0.4084348953125 0.5158972796875 0.3997017015625 0.5031930671875 0.39412908125 0.50412430625 0.397581525 0.5125224296875001
0 0.49729528125 0.0882621953125 0.5016258234375 0.0956908125 0.5042760656249999 0.1000134 0.507886303125 0.10299090156249999 0.5135725828125 0.1039428734375 0.5061001109375 0.087660234375 0.49809523906250003 0.083810871875 0.49729528125 0.0882621953125
0 0.5412679609375 0 0.542339778125 0.0036770906249999997 0.54677683125 0.0105193265625 0.5525502046875 0.011885890625 0.5552937328125 0.008059671875 0.5522463796875 0.0022342359374999997 0.550076378125 0 0.5412679609375 0
0 0.0691882578125 0.260828815625 0.0704637375 0.26720253125000004 0.0728776890625 0.2710343875 0.077236353125 0.27580591718749997 0.08432420625 0.2785359328125 0.0814068625 0.2700913640625 0.0760106703125 0.26170793125 0.0691882578125 0.260828815625
0 0.2185986109375 0.5450932609375 0.21389811875000003 0.548748309375 0.21780681406250002 0.5499537828125 0.2203493 0.5494086203124999 0.22549377812500002 0.54819251875 0.2292591828125 0.546274775 0.2323380125 0.5424201296875 0.22768294843749998 0.5424679421875 0.2185986109375 0.5450932609375
0 0.21885482031249998 0.5342800015625 0.21451672031250002 0.536240321875 0.20233016250000002 0.5398973609375 0.189667625 0.5450882 0.1849783203125 0.54808354375 0.185432675 0.5535893656249999 0.190125153125 0.5529696859375 0.24133639375 0.5285048640625 0.23631272499999997 0.5240576781249999 0.225568925 0.5274320218749999 0.21885482031249998 0.5342800015625
0 0.1988216515625 0.6508374421875 0.21285349999999997 0.6442997984375001 0.2238267546875 0.6368892500000001 0.218621753125 0.6365823890625 0.1640540546875 0.658144334375 0.163792190625 0.6618555453125 0.169178128125 0.6609549734375 0.18010015937499999 0.659010496875 0.1911550015625 0.655775315625 0.1988216515625 0.6508374421875