0 0.686092109375 0.8126482078124999 0.6888800703125 0.8270363156249999 0.68717446875 0.8314790046875 0.6878621453125 0.8329110265624999 0.69393838125 0.8367304609374999 0.6979371515625 0.8377819375 0.7005502328125 0.8374936125 0.7170484828125 0.8299763062500001 0.7378080078125 0.8179697046875001 0.7496819390625 0.813583015625 0.7544957578125 0.8103678593750001 0.759504340625 0.8033778937499999 0.7677169625 0.80234735625 0.7754107359375 0.7991604609375 0.7759941265625 0.7936953765625 0.773694171875 0.79189113125 0.7733847875000001 0.7902930765625 0.774652465625 0.7899491140625 0.7778062359375 0.79245881875 0.7824727171875 0.7942994750000001 0.7880048687500001 0.7953217 0.7909947234375 0.7948669921875 0.7873557984375 0.789318709375 0.76361908125 0.7642378515625 0.75654239375 0.7610774421875 0.7456801453125 0.7537332359375 0.7402038796875 0.752468940625 0.730034028125 0.752412590625 0.718924525 0.7490844453125 0.7128177296875 0.7414590265625 0.6887089468750001 0.7499550453125 0.6803999640625 0.7557164078125 0.6699407 0.7583931265625 0.6623668109375 0.7632626140625 0.6550772671875 0.7632330015625 0.6613167140625 0.7700198953124999 0.6631013718750001 0.7755217421875 0.666255140625 0.778031446875 0.6533933453125 0.7712631390625 0.6629824640625 0.78338560625 0.6681119078125 0.787624690625 0.6712841265625 0.7944651671875 0.6743616921875 0.7965756234375 0.6754364796875 0.8000052999999999 0.679100634375 0.8025061515624999 0.6804763421875 0.8053686734375001 0.6834965000000001 0.8077208468749999 0.686092109375 0.8126482078124999
0 0.6166515015625 0.7990476375 0.6255583390624999 0.810895525 0.63379599375 0.8026994671875001 0.637676175 0.7957488625 0.6305952484375 0.7928360328124999 0.6166515015625 0.7990476375
0 0.654023946875 0.8466736984375001 0.6552660046875001 0.8373067781250001 0.64757256875 0.8319209031250001 0.64274840625 0.8317981828125 0.630158390625 0.8329518640625 0.627981940625 0.836655634375 0.63848843125 0.8486178593749999 0.64971183125 0.853800403125 0.654023946875 0.8466736984375001
0 0.78601781875 0.47715608437499996 0.78640124375 0.46851460468750006 0.7739331468749999 0.460902290625 0.7639774734375 0.4561118484375 0.7489807546875 0.4498320578125 0.7332568984375001 0.45324493125 0.7278989874999999 0.458733459375 0.73164131875 0.470564465625 0.7419513984375 0.4726737265625 0.7508209031249999 0.48172433437500006 0.7613009640625 0.48830679374999997 0.7734950625 0.49038917812499994 0.78601781875 0.47715608437499996
0 0.7614816656250001 0.5943112046875 0.760504909375 0.5845875781250001 0.7582734984374999 0.582423915625 0.74622418125 0.5762970015625 0.7380796921874999 0.568898709375 0.7263436703124999 0.560122815625 0.7296769734375 0.5526931625 0.7230169828124999 0.5532290375 0.71639331875 0.5572819765625 0.7136312859375 0.5623483171875 0.7202545359375 0.5764191703125 0.7113821031249999 0.5748342484375 0.6937660421875 0.5681614109375 0.6672934921875 0.5584801265625 0.657014175 0.5567933 0.63489595 0.5581814859375 0.6293622515624999 0.562417109375 0.6460749828125001 0.5781149265625001 0.6468037734375 0.5819666515625 0.6401294 0.5909902687499999 0.64050216875 0.596050696875 0.6444884984375 0.5998719265625 0.6628886140625 0.5980919953125 0.6641093312499999 0.60271636875 0.6526471218750001 0.603923559375 0.643977625 0.6113159390625 0.653253546875 0.6188006500000001 0.6542398484375 0.6204186765624999 0.6432833437500001 0.6240614250000001 0.6397390984375 0.6354401546874999 0.6498182625 0.6384245890625 0.6634645578125 0.6469695953125 0.6751276828125 0.6538107546874999 0.6857886109375 0.6561854281249999 0.7020856171875 0.6503455312499999 0.711801578125 0.644942671875 0.7243724375 0.6445109984374999 0.732033434375 0.6349229828125 0.7282296359375 0.6291442046875 0.73455315 0.626182978125 0.7468909765625 0.620495425 0.76227191875 0.6146156234375 0.76681458125 0.6043092859375 0.7614816656250001 0.5943112046875
0 0.8311167296875 0.30576783750000003 0.8232141593750001 0.298794225 0.8128675234375 0.2968641453125 0.79984079375 0.296714303125 0.7970222953125 0.3007332859375 0.8007935859374999 0.30722938593750004 0.8013259234375001 0.316627509375 0.8036957625 0.3287702625 0.806988940625 0.3308358828125 0.8167966359375001 0.3325581515625 0.8243710999999999 0.32904063125 0.8288384687500001 0.3223667046875 0.8307783687500001 0.315936725 0.8311167296875 0.30576783750000003
0 0.7689149375000001 0.3160675859375 0.7681373203125 0.30710674375 0.7597566109375 0.3022180734375 0.7506433890624999 0.30190534062499996 0.7404689703125 0.30932873125000004 0.73763455 0.317014678125 0.7481270171875 0.3224181484375 0.7578180031249999 0.32355541875 0.7655061640625 0.3215250265625 0.7689149375000001 0.3160675859375
0 0.7675531828125 0.3167843140625 0.7721222609375 0.32074168593749997 0.78132305 0.3214113890625 0.7834241937499999 0.3164779125 0.7808673500000001 0.3127718234375 0.778109625 0.3106373890625 0.7709276953125 0.30951651562500004 0.770842284375 0.30988647187499996 0.7677733453125 0.31317733125 0.7675531828125 0.3167843140625
0 0.7402550890625 0.28472182031250004 0.7317578515625 0.2822966375 0.723887528125 0.2836226859375 0.715677446875 0.2862814640625 0.7037119640625 0.2878278890625 0.69976246875 0.29209891093749996 0.7020212859375 0.2992144046875 0.6993203390625 0.3023144015625 0.6995443140625001 0.3079915390625 0.70893474375 0.3170501609375 0.7263580234375 0.31013127812499997 0.737495546875 0.3006755765625 0.7421070359375 0.2932523671875 0.7402550890625 0.28472182031250004
0 0.6788893671875 0.26144918437500003 0.68568489375 0.2655357078125 0.6939845609375 0.27042811875 0.7015710890625 0.26940056874999996 0.7150418281250001 0.272975578125 0.7288238515625001 0.270395671875 0.7181433703125 0.2604859765625 0.7131659765625 0.259603053125 0.716223834375 0.2483654015625 0.7066530656250001 0.23786520156250002 0.688219321875 0.22735058593750002 0.67592340625 0.220749803125 0.6649550625 0.21577527968750002 0.6585733984375 0.213153778125 0.65380505 0.20983032812500002 0.64083411875 0.2128701 0.642627453125 0.2207376578125 0.6430540234375 0.2215641734375 0.62822341875 0.222267925 0.6209990875 0.22494260625 0.6182967625 0.23022959531249998 0.61676745 0.2330821234375 0.6094672531249999 0.23051475937500002 0.5987563765624999 0.22875235312500003 0.5887865390625 0.22887848593750001 0.5787988796875 0.23296460312499997 0.5789221812500001 0.24189786249999998 0.5829336656249999 0.2497290875 0.5848415703125001 0.25724625 0.6007659953125 0.271795103125 0.6073509875 0.28171823281249997 0.6121691703125001 0.286895725 0.6034604781249999 0.2938813609375 0.5917855000000001 0.2972812640625 0.5907746640625 0.30748733125 0.5854341437499999 0.31485929375 0.5893374171875 0.3176719265625 0.600009684375 0.31652450625 0.612318071875 0.313798421875 0.6176209 0.3174393015625 0.6184060515625001 0.32474215625 0.612338065625 0.33158375625000003 0.6100724328125 0.3334372296875 0.6111386125 0.3399743 0.6202354546875 0.34635929062500004 0.62186995 0.350830634375 0.6252021921875001 0.35344248125 0.64193950625 0.3518078484375 0.640850134375 0.3415579 0.644041178125 0.33127146406249997 0.6485716125 0.32770704687499996 0.656374671875 0.3230812953125 0.6580601140625 0.33003394531249997 0.6579636109375 0.33752292968750003 0.65912509375 0.3455990078125 0.6713153078125 0.35040020156249996 0.6819902625 0.35430474218749997 0.6807335515624999 0.3413830484375 0.6718535921875 0.3339127796875 0.666838165625 0.3264848 0.66279455 0.32035559375 0.66905624375 0.31473094687500003 0.67241675625 0.29443066562500003 0.6623532765625 0.28156365625 0.6558209703125 0.268078265625 0.6562977078125 0.2609705234375 0.657409065625 0.2565943 0.66741871875 0.25774741093750003 0.6788893671875 0.26144918437500003
0 0.6776910109375 0.20456383281249998 0.6795106750000001 0.200203603125 0.678048725 0.1965963453125 0.67390371875 0.196365825 0.6699288796875 0.197391725 0.6665919453125 0.19984296562499998 0.6665778875 0.206106590625 0.6693017671875 0.20823481250000003 0.6749898812499999 0.2071089421875 0.6776910109375 0.20456383281249998
0 0.170497034375 0.18517463125 0.15766922187500002 0.1694516484375 0.17383887343749999 0.1679072578125 0.1953199125 0.16618113750000002 0.20939305625000001 0.17382885312500002 0.21283123124999997 0.177037640625 0.22491859375 0.1821037375 0.2366448703125 0.188643565625 0.24296998906249997 0.19354516093750002 0.25433218125 0.20107855312499998 0.26817030625 0.20468065000000002 0.240683584375 0.18088125625 0.2434175109375 0.1745544109375 0.24937274375000001 0.17985650312499998 0.264934978125 0.183978515625 0.2739093078125 0.1854763140625 0.2882149421875 0.1879355359375 0.3036348109375 0.18408205 0.07263444062499999 0.1401773734375 0.06810793750000001 0.1480243109375 0.06472875 0.1626611765625 0.0661400484375 0.1606601765625 0.0829811140625 0.1666265078125 0.090485353125 0.1601694125 0.10421812187499999 0.16077571562499998 0.12249229375 0.158235465625 0.1631844046875 0.1927744296875 0.171692859375 0.19171276875 0.170497034375 0.18517463125
0 0.106332925 0.1700083875 0.1037015375 0.1669377546875 0.0909895484375 0.1662095140625 0.0796836453125 0.1691012921875 0.0784369125 0.16838209375 0.0617370484375 0.18028039375 0.062479256250000004 0.1859424734375 0.0786489078125 0.18689168125 0.090597753125 0.18291677343749999 0.10017578125 0.1772222859375 0.106332925 0.1700083875
0 0.109058875 0.2522978546875 0.10600249843750001 0.235328521875 0.090618496875 0.23137915156250002 0.071382228125 0.231439415625 0.0603937875 0.228475975 0.0472556765625 0.23834537031249997 0.0466896796875 0.25313299218749996 0.073725578125 0.2650001515625 0.1046563734375 0.261635903125 0.109058875 0.2522978546875
0 0.46191197500000003 0.23310563593750003 0.4734928640625 0.22521637968750002 0.4664101921875 0.215941665625 0.4606066390625 0.21418487343749998 0.44996888124999995 0.2144951640625 0.44457414687499996 0.208057234375 0.397462925 0.19925260312499998 0.3491830671875 0.1911964578125 0.31183499531250003 0.1833068203125 0.321389803125 0.19164649218750002 0.3337095078125 0.19436563906249998 0.339789803125 0.1973409140625 0.3500900359375 0.2107661125 0.36076009375 0.22441620312500002 0.3720504671875 0.22850291562499997 0.3903353625 0.22527719687499997 0.4055340875 0.22424309999999997 0.4037888953125 0.2362199828125 0.40236913750000003 0.24349487500000003 0.3660887984375 0.2729895203125 0.38274546875 0.2783167421875 0.3998576875 0.266479965625 0.3997018796875 0.26073678125 0.4227206828125 0.2484531828125 0.4455120828125 0.242058421875 0.41735822031250003 0.2276015265625 0.451979396875 0.22682596875 0.46191197500000003 0.23310563593750003
0 0.4762681546875 0.2323452734375 0.471387178125 0.23985219375 0.483515340625 0.24817981093750002 0.4846286375 0.245608084375 0.4762681546875 0.2323452734375
0 0.46257527343750005 0.29582323125 0.45687669062499997 0.2887009734375 0.45563267031250004 0.28656000625 0.4468070734375 0.2838345125 0.4393144234375 0.285358403125 0.43775869062500006 0.291444103125 0.44592882500000003 0.2988771796875 0.458358865625 0.30392457031250003 0.46275077500000006 0.30137692656250004 0.46257527343750005 0.29582323125
0 0.41527374687499996 0.3305813640625 0.41601705000000005 0.32582670937499997 0.427989915625 0.3192402703125 0.4397474859375 0.3168023515625 0.433362909375 0.309032621875 0.409443409375 0.3097628078125 0.389476590625 0.3109870015625 0.37524125937499997 0.2944355359375 0.3590681375 0.2905284875 0.3518069265625 0.289341203125 0.3585645609375 0.302836921875 0.365755528125 0.3087530421875 0.37056775468750003 0.314984328125 0.36819794375 0.3200049140625 0.376227625 0.32155883749999997 0.4000377453125 0.3207536890625 0.4101615203125 0.3226002453125 0.37213039062500003 0.335159175 0.36039574375 0.3429086984375 0.3621142125 0.3511005375 0.37668267499999997 0.3533173578125 0.40559918437500003 0.342862 0.41527374687499996 0.3305813640625
0 0.384024415625 0.3749242359375 0.3746940359375 0.3711761703125 0.3632850515625 0.3530931140625 0.3349667828125 0.3483641875 0.3237349125 0.3448506390625 0.3238330125 0.35775500781249997 0.339618628125 0.3726133796875 0.36729764062500003 0.3865501265625 0.380077921875 0.4045697171875 0.35004574375 0.42664376718749997 0.356760753125 0.438851575 0.38110682812499996 0.432640946875 0.40447366875 0.42438576250000004 0.41624309843749996 0.415395065625 0.4223157421875 0.4100683390625 0.422840375 0.4030101421875 0.44351358281250003 0.3960381609375 0.44441433124999996 0.400784303125 0.4396811609375 0.40571308281249996 0.4839726578125 0.41786129843750003 0.47457578749999996 0.4075455703125 0.46911248906249997 0.40540549531250003 0.478738815625 0.39670258125 0.46902945156250003 0.3817460515625 0.4520013546875 0.37329746406250003 0.44826535468750006 0.3601401375 0.44582406875 0.35182151250000004 0.4176328625 0.34716040625 0.416747715625 0.3496260484375 0.4320704046875 0.36793433124999997 0.4303249765625 0.3749528296875 0.414566325 0.3672848109375 0.40569200937499994 0.3720288640625 0.384024415625 0.3749242359375
0 0.26932066093749996 0.28384816874999996 0.253608034375 0.26495755781249997 0.23603025312499998 0.250992365625 0.225534509375 0.2418036421875 0.22016393281250002 0.2449993046875 0.2245579921875 0.25570912031250004 0.244204075 0.2740100796875 0.254742728125 0.285193965625 0.26932066093749996 0.28384816874999996
0 0.2264583859375 0.32573769375 0.21321086562499997 0.3121869078125 0.2052164640625 0.3103412546875 0.1990153453125 0.309445215625 0.1949422796875 0.31635610000000003 0.2058836515625 0.330421621875 0.2187311296875 0.34125976874999997 0.23153827656249998 0.34506964687499997 0.2327723296875 0.34860825625 0.2309435171875 0.3556058984375 0.24150042031250002 0.3620152703125 0.24869110781249998 0.364668 0.2557832875 0.3600096234375 0.25211275 0.35313267656249997 0.23857683281250003 0.34149094375 0.2264583859375 0.32573769375
0 0.32574126406250004 0.3030140765625 0.327478721875 0.2948215078125 0.3199961890625 0.2871398609375 0.3124864984375 0.28430604375 0.309025875 0.2869388 0.298992975 0.3001116953125 0.29548826093749997 0.3008308 0.28487521562499996 0.29988796875 0.27091536875 0.3079335828125 0.26065799375 0.31328521249999997 0.2506980296875 0.319258746875 0.2458416078125 0.32967385312499997 0.24677054843750001 0.3335268859375 0.266870665625 0.328335690625 0.2829296640625 0.315351328125 0.2966795109375 0.308708490625 0.3091396734375 0.30477625937499997 0.32574126406250004 0.3030140765625
0 0.11821800625000001 0.2301707828125 0.1147530171875 0.22317451562500001 0.107957240625 0.2192627265625 0.10143782187499999 0.21692533281249998 0.0953837328125 0.2179763328125 0.12069711875 0.24225697968749998 0.11821800625000001 0.2301707828125
0 0.15212821875 0.275122915625 0.15624941875 0.26446109687499997 0.152273734375 0.2582738078125 0.148391934375 0.25503476406250003 0.141767834375 0.25250482343749997 0.1398411109375 0.263267565625 0.146077184375 0.2723195671875 0.15212821875 0.275122915625
0 0.1374958 0.387701084375 0.1273076765625 0.398892978125 0.14040038125 0.39736785625 0.1630500921875 0.39326079375 0.18015845156250002 0.380121003125 0.213076521875 0.36095985937499997 0.2195449953125 0.3558079046875 0.2182587625 0.3542040203125 0.19760872812500002 0.3575957015625 0.18670389062499998 0.3647654703125 0.168738346875 0.3744360203125 0.1464503234375 0.3806230671875 0.1374958 0.387701084375
0 0.2108818984375 0.40726548593749995 0.207875853125 0.399302365625 0.19705653437499998 0.396238459375 0.187321378125 0.3915486375 0.1843014421875 0.394321621875 0.18174909687500002 0.40132060156250005 0.1991389671875 0.42715074687500004 0.21031227968750002 0.43566202656249997 0.2185977140625 0.43498986562499997 0.2266031 0.42836944218750006 0.2279452765625 0.4154014984375 0.22542377187499998 0.4120146671875 0.2108818984375 0.40726548593749995
0 0.2915759484375 0.4017048671875 0.292847625 0.39619663125 0.29123416875 0.3934123203125 0.28194348125 0.3922568171875 0.27878779374999996 0.3914432796875 0.273570271875 0.3972753171875 0.272217984375 0.40316744531250004 0.2742165703125 0.40408908906249996 0.28710732499999997 0.40430696250000003 0.2915759484375 0.4017048671875
0 0.3487808109375 0.45262030781249996 0.34284201406250003 0.444392234375 0.332907715625 0.43397327968750005 0.31975643593749997 0.42695853437500003 0.31603125625 0.429528609375 0.32772591875 0.443477790625 0.33615707499999997 0.4511972375 0.3459533921875 0.4593312796875 0.34822203125 0.46288263281250003 0.3487808109375 0.45262030781249996
0 0.3805744921875 0.4930218828125 0.374612034375 0.47485243906249996 0.37576122500000003 0.46667960781250006 0.379655621875 0.4592784640625 0.37463117343749996 0.4568837078125 0.3622112046875 0.4618018109375 0.3613600640625 0.46878783437499993 0.36431161562500003 0.477132859375 0.3713888953125 0.48520843906250005 0.3805744921875 0.4930218828125
0 0.4278041265625 0.44687121249999995 0.4317325703125 0.44604627656250007 0.4298308796875 0.4384327296875 0.4241476515625 0.43492532500000003 0.42285379062499995 0.4359800515625 0.4182159375 0.4398083171875 0.42173437187499996 0.443871109375 0.4278041265625 0.44687121249999995
0 0.43782935468749995 0.47296229843750004 0.43298133281249995 0.466281759375 0.4200428234375 0.4582898328125 0.415444278125 0.45634940156250003 0.4164008234375 0.4593188078125 0.42057702499999994 0.46781186249999995 0.423969290625 0.47227529218750003 0.4338220578125 0.47791433593750005 0.43782935468749995 0.47296229843750004
0 0.4800180625 0.45148023281249994 0.4853669734375 0.44578757500000005 0.4798619921875 0.4447796390625 0.5016917734375 0.4308392296875 0.5012708109374999 0.42393155312499997 0.46689972500000004 0.4478374484375 0.46759038906250006 0.45488275937499995 0.47176235625 0.454843684375 0.4800180625 0.45148023281249994
0 0.0652934546875 0.422161046875 0.0606733640625 0.41892474375 0.048557364062500004 0.4195047265625 0.0427651953125 0.42248439062500004 0.039684675 0.4243806515625 0.0415857234375 0.43135100625 0.05838126875000001 0.43442355624999995 0.0650164234375 0.43146692499999995 0.0652934546875 0.422161046875
0 0 0.6489250578125 0.0094618953125 0.65024110625 0.024638296875 0.644997215625 0.0199085375 0.6335604390625 0.040071795312500005 0.6182186 0.0391784984375 0.60896004375 0.027198320312500003 0.602380840625 0.016828703125 0.606975315625 0 0.6137582859374999 0 0.6489250578125
0 0.0271240484375 0.656214190625 0.0145306640625 0.6495960484375 0.00611641875 0.6501246140625 0.0034245656249999997 0.6511500484375 0.00327966875 0.655167290625 0.0127527 0.6688344859375001 0.02006418125 0.670977896875 0.0293417875 0.6705091390625 0.034319546875 0.6650001984375 0.0271240484375 0.656214190625
0 0.1002770046875 0.65922211875 0.0950968875 0.6520976843749999 0.08669026875 0.6537184593750001 0.0781417296875 0.6563568281250001 0.06885100937500001 0.6630156609375 0.0674205109375 0.6674336640625 0.07023739375 0.6743893484375 0.079516821875 0.6744822734375 0.08838471718749999 0.673259846875 0.0965028796875 0.6666927203124999 0.1002770046875 0.65922211875
0 0.0793968 0.7166500953125 0.07332637656249999 0.7045814781249999 0.06947517656249999 0.700959825 0.06285977968749999 0.7005454375 0.0557706015625 0.7019331625 0.056915396875 0.709379984375 0.064839178125 0.718720596875 0.06672994843749999 0.7203870765625 0.07569139999999999 0.721843415625 0.0793968 0.7166500953125
0 0 0.7420489203125 0.00013481875 0.7422078859375 0.0023019 0.7484635171875 0.0054049453125 0.753617071875 0.010114565624999999 0.75377749375 0.012176403125 0.7471319171874999 0.011033273437500001 0.7418936375 0.0029369203125 0.7332171640625 0.0012256234374999999 0.7284811343750001 0 0.7252337640625 0 0.7420489203125
0 0.08152687343750001 0.747828353125 0.07491223281250001 0.75430801875 0.078026284375 0.7557533859375 0.1136538359375 0.7349069859374999 0.11539557812500001 0.7297381921875 0.09648964374999999 0.7402452015625001 0.08152687343750001 0.747828353125