0 1 0.6710303343749999 0.998100384375 0.6699857703125 0.976413840625 0.6658636484375 0.96741149375 0.6663496828125 0.9612046109374999 0.6690731109375 0.954708884375 0.6694507421875 0.9661110453124999 0.653591540625 0.9729071812500001 0.6469636296875 0.9729348468750001 0.641906053125 0.971160928125 0.6388397593749999 0.9619020953125 0.6449340218749999 0.95681561875 0.6499657640625001 0.9479232859375 0.6544734453125 0.9390599421875001 0.666934215625 0.93578995625 0.67350704375 0.9240292453125001 0.66846629375 0.9183213421875 0.6685650390625 0.9114440937499999 0.666111896875 0.906782034375 0.66032323125 0.9005946171874999 0.656219065625 0.8944641546875 0.655011946875 0.8905209171875 0.655525346875 0.8863730406249999 0.6506459 0.8826560390625 0.6497273234375001 0.868387034375 0.65603779375 0.8553010453125 0.668434353125 0.853041934375 0.6724119281250001 0.849936809375 0.6737731734375 0.8456836125 0.67788368125 0.8383895499999999 0.6880178984375 0.841743534375 0.69140898125 0.8384185421874999 0.6959709875 0.835685984375 0.6975129 0.8280791031250001 0.6982338578125 0.8235208046875 0.69558304375 0.8140942499999999 0.6938785234375 0.810929584375 0.6914613984375 0.7917099750000001 0.6896389390625 0.7877944015625 0.6850947640625 0.7818666296875 0.6883942703125 0.782481690625 0.691558484375 0.78564635625 0.693975609375 0.78412448125 0.6965460343750001 0.784273996875 0.6990430703125 0.789016896875 0.7017837499999999 0.7742337078125 0.7071850015625001 0.7719682296875 0.70939379375 0.7613507328125 0.711962209375 0.7568121734375 0.71461284375 0.7446836125 0.71027551875 0.7460667578125 0.7078594 0.7500510328125001 0.7058210890625001 0.7641978625 0.7040819828125 0.7689257390625001 0.70240530625 0.7723911125 0.6985736828125 0.7732031187499999 0.692351296875 0.7813995515625 0.687727390625 0.77225075625 0.685715790625 0.770099553125 0.6815847359375 0.7680068375 0.6803504296875 0.7656404828125 0.680304228125 0.761332578125 0.6824054453125 0.7574535984375 0.687581309375 0.7595571 0.6914669578125 0.75511941875 0.6963725875 0.7542094203125 0.7012228359375 0.7502266796875 0.7032608484375 0.7440593 0.7044596656250001 0.7375606875 0.7039544390625 0.7332830359375 0.7018794046875 0.7303414218750001 0.6971459109375 0.7264363359375 0.69525154375 0.7215604765625 0.6944308859375 0.71548790625 0.6961174484375 0.7106149312500001 0.69617965 0.7084853234375 0.6852237703124999 0.713675859375 0.6833314125000001 0.718997525 0.6795178 0.719678403125 0.6752166703125 0.7127493312500001 0.6716370953124999 0.706116109375 0.6721672015625 0.689207821875 0.6805076296875 0.6830130765625 0.68676555625 0.676575240625 0.69003686875 0.6661702828125 0.699766615625 0.6646086062500001 0.70386011875 0.660076115625 0.708278003125 0.6595279 0.7106575765625001 0.655508540625 0.7151030578124999 0.6510173859374999 0.717997565625 0.644735459375 0.7134071890625 0.6286331109375001 0.71375798125 0.6231008546875 0.7112964859375001 0.617995875 0.7110249484375 0.6101888890625 0.70812060625 0.6079495421875001 0.7052721203125001 0.6085006421875 0.7037754046875 0.621056803125 0.6981767125 0.6199743671875 0.6943440843750001 0.621537578125 0.6902502828125 0.6182265796874999 0.6862205125 0.6083189515625 0.6924408875 0.6045315984374999 0.6972201078125 0.598452659375 0.6971378875 0.594239265625 0.6997253171875 0.5915174953125 0.703918571875 0.5922744703125 0.7078128718750001 0.58625825625 0.7123934140625 0.578588740625 0.72146410625 0.5685531671875 0.7304901296875 0.5552778859374999 0.7297852218750001 0.5409678687499999 0.7254930921875 0.534983440625 0.7258970859375 0.53010758125 0.7250764281250001 0.52760414375 0.726069221875 0.5262209999999999 0.7284853421874999 0.5267017484375 0.732686421875 0.5339241984374999 0.740379340625 0.545466690625 0.749505540625 0.5412637828125 0.754742778125 0.5313014468749999 0.7589538640625 0.5263781843750001 0.757889334375 0.5206307765625 0.759512690625 0.5156022171875 0.75531060625 0.509100421875 0.7539209890625 0.5030078125 0.7503045703125 0.497299909375 0.7504033156250001 0.487609265625 0.7525400734375001 0.4807183453125 0.74655273125 0.46943078125 0.743946109375 0.4538642140625 0.738381296875 0.44643904843750004 0.7383092609374999 0.4454269375 0.740906346875 0.44911945781249996 0.747766890625 0.4455612234375 0.751996990625 0.44506801406249996 0.7563873875 0.44220721406249996 0.7607334156250001 0.443504778125 0.7726086984375 0.42837194375000004 0.7840151234375 0.41605085468749997 0.78994695625 0.3996599109375 0.812208503125 0.3911996859375 0.8206752234374999 0.3899231890625 0.827112053125 0.3755812703125 0.8261114875000001 0.371999815625 0.8241542125000001 0.3655256859375 0.81770701875 0.3554424359375 0.8143601265625 0.3508032984375 0.8147573015624999 0.34982615625 0.814062228125 0.3466007140625 0.8078685640625001 0.34709362499999996 0.8034766328125 0.3483424578125 0.8020973781249999 0.36223889531250003 0.7956062390625 0.363602003125 0.7878871375000001 0.3674841640625 0.7835956640624999 0.3597245828125 0.7809351953125 0.35379999375 0.7851190921875 0.3457868109375 0.788949709375 0.342784096875 0.7925656515624999 0.3343573078125 0.797740509375 0.31702295468749997 0.8160166578125001 0.3100773015625 0.820147534375 0.2996491234375 0.8236899078125001 0.2940968046875 0.8280529375000001 0.28793549375 0.8310190046875 0.275675803125 0.8286029359375 0.2726483359375 0.826031803125 0.268422803125 0.825084734375 0.2631136 0.8203068703125 0.2632354765625 0.8157339734375 0.2686503 0.8115234171875001 0.277844875 0.8007666906249999 0.2785274015625 0.79735025 0.2768403921875 0.7930032171875 0.264288946875 0.799486003125 0.2510124046875 0.8109104359374999 0.24504194531249998 0.8148501625 0.23910945625000002 0.8172655750000001 0.2350398078125 0.8205843249999999 0.23157896875 0.82618349375 0.22436727968749998 0.8332694249999999 0.209765509375 0.8378761499999999 0.1954493984375 0.8439442828124999 0.19096873125 0.8494885984374999 0.192300028125 0.8580735546874999 0.18847894062499998 0.8661431 0.1892362140625 0.8700389328125 0.1909092546875 0.8708502328125001 0.20818094843749999 0.873051328125 0.22441760937500002 0.8716636703124999 0.2334597578125 0.869654559375 0.2623700125 0.8693402609374999 0.2707767390625 0.870989928125 0.281751275 0.877194253125 0.2855112625 0.87747414375 0.2927884453125 0.8750488453124999 0.296954734375 0.8722190765625 0.31187376875 0.8657806609375 0.317195434375 0.861967046875 0.326832903125 0.8578207015625001 0.35261982812500003 0.8535659015625001 0.35660256874999996 0.8515278890625 0.37018934375 0.8486353921875001 0.38336981875 0.8488525546875 0.391437709375 0.8470312281249999 0.40053303281249997 0.8470317046875 0.41565535468750003 0.8451029812499999 0.456575203125 0.8424542531249999 0.4727586890625 0.83905700625 0.48245693593750005 0.8386872000000001 0.49906009687499997 0.8357129593750001 0.503468878125 0.8358667375 0.520720534375 0.8327648515625 0.558895690625 0.8281235390624999 0.580922925 0.8235903828125 0.596747215625 0.823545134375 0.6280985953125 0.8184618015625 0.680570396875 0.8145799515625001 0.7061619343750001 0.8075839437500001 0.714330703125 0.8080176124999999 0.71624016875 0.810045209375 0.7172220265625 0.8116243750000001 0.7166388421875001 0.8172961078125001 0.7191820546875001 0.8269077453125 0.726444009375 0.833076053125 0.7350874578125 0.835943553125 0.7375878015625 0.8470788640625001 0.7413678265625 0.8526617375000001 0.7497411171875 0.857603265625 0.7683164421875001 0.8734468921874999 0.7720322093750001 0.8743673015625 0.7780146890624999 0.8730770859374999 0.7822312671875 0.8713740484375 0.792770834375 0.86060896875 0.7924730375 0.8556130640624999 0.79563319375 0.844135134375 0.793543090625 0.8316546421875 0.79459971875 0.8284185734375 0.77664078125 0.8287498234375 0.7753387734375 0.8281194890625001 0.7726673171875 0.8213119656250001 0.7727894921875 0.816740603125 0.770916346875 0.812304003125 0.7715527062499999 0.808641859375 0.77399383125 0.803872825 0.7787598609375 0.7997883796874999 0.8186051734375 0.7950755093749999 0.83029720625 0.7945712375 0.8467307875 0.7959244875 0.8724566375 0.787891615625 0.87890814375 0.788154503125 0.8879025890625 0.7858999843750001 0.9037685140624999 0.78433289375 0.9188495 0.783927546875 0.9348907734375 0.77979868125 0.9417604203125001 0.7804848734375 0.955766571875 0.7780138484375 0.9605953250000001 0.7785921671875 0.9767311078124999 0.7749495125 0.9808162593749999 0.7751661984375 0.9921299546875 0.7727155421874999 1 0.772330640625 1 0.6710303343749999
0 0.275955153125 0.6316004562499999 0.2754683359375 0.6256321265625 0.27067649843749997 0.6226478734375 0.2651518453125 0.6219533296875001 0.261619328125 0.6202396296875 0.251149840625 0.6131778703124999 0.22869553593749997 0.60251010625 0.22373093593750001 0.6029689515625 0.2227616953125 0.6040423640625 0.22412642656249998 0.609335459375 0.2233144203125 0.6155578453125 0.22082300625 0.61920015 0.21698188125 0.6219667125 0.2132221921875 0.62168835625 0.20954304375000002 0.618360478125 0.20550529687500002 0.618387665625 0.2011162546875 0.6235353375 0.19152618906250002 0.62792555625 0.1858596203125 0.6265009265625 0.1816264875 0.62378690625 0.172206 0.6238496359375 0.16983204375 0.6220364828125 0.1647700484375 0.6211262578125 0.1631839140625 0.6190342203125 0.1640051484375 0.6275909828125 0.1602222125 0.6332527609375 0.14666154375 0.643215490625 0.14244208125 0.6440356703125001 0.1275230453125 0.6504740859375 0.1257246453125 0.653349759375 0.1220655359375 0.6553248625 0.11739554999999999 0.659895221875 0.1162994171875 0.664655903125 0.11816967812500001 0.6682096453125 0.12141518281250001 0.6675787828125 0.12562221093749998 0.6632225703125 0.1287732046875 0.662105496875 0.1339300078125 0.6635034671875 0.1364458796875 0.6660467046874999 0.1417735875 0.6761278484375 0.1397706390625 0.6866231703125 0.1374624734375 0.689472184375 0.1215357484375 0.69939024375 0.1112250015625 0.7096046703125001 0.10998407031249999 0.712752409375 0.102571040625 0.716214871875 0.0972493765625 0.720028484375 0.09786155156250001 0.722309840625 0.10333561718749999 0.721876121875 0.107913978125 0.717702409375 0.1128311734375 0.716999690625 0.11458216875 0.7138801453125 0.12222402031249999 0.709867028125 0.12343758593750001 0.7117783984375 0.12197071718750001 0.7163596484375 0.12213237031249999 0.7223911828125 0.12418723281249999 0.726034790625 0.1291180984375 0.7288662718750001 0.1314567875 0.7339700484375 0.135041128125 0.73681018125 0.1398727671875 0.7382713562500001 0.1501039984375 0.7441155828125 0.15733089375 0.740563553125 0.1538273921875 0.7346754328125 0.1526013921875 0.72922803125 0.1619136984375 0.725144890625 0.17293083125 0.7176965 0.1856244875 0.7119453328125 0.1920222234375 0.7101955640625001 0.195409940625 0.710296321875 0.2059157484375 0.714949078125 0.20839028437499998 0.7190156921875 0.2137866953125 0.7225143515625 0.21565223906250003 0.7251839999999999 0.22146543749999997 0.7282228078124999 0.2251780203125 0.7282588249999999 0.22778079999999998 0.729521325 0.2326063703125 0.7292152515625 0.23356665781250002 0.725491734375 0.22931667031249997 0.7183591234375 0.2354305765625 0.715149184375 0.2396853078125 0.7110383796875 0.24548772031250002 0.7114258453125 0.2702062015625 0.6947466437500001 0.286903896875 0.68013110625 0.29582071249999997 0.6696814578125 0.2797288515625 0.672682059375 0.276124746875 0.6766679875 0.2699573671875 0.6778668046874999 0.263876896875 0.6777848843750001 0.2600695046875 0.6772611203125 0.25379076093749997 0.673555134375 0.2501590171875 0.6704711296875 0.247589971875 0.665918303125 0.2465549390625 0.6623295484375 0.24742513437500002 0.6590023781250001 0.255757115625 0.6533397734374999 0.260159828125 0.6517263015625 0.270571153125 0.6437653375 0.275955153125 0.6316004562499999
0 0.880636475 0.458225496875 0.8847413906250001 0.4516161203125 0.8896006953125 0.448019721875 0.8938917453125 0.4414999125 0.8993021499999999 0.43640679687499995 0.8994316296875 0.43360085000000004 0.9045197546875 0.429453796875 0.9108369484375001 0.43075355000000004 0.915395246875 0.43340436406249994 0.9258826671874999 0.43363882656249997 0.929586296875 0.43102473750000003 0.9236782890624999 0.427498184375 0.9043991390624999 0.421897353125 0.894404628125 0.41727095781249995 0.8686727359375 0.4114090734375 0.8656258265625001 0.403538025 0.861071946875 0.4017697703125 0.8524389859375001 0.40155208125 0.8651768625 0.39516039531249997 0.8662363781250001 0.39280718281250004 0.866181371875 0.390796359375 0.85854685 0.384447384375 0.8577898749999999 0.380553084375 0.8554191 0.37962432343749997 0.8503141203125001 0.3793527859375 0.8409104875000001 0.3838341046875 0.842505575 0.38857624999999996 0.8423913015625001 0.39491609687499996 0.8394312749999999 0.39789182031250003 0.821215875 0.391703790625 0.82092279375 0.3875919796875 0.8317770124999999 0.3862413953125 0.836352190625 0.381183290625 0.835500109375 0.3767997125 0.8328897281250001 0.3737702625 0.831152428125 0.3682964984375 0.82659124375 0.364762828125 0.81433125625 0.362345225 0.795503953125 0.3660048828125 0.790734740625 0.369204934375 0.7862375187499999 0.37033219375000004 0.779387909375 0.374948984375 0.7715564421875001 0.3779866078125 0.7593772921874999 0.37252101875 0.7537565953125 0.3713405609375 0.7477113906249999 0.3679680140625 0.7318667640625 0.362708746875 0.7259224359374999 0.3615911953125 0.7153447421875 0.36263653281249997 0.715166209375 0.36431391562500004 0.724795753125 0.3705265953125 0.7255530265625 0.37442242812500004 0.7071348859375 0.3879827921875 0.699540140625 0.392238246875 0.69429778125 0.3930041703125 0.6876906890625001 0.3884769984375 0.6815140578125 0.38702417499999997 0.6724847359375 0.3883049578125 0.6665801546875 0.3920758875 0.65111688125 0.39998899374999997 0.6477008328125 0.4081278390625 0.6316774671875 0.40651020937500004 0.621202253125 0.39971379218749997 0.6209361203125 0.3876746296875 0.6069179499999999 0.3819441375 0.602451278125 0.378896678125 0.601721371875 0.3699417359375 0.5968897328125 0.368480559375 0.582512546875 0.37077061875 0.5779068453125 0.36787593125 0.5680879578125 0.3728168046875 0.5538310890625 0.3826617734375 0.54888334375 0.38753920937499997 0.545610471875 0.39322918125 0.5413528578125 0.396457128125 0.533468215625 0.3974851640625 0.52446421875 0.397086509375 0.5252214921875 0.40098234218749995 0.5289462125 0.40455285625000004 0.5461507375 0.41333614062499996 0.549321471875 0.41752051406249996 0.549984234375 0.420930134375 0.54796915 0.4278909578125 0.5428794906250001 0.43203830937500004 0.5369424671874999 0.432686175 0.5234781640625 0.43100884375000004 0.5215697515625 0.42986286875 0.5185106796875 0.43058483125 0.520336421875 0.4347775578125 0.5349869218750001 0.4434253703125 0.5448334499999999 0.44555443125 0.549843621875 0.44533822343749996 0.55402965 0.447809903125 0.5599739765625 0.44892745468750006 0.573884059375 0.45809802499999996 0.57698158125 0.45496982812500003 0.5795798265625 0.45446478125 0.5878189218750001 0.46132816249999997 0.5923740359375 0.463094584375 0.6016526078125 0.46230177031249997 0.6078734609375 0.463114075 0.6127432515625 0.46216748281250003 0.616584078125 0.45939938593749996 0.6219668171875 0.4593638453125 0.6321658765625 0.4563705921875 0.6371228734375001 0.4541447953125 0.6423986671875 0.4500870109375 0.646712640625 0.4497530421875 0.652663334375 0.45263937656250003 0.65772244375 0.45266674374999993 0.6793892234375 0.4636149265625 0.6867288328125001 0.46585085625 0.6861411140625 0.46975504062500006 0.6835475859375 0.47114418125 0.6725912546874999 0.470241603125 0.6647126812499999 0.4730368875 0.6622623046875 0.47515428125000003 0.6609418828125 0.48223316406250005 0.663883496875 0.4869666578125 0.6658590531249999 0.49365795468749996 0.6692130374999999 0.49704903749999996 0.6873425828124999 0.5053994281249999 0.6925999640625 0.509050859375 0.7096015 0.513325984375 0.7178650765625 0.5142473984375 0.735631215625 0.5120562640624999 0.7533365765625 0.5060885921875 0.757549971875 0.5035011625 0.7630469859375 0.49712577343750003 0.774098125 0.4985160984375 0.77963038125 0.50097759375 0.79054384375 0.5034038468750001 0.8165200859375 0.5001230046875 0.8163842406249999 0.50116016875 0.8055471734375 0.506930878125 0.8020986546875 0.515181090625 0.8019764796875 0.5197524546875 0.80448445 0.5205272078125 0.8185612515624999 0.512359921875 0.8208677671875 0.50862621875 0.8281755015625001 0.5020262015625 0.8357839421875 0.4891774375 0.8399944515625 0.48570715 0.857035490625 0.4884576640625 0.8631296328125 0.49207378437499993 0.8697625578125001 0.4915421453125 0.873617353125 0.4923097828125 0.87644441875 0.49125408125 0.8775513374999999 0.48914474218750004 0.8744735796875001 0.485446878125 0.8745896875 0.47910826562500003 0.876256659375 0.47815231562499994 0.8785816796875 0.47972189375 0.882944590625 0.4796315 0.8866969750000001 0.47814444062500006 0.8889121640625 0.47480891718749996 0.8846589921874999 0.466791915625 0.878714665625 0.46567436406249996 0.87772066875 0.4605607 0.880636475 0.458225496875
0 0.886489309375 0.5872320625 0.899576871875 0.583155246875 0.8868751453125 0.5740267593749999 0.863389528125 0.5664468874999999 0.8578655124999999 0.567843771875 0.8620001937499999 0.575955434375 0.886489309375 0.5872320625
0 0.7444124078125001 0.6686404390625 0.7488697921874999 0.6654739390625 0.7429915625 0.66131445 0.7284873796875 0.6531491468749999 0.7252618656250001 0.6605076109375 0.7444124078125001 0.6686404390625
0 0.41044124374999996 0.7824116890624999 0.41228398593750004 0.7769471796875 0.407207428125 0.771761175 0.3905911828125 0.7631054875000001 0.386620825 0.7667630812499999 0.41044124374999996 0.7824116890624999
0 0.31733813125 0.7810914062500001 0.3111216125 0.7749459140625 0.3022061640625 0.770867440625 0.29661543125 0.7742876671875 0.299753240625 0.781103228125 0.30434548437500003 0.7852962109375 0.3077717015625 0.7863238390625 0.31645913124999997 0.7855361015625 0.31733813125 0.7810914062500001
0 0.1895455703125 0.7734792703125 0.1963151859375 0.7747563421875 0.197914575 0.769866003125 0.19503235624999998 0.7657656203125 0.1904326046875 0.7658495234375 0.1890168984375 0.7684502484375 0.1895455703125 0.7734792703125
0 0.52960058125 0.607218728125 0.5246705109375001 0.6101316984375 0.52422715625 0.6151061265625 0.5467725515625 0.6271187171875 0.566042959375 0.629407234375 0.568741034375 0.6260256 0.5456107296875 0.6151883984375 0.52960058125 0.607218728125
0 0.5273110921875 0.582936003125 0.523148434375 0.584924625 0.5140340390625 0.58952640625 0.52129701875 0.5956181109375 0.53314851875 0.588973725 0.5336574484375001 0.5832065953125001 0.5273110921875 0.582936003125
0 0.6460557687499999 0.5723177390624999 0.64799770625 0.570098615625 0.6451287265625 0.5654767515625 0.6412099578125 0.5609570734375 0.637691996875 0.5677691125 0.6460557687499999 0.5723177390624999
0 0.3108043109375 0.590580075 0.3001432515625 0.5914012640624999 0.293900428125 0.5945375734375 0.2926868046875 0.5976784125 0.290485209375 0.6058088125000001 0.290776815625 0.6096264375 0.29988301562499997 0.610108690625 0.3065431171875 0.6055160015625 0.31404663125 0.6001115312499999 0.31805276562499996 0.59663799375 0.318878315625 0.5932367296875001 0.3108043109375 0.590580075
0 0.298463771875 0.6410081421875 0.291395859375 0.64003895625 0.2826877734375 0.6462315000000001 0.2882732078125 0.6513249546875 0.2985849515625 0.6532187375 0.30285099843749996 0.6507547796875001 0.3034782 0.6456698046875 0.298463771875 0.6410081421875
0 0.3157867125 0.663985871875 0.32493005625000004 0.666665471875 0.3329003140625 0.66249938125 0.31354358437499996 0.6499401984375 0.3105492078125 0.653770996875 0.308545321875 0.655998978125 0.3157867125 0.663985871875
0 0.2092839421875 0.465665415625 0.20457068750000001 0.467188034375 0.19536435624999998 0.47309381562499997 0.19161035937499998 0.47929752968750006 0.19588141406249998 0.47919315625000003 0.2098263984375 0.47720995312500003 0.22365098125 0.47658085312500004 0.226290778125 0.47173659062500006 0.2226307859375 0.46866285156250004 0.2139866859375 0.46461281249999997 0.2092839421875 0.465665415625
0 0.2487522609375 0.46827463125 0.24926515781249997 0.47553993749999995 0.262904603125 0.4766197484375 0.2692026703125 0.47992563437499997 0.2834164125 0.4812821984375 0.2839045578125 0.477488096875 0.2762229734375 0.472927840625 0.2667353671875 0.46846077656249996 0.25277869375 0.4658636171875 0.2487522609375 0.46827463125
0 0.2051111046875 0.480015915625 0.1999772234375 0.47998875625000004 0.1880718171875 0.4771679640625 0.1790793296875 0.48013679531250003 0.1828623484375 0.4841464421875 0.1930608015625 0.4902724125 0.20120299375 0.48848121093749997 0.2051111046875 0.480015915625
0 0.2701888828125 0.59099530625 0.271729778125 0.5964085578125 0.287066375 0.587327859375 0.2944369078125 0.5793722031249999 0.2869187015625 0.5805247953125 0.2802640375 0.583999021875 0.2701888828125 0.59099530625
0 0.0621019609375 0.3691699171875 0.06315865625 0.375891790625 0.0715994921875 0.385398046875 0.086907359375 0.382761540625 0.10124572031250001 0.377225503125 0.1141290390625 0.3682492046875 0.12659261093750002 0.36073294843750003 0.1356975359375 0.353576665625 0.1407866484375 0.3410329671875 0.13590044375000002 0.3387260390625 0.127300634375 0.337024765625 0.118142040625 0.339147240625 0.1070667953125 0.34243973906249997 0.0854273609375 0.353684715625 0.0793308515625 0.3587201875 0.0621019609375 0.3691699171875
0 0.5981492984375001 0.24927030781249998 0.60026551875 0.2562430609375 0.5945289375 0.25847076874999997 0.5908026453125 0.2672572734375 0.5978933484375 0.2737565265625 0.6074400140625 0.27189447499999997 0.6098454531249999 0.2703238265625 0.630122734375 0.2610133671875 0.632342903125 0.2598161796875 0.6499338531250001 0.25828783906249997 0.6596121921875 0.2539504984375 0.6530525703125 0.2506747609375 0.619271809375 0.24215451875 0.6308664109375 0.23122415468750002 0.6324665109375001 0.22654219531250003 0.6210092234375 0.22993283281250002 0.6072477875 0.24353033750000003 0.5981492984375001 0.24927030781249998
0 0.7465272656249999 0.317787625 0.747074809375 0.3124730046875 0.7455054921875 0.3043831875 0.736225703125 0.298659634375 0.7174979421875001 0.296550559375 0.7015705109375 0.2902838953125 0.693205828125 0.2873765359375 0.6871709874999999 0.2852037421875 0.68119935 0.28890811875 0.6767508531249999 0.290261484375 0.6610726703124999 0.2976258265625 0.6556789265625 0.3026981953125 0.6483033640625 0.3086380890625 0.6566056953125 0.313951553125 0.6624754312500001 0.31837851562499997 0.67399074375 0.32193570781249997 0.6872613484375 0.321126184375 0.6884257046875 0.325789696875 0.6898493296875 0.3281266171875 0.6969092671875 0.3250750140625 0.6987815921875 0.3165772546875 0.700449728125 0.31336716875000004 0.70146695625 0.3258556453125 0.7041617578125 0.3292538875 0.7188339859374999 0.332412325 0.7328375125 0.33104966406249997 0.7402859890625 0.3261891265625 0.7465272656249999 0.317787625
0 0.013975704687500002 0.130032653125 0.028154760937500002 0.12318573906250001 0.033852137500000004 0.1197081734375 0.0328903828125 0.1175281953125 0.0263293375 0.11661170000000001 0.021000879687499998 0.1165825703125 0.015563093750000001 0.118693303125 0.01100770625 0.1199799015625 0.0077085125 0.1269101828125 0.0066823546875 0.130687890625 0.0089596328125 0.131962725 0.013975704687500002 0.130032653125
0 0.0289882578125 0.111857634375 0.030666432812499998 0.11302289531250001 0.037805251562499996 0.115159371875 0.041516 0.112475453125 0.031604664062499996 0.10839159375 0.0289882578125 0.111857634375
0 0.1468518296875 0.8401855781249999 0.1543705046875 0.838322975 0.1749296390625 0.823133534375 0.1834350265625 0.8146453031249999 0.1815500625 0.8132432734374999 0.1764211375 0.8164352515625 0.169266496875 0.8241913609375 0.1579931546875 0.8306819796875 0.1468518296875 0.8401855781249999
0 0.8340564984375 0 0.8342343296875001 0.000914859375 0.835477234375 0.003067246875 0.8382169140625001 0.0055335546875 0.8405670765625001 0.005627471875 0.8423694625 0.00235468125 0.8421902593749999 0.00041734218749999997 0.842108209375 0 0.8340564984375 0
0 0.7182047078125 0.138760403125 0.7169192796875 0.1407866515625 0.71796064375 0.14190219531249998 0.7197055796875 0.142395496875 0.7218127515625 0.14271333125000002 0.7237795625000001 0.14269394062500002 0.7251139859375 0.141353759375 0.7265053046875 0.13974943281250002 0.7252569859375 0.13899405781250002 0.7214983421875 0.1383525796875 0.7182047078125 0.138760403125
0 0.6109339859375 0.18103182812500002 0.6087335140625 0.184082753125 0.6079364218750001 0.18749121875000002 0.6103939281249999 0.1872284125 0.612892928125 0.18699892812500002 0.61717919375 0.1841394703125 0.618064346875 0.180766415625 0.6167318749999999 0.1788001625 0.61327345625 0.1797032140625 0.6109339859375 0.18103182812500002
0 0.8189173484375001 0.10000969062500001 0.8160503765625 0.0987555671875 0.8156408531249999 0.0988351703125 0.8093659625 0.1017246265625 0.8093132578125 0.10246070625 0.8125129718749999 0.10581969843750001 0.8147710109374999 0.104702696875 0.8189173484375001 0.10000969062500001
0 0.800788846875 0.3457063484375 0.8007240671875 0.33983744374999997 0.8084589109375001 0.3353446453125 0.7919760515625 0.333754253125 0.7926595671875 0.3391622546875 0.7935356 0.3441030640625 0.800788846875 0.3457063484375