0 0.7248671875 0.118428125 0.7245375000000001 0.10577812499999999 0.7192453125 0.0951140625 0.718584375 0.090153125 0.7061843750000001 0.081596875 0.7017203125 0.08072968750000001 0.6956015625 0.08060468750000001 0.6921296875 0.0822171875 0.67691875 0.1013140625 0.6696421875 0.10776250000000001 0.6669968749999999 0.11396406249999999 0.6666671875 0.125371875 0.6587296874999999 0.1298359375 0.652778125 0.1372765625 0.652115625 0.147196875 0.6537703125000001 0.152653125 0.6531078124999999 0.154390625 0.6516203125 0.15674531249999998 0.6436843750000001 0.1587296875 0.617228125 0.15674531249999998 0.5649796874999999 0.162946875 0.5332343749999999 0.1639390625 0.5176921875 0.16691406250000002 0.49520468749999996 0.1666671875 0.45684531249999993 0.1693953125 0.43931875 0.16964218749999999 0.4350203125 0.170634375 0.41815468750000007 0.17088281249999998 0.4085640625 0.17237031249999998 0.3920296875 0.1721234375 0.35135625 0.17733125 0.33614375 0.1783234375 0.327215625 0.180059375 0.3189484375 0.1798109375 0.3060515625 0.18253906250000002 0.2921625 0.1822921875 0.2878640625 0.1810515625 0.2617390625 0.1817953125 0.2514875 0.1795640625 0.2455359375 0.17683593749999998 0.22966250000000002 0.1733625 0.22503281249999998 0.17137968750000002 0.21742656249999998 0.1703875 0.2137890625 0.17137968750000002 0.2042 0.1795640625 0.1962625 0.1827875 0.1678234375 0.18799531249999998 0.1585640625 0.1877484375 0.1423609375 0.18948437499999998 0.1258265625 0.194940625 0.1243390625 0.19605625 0.1243390625 0.20002499999999998 0.12962968749999998 0.2072171875 0.12996093749999998 0.2158984375 0.1354171875 0.22048593749999998 0.150628125 0.2237109375 0.16584062500000002 0.225446875 0.17427187500000002 0.2310265625 0.1787375 0.2358625 0.183365625 0.23834375 0.18965 0.2395828125 0.1962625 0.24231093750000002 0.211475 0.25099218749999996 0.22503281249999998 0.25496093750000004 0.22585937500000003 0.250371875 0.2245375 0.2471484375 0.213459375 0.23834375 0.207340625 0.23524375000000003 0.20634843749999998 0.230778125 0.2106484375 0.225075 0.21461562500000003 0.22333906250000002 0.21709687500000002 0.2202375 0.22867031249999997 0.21552656250000002 0.235284375 0.2172625 0.2415671875 0.22048593749999998 0.2524796875 0.22197343749999998 0.26008593750000003 0.224703125 0.2805890625 0.2393359375 0.2898484375 0.2428078125 0.29348593749999996 0.245784375 0.3020828125 0.248015625 0.308696875 0.25099218749999996 0.31580625 0.24689999999999998 0.3111765625 0.24342812500000002 0.30836562500000003 0.23611093749999998 0.29348593749999996 0.232390625 0.291996875 0.23127499999999998 0.290675 0.2270578125 0.292659375 0.22036250000000002 0.29348593749999996 0.21949375 0.298115625 0.21899843749999998 0.307375 0.2137890625 0.3125 0.20622500000000002 0.3156421875 0.2036203125 0.3295296875 0.1999015625 0.3320109375 0.2059765625 0.34193125 0.21267343749999998 0.36226875000000003 0.2313984375 0.3754953125 0.2348703125 0.3925265625 0.2431796875 0.39351875000000003 0.255084375 0.39715625 0.25880468749999996 0.398478125 0.2630203125 0.40277812500000004 0.26649375000000003 0.4004625 0.2739328125 0.4019515625 0.27628906249999996 0.40922656249999995 0.2748015625 0.4234453125 0.26636875 0.43402812500000004 0.26165625000000003 0.43965 0.2544640625 0.4495703125 0.2547125 0.45519218749999996 0.2537203125 0.4604828125 0.2490078125 0.4666 0.246403125 0.470734375 0.24131874999999997 0.4766859375 0.241815625 0.48131562499999997 0.23983125 0.4918984375 0.24206406249999998 0.49702343750000005 0.246403125 0.48743437500000003 0.2575640625 0.48181250000000003 0.26649375000000003 0.48214218750000004 0.270709375 0.4839609375 0.2728171875 0.48660781249999996 0.2733140625 0.4912375 0.271578125 0.49718906250000006 0.2708328125 0.5104171875 0.2638890625 0.5233140625 0.26066406249999996 0.5348875 0.26760937500000004 0.544146875 0.27505 0.5509265625 0.27839843750000004 0.5509265625 0.282365625 0.5543984375 0.2859625 0.559028125 0.2876984375 0.5649796874999999 0.2864578125 0.569609375 0.2904265625 0.580521875 0.2946421875 0.5830031250000001 0.29005468749999996 0.5806875 0.286334375 0.5810187499999999 0.282365625 0.5676249999999999 0.27926562499999996 0.5667984374999999 0.2779015625 0.568453125 0.274678125 0.5755625 0.2703375 0.580521875 0.269096875 0.5854828125 0.265625 0.60135625 0.262896875 0.606646875 0.2571921875 0.6116078125 0.2591765625 0.6164015625 0.26277343750000004 0.61739375 0.2650046875 0.6226859375 0.26847656249999996 0.625 0.272196875 0.6370703125 0.2797625 0.6440140624999999 0.2817453125 0.6512890625 0.28670625 0.669478125 0.2916671875 0.676090625 0.290921875 0.682209375 0.2860859375 0.6807203125 0.28199375 0.6747687499999999 0.27926562499999996 0.6693125 0.27839843750000004 0.6693125 0.2672375 0.6741078125 0.26636875 0.680390625 0.266865625 0.6850203125000001 0.2651296875 0.6884921875 0.262525 0.6904765625 0.2573171875 0.6942796875 0.2544640625 0.7005625 0.252728125 0.7068453124999999 0.252728125 0.71114375 0.25396874999999997 0.7129624999999999 0.25855625 0.7182546875 0.262525 0.71693125 0.266740625 0.7217265625 0.27108125 0.72635625 0.272321875 0.7286703125 0.271825 0.7304890625 0.2702140625 0.7318125 0.2657484375 0.740409375 0.262028125 0.7314812500000001 0.259053125 0.7294968749999999 0.2531 0.7253640625 0.25 0.720403125 0.24925625 0.7061843750000001 0.2502484375 0.701884375 0.2490078125 0.7000656249999999 0.24689999999999998 0.71114375 0.240328125 0.7161046875 0.24206406249999998 0.7270171875 0.242559375 0.7296625 0.24429531249999997 0.7452046875 0.24677656250000002 0.741071875 0.250371875 0.7414015625 0.25285156249999996 0.7433859375 0.255084375 0.740740625 0.2580609375 0.740740625 0.261284375 0.7471890625000001 0.2633921875 0.750165625 0.258184375 0.7686843750000001 0.252728125 0.7713296875 0.24975156250000002 0.7802578125 0.2462796875 0.7842265625 0.2428078125 0.79183125 0.24206406249999998 0.7948078125 0.24305625000000003 0.7989421875 0.24689999999999998 0.796296875 0.25086875000000003 0.805390625 0.259425 0.81035 0.2626484375 0.8136578125 0.2633921875 0.8166343749999999 0.266865625 0.8318453124999999 0.2765375 0.84705625 0.280009375 0.8505296875000001 0.27839843750000004 0.8536703125 0.2728171875 0.8576390625 0.27256874999999997 0.8634265624999999 0.2702140625 0.8687171875 0.2650046875 0.8721890625000001 0.2584328125 0.878471875 0.2547125 0.8840937500000001 0.2537203125 0.8946765624999999 0.246528125 0.899140625 0.25235625 0.91021875 0.262896875 0.9198078125 0.265625 0.9257609375 0.26959374999999997 0.9360125 0.273809375 0.93716875 0.2704609375 0.9361765625 0.2655015625 0.9282406249999999 0.2602921875 0.9140218750000001 0.24689999999999998 0.9204703125 0.24603125 0.9270828124999999 0.2475203125 0.9360125 0.2462796875 0.9565140624999999 0.2380953125 0.9624671875 0.23313437499999998 0.9788359375000001 0.2235859375 0.9986765625 0.20300156249999998 1 0.1868796875 0.9990078125 0.13826875 0.9826390625 0.1381453125 0.9723875 0.13963281249999998 0.9591593749999999 0.137896875 0.93965 0.13715312500000001 0.9310515625000001 0.13839218749999999 0.919478125 0.1381453125 0.9155093750000001 0.1391375 0.8989750000000001 0.13864062500000002 0.8943453124999999 0.14012968750000002 0.8801249999999999 0.1403765625 0.8735125 0.1423609375 0.856978125 0.14136875 0.842096875 0.1438484375 0.8262234375 0.1453375 0.8169640625 0.144840625 0.81068125 0.1463296875 0.7838953125 0.143353125 0.768021875 0.1478171875 0.7564484375 0.149553125 0.7164359375 0.1525296875 0.710978125 0.14942968750000002 0.7076718750000001 0.1452140625 0.7063484375 0.141740625 0.707340625 0.137028125 0.7063484375 0.1325640625 0.7076718750000001 0.125371875 0.7088296875 0.12450468750000002 0.726521875 0.12140312499999999 0.7248671875 0.118428125
0 0.209821875 0.341021875 0.2042 0.342509375 0.1992390625 0.3392859375 0.192625 0.3373015625 0.1954359375 0.3294890625 0.1937828125 0.3260171875 0.1889875 0.3266375 0.1866734375 0.3283734375 0.1830359375 0.32911718749999996 0.17790937499999998 0.333209375 0.1765875 0.3361859375 0.1719578125 0.34065 0.1703046875 0.3451140625 0.16087968749999998 0.3516859375 0.1575734375 0.35243125000000003 0.150959375 0.351934375 0.1374015625 0.34871093750000004 0.125165625 0.3435015625 0.1152453125 0.3412703125 0.115409375 0.3356890625 0.117725 0.329240625 0.10995312500000001 0.32713281250000004 0.101025 0.334821875 0.0965609375 0.337178125 0.093584375 0.34065 0.0922625 0.34610625 0.0879625 0.3498265625 0.086640625 0.3537953125 0.0876328125 0.359746875 0.08994687500000001 0.3639640625 0.08912031249999999 0.366071875 0.080853125 0.363590625 0.0785390625 0.3608625 0.07357812500000001 0.3611109375 0.0682875 0.3578875 0.06283125 0.35850624999999997 0.062665625 0.3608625 0.0686171875 0.363590625 0.0765546875 0.365575 0.0783734375 0.368428125 0.09044375 0.3764875 0.1079703125 0.383184375 0.1107796875 0.385540625 0.1147484375 0.3954609375 0.11144218749999998 0.4063734375 0.1094578125 0.40935 0.10466249999999999 0.41170625000000005 0.10135625 0.41121093750000004 0.0963953125 0.4077375 0.0930890625 0.4077375 0.09193124999999999 0.4115828125 0.093915625 0.416046875 0.099371875 0.41964218750000004 0.103340625 0.42088281250000004 0.1056546875 0.4233625 0.12152812500000001 0.42683593750000004 0.1258265625 0.42683593750000004 0.1410390625 0.43402812500000004 0.1458328125 0.4388640625 0.14665937499999998 0.4474203125 0.1478171875 0.4450640625 0.15261249999999998 0.4432046875 0.154596875 0.44097187499999996 0.16385624999999998 0.4392359375 0.16749375 0.4357640625 0.172784375 0.43328437500000005 0.1830359375 0.4357640625 0.1883265625 0.4399796875 0.1922953125 0.4392359375 0.195271875 0.43526718750000004 0.198909375 0.4342765625 0.2032078125 0.436259375 0.20634843749999998 0.439359375 0.2083328125 0.4453125 0.208003125 0.45076875000000005 0.20915937499999998 0.4516375 0.21412031250000002 0.451140625 0.23412656250000002 0.436384375 0.24305625000000003 0.42745468750000004 0.246196875 0.4250984375 0.2514875 0.4233625 0.255621875 0.41951875000000005 0.25496093750000004 0.4135671875 0.24735468749999998 0.40265312499999995 0.23561562500000002 0.396825 0.2309859375 0.39608125 0.2217265625 0.3921125 0.2202375 0.3890125 0.22056874999999998 0.3852921875 0.222221875 0.3803328125 0.22519843750000001 0.3766125 0.2306546875 0.3717765625 0.2342921875 0.3705359375 0.2402453125 0.3692953125 0.246528125 0.3692953125 0.2508265625 0.3725203125 0.2671953125 0.3723953125 0.2564484375 0.3638390625 0.23726875 0.352678125 0.209821875 0.341021875
0 0.8364750000000001 0.44915625 0.8316796875 0.446553125 0.8217593750000001 0.4353921875 0.8133265625 0.4303078125 0.81035 0.4270828125 0.7949734375 0.4217515625 0.792659375 0.422990625 0.7936515625 0.42745468750000004 0.7986109375 0.4348953125 0.81035 0.43849218749999996 0.81068125 0.439484375 0.78455625 0.44122031249999993 0.77430625 0.445684375 0.7693453124999999 0.44915625 0.7587625 0.4526296875 0.75215 0.4474203125 0.7475203125000001 0.445684375 0.7290015624999999 0.4432046875 0.71114375 0.44444375 0.7032078125 0.44692499999999996 0.687334375 0.454365625 0.6828703125 0.458953125 0.6666671875 0.470609375 0.664021875 0.474578125 0.663359375 0.48152343750000004 0.6613749999999999 0.48673124999999995 0.664021875 0.493428125 0.66683125 0.49503906249999996 0.6750984375 0.49627968750000007 0.68568125 0.493303125 0.6884921875 0.494171875 0.6898140625 0.4978921875 0.6830359374999999 0.5014875 0.66385625 0.51636875 0.6588953125 0.5173609375 0.6536046875 0.5213296875 0.64930625 0.521825 0.643353125 0.5188484375 0.6380625 0.5176093749999999 0.6274796874999999 0.5166171875 0.6221890625000001 0.5176093749999999 0.617890625 0.515625 0.6129296875 0.515625 0.606978125 0.5176093749999999 0.5977187500000001 0.5186015625 0.593584375 0.5212046875 0.58680625 0.5295140625 0.584159375 0.5295140625 0.580521875 0.527034375 0.5686171875 0.538690625 0.5629953125 0.540921875 0.5593578124999999 0.544146875 0.5543984375 0.5448906250000001 0.5451390625 0.5488593749999999 0.5324078125 0.56014375 0.531415625 0.5646078125 0.53455625 0.5647328125 0.5362109375 0.56324375 0.5491078125 0.559028125 0.555059375 0.5585312499999999 0.560846875 0.56163125 0.564153125 0.5680796875 0.564153125 0.571553125 0.5618390625 0.576265625 0.5466265625 0.5881703125 0.5436515625 0.5923859375 0.5436515625 0.5963546875 0.5524140625 0.5942453125 0.56035 0.59375 0.5651453125 0.59610625 0.56944375 0.6010671875 0.5752312500000001 0.6049109374999999 0.5911046875 0.6118546874999999 0.6016859375 0.61483125 0.6056546875000001 0.6111109375 0.6202046875 0.610615625 0.62466875 0.608259375 0.6236765625 0.5993296875 0.6274796874999999 0.5954859375 0.640146875 0.5871859374999999 0.6381109375 0.5753171874999999 0.647096875 0.566646875 0.6625171875 0.5620015625 0.6674234375 0.5693390625 0.6841125 0.5741562499999999 0.690628125 0.57673125 0.6997359375000001 0.576265625 0.705521875 0.5736609374999999 0.71114375 0.56795625 0.7164359375 0.5677078125 0.724703125 0.5704359375 0.7453703125 0.5802328125 0.7453703125 0.5842015625 0.737103125 0.5921375 0.7375984375 0.59375 0.74818125 0.5927578125 0.753803125 0.5905265625 0.768353125 0.582340625 0.77364375 0.5778765625 0.7789359375 0.5756453125000001 0.7898484375 0.56795625 0.798115625 0.56944375 0.8057203124999999 0.57266875 0.81035 0.5729171875 0.8156421875 0.5751484375 0.8348218749999999 0.5751484375 0.8463953125 0.5704359375 0.8501984374999999 0.566096875 0.850859375 0.5603921875 0.8528437500000001 0.5569203125 0.8528437500000001 0.5524546875 0.8473875 0.5483625 0.8364750000000001 0.5491078125 0.8359781249999999 0.545015625 0.8526781250000001 0.535465625 0.8561515625 0.537821875 0.8574734375 0.5440234375 0.8568125 0.5489828125 0.8668984375000001 0.5515875 0.8718578125 0.550346875 0.8740078125 0.5489828125 0.8740078125 0.545015625 0.880290625 0.5373265625 0.8799609374999999 0.5353421875000001 0.878471875 0.5332343749999999 0.8647484375 0.529390625 0.87318125 0.5275296875000001 0.8773140625 0.524925 0.8788031249999999 0.5166171875 0.90294375 0.505953125 0.9118718749999999 0.4995046875 0.9297281249999999 0.490328125 0.9348546875 0.4857390625 0.9307203124999999 0.4838796875 0.9204703125 0.4861109375 0.9165015625 0.4895828125 0.9105484374999999 0.4920640625 0.9047625 0.4889640625 0.9041 0.486234375 0.8978171875 0.4822671875 0.8923609375 0.4766859375 0.8869046875000001 0.4740828125 0.8816140625 0.468378125 0.87830625 0.4666421875 0.87830625 0.4614328125 0.8839281250000001 0.4592015625 0.8865734375000001 0.4505203125 0.8837624999999999 0.44766874999999995 0.8797953125 0.44692499999999996 0.8754953125 0.44766874999999995 0.8735125 0.44965312500000004 0.87169375 0.44903281249999993 0.8703703125000001 0.4428328125 0.8726859375 0.438615625 0.8711968750000001 0.43675625 0.8682203124999999 0.436259375 0.8645828124999999 0.4377484375 0.8579703125 0.43849218749999996 0.8526781250000001 0.4432046875 0.8364750000000001 0.44915625
0 0.8763687499999999 0.3421296875 0.8627437499999999 0.340625 0.8408562500000001 0.35636718749999996 0.8383453125000001 0.36511875 0.844034375 0.3654359375 0.8656421875 0.3535140625 0.8763687499999999 0.3421296875
0 0.6950671875000001 0.3060671875 0.707746875 0.295284375 0.7127234375 0.2900796875 0.70774375 0.287821875 0.690496875 0.29945937499999997 0.6950671875000001 0.3060671875
0 0.3423984375 0.2626046875 0.3570578125 0.2509375 0.36105156250000003 0.244878125 0.35819999999999996 0.23986562500000003 0.337803125 0.259771875 0.3423984375 0.2626046875
0 0.26534843750000003 0.25473124999999996 0.2566703125 0.255615625 0.253503125 0.25727812499999997 0.2497953125 0.2622703125 0.248015625 0.269559375 0.25415625 0.27185000000000004 0.2621296875 0.2661453125 0.267059375 0.2589265625 0.26534843750000003 0.25473124999999996
0 0.14946874999999998 0.28823750000000004 0.1430671875 0.2907828125 0.1435078125 0.29582031249999996 0.14539375000000002 0.298103125 0.149925 0.2973078125 0.151971875 0.2927328125 0.14946874999999998 0.28823750000000004
0 0.5401374999999999 0.36036875 0.5216578125 0.3662921875 0.50181875 0.3823859375 0.503203125 0.387184375 0.5085984375 0.389103125 0.5227937500000001 0.378225 0.54343125 0.36317343750000003 0.5401374999999999 0.36036875
0 0.50651875 0.41221874999999997 0.5109843749999999 0.4133765625 0.5171625 0.4119 0.5155624999999999 0.4063359375 0.5026609375 0.40207499999999996 0.49669375000000004 0.40944062499999995 0.50651875 0.41221874999999997
0 0.6269843749999999 0.41321874999999997 0.62996875 0.408034375 0.631903125 0.40295 0.6295734375 0.40114218749999997 0.62223125 0.407203125 0.6269843749999999 0.41321874999999997
0 0.273703125 0.432309375 0.2741453125 0.4361125 0.2778578125 0.44367343750000005 0.2796484375 0.446525 0.286375 0.4484125 0.296996875 0.44718437499999997 0.30441562499999997 0.44303593750000003 0.30295625 0.4398546875 0.2983609375 0.437209375 0.2899640625 0.4333359375 0.28254999999999997 0.4300984375 0.273703125 0.432309375
0 0.27305 0.388028125 0.2632890625 0.3918546875 0.25877812499999997 0.39792031250000004 0.2685078125 0.40233749999999996 0.2752609375 0.4000375 0.27929375 0.3945046875 0.2777078125 0.38963281250000004 0.27305 0.388028125
0 0.2963453125 0.3698015625 0.28788125 0.37417656250000003 0.282296875 0.3833984375 0.2846890625 0.385203125 0.28835937500000003 0.3883921875 0.30496406249999997 0.3723703125 0.2963453125 0.3698015625
0 0.20122656249999998 0.579165625 0.20609531250000002 0.5845390625 0.216259375 0.5885796875 0.2211765625 0.589175 0.22599375 0.5893109375 0.23370625 0.5836859375000001 0.23671250000000002 0.5799703125 0.23319687500000003 0.57571875 0.21950625 0.5777390625 0.2054390625 0.578453125 0.20122656249999998 0.579165625
0 0.2585390625 0.571853125 0.259421875 0.5790828125 0.263834375 0.58068125 0.2770390625 0.57546875 0.2855 0.5692734374999999 0.29217031250000003 0.56333125 0.2909671875 0.5597000000000001 0.2772734375 0.56374375 0.271721875 0.568190625 0.2585390625 0.571853125
0 0.1917140625 0.576075 0.188765625 0.5807328125 0.198159375 0.58193125 0.2093078125 0.576890625 0.2143421875 0.575884375 0.208890625 0.5683203125 0.20055625 0.568115625 0.1917140625 0.576075
0 0.257528125 0.44891875 0.2570484375 0.4545265625 0.2682734375 0.45947187500000003 0.27546875000000004 0.46161250000000004 0.28306875 0.461309375 0.274315625 0.45490624999999996 0.257528125 0.44891875
0 0.1209625 0.72273125 0.14435 0.729640625 0.15585 0.730759375 0.16524531250000002 0.7310953125 0.1733625 0.7277843749999999 0.17771874999999998 0.7245874999999999 0.1703296875 0.7132453125 0.1600265625 0.7079578125 0.1463578125 0.7029578125 0.1319984375 0.6966046875 0.1168671875 0.6939062500000001 0.1013375 0.6942390625 0.094865625 0.70518125 0.0951109375 0.71198125 0.1140171875 0.7189515625 0.1209625 0.72273125
0 0.6441874999999999 0.7273953125 0.6542140625 0.7312937500000001 0.6703171875 0.742015625 0.6822109375000001 0.7431578125 0.679746875 0.7388671875 0.6662796875 0.7303499999999999 0.6978140625 0.715540625 0.703628125 0.7110734375 0.6933 0.7086625 0.675740625 0.7105187500000001 0.6733328125 0.7097671875 0.6516515625 0.704496875 0.6489906249999999 0.7034140625 0.6392640625 0.7034078125 0.6335437500000001 0.711140625 0.638878125 0.7190546875 0.644934375 0.720146875 0.6441874999999999 0.7273953125
0 0.696728125 0.667921875 0.7135234374999999 0.672159375 0.7181484375 0.6726390624999999 0.7247171875 0.6751359375 0.7302265625000001 0.6718515625 0.7378828125 0.6674015625 0.752321875 0.6582109375 0.7703031250000001 0.6525671875 0.7783203125 0.6451781249999999 0.7783171875 0.6369374999999999 0.776765625 0.631825 0.7690359375 0.62476875 0.760796875 0.62141875 0.746790625 0.622753125 0.732990625 0.628653125 0.73099375 0.632503125 0.732378125 0.64495625 0.730128125 0.6421234375 0.72666875 0.6341390625 0.7191562499999999 0.632490625 0.7182046875 0.63505625 0.7179515624999999 0.63985625 0.7047703125 0.64159375 0.6941453125 0.6472828125000001 0.689228125 0.6527484375 0.6820921875 0.6595484375 0.6904656250000001 0.663971875 0.696728125 0.667921875
0 0.10296093749999999 0.9677703125000001 0.10818593750000001 0.966725 0.11445156249999999 0.9645734375 0.11497968750000001 0.96225 0.10872343749999999 0.9599234375 0.0934984375 0.9559078124999999 0.08820625 0.9549703125000001 0.0862140625 0.95665625 0.0879421875 0.96016875 0.09250312499999999 0.9663421874999999 0.09722031249999999 0.9667359375 0.10296093749999999 0.9677703125000001
0 0.1238828125 0.9678875 0.119728125 0.9659609375 0.113128125 0.9694203124999999 0.11170312499999999 0.970884375 0.11493281250000001 0.9737875 0.1238828125 0.9678875
0 0.10117968749999999 0.2406515625 0.113484375 0.244871875 0.1219875 0.2511203125 0.12763125 0.25327500000000003 0.1292140625 0.2515390625 0.11924531249999999 0.2448296875 0.096165625 0.2338421875 0.08842968749999999 0.23344843750000002 0.10117968749999999 0.2406515625
0 0.9187984374999999 0.9369953125 0.9220140625000001 0.937140625 0.9251625000000001 0.9366828125 0.9287296875 0.9354390625000001 0.93121875 0.9294953125 0.931228125 0.9251109375000001 0.931034375 0.923175 0.9286406250000001 0.92030625 0.9263515625000001 0.920846875 0.9241328125000001 0.923790625 0.9233234375 0.926140625 0.9233234375 0.9287015625 0.9233234375 0.9320562499999999 0.9194171875 0.933521875 0.9144515625 0.9342078125000001 0.9187984374999999 0.9369953125
0 0.7839031249999999 0.8091125 0.7822843749999999 0.8099296875 0.781475 0.8112234375 0.7831234375 0.8129671875 0.786434375 0.8127390625 0.7900015625 0.8113921875000001 0.7910828125 0.8104125 0.7894109375 0.809103125 0.7878453125 0.8080421875000001 0.7859109375 0.8083984375 0.7839031249999999 0.8091125
0 0.667015625 0.7893656250000001 0.6697578125 0.791940625 0.6723078124999999 0.7927984375 0.675875 0.793025 0.6768078125 0.790840625 0.6752953125000001 0.7876984375 0.6705421874999999 0.7857093749999999 0.6680453125 0.7859609375 0.6655828125000001 0.786171875 0.667015625 0.7893656250000001
0 0.879484375 0.8312156249999999 0.8796765625 0.8319281249999999 0.8863875 0.8335671874999999 0.8868046875 0.8335671874999999 0.8893796875 0.8317890625000001 0.8844140625 0.8279734375000001 0.881984375 0.8273078125 0.879484375 0.8312156249999999
0 0.825759375 0.5998390625 0.8247031249999999 0.594065625 0.8178890624999999 0.5970234375000001 0.8179718749999999 0.602040625 0.8183328124999999 0.6074796874999999 0.834209375 0.6027734375 0.825759375 0.5998390625