0 0.68642525 0.24580141718749998 0.6972746359374999 0.25399268125 0.7019447703125 0.25913568593749997 0.713574840625 0.2642900953125 0.7199115593750001 0.2648415984375 0.7307817062499999 0.2638324390625 0.7467896078125 0.26047479375 0.76199986875 0.25518526874999997 0.778426628125 0.24359397343750003 0.8166978171875 0.226747334375 0.8201014921875001 0.2232764515625 0.8298418859375 0.220357071875 0.8364398375000001 0.2198956984375 0.8470491750000001 0.2104529390625 0.8552132234375 0.19919195 0.8765142109375 0.2051596671875 0.8817747265625 0.2045443390625 0.88529949375 0.20280516406250002 0.8874191734375 0.19992215468750002 0.88601424375 0.1940543015625 0.8821607968749999 0.186366878125 0.8720935484375 0.1751370921875 0.8715051468749999 0.1714488390625 0.8739191609375 0.1680487265625 0.8985584171875001 0.155386634375 0.9222615015625 0.1388115640625 0.9446096624999999 0.1265587265625 0.9657430890625 0.1111579546875 0.9735056578125001 0.10365287031249999 0.9716871734374999 0.0871222671875 0.945224128125 0.1021501546875 0.9268334906250001 0.11412625624999999 0.9235526249999999 0.114604721875 0.920444890625 0.11283281406250001 0.9163837609375 0.10690165625 0.9153092734375001 0.101010696875 0.9122551359375001 0.0952566015625 0.8879902968750001 0.0658760984375 0.8726971921875 0.055757304687499995 0.859956415625 0.04421638125 0.855199690625 0.04256135 0.839851165625 0.0411473140625 0.8310522484374999 0.0290832703125 0.8275983 0.0270865296875 0.82021836875 0.0258624078125 0.8241964968750001 0.0211092671875 0.8356396953124999 0.014093940625 0.8396334859374999 0.009587182812500001 0.8421703078125 0.0031946500000000003 0.8362490140625001 0.0038577515625 0.8220977359375 0.010067834375 0.810552490625 0.0108751578125 0.805395846875 0.012975921875 0.7984138546875 0.017442590625 0.77681140625 0.035610946875 0.7579689171874999 0.0553264828125 0.7511978359375 0.058038228125 0.7403291390625 0.05904571875 0.7332796515625 0.057798490625 0.7239407859375 0.0522363890625 0.7123438156249999 0.047577753125 0.704340825 0.042169715625 0.6988745 0.0350931640625 0.6847788 0.0278744703125 0.6850212515625 0.026615428125 0.701259265625 0.01230254375 0.7094044234375 0.0007938328125 0.7067308953125 0.0004826953125 0.7052721015625 0.003319490625 0.7013476796875 0.0040920015625 0.6959298031250001 0.00720564375 0.6816903765625 0.016903809375000002 0.6748154234375 0.01813011875 0.6694669156249999 0.017509512499999998 0.6652827109375 0.0192932328125 0.660889265625 0.022833328125 0.6535264 0.026579498437499998 0.6444451765625 0.0341767921875 0.6333479265624999 0.0461394125 0.6233963109375 0.060261753125 0.6230122703125 0.06426705 0.62679468125 0.0756872703125 0.6248668640624999 0.08129165000000001 0.6216363203124999 0.0825121625 0.61962211875 0.0821549203125 0.6121243703125 0.07447485468750001 0.5994338671875 0.0684015546875 0.5964487843749999 0.068361246875 0.594242671875 0.0700082125 0.5962896 0.0755821296875 0.599779659375 0.07807286718749999 0.602139809375 0.083377403125 0.607189259375 0.08924101718750001 0.6109924312499999 0.091460815625 0.6156438343749999 0.0916320796875 0.6214596484375 0.09420922968749999 0.625468896875 0.09939845 0.6387148078125 0.10866578593750001 0.640675303125 0.11300365781249999 0.6406909171875 0.11797561875 0.637859871875 0.1248868125 0.6382058203125001 0.12983410625 0.64183274375 0.1343044953125 0.6418844671875 0.1397704515625 0.62948444375 0.15207478125 0.6210088421875 0.1636066 0.6190464734375001 0.1687168734375 0.6210415203124999 0.1735488515625 0.6343724140625 0.1840539 0.6362982484375 0.1878961078125 0.6352737703125 0.19219523125 0.63325956875 0.191837990625 0.6292503203125 0.1866487703125 0.6235037171875 0.1850613921875 0.6144591828125 0.17898218593749998 0.6057274968749999 0.1773545 0.5951549578125 0.17312231875 0.5885396765625 0.173335859375 0.5829485609375 0.1786983140625 0.5846132734375 0.1835549578125 0.5912787203125001 0.18880748125 0.5989510015625 0.1989610859375 0.6068485609375001 0.20288379843749998 0.6124567421875 0.20249163593750003 0.6168676265624999 0.1992009328125 0.6198714890625 0.19948740468749998 0.626086959375 0.2030312171875 0.630044325 0.2074784984375 0.640478440625 0.2097311390625 0.649711671875 0.2232575109375 0.6497808843749999 0.22424728124999999 0.64012520625 0.23312683281250002 0.630069875 0.2410397203125 0.6183480671875 0.25354566875 0.6147003828125001 0.258275703125 0.6145098124999999 0.2602766828125 0.6179118796874999 0.26153148593750003 0.6237278515625 0.2593846171875 0.6444614671875 0.24774120000000002 0.6688930890625 0.23210979687500002 0.67450126875 0.23171763437499998 0.6806994093750001 0.235013615625 0.68642525 0.24580141718749998
0 0.8567457015625 0.2495546046875 0.8620753203125 0.2499274890625 0.8649062093750001 0.2477403125 0.866138165625 0.25113451875 0.8691751296874999 0.2519167640625 0.8846119625 0.2451186984375 0.889284078125 0.2408151171875 0.8931392890625001 0.2390528359375 0.8986785234375001 0.23294844218750002 0.9067006078125001 0.229154609375 0.9085763859375 0.227532309375 0.9074827437499999 0.2261160859375 0.9080036484375 0.224090440625 0.9098448749999999 0.221974034375 0.912431753125 0.22104600937500002 0.9123626515625001 0.2200577984375 0.9175019656250001 0.2177092015625 0.9204712781250001 0.21750156718749997 0.9205577093749999 0.21873761093750002 0.9222068078125 0.21862229531250002 0.9330080093750001 0.21190090625 0.950877790625 0.1972248734375 0.9567301390624999 0.19084954062499998 0.956643596875 0.1896119375 0.9507049734375 0.1900272078125 0.9212899468750001 0.2055105625 0.9072944218749999 0.21394801874999997 0.9064084140625001 0.21550110781249998 0.8908848828125 0.22578558906250001 0.889095646875 0.228645490625 0.8868564328125 0.22979668281249999 0.884198675 0.22973348750000003 0.8816463484374999 0.2311556171875 0.8857457249999999 0.2234101671875 0.8794626031250001 0.2188764734375 0.86527693125 0.21986843281250001 0.8651211296874999 0.2223666359375 0.86187325625 0.223339315625 0.8628628703125001 0.22799412343749997 0.859388159375 0.23519780468749998 0.8595092515625 0.23692951406249999 0.8619215499999999 0.238253528125 0.859907190625 0.2426203046875 0.8614508109375001 0.24574523906249998 0.8569707140625 0.248046171875 0.8567457015625 0.2495546046875
0 0.8167060375 0.2600607234375 0.8271039953124999 0.26654494375 0.834118821875 0.2672965078125 0.8386663046875 0.2707079140625 0.846427 0.272650975 0.847728434375 0.27231249218750003 0.8479031234375001 0.2700620125 0.840803471875 0.26334871875 0.8394849734375001 0.258716909375 0.8367076812500001 0.2569218953125 0.8365347078125 0.2544482484375 0.832890453125 0.24973002812499998 0.8281164000000001 0.2478271640625 0.819504246875 0.24793129687499998 0.8203383734375 0.2456362703125 0.8174399890625 0.242109546875 0.8127177078125 0.2409470625 0.8121795828125 0.2427264359375 0.8181855921875 0.24802350624999997 0.8173169140625 0.24982442656249998 0.8143822625 0.250527725 0.8128542578125 0.25237475 0.8167060375 0.2600607234375
0 0.868999003125 0.44875228125 0.8592975453125 0.44781580156249995 0.8406204031250001 0.4593906 0.8249042796875001 0.47012398437499997 0.825912884375 0.477043921875 0.8437486265624999 0.468757703125 0.8489813890625 0.4654831453125 0.8602354390625001 0.45549408125 0.868999003125 0.44875228125
0 0.7548080421875001 0.454907834375 0.731647459375 0.46461426718750004 0.7111397187499999 0.481548565625 0.705412271875 0.48487181250000005 0.713871871875 0.4874019265625 0.734114359375 0.4749172828125 0.7485683734374999 0.46860144843749996 0.7640669015625 0.45724265624999993 0.7548080421875001 0.454907834375
0 0.6249828109375 0.4834726296875 0.6207914953125 0.49321842968749996 0.623737625 0.49928707499999997 0.6327169046875001 0.5039627265625 0.64534904375 0.5049903062500001 0.6605613890625001 0.4986778328125 0.66978839375 0.49327728437499996 0.674430315625 0.48898991093750005 0.6817789703125 0.49482901874999996 0.6855094734375 0.49323208906250005 0.6745968312499999 0.4834194140625 0.6715153125 0.48101444843749996 0.6741164687500001 0.47708749843750003 0.663701815625 0.47618835937500004 0.657748578125 0.4793065453125 0.6500026125 0.47264627656249997 0.647774146875 0.466604196875 0.63681878125 0.46511790781249995 0.62198918125 0.46680178281250007 0.5999394015624999 0.4869279875 0.6096107765625 0.4910853484375 0.6249828109375 0.4834726296875
0 0.6460137703125 0.5239040734375 0.6667423796875 0.5097251421875 0.6604473734375 0.5097925484375 0.63347383125 0.5241277984375 0.637890465625 0.5289830984375 0.6460137703125 0.5239040734375
0 0.527478625 0.40467911562500003 0.546433203125 0.39346553281249996 0.5423635984375 0.389406715625 0.5255225203125 0.40127759375 0.527478625 0.40467911562500003
0 0.44179609218750004 0.7299123421875 0.4495730765625 0.7305651875 0.4576204453125 0.7380862140625 0.4777737734375 0.7247745250000001 0.47004084375 0.721682978125 0.47548193281250006 0.7065368453125 0.475727959375 0.6983403421875 0.461826075 0.6901526437500001 0.449537325 0.6902726546875 0.4424165390625 0.6863034578125 0.433659246875 0.678418565625 0.41132902656250003 0.67419564375 0.39283815624999996 0.6715227406250001 0.3925234296875 0.6785352140625001 0.3719613125 0.67717561875 0.3693649984375 0.6871748359375001 0.3568752328125 0.7000101562500001 0.3587695125 0.7039610796875 0.374787534375 0.6960666765625 0.3715439484375 0.709218725 0.38474992812500003 0.7130991625 0.39416609999999996 0.7178852328125 0.40835283437500003 0.7254202203125 0.4326206734375 0.73349705625 0.44179609218750004 0.7299123421875
0 0.0908414140625 0.8129052437500001 0.1043034265625 0.8360146625 0.11245509375 0.8442880593750001 0.129440021875 0.8480483484375 0.1329638578125 0.8413455859375001 0.1308479125 0.8353222640625001 0.138249103125 0.8282042687500001 0.13450659843749999 0.8229321781250001 0.1196240828125 0.8203202171875 0.1120396578125 0.8123862031250001 0.1106931484375 0.8075777921875 0.0979417734375 0.8069282015624999 0.09416571875 0.8081649296875 0.0908414140625 0.8129052437500001
0 0.1920131015625 0.98106060625 0.188801621875 0.9820385734375 0.187119096875 0.9848565546874999 0.1893959984375 0.9882090171875 0.1939984390625 0.9884416593750001 0.19782313125 0.9857949781249999 0.1958335234375 0.9811975671875001 0.1920131015625 0.98106060625
0 0.0986868875 0.4893213 0.0941171921875 0.49555994999999997 0.1035291125 0.49708211562500004 0.11051011875000001 0.4941693 0.1111234359375 0.49086690937500005 0.10267460625 0.48492930625 0.098888590625 0.48642674062499996 0.0986868875 0.4893213
0 0 0.496245990625 0.003240959375 0.48890481875 0 0.48515503281249994 0 0.496245990625
0 0.07534554375 0.42093448593750005 0.07946330625 0.4278547265625 0.08587440625000001 0.42861874687499996 0.0895847625 0.42523292812499996 0.0921162421875 0.4224151015625 0.092983865625 0.41602965000000003 0.0939813390625 0.4137858546875 0.08659758281249999 0.41266381093750004 0.080738884375 0.4144236546875 0.0776990640625 0.41711726406249994 0.07534554375 0.42093448593750005
0 0.16519718125 0.384288421875 0.1641415296875 0.38106357968750004 0.1582663171875 0.3799441234375 0.1499868671875 0.37575678125 0.1395196046875 0.37683801250000004 0.12949146250000002 0.382944603125 0.13297001718749998 0.386950771875 0.14374569375 0.3895632765625 0.15702831875 0.38781997968750004 0.16519718125 0.384288421875
0 0.9665955171875 0.1392293734375 0.9600337578125 0.13498926875 0.9522402890624999 0.13553424218750001 0.9536191046875 0.14405256093750002 0.9665955171875 0.1392293734375
0 0.9446106734375 0.0264256734375 0.94062133125 0.014174112499999999 0.9231868265625 0.022441671875 0.9023841750000001 0.0497405390625 0.9395367265625 0.0322625828125 0.9446106734375 0.0264256734375
0 0.5745569515625 0.1102560234375 0.573793990625 0.0993451671875 0.5516834046875 0.107939709375 0.5452687515625 0.117003 0.56368420625 0.1227636859375 0.5745569515625 0.1102560234375
0 0.5706217421875001 0.2107753890625 0.5655096828125 0.2048675984375 0.554925809375 0.21030664062499999 0.5654388 0.2150536046875 0.5706217421875001 0.2107753890625