0 0.38757553906250003 0.5666526015625 0.37575862656250003 0.5709418796875 0.35602830625 0.58241315625 0.351861371875 0.595619415625 0.353981540625 0.6069249890624999 0.3812342921875 0.6054473875 0.40503194843749996 0.58520253125 0.38757553906250003 0.5666526015625
0 0.3943780671875 0.6914554046875 0.377562696875 0.7063327640625 0.3338704765625 0.710556175 0.2890553421875 0.7093651375000001 0.2541256890625 0.7148865859375 0.256310209375 0.70753588125 0.2642988984375 0.6906331890625 0.25432338125 0.6903672296875001 0.23350082656249999 0.6932891390625 0.23321274218750002 0.6837374265625 0.220315996875 0.6822323 0.21495460312499998 0.6747612515625 0.2090916953125 0.6657570828125 0.1997066203125 0.6640175562499999 0.186106371875 0.6632190578125 0.1712887171875 0.659454628125 0.1606034203125 0.658241546875 0.1567601484375 0.6654039359375 0.1579205671875 0.6824961703125 0.153312896875 0.6894076578125 0.15492067812500002 0.706027790625 0.15986992656250001 0.7183477093749999 0.15695943437499998 0.732350534375 0.15793431875 0.7385466609375 0.1792218203125 0.7397063234375 0.22503384999999998 0.7360286406250001 0.33154025468750004 0.7229512984375 0.3925452171875 0.714388778125 0.41782460468749993 0.7143530421875 0.46539915781249996 0.714465375 0.485539484375 0.706141025 0.4886314921875 0.6965269171874999 0.4846115359375 0.6850956828125 0.47185336875 0.66964156875 0.45999023437500003 0.654079134375 0.45034504843749995 0.648798034375 0.4234897859375 0.6609363453125 0.3943780671875 0.6914554046875
0 0.2952900765625 0.7834261046875 0.3052157125 0.78168316875 0.30013257968749996 0.7740551640625 0.28825098437499996 0.7676633359375 0.272414103125 0.764790703125 0.2540260703125 0.7670264312499999 0.2340860625 0.7673023125 0.220502628125 0.7701665671875 0.218298759375 0.77768021875 0.2005613578125 0.7770606843750001 0.185941884375 0.7831927453125 0.18442893124999998 0.7846662359375001 0.1858825515625 0.7975948265625 0.1872380421875 0.8040700875000001 0.18843812499999998 0.8102668984375001 0.1922309109375 0.8161170296875 0.1919228375 0.8258521390625001 0.20508080624999997 0.8224844203125 0.2167184109375 0.821055503125 0.223505603125 0.8224071765625001 0.22971290312499998 0.8267927625 0.235920525 0.833783665625 0.2381091515625 0.8424927921875 0.248972596875 0.8477722859375 0.24776350156250002 0.8369121265624999 0.248640909375 0.81565928125 0.24744536250000002 0.806050546875 0.24007132812499998 0.79954761875 0.24312868906250001 0.7867153078125 0.2491695140625 0.7795522874999999 0.265004184375 0.77659895 0.2952900765625 0.7834261046875
0 0.2561579671875 1 0.2619788765625 0.99590701875 0.2619501890625 0.9865832046874999 0.2560452296875 0.9806854390625 0.27150590625 0.9774427109375001 0.2778615390625 0.9697152421874999 0.2813395328125 0.9667961859374999 0.2904223578125 0.9585481 0.28263068125 0.957015934375 0.283527971875 0.947079390625 0.287129075 0.9321495546874999 0.2812548515625 0.9230019453124999 0.2736270453125 0.908008846875 0.297372703125 0.9224318609375001 0.31311433125 0.9289007203124999 0.30805800781250003 0.9195550812500001 0.2979116859375 0.91159005 0.28058863437500003 0.8961391546874999 0.2617106265625 0.89173038125 0.254628671875 0.8850420375000001 0.24405043593750003 0.8814827953125001 0.23145604843749998 0.8899148921875 0.20613558437499999 0.9031808124999999 0.201316009375 0.9007122703125001 0.1945808609375 0.9105926625 0.1916575203125 0.923644653125 0.19556405 0.9287928796875 0.1980906453125 0.936626165625 0.2005417953125 0.940665365625 0.20404640000000002 0.94873276875 0.204820840625 0.955040090625 0.20238314218750003 0.96162374375 0.20122711249999997 0.9699658718749999 0.20081845937499998 0.9757021828125 0.210788434375 0.98055141875 0.20652204531249999 0.994216971875 0.2071683578125 1 0.21954222343750002 1 0.21395443906249997 0.9885407562499999 0.22498441093750002 0.9808296890625 0.222034084375 0.9716095796875001 0.21631707968749997 0.9631526453125 0.20702045781249998 0.9552485781250001 0.20913751249999998 0.9523486453125001 0.2172164828125 0.9499382875 0.22504276562499997 0.9639451593749999 0.2313157984375 0.975686940625 0.24571264531249998 0.9836527187499999 0.234433540625 1 0.2561579671875 1
0 0.6885923375 0.812660965625 0.6765638484375 0.8062651328125 0.6725872890625 0.7997260125000001 0.6607835484375 0.791583521875 0.6595762609375 0.790020565625 0.646209484375 0.7879182703125001 0.6281136593750001 0.7854694062500001 0.6230274109375 0.7956117375 0.6409034453125 0.801975946875 0.6261325265625 0.8059258234375 0.6125822265624999 0.8164320640625 0.606392190625 0.8335342296875 0.618077459375 0.8384168609374999 0.61582640625 0.8462385593749999 0.6174088453125 0.8547544968749999 0.6314681265625001 0.8650097296875 0.66082253125 0.8717765171874999 0.6852003578125 0.869244546875 0.7046652375 0.8652016140625 0.7183124140625 0.8515098234374999 0.729418353125 0.8363401515625 0.726053015625 0.826265815625 0.712559840625 0.82373668125 0.7028159359374999 0.8213312343749999 0.6885923375 0.812660965625
0 0.45029081875 0.58500728125 0.4392153296875 0.5852447515625 0.444125221875 0.59206440625 0.4496470375 0.5992906421875001 0.4649470546875 0.6107017203125 0.48233260468749994 0.6125199453125 0.4927141703125 0.60673349375 0.48871609375 0.593890634375 0.47554401718749995 0.5868481 0.4588435890625 0.5825324515625 0.45029081875 0.58500728125
0 0.5736650156249999 0.644765615625 0.5637098890625001 0.640216809375 0.548888784375 0.6350139546875 0.538600784375 0.6334466890625 0.5274792546875 0.63018084375 0.51738689375 0.625552859375 0.49598445 0.6189825 0.50032179375 0.6214724703125001 0.52461929375 0.6378128359375 0.54404921875 0.650588590625 0.565240365625 0.6534508109375 0.5775633453125 0.6516291890625 0.5736650156249999 0.644765615625
0 0.6573241703125 0.44871504843750004 0.700590228125 0.46686817812500003 0.7300132671874999 0.4618087625 0.7171820171875 0.451426359375 0.7021626265625 0.43610820937500006 0.7019179359375001 0.43411536249999993 0.6926226625 0.42674794218749995 0.687279803125 0.42401778593749995 0.6771858390625 0.42660786093749997 0.6573241703125 0.44871504843750004
0 0.86652886875 0.7872821 0.8613745671874999 0.795305996875 0.8750282031250001 0.8020139125 0.8786054515625 0.8163142359375 0.88846999375 0.838485121875 0.8773716328125 0.8554217265625 0.86640974375 0.856533115625 0.8624292640625001 0.8685783109375 0.88010885 0.8667396937499999 0.9024754968750001 0.8752523375000001 0.9163534 0.878658309375 0.9102375 0.8616062328125 0.9138302671874999 0.8397492156249999 0.927054309375 0.8124056718749999 0.928027575 0.799536446875 0.9127024828125 0.8048578328125 0.9007320796875 0.80719186875 0.8907413999999999 0.7949557203125 0.8798143484375001 0.795555928125 0.86652886875 0.7872821
0 0.856785421875 0.878551396875 0.8509982062500001 0.8707406484375 0.8485147796874999 0.8671052671874999 0.8409262296875 0.8634323890625 0.814208565625 0.859228996875 0.8262525000000001 0.8771101187499999 0.8671207890625 0.8986463046875001 0.8665911265625 0.8952684890624999 0.8631949656250001 0.8887509843749999 0.8430420249999999 0.8780743015624999 0.8455526609374999 0.8755463640625001 0.856785421875 0.878551396875
0 1 0.5842877359374999 0.9840753375 0.589554834375 0.9739166656249999 0.6122085984375001 0.959740834375 0.6384930546875001 0.9221020765624999 0.6397976015625 0.9148227375 0.63030931875 0.898664740625 0.6179236625 0.8723682500000001 0.610239875 0.868737615625 0.6035307671875 0.8642932953125 0.5910024468749999 0.87299853125 0.5925515296875 0.92228783125 0.60511645625 0.931268984375 0.5930145359375001 0.9198749562499999 0.5804264765625 0.8926259890624999 0.5621391046875 0.8813251453125 0.5521433859375 0.89559895625 0.5392215921875 0.9094800828125 0.5260504828125 0.9226453890625 0.516921740625 0.9376277109375 0.5057060046874999 0.9505283109375 0.49407524843750006 0.963309584375 0.47975460937500003 0.97407065 0.45903245468750004 0.9760393984375 0.4547323484375 0.979933125 0.44709621562499996 0.96736030625 0.443511109375 0.9456548921874999 0.4533972109375 0.919508296875 0.48351284375 0.886654484375 0.5092869578125 0.8765193328124999 0.500643634375 0.8557006390625 0.48767317656250003 0.8564980546875001 0.471371675 0.8424051406249999 0.4551243140625 0.829984790625 0.45049880781249996 0.8114650390625 0.4567004625 0.7733430218749999 0.47253155781249995 0.7531247078125001 0.4665021703125 0.7458652796874999 0.47071515 0.7360382343749999 0.47168405 0.7265528234375 0.47578150937499997 0.745258678125 0.4880322171875 0.7337306734375 0.500251646875 0.7147019078125 0.4933457578125 0.6950660078124999 0.484726084375 0.687151065625 0.47395885312499997 0.6684364171875 0.46200832968750005 0.640968153125 0.447499284375 0.62840585625 0.447974409375 0.6193613 0.44570033750000004 0.6217486765625 0.442283925 0.6424033171875 0.435045615625 0.627704565625 0.4335445046875 0.6040111328125 0.42716256250000006 0.5736560703125 0.41206657812499997 0.5883550265624999 0.389581059375 0.58496508125 0.3849219625 0.567802221875 0.3846096984375 0.5297905828125 0.414160859375 0.492659209375 0.458009753125 0.4868890640625 0.46689008750000005 0.5075680046875 0.485376503125 0.5237682015625 0.51492715 0.53403834375 0.521836409375 0.5542143562499999 0.5275341046875 0.5382913625 0.5468073515625 0.5225785515625 0.5695873734375 0.5158267546874999 0.5854991265625 0.50932766875 0.596353321875 0.51999325625 0.5906107078125 0.5415564796875 0.5931312875 0.5572138828125001 0.5967217687499999 0.5847908234375 0.6206675984375 0.6046637453125 0.6274226125 0.6004206640625 0.6390214828125 0.579989515625 0.6619652453125 0.5740063 0.6772772984375 0.544661584375 0.6999112937499999 0.5125854859375 0.7340451265625 0.5207549359375 0.74337216875 0.5607243578125 0.69971319375 0.5739855328125001 0.6985194156250001 0.5865377171875 0.7087188390625 0.6082857703125 0.736758671875 0.61918548125 0.7519750015625 0.6536138890625 0.7732188328125 0.6851547484375 0.788536015625 0.7039101875 0.7915619203125 0.7171838671875 0.774866696875 0.6653644453124999 0.7527986546875 0.6556979734375 0.746703140625 0.661064109375 0.730416840625 0.6813001109375 0.736333859375 0.6875214421875 0.73242308125 0.7057327250000001 0.720683365625 0.7152908250000001 0.7084082796875 0.7315453265625 0.693796565625 0.7369263203124999 0.70445303125 0.7597853453125001 0.7094497750000001 0.7737407593750001 0.7228079828125 0.784741175 0.730331259375 0.78448585625 0.7155333234375 0.780632809375 0.70710255 0.7707037125 0.69675264375 0.7555592203125 0.6949803953125 0.7475005203125 0.68383725625 0.7556165546875 0.679895340625 0.8021678124999999 0.6692632328125 0.8684983453124999 0.6652260437499999 0.9009234218750001 0.6613203078125001 0.8950281578125001 0.671053496875 0.878967621875 0.6954504484374999 0.90163219375 0.6856449296875 0.9211012843749999 0.66705870625 0.9265197625000001 0.6559168718749999 0.9562080859375 0.6456330593749999 0.9848796984374999 0.6454799140625 1 0.6450239343749999 1 0.610203240625 0.9935801765625 0.60630886875 0.9926227531249999 0.600370346875 1 0.5963805109375 1 0.5842877359374999
0 1 0.5057389390625 0.9671330499999999 0.48602129375 0.9637401656250001 0.491325884375 0.9764008375 0.5047423156249999 0.9793445546875 0.517613884375 0.987775575 0.523506890625 1 0.5073240171875 1 0.5057389390625
0 0.44340432031250004 0.46546958125 0.43189888749999994 0.47205205625 0.451591103125 0.4857716296875 0.46957030624999996 0.5033868171875 0.501476225 0.5144717140624999 0.5266674578125 0.52055168125 0.52876055 0.514866721875 0.44340432031250004 0.46546958125
0 0.164350190625 0.27207053281250004 0.1583843203125 0.27810034687499996 0.1551090171875 0.2789905171875 0.1515014140625 0.27043042968750003 0.1501340015625 0.2592937515625 0.1391127421875 0.25563935312499997 0.13669724375 0.25728820625000004 0.12546848593749999 0.2553799234375 0.11813142968749998 0.24996025156249999 0.12355372499999999 0.239644421875 0.12368407343750001 0.23124404687500003 0.11578198125000001 0.2225815625 0.10913665937499999 0.214654209375 0.11355693124999999 0.24424388281249998 0.10915231875 0.24842433125 0.11269998125 0.25585518125 0.11436229843750001 0.2608932734375 0.11341856406249999 0.268310446875 0.11394531875 0.27524166562499996 0.11571961093750001 0.2833200234375 0.11559770625000002 0.2851862921875 0.1360883203125 0.3032928265625 0.1421904984375 0.304783709375 0.1478866875 0.3010192703125 0.144721465625 0.295780025 0.1402944203125 0.2870592296875 0.14197722968749998 0.284481809375 0.1480407015625 0.28052902031250004 0.1565915265625 0.28480789375 0.16176945 0.2974901453125 0.17873831093749998 0.30055595 0.1851855671875 0.299510875 0.1766306953125 0.2912244984375 0.17110303437500002 0.27397583281250004 0.164350190625 0.27207053281250004
0 0.171303296875 0.3287503328125 0.1774316 0.32874878125 0.1804819765625 0.3241804828125 0.17103531249999998 0.3170929734375 0.1650696875 0.32070158593750003 0.16478441093750001 0.323275853125 0.171303296875 0.3287503328125
0 0.20544644375 0.34208088124999997 0.1936908828125 0.352626503125 0.180197378125 0.3723649515625 0.182009534375 0.375879678125 0.2169462359375 0.33835003750000003 0.20544644375 0.34208088124999997
0 0.5602707171875 0.8388713687499999 0.55273459375 0.8464336593749999 0.55130475625 0.8566229234374999 0.569970096875 0.8406321234374999 0.5602707171875 0.8388713687499999