0 0.704673803125 1 0.7055073000000001 0.9948470374999999 0.6980234249999999 0.9826556375 0.69295075625 0.9666643765625 0.6896285109375 0.9590565421875 0.7199347828125 0.9571391515625001 0.72437848125 0.9421453625 0.742316646875 0.9355548562499999 0.7548037812499999 0.9306954859375001 0.7621786984375001 0.922210409375 0.7624810890625 0.9137896812499999 0.759681778125 0.903735696875 0.7444455265625 0.8928175859374999 0.740948909375 0.8839327609375 0.7400163375 0.8798257812499999 0.7585962125 0.872237440625 0.76914773125 0.866971153125 0.7533625640625 0.8569693421875 0.7382928 0.855232996875 0.729415146875 0.8508987390625 0.7101064109374999 0.8373323671874999 0.6937174171875 0.8271107593749999 0.6866692999999999 0.8154386421875 0.6824413781249999 0.8084987328125001 0.68098539375 0.7982949640625 0.6767117218750001 0.7843306453125 0.678072634375 0.7736407828125 0.672953840625 0.7680069609375 0.68177789375 0.7624935453125 0.6932979640625 0.7475233234374999 0.69995720625 0.7429226812499999 0.71228794375 0.750225815625 0.736339696875 0.7564915171875 0.730779828125 0.74012918125 0.7160278140624999 0.7272947328125 0.7075922890624999 0.7155810484375 0.7181794609375001 0.709164209375 0.7311339 0.6977867765625 0.7365519703125 0.6924740921875 0.6967038718749999 0.6944843015625 0.6929622421875 0.696063528125 0.7035068875 0.682925825 0.7097038203125 0.6765689874999999 0.7179604875 0.6613438921875 0.7336547171875 0.683349003125 0.752638175 0.6991048453125 0.7620726953125 0.6995199046875 0.7662361765625 0.684267840625 0.7553627546875 0.6754922750000001 0.743641946875 0.661286340625 0.7771139 0.66090060625 0.793058596875 0.6678857796875 0.801740378125 0.6603207531249999 0.8205387453125 0.6512683453125 0.820216084375 0.6420218765625 0.8091534921875001 0.6379319156250001 0.7926219734375 0.6420325109375 0.7793977078125 0.602480275 0.7757895703125001 0.5856399718749999 0.7931452343750001 0.5975647796875 0.8083577500000001 0.594323746875 0.8289246640625001 0.5899522953125 0.8408037859374999 0.6076116109374999 0.8520087843749999 0.6283428390625 0.8604944937499999 0.637316975 0.875985628125 0.638997346875 0.8794242593750001 0.6245082125 0.8700790609375 0.611934859375 0.853947171875 0.598382771875 0.8623400531250001 0.5966008890625 0.8715848109375001 0.5941730953125 0.88636578125 0.5928760328125 0.8888193 0.5798836640625 0.887001315625 0.5665396671875 0.8896208640625 0.5638030406250001 0.9130667375 0.5504229781250001 0.9324234015625 0.54030685 0.975863503125 0.5170501375 0.9700040640625 0.50637810625 0.9360489984375 0.498477384375 0.9205318468750001 0.49460852343750006 0.90372015625 0.48773569375000003 0.8858488843749999 0.4814569875 0.8824520890625 0.47281766562499994 0.8578260921875 0.4579851328125 0.8458535921875001 0.4634478640625 0.8365354484375 0.469082859375 0.8875367437499999 0.425084565625 0.8650659328125 0.41808419375000005 0.8630208328125001 0.400361434375 0.8649122046875 0.39013394843750004 0.8630641796875 0.37722691406250003 0.8653972015625 0.3648534671875 0.8703077671875 0.3564286875 0.8615635265625 0.3371435375 0.8531601999999999 0.322413675 0.8422689968749999 0.302904021875 0.7956128421875001 0.3120945625 0.7656491625 0.3248125328125 0.75981495625 0.314491403125 0.746831625 0.30895312812500003 0.7350449453125 0.30024294218750003 0.7211514515624999 0.2996597921875 0.715802546875 0.30408149375 0.7174578578124999 0.324459128125 0.71526869375 0.33420173124999997 0.7055204671874999 0.3470838890625 0.6821018828125001 0.3574739234375 0.6935125703125 0.32534891875 0.6984690578125 0.3116375921875 0.6973699359375 0.2868655421875 0.70486594375 0.2727084640625 0.740173375 0.1533676734375 0.729490003125 0.13171334375 0.7104263046875 0.1191082421875 0.69963426875 0.11198906718749999 0.673440696875 0.09685587343749999 0.650828709375 0.099121590625 0.628552134375 0.10562881718749999 0.6231734390625 0.10429258749999999 0.6163752015624999 0.08865371718750001 0.6385816984375 0.076802034375 0.631165934375 0.0626517359375 0.6076884109375 0.0559494859375 0.576964684375 0.0449445375 0.5677460734374999 0.0419777921875 0.54199478125 0.0424704359375 0.5369782609375 0.05113933281250001 0.53469559375 0.06942720937499999 0.5419323640625 0.0779917203125 0.4881364515625 0.1007824171875 0.4661010421875 0.1063223796875 0.456719984375 0.0951716734375 0.44837570624999995 0.09590607343749999 0.4444332203125 0.0992726140625 0.444320515625 0.11700166406250001 0.43906928437500004 0.1350469859375 0.432350384375 0.1429870796875 0.42631670625 0.1504200671875 0.4405445296875 0.15892406875 0.45543433593750005 0.1691261609375 0.446155634375 0.173608328125 0.436286984375 0.1686566125 0.42405248906250004 0.167322825 0.40265484531249995 0.1752134640625 0.3985084859375 0.18458402812500002 0.3984162875 0.191599809375 0.38045234687499996 0.191589571875 0.341205753125 0.21591116718749997 0.319586465625 0.22987064375 0.2858313265625 0.2432761765625 0.306434034375 0.24516818593749998 0.321690978125 0.267829178125 0.3360320125 0.2815692265625 0.3511976484375 0.2844969671875 0.31782223906249996 0.2955204828125 0.3109427 0.3113127703125 0.304534115625 0.317368846875 0.296310325 0.32645549375 0.30128525 0.3412951515625 0.30289235 0.3507571953125 0.31305679531249997 0.35543321875 0.326848521875 0.36707492343750003 0.32951060625 0.383653584375 0.33361304375 0.388719984375 0.339565878125 0.4008581609375 0.39230713906250003 0.454751090625 0.41561468437500004 0.470118034375 0.4190243171875 0.48407304843750004 0.427586746875 0.4993079671875 0.43346250937499997 0.50463131875 0.43980705625 0.5153598890625 0.44622600781250005 0.5155077921875 0.46699448906249996 0.5248535000000001 0.4810687140625 0.5373643640625 0.5021457546875 0.5420494015624999 0.5031076203125 0.5325595859375001 0.5256136390624999 0.5353110140624999 0.54906695625 0.5648514234374999 0.5610900484375 0.561485078125 0.5744137984375 0.5486264265624999 0.594954275 0.5450004109375 0.6136514734375 0.54195991875 0.588781846875 0.6272390671875 0.579074565625 0.6695055328125 0.61558951875 0.6618300546875 0.5849019171875 0.683968340625 0.5733522703125 0.674946878125 0.5639611640625 0.6772641078125 0.5602650031249999 0.6806308703124999 0.550332771875 0.6740159296875 0.5315341546875 0.6796785234375 0.531343465625 0.7041273765625 0.50414205625 0.72765500625 0.47615472812500004 0.6823655296875 0.5016603468749999 0.69009196875 0.5261387984375 0.68495178125 0.5289408953125 0.674249259375 0.5231676859375 0.65671455 0.5442034 0.6703556234375 0.54787895625 0.65718323125 0.5163875109375 0.6217046453124999 0.499377834375 0.6319405578125 0.47625275 0.6330348484375 0.4412395875 0.645447159375 0.44133505937499995 0.6280326578125 0.4253742609375 0.6321370609375 0.3875808625 0.6388883 0.38311068125 0.651553384375 0.41393956562499995 0.70958214375 0.403329278125 0.7076114328124999 0.388477246875 0.6774490109375 0.3698349953125 0.67629056875 0.34162379062500003 0.6856611953125 0.33298251562500003 0.68956315 0.33400924062500004 0.7005326921874999 0.314502971875 0.7047901624999999 0.308849390625 0.718810784375 0.3233335171875 0.7251177828125 0.3509297171875 0.73499995 0.3742872359375 0.75747770625 0.37828540781250003 0.7768420296875 0.37367949375 0.7750285781249999 0.3489774203125 0.759144853125 0.324112640625 0.7580324125 0.30810309999999996 0.75936776875 0.297524978125 0.7788917609375 0.295467865625 0.7942986249999999 0.3112737484375 0.8112896203125001 0.3167727640625 0.8135254281250001 0.31290187187499996 0.8336170296875001 0.29518313125 0.837221934375 0.256053540625 0.8559977265625 0.24801002031250002 0.8565140343750001 0.23928538281249997 0.8454561375 0.24188161406250003 0.8376073281249999 0.23055885625 0.8290128125 0.2201343734375 0.823028775 0.20134631875000003 0.8250192203125 0.1907754265625 0.8242209921875 0.1429133953125 0.8267903125 0.12010793281250001 0.8305295562499999 0.10536918125000001 0.8326712984375 0.08028379687500001 0.8278838234375 0.05449263125 0.8390317671874999 0.06397372500000001 0.8591528203125 0.0489775140625 0.86286325 0.034253321875 0.83709670625 0.02167379375 0.821103371875 0.030142959375 0.8177044109375 0.0464945390625 0.8191049421875001 0.0573950859375 0.8156422921875001 0.066046640625 0.8088185359375 0.07670435625000001 0.79530483125 0.0738760765625 0.7843853140625 0.06582359843749999 0.7731375109374999 0.052501121875 0.7640444078125 0.0462541546875 0.76619063125 0.0295714296875 0.7427313109375 0.046498996875 0.7392834171875 0.064275215625 0.7270968828125 0.06936234687500001 0.7216195578125 0.058533196875000006 0.71333813125 0.035182828124999996 0.701566046875 0.029643873437500003 0.694304090625 0.041063792187499996 0.6917487265625 0.031028471875 0.6773253390625 0.0269108203125 0.6715707531249999 0.02457935 0.6606350062499999 0.02062799375 0.6535740328124999 0.0087849859375 0.6414858156250001 0.0004353484375 0.6409370546875001 0 0.64117678125 0 0.8906428140625 0.1374657375 0.9249168718749999 0.1766596203125 0.934689003125 0.22718322343750003 0.947285953125 0.3785539046875 0.9850269015625001 0.43860772187499997 1 0.704673803125 1
0 0.9459534921874999 0.778160984375 0.9489533234374999 0.7661293171875 0.9341607796875 0.7545231109375 0.9221718609374999 0.7567965078125 0.916103453125 0.7608487968750001 0.9196930515625 0.7669516046875 0.92106239375 0.77857501875 0.9225533078125 0.785887284375 0.9348957562500001 0.7841464828125 0.9459534921874999 0.778160984375
0 0.9356105234375001 0.6847674171875 0.93939338125 0.696243784375 0.937726765625 0.7029282109375 0.9486959484374999 0.7133154421875 0.9575002265625001 0.71967491875 0.9586706453125 0.7271552671875 0.9754097515625 0.6600183828125 0.9580726640625 0.6546973546875 0.953945715625 0.6588101875000001 0.9573626828125 0.6687830625 0.9589398109375 0.6763954125 0.9568600265624999 0.677529065625 0.944358453125 0.673339590625 0.9369368328125001 0.6768902328124999 0.9356105234375001 0.6847674171875
0 1 0.48215550625 0.9876408390625 0.4792370609375 0.9778390140625 0.48347285624999997 0.9599104890625 0.48433458749999997 0.95766741875 0.49333104843750003 0.9592728968750001 0.500829690625 0.9650537890625 0.505945809375 0.9805759937499999 0.51061465625 0.9819811250000001 0.5057281890625 0.9870598171875 0.5018864703125 0.99168515 0.4996499421875 1 0.50348935 1 0.48215550625
0 0.712539728125 0.0866829171875 0.727292859375 0.0916978640625 0.7381982953125 0.0983622125 0.7425500703125001 0.1093910421875 0.7483772078125 0.12171688437499999 0.7526449046875 0.11605135625 0.7659889515625 0.11491133437500001 0.7891197421875 0.12164146875 0.7953823890625 0.1227133796875 0.806153534375 0.1135822984375 0.794425359375 0.0949171234375 0.7676361984375 0.088392428125 0.7585181765625 0.089879178125 0.758653634375 0.084156009375 0.7613113796875 0.0771003296875 0.773423125 0.0736948953125 0.7844405140624999 0.066831365625 0.78459715 0.0574451359375 0.7700665953125 0.05202835 0.72900489375 0.0417905171875 0.6576062890625 0.023988846875 0.64867895625 0.0327776953125 0.6455673140625 0.045981184375 0.659479775 0.0477929171875 0.6589406421875 0.05518680625 0.6538490968749999 0.0632717703125 0.66821195625 0.0737724375 0.674362809375 0.07724325 0.712539728125 0.0866829171875
0 0.9455844109375 0.16474112968750002 0.9442076734375 0.1743771078125 0.9354753656250001 0.18713735625 0.9485425718749999 0.1940701578125 0.959116378125 0.1928867921875 0.9673518859374999 0.18614932343749999 0.9685288375000001 0.17160515468749998 0.9547688890625 0.16586841562500002 0.9455844109375 0.16474112968750002
0 0.770893971875 0.7255618984375001 0.7641694765625 0.7246566421875 0.7571835140625 0.7279712953125 0.7558373781250001 0.7290688624999999 0.7542847578125 0.733242215625 0.7573195734375 0.73637734375 0.761627871875 0.7361874109375 0.7672022890625 0.73540815 0.7709463640625 0.7329019796875 0.773024471875 0.7285198640625 0.770893971875 0.7255618984375001
0 0.914497234375 0.6006114203124999 0.910330415625 0.6016031468749999 0.9016964656249999 0.6057017765625 0.899482003125 0.608402525 0.900428953125 0.6112763515624999 0.9079058249999999 0.6141953140624999 0.9100503546875001 0.613570565625 0.9197192781249999 0.610713896875 0.924610175 0.6071409812499999 0.9280906874999999 0.6025465171875 0.9232765125 0.6003993328125 0.914497234375 0.6006114203124999
0 0.7318837609375 0.8084522984375001 0.7271301203125 0.80674694375 0.7213482124999999 0.8084100765625 0.71780539375 0.810360940625 0.7156033234375 0.8140776765625001 0.7209067625000001 0.81806024375 0.7241090625 0.817572009375 0.7301656125 0.812747025 0.7318837609375 0.8084522984375001
0 0.757098734375 0.7910446453125 0.7496642390625 0.795208834375 0.746532003125 0.7968240578125 0.7493949140625 0.8013849484375 0.7543118640625 0.8024546796875001 0.7585053609375 0.8035002359375 0.7622589703125 0.8022863203125 0.7642209375 0.7982214703125 0.765437884375 0.7965828265625 0.7704007125000001 0.79768815 0.7786563421875 0.7963986265624999 0.7780164640625 0.7895095015625 0.7701022296875 0.7895201921874999 0.757098734375 0.7910446453125
0 0.9293985171875001 0.1652659984375 0.925474884375 0.166683903125 0.92371175 0.1693570796875 0.9255305203124999 0.1743597421875 0.9299727156250001 0.17675879375 0.9342660531250001 0.175085234375 0.9366214890625001 0.17418295156250002 0.93545105625 0.1702743203125 0.9322202859375001 0.1664912921875 0.9293985171875001 0.1652659984375
0 0.76508448125 0.28642631406249996 0.7610396500000001 0.2879557109375 0.7629982734375 0.28938770625 0.7690302453125 0.2942330875 0.7727935140625 0.2975079703125 0.7767374359375 0.2946136171875 0.7672120890625 0.2878070421875 0.76508448125 0.28642631406249996