0 1 0.2086172703125 0.9867387296875 0.208626628125 0.9671407390625 0.21131618125 0.9468993812500001 0.21622213124999998 0.9403064109375 0.21859192031250002 0.9294644265625 0.2253364 0.922962803125 0.23368645781250003 0.91646635 0.2416645953125 0.91243936875 0.2543661671875 0.911194446875 0.2618100671875 0.8986442828125 0.27023658125 0.8938571156249999 0.2775755453125 0.88092000625 0.2818156921875 0.8768775640625 0.2893635859375 0.8684159890625001 0.296397565625 0.8566326406250001 0.3018036890625 0.85120888125 0.307314634375 0.799766171875 0.3038797171875 0.8240538359375 0.3145963734375 0.8101914671875001 0.31649967968750004 0.798557878125 0.3190499140625 0.7918039968749999 0.32969882031250003 0.785552528125 0.3376010859375 0.7583905328125 0.34575342343750004 0.7525035890625 0.35432037968749996 0.740706715625 0.36208371562499997 0.731377871875 0.369866009375 0.7088624640625001 0.37519754375000003 0.686409175 0.37897404843750004 0.66460450625 0.36914615156249997 0.6541469953125 0.38019260625 0.6414513546875 0.3890690046875 0.6315113859375 0.39380155 0.6389127046875 0.418159065625 0.6420966796875 0.4257029046875 0.6446156640625 0.4363957671875 0.638188003125 0.44603044062499997 0.6089272375 0.44855923124999997 0.6069784734375 0.4584738234375 0.6184523484375 0.48534531249999996 0.607971475 0.49576244375 0.6067060296875 0.503838825 0.61413406875 0.5170889437499999 0.6152775578125 0.52204124375 0.6193960046875 0.528837553125 0.6045621999999999 0.5225629125 0.5818209421875 0.5246017468749999 0.565980065625 0.5285857093749999 0.5634589859375 0.5539491140624999 0.5376933015625001 0.5533667375 0.5349276749999999 0.55958650625 0.5045075625 0.559318446875 0.49379814062499994 0.5775339140625 0.4982579109375 0.5848533921875 0.5040812203125 0.5873315703124999 0.4731730859375 0.5885473828125 0.4767743578125 0.596632678125 0.4851047109375 0.596356046875 0.4855359609375 0.602542053125 0.4957281703125 0.6057637812500001 0.49946384843749997 0.6087913109375 0.509929296875 0.6305588734375001 0.5107797656249999 0.6368283109374999 0.5054828296875 0.640095440625 0.49998218593750005 0.63401851875 0.4952515296875 0.6485591546875 0.4897971796875 0.654946128125 0.5050207078125 0.6605370781250001 0.48100215312500005 0.6641416625 0.4639691015625 0.6682387765625 0.45561620312500006 0.659982859375 0.4504128828125 0.65801725625 0.44463773125 0.65930868125 0.44727180312500003 0.6821520249999999 0.439122315625 0.6868751765625001 0.43723559375 0.6870438078125 0.4180943984375 0.6871289671875 0.42207445625 0.6926946968750001 0.455797428125 0.698937915625 0.43713923593750004 0.7021152515625 0.42299959062500003 0.7057802671875 0.4185362890625 0.7129335453125 0.4122496578125 0.717634196875 0.40997944999999997 0.7192481374999999 0.40455761093750003 0.685170971875 0.3953026421875 0.6828684515625 0.39211053281249997 0.6963762140624999 0.389882346875 0.7071737796875001 0.38750265 0.7111619078125 0.3668309609375 0.70372188125 0.3580576578125 0.69993839375 0.33435000625 0.701848109375 0.3328557015625 0.7128964390625 0.34612773125 0.7144668328125 0.3471010390625 0.725993759375 0.3427186125 0.7233094921875 0.3368621953125 0.73028591875 0.33675087656249997 0.7497704656249999 0.33503117968749996 0.7633781140625 0.32444871875 0.746662671875 0.3068667921875 0.7441365953125 0.30078619687499997 0.7448623265625 0.29577567656250003 0.7359429671875 0.29744071875 0.7282432609375 0.2945326578125 0.7037096375 0.28499605156249996 0.7013237984375 0.283635871875 0.7139934218749999 0.28032894218750004 0.7317294421875 0.2630887609375 0.7276549734375 0.2559646953125 0.7286679015625 0.25014261875 0.7330939734374999 0.24378659218749998 0.7382596718750001 0.235646328125 0.7498373218750001 0.2263285015625 0.7528717953124999 0.2135781828125 0.75256881875 0.2023177046875 0.7499414203125 0.19147321875 0.7507134234375 0.1873827109375 0.7573544 0.1366671890625 0.7623312359375001 0.14582640625 0.771181278125 0.1455667078125 0.7753497546875 0.1509843625 0.7802214828125 0.1558285578125 0.7833377546875 0.1569922625 0.7841741890625 0.15228185 0.7865393640625 0.1597304140625 0.7922621765625 0.1664831484375 0.7895258640625 0.1662254640625 0.78589121875 0.171843784375 0.7930307078125 0.1792158875 0.7987492859375 0.188498790625 0.801818875 0.1935021484375 0.8060632625 0.19089419375 0.8110362125 0.191888090625 0.8167353078125 0.1932397765625 0.8211429796875 0.1997178953125 0.8262706234375001 0.21331150000000001 0.8252584796875 0.209885625 0.8364613671875001 0.20615340468749999 0.8454678515625 0.2053449359375 0.8352646703125 0.1963288734375 0.8337318937499999 0.182138396875 0.8337038234374999 0.1821293046875 0.83996356875 0.189737528125 0.8422335999999999 0.1576076484375 0.8423498546875001 0.152440871875 0.8439939750000001 0.1472537703125 0.848279621875 0.146081765625 0.8558292562500001 0.15809825 0.8579843125 0.1593469578125 0.8660124703125 0.152458065625 0.8734984859375 0.1525603390625 0.87961359375 0.1465855421875 0.8829508593750001 0.14384444375 0.8882443578125001 0.142193053125 0.8984632625 0.138363275 0.9010405515625 0.1301355078125 0.8999464890625 0.11809513281249999 0.901564771875 0.11786421093749999 0.9082670453125001 0.10730807499999999 0.9225854890624999 0.10647330937499999 0.9306409515625 0.1059287296875 0.937460475 0.10272459062499999 0.9458506390625001 0.0968486671875 0.9519977531249999 0.0949458171875 0.960597521875 0.11323131875 0.9649586453125 0.1655172515625 0.9599616046874999 0.1771077265625 0.9595861890625 0.17487428437500002 0.968609053125 0.17728872499999998 0.9766544671874999 0.18138756875 0.9851761421875 0.19775665781250001 0.9897502015624999 0.2104449765625 0.987396271875 0.22212336093750001 0.970087046875 0.24305148437500002 0.9536183328125001 0.27484369375 0.9509043374999999 0.2638806421875 0.960399390625 0.2571019671875 0.9624906546875 0.2493160375 0.966518259375 0.2376223703125 0.981220675 0.23439077187500001 0.9882481109375 0.23040550781250002 0.990890325 0.32843169375 0.994313475 0.49127246874999997 1 0.5874074890625 1 0.5848081109375001 0.993330596875 0.5796971156249999 0.9389800546875 0.5711699 0.9303881625000001 0.562747975 0.9223627890625 0.5627562640625 0.9221254343749999 0.5676080296875 0.9159363015625 0.56856393125 0.9101426953124999 0.5651035421875 0.8996796171874999 0.5593735578125 0.891394909375 0.55755339375 0.888359225 0.56942393125 0.88896293125 0.568708753125 0.8817742171875 0.5656216515625 0.8790226156250001 0.56048505 0.8763104484375001 0.5451545234374999 0.8765146078124999 0.5433264734375001 0.8579004078124999 0.5397668296875 0.8515332375 0.53185145625 0.8481643171875 0.515326196875 0.8474355875 0.5043081015624999 0.8468663390625 0.4914787171875 0.8187858703125 0.47775078125 0.815451615625 0.4687444796875 0.821519121875 0.43480067499999997 0.819719340625 0.46130454375 0.7975511203125001 0.468755271875 0.7874972109375 0.4754382171875 0.780088428125 0.504850159375 0.7565755671875001 0.5283412796875 0.7336454890625 0.54016615625 0.728706725 0.5407150671875 0.73586618125 0.5510723140625 0.7389732859375 0.5611452328125 0.7386715171875 0.5786149218750001 0.7300400046875 0.573720515625 0.7226756437499999 0.60517770625 0.7129003421875 0.6056754203125 0.746374040625 0.602735053125 0.7484195453125 0.59486603125 0.741753359375 0.5831634375 0.7385789484374999 0.5681190468749999 0.74003604375 0.5628429265625 0.7426175453125 0.5602273125 0.7499588593750001 0.5566816765625 0.7536670640625001 0.5506319921875 0.7434340749999999 0.5375335609375 0.7479062328125 0.5420608984374999 0.7694085828125 0.5444428125 0.7795494515625 0.555733203125 0.7785444296875 0.5681037734375 0.778394815625 0.58103175625 0.7788931734375 0.6005691328125 0.777760265625 0.609651890625 0.7787262765625 0.6164227125 0.7857246499999999 0.6153992984375 0.7881685468749999 0.6257657562500001 0.7921311828125 0.6409623328125 0.79298705625 0.65065799375 0.7945341859374999 0.6602841749999999 0.793414765625 0.6622521734375 0.7858147546875001 0.6708128390625 0.7835543281249999 0.6623091875 0.7441116531249999 0.6676740999999999 0.7566721624999999 0.6734996265625 0.76454901875 0.6793989765624999 0.7681180140625 0.7038199484375001 0.7706296359375 0.715986540625 0.771844046875 0.7148731234375 0.7643740765625 0.7251053875 0.7641654250000001 0.743066484375 0.7607135921875 0.7432064781250001 0.753346803125 0.7265421828124999 0.7463469015624999 0.7180473375 0.7383502515625 0.7072353609375 0.7035829890625 0.712914309375 0.7077774875 0.7181578671875 0.7175899 0.7236967625 0.7223923796875 0.7398419359374999 0.7254092390625 0.759645490625 0.7261007937499999 0.777186053125 0.7232299515625 0.7801046484375 0.7167935140624999 0.7797938453125 0.7133368109375 0.7873962515625 0.7045358328125 0.7764695640625 0.699961084375 0.764726028125 0.6971979953125 0.753943559375 0.6824939859375 0.7572384765625 0.6788020390625 0.7610398640625 0.6868427296874999 0.769401740625 0.6889764796875 0.779517415625 0.6853460499999999 0.7980226140625 0.6845351281250001 0.8278913328125 0.6804906921875 0.83735561875 0.6863354890625 0.8365690921875 0.6910843703125 0.8345628843749999 0.69691321875 0.848252609375 0.706848596875 0.8594560421875 0.7102588562500001 0.8688737046874999 0.7130063890625 0.8815672015624999 0.715921475 0.8934514312499999 0.7184612125000001 0.89905713125 0.7167839515625001 0.9045909859375 0.7150150656250001 0.9138197453125001 0.7185158390625 0.9339179703125 0.7199024781250001 0.9346397171874999 0.7208141593749999 0.9470338343750001 0.72567623125 0.967765125 0.7304245109374999 0.969441171875 0.7300655984375 0.9744170140625 0.7202786031249999 0.963484021875 0.7084523421875 0.97248085 0.7066855640624999 0.9929861484375 0.70957795 0.9933853125000001 0.6981474171875 0.995325178125 0.6425969031250001 0.9773832796875 0.6307244453124999 0.9652787937499999 0.6244184749999999 0.951758925 0.61960308125 0.9452310234375 0.6152741859375 0.946103940625 0.6081409296875 0.9504280609375 0.6089579625 0.9608962515625 0.6179318874999999 0.9695136124999999 0.620853159375 0.9860812515624999 0.623054578125 0.9959345015625001 0.6251481640625001 0.9971468781249999 0.5904302640625 0.9984144390624999 0.5541320765625 1 0.5087275531250001 1 0.3966419625 0.9911345765625 0.396280290625 0.9819604906249999 0.3947060359375 0.9728686124999999 0.3939116875 0.9496866374999999 0.3894983984375 0.9404217484374999 0.390793034375 0.913358378125 0.395180896875 0.9400510234375 0.376605828125 0.9604440578125001 0.361267565625 0.9758111578124999 0.36386639062500004 0.9891471125000001 0.3622183046875 0.9961115171875001 0.3636731828125 1 0.3667663953125 1 0.2086172703125
0 1 0.08513300625 0.9963234203125 0.08535009375 0.9938577000000001 0.0862051875 0.9942155015624999 0.0943601421875 0.9999048109374999 0.10170535781250001 1 0.1017671625 1 0.08513300625
0 0.6408243453125 0.3226300875 0.6297404453125 0.3235422578125 0.620584671875 0.32663711093750003 0.6163321796875 0.3288728765625 0.6178114265625 0.33168715312499997 0.6135808500000001 0.33687704375 0.6194147828125 0.342274559375 0.6311225968749999 0.34077755625 0.639686840625 0.33845940625000004 0.6453895468749999 0.335123584375 0.6469570984375 0.3299470125 0.6452496421875 0.3257880140625 0.6408243453125 0.3226300875
0 0.6217528171875 0.33947945156250003 0.6063473515625 0.3397701109375 0.6014733875 0.3398344265625 0.5917144249999999 0.3442637296875 0.5934568140625001 0.3479596015625 0.6063733265625 0.34784625 0.608737153125 0.34825243125 0.6134980796875 0.3537531859375 0.6185972625 0.3597754390625 0.6263533078125 0.37039321406250003 0.644076225 0.3744782859375 0.648750309375 0.373422015625 0.6562562125 0.36501165625 0.671145390625 0.3631191921875 0.6869966859375001 0.363134903125 0.6892491875 0.3576851953125 0.691184640625 0.352225978125 0.6915541734375 0.3441511421875 0.6887126328125001 0.3400088265625 0.6838590984375 0.3380554375 0.662915178125 0.3393065171875 0.65864781875 0.3399532953125 0.65604548125 0.33442316875 0.6429161578125 0.338123465625 0.6370939078125 0.3383907484375 0.6217528171875 0.33947945156250003
0 0.559701953125 0.2712192015625 0.55326768125 0.271103953125 0.5560981125 0.2815637921875 0.5654857078125 0.28127717812499997 0.559701953125 0.2712192015625
0 0.5809096625 0.26223511718750003 0.574691334375 0.26121904375 0.5706644 0.26089080625 0.566676840625 0.2617631109375 0.565348378125 0.265196965625 0.56606723125 0.267310840625 0.5714159296875 0.26856076875 0.57458953125 0.268432384375 0.58026641875 0.2679849203125 0.5828659203125001 0.26423898437500004 0.5809096625 0.26223511718750003
0 0.5855072921875 0.0039178984375 0.577998634375 0.0038558125 0.5729318171875 0.004473109375 0.56129160625 0.0044371624999999994 0.5652123953125 0.005163501562500001 0.5654017984374999 0.007082217187500001 0.5706697828125 0.007957225 0.5751324890625 0.00856646875 0.5836810031249999 0.006877840624999999 0.5855072921875 0.0039178984375
0 0.312230021875 0.0018544031249999998 0.307826515625 0.001564609375 0.30193430781249997 0.0017309499999999998 0.2954101734375 0.0030697015625 0.290647640625 0.004688853125 0.29245788125 0.0080087390625 0.2908467 0.01161408125 0.2878260453125 0.014526060937499998 0.286088671875 0.0170888640625 0.29428785468749996 0.0173001390625 0.306063490625 0.017711353125000003 0.3128577265625 0.016607171875 0.3182536546875 0.0163703421875 0.327154890625 0.0143860328125 0.331188071875 0.0117595640625 0.3362407625 0.0077412640625 0.3297800921875 0.004083875 0.322374859375 0.0025823328125 0.312230021875 0.0018544031249999998
0 0.1382193296875 0.012151853125 0.13242105937499998 0.0077030359375 0.1245383640625 0.007427765625000001 0.11954271875 0.0082007671875 0.1170938890625 0.0114375875 0.1241368375 0.014045909375000002 0.133307909375 0.014631957812499999 0.1382193296875 0.012151853125
0 0.166722915625 0.002562646875 0.159765196875 0.00046855000000000003 0.1521834 0.0004414328125 0.1444015703125 0.0011280812499999998 0.1374825140625 0.0033442109375 0.1438571203125 0.00395924375 0.145440796875 0.008573573437499999 0.154096834375 0.010476824999999999 0.1726012453125 0.007405123437499999 0.166722915625 0.002562646875
0 0.1568359359375 0.3270574578125 0.1530849109375 0.31972364375 0.1520130296875 0.31885445625000003 0.1434254015625 0.3181261828125 0.1414564625 0.321723721875 0.13996224375 0.3245764375 0.1370362890625 0.32580632187499997 0.1377190765625 0.3309676703125 0.14350392343750001 0.3326221296875 0.152566246875 0.3313079109375 0.155748384375 0.3296366984375 0.1568359359375 0.3270574578125
0 0.12648482968750002 0.3152769796875 0.12658426250000002 0.31914530625 0.1371939921875 0.3188278875 0.138286534375 0.3162847796875 0.135668359375 0.3143422234375 0.1304396375 0.3133278765625 0.12648482968750002 0.3152769796875
0 0.1888829796875 0.3260002390625 0.1820602546875 0.31627964531249997 0.1785367984375 0.3118758703125 0.1651904390625 0.31700071093750004 0.1642992796875 0.319059928125 0.162496821875 0.321829959375 0.1619130203125 0.3252507328125 0.1685668515625 0.3293760859375 0.1757931453125 0.32731608749999996 0.1777052 0.32709361875 0.1888829796875 0.3260002390625
0 0.1575019875 0.34192100625 0.1708509546875 0.3364976375 0.17389301875000002 0.334002284375 0.1603591796875 0.333795459375 0.1544563046875 0.334222525 0.1498512984375 0.3340617140625 0.1361265046875 0.33609959218749996 0.1288807328125 0.3384934890625 0.12107201875 0.34339739375 0.12201756875 0.34895878125 0.136796253125 0.35161835625000004 0.14712185 0.35039359375 0.1543574546875 0.345022528125 0.1575019875 0.34192100625
0 0.0992940203125 0.33710383125 0.09963779375000001 0.3337512859375 0.0959413125 0.33183986718749997 0.08800113281250001 0.33397186875 0.08993777343750001 0.33908945 0.094477665625 0.3387867671875 0.0992940203125 0.33710383125
0 0.0659334140625 0.3948044 0.0666018171875 0.3932142578125 0.059261871875000004 0.3884551984375 0.0584236828125 0.3879678375 0.0584159484375 0.3859507125 0.0524120734375 0.3895386796875 0.047034934375 0.39187900781249996 0.037929654687499995 0.3959903046875 0.03504533125 0.3973263953125 0.0313623875 0.40348911562499995 0.031326015624999995 0.40453066875 0.038930115625 0.40736652500000003 0.0475768140625 0.407477734375 0.05453957968749999 0.402711578125 0.0591771953125 0.39701370625 0.062278246875 0.395694565625 0.0659334140625 0.3948044
0 0.038134720312499995 0.45405158125 0.043462654687500005 0.4507026703125 0.045423954687500004 0.4464732296875 0.045569659375 0.4423007734375 0.0496752734375 0.43818217343750004 0.054818521875000005 0.4368983875 0.0538105359375 0.4291850734375 0.04637854375 0.4280468828125 0.043056360937499996 0.43399706406250005 0.0409205546875 0.4351200859375 0.0326702015625 0.43641888125 0.025647651562500002 0.4375244703125 0.013878679687500001 0.439608759375 0.01636280625 0.435450734375 0.027493318750000002 0.434457328125 0.0316613875 0.43441526562500005 0.038419575 0.4334927484375 0.0371819859375 0.4277429296875 0.033838771875 0.42552021093750003 0.025955768750000004 0.42373150937500004 0.018866509375 0.424329775 0.013196631249999998 0.4272180328125 0.01331740625 0.4309229421875 0.0086394140625 0.4330312796875 0.0019241953125 0.43617070937499997 0.001812790625 0.439360953125 0.001642928125 0.44422517499999997 0.009579096875 0.4444913671875 0.012232584375 0.4431394 0.0122426015625 0.4476878328125 0.0117923609375 0.45032841562500003 0.0140295671875 0.4523905609375 0.0254263953125 0.45339673124999996 0.033938840625 0.45489003281249996 0.038134720312499995 0.45405158125
0 0.1285536109375 0.44926830312500005 0.11260134531249999 0.4516067515625 0.11296547812499999 0.4555062109375 0.1230595921875 0.45697031875 0.13256780937499998 0.45421453593749994 0.1285536109375 0.44926830312500005
0 0.14450681875 0.47492975781249996 0.1421335828125 0.476583878125 0.128835646875 0.4783521140625 0.1299391671875 0.4657345015625 0.126719909375 0.463140884375 0.12369480937499999 0.46452365156250003 0.1219459203125 0.46719236718749996 0.1143398734375 0.48603683750000004 0.1123480921875 0.4862143078125 0.10912172499999999 0.48386903124999997 0.0975018640625 0.4849516625 0.0937886546875 0.48705616875 0.0913288796875 0.49118846562499996 0.092251209375 0.49320625937499996 0.0965556984375 0.4931079859375 0.09982530625 0.49421495625 0.1069048953125 0.49049101093749997 0.104783221875 0.4943880890625 0.10539184374999999 0.49589774999999997 0.1145936109375 0.497709053125 0.1105233984375 0.5005452953125 0.090277271875 0.5023194828124999 0.086912453125 0.5039389765625 0.0858602859375 0.5056392296875 0.08880040781250001 0.50673469375 0.10300182656250001 0.5074792078125 0.10553459218750001 0.51079305625 0.100159034375 0.5130880999999999 0.0994206296875 0.5152949234374999 0.10136049843749999 0.5166040468750001 0.10535278749999999 0.5159992578125 0.11049094687500001 0.5109661359375 0.11830082812500001 0.5147144171875 0.12951177187500001 0.5158501156249999 0.128208603125 0.524738175 0.12289524375000001 0.52529683125 0.12116520156249999 0.527470590625 0.1206437328125 0.53291195625 0.1215920734375 0.534184890625 0.123601196875 0.5335108468749999 0.1288712578125 0.534192059375 0.1306099703125 0.5317700140625 0.1349333078125 0.5311767859375001 0.16904275 0.5303823296875 0.170424403125 0.52869358125 0.161657509375 0.5239206515625 0.165405290625 0.5208261249999999 0.161178725 0.5186929453125 0.16573209687499998 0.5019760468750001 0.1672256875 0.4876350609375 0.159214540625 0.48015873437499995 0.1493522390625 0.47832436562499997 0.146099915625 0.47672238437500003 0.1487609578125 0.4763181328125 0.1539963921875 0.477990928125 0.159945890625 0.4781986890625 0.1768429765625 0.4775473671875 0.1934365328125 0.4761412421875 0.19647186562500002 0.47451024375 0.1786249328125 0.4738870140625 0.1537519375 0.47549962968750004 0.14450681875 0.47492975781249996
0 0.24039267656250002 0.5241529859375 0.24721205781250002 0.5246569109375 0.2505129265625 0.52348076875 0.25025394843750004 0.5199727171874999 0.250938690625 0.5174669640625 0.2443184546875 0.5181550890625 0.23852712343750002 0.5190144359375 0.237256003125 0.5195078750000001 0.23561535625 0.5215393546875 0.24039267656250002 0.5241529859375
0 0.2711806625 0.519035290625 0.2703120796875 0.5174931015625 0.26629163437500003 0.5169790390625 0.26261575000000004 0.5168506734375 0.2562747984375 0.517958178125 0.258489078125 0.5208559703125 0.2551230640625 0.5218828734375001 0.26069825625 0.5217508015625001 0.28019628750000003 0.5210730484375 0.27345321562499997 0.518339178125 0.2711806625 0.519035290625
0 0.3034999265625 0.5453730109375 0.2972256859375 0.5435404265625 0.292314840625 0.5432282265625 0.28868024062500003 0.54424575 0.2872887921875 0.5437077984375 0.28346679531249996 0.5449876921875 0.2844662359375 0.5476179250000001 0.289481184375 0.5492470625 0.29836114999999996 0.5480062125 0.330278584375 0.5439895421875 0.3222649578125 0.54119566875 0.3161334078125 0.541589734375 0.31375730625 0.5441317953125 0.3098009625 0.5454085609375 0.3034999265625 0.5453730109375
0 0 0.736085228125 0.035653357812499994 0.7333851453125 0.0398277046875 0.7285966609375001 0.025596914062499997 0.7286484828125 0.021151395312499998 0.7262934640625 0.016988803125 0.7255070875 0.011914853125 0.725567546875 0 0.7268604421875 0 0.736085228125
0 0 0.724276178125 0.00145621875 0.722319315625 0.006376998437500001 0.7191234765625001 0.012267184375 0.7166869328125001 0.0144699140625 0.712752034375 0.015867937500000002 0.707370984375 0.016251315625000002 0.7014964109374999 0.0155907265625 0.69704251875 0.0143583625 0.6973215546875 0.0105149953125 0.6971091687500001 0.010913478124999999 0.6927719953125 0.0115109171875 0.6878414046875 0.0116082546875 0.6850540406250001 0.008091246875 0.684002534375 0.0040557843750000004 0.6854407 0 0.6870448140625001 0 0.724276178125
0 0.1360405421875 0.7660835265625 0.126381315625 0.7696267078125001 0.1227344453125 0.7709955796875 0.11920421562500001 0.7734566890625 0.1177394640625 0.774435853125 0.1162418765625 0.765789259375 0.11366592187499999 0.76223469375 0.109011784375 0.7600334265625001 0.10674138281250001 0.7619663046875 0.103191109375 0.7791044046875 0.10544808593749999 0.7812719921875 0.114939646875 0.7791722765625 0.11437928906249999 0.7800860890625 0.116734196875 0.78598593125 0.119485 0.7863243265625 0.119666140625 0.7863306515625 0.12163318906250001 0.789637253125 0.1250617953125 0.78807158125 0.1277501171875 0.785005721875 0.1333831015625 0.784472296875 0.1372257109375 0.7821096515625 0.139552540625 0.7803069453125 0.14219113125 0.77669526875 0.1411703609375 0.772482078125 0.1371595125 0.7667683078125 0.1360405421875 0.7660835265625
0 0.1298879734375 0.7574088328124999 0.12514244375 0.7583172078125 0.1242477953125 0.7614613375 0.12460905781250001 0.76342826875 0.12640168125 0.7634470921875 0.1293031015625 0.763277934375 0.13165233437499999 0.7620873203125 0.1315299390625 0.758518375 0.1298879734375 0.7574088328124999
0 0.06893538125000001 0.71388635625 0.07083878437499999 0.711896884375 0.07094779062499999 0.7087753484375 0.07022539375 0.7043005375 0.0667184296875 0.703185278125 0.062297784375 0.71462390625 0.06893538125000001 0.71388635625
0 0.0833210296875 0.690954125 0.0809121859375 0.6936279359374999 0.0812417109375 0.6965036890625 0.0818305734375 0.69911645625 0.0843739578125 0.6995742484374999 0.0872801375 0.701328303125 0.089775596875 0.7025317515625 0.0918181703125 0.7036756078125 0.09724647343750001 0.7019296140625 0.09868285624999999 0.6997033874999999 0.1020763390625 0.695337909375 0.10314810625 0.6919122890625 0.106702309375 0.6868394890625 0.10306408125 0.6833494531250001 0.09586664218749999 0.684314478125 0.0933716453125 0.6863661546875 0.0909006171875 0.6888955203125 0.08564639843750001 0.68990964375 0.0833210296875 0.690954125
0 0.1882533453125 0.679368528125 0.1861696359375 0.6760000046875 0.17075065625000002 0.6773939890625 0.167674753125 0.68018678125 0.16681634843749998 0.6793828953125 0.17177176875 0.685134340625 0.187668553125 0.6855487578125 0.19671729843750002 0.682160928125 0.1882533453125 0.679368528125
0 0.2529221875 0.7127301359375 0.25023902656249997 0.710275625 0.2395897234375 0.7108308703125 0.23209647812499998 0.7118496671875 0.22850884374999997 0.713089278125 0.2321896453125 0.7177330656249999 0.23494895468750002 0.717827859375 0.243164309375 0.7172626640625 0.25263131250000004 0.715910984375 0.2529221875 0.7127301359375
0 0.24319795156250001 0.6712592515625 0.243315246875 0.6679003609375 0.242009971875 0.66350681875 0.23942440937499998 0.6629584375 0.2354089203125 0.66440668125 0.233777434375 0.670608209375 0.23312486406250002 0.675147575 0.23868020781250002 0.67558390625 0.242132975 0.6751619625 0.24319795156250001 0.6712592515625
0 0.21986050937499999 0.6394207046875 0.213607346875 0.641595984375 0.20815877187499998 0.644504478125 0.210448090625 0.649059025 0.215199771875 0.651690521875 0.2283722984375 0.6532449328125 0.233840596875 0.653621940625 0.23785591718750002 0.6547752765625 0.24101490781249998 0.66034829375 0.24743240000000002 0.663988540625 0.2523705515625 0.6639217765625001 0.2544282296875 0.664633084375 0.265352171875 0.6673612984374999 0.267883440625 0.6674496921874999 0.26616200156250003 0.659437859375 0.27166009375 0.656946971875 0.27473946250000003 0.6537415515625 0.274807928125 0.6499900921874999 0.2743832421875 0.6460337984375 0.2753870015625 0.6374370296875 0.2617529953125 0.6370093875 0.257951165625 0.636502959375 0.2429060609375 0.6366373484375 0.23562290625 0.638445209375 0.21986050937499999 0.6394207046875
0 0.210893121875 0.615003809375 0.2016374734375 0.6188096734374999 0.196025228125 0.6216592953125 0.195690546875 0.62416945625 0.1986483765625 0.6271307375 0.20018147343749998 0.6344918500000001 0.2079670453125 0.63719020625 0.22097086875 0.6402177531250001 0.2264186890625 0.6385396703125 0.235746878125 0.6342235265625 0.238491778125 0.6302090640625 0.23886246562500002 0.6267573984375 0.238143975 0.62221549375 0.2326237734375 0.6181312921875 0.2246371640625 0.61536963125 0.22204685781250003 0.6149571046875 0.2321432640625 0.610938265625 0.22309384531249998 0.6089728109375 0.209730528125 0.6076884671875 0.1956288359375 0.6078042078125 0.1858367625 0.609017896875 0.1744222875 0.6104422796875 0.1710971453125 0.61294025625 0.1761510234375 0.6160513421875 0.1891573859375 0.6172153406249999 0.20075013749999998 0.6176702 0.210893121875 0.615003809375
0 0.4322731 0.6305002375 0.4425413890625 0.6322596671875 0.45149469687500005 0.6313809734375 0.45710257343749994 0.6302681953125 0.455678625 0.6272135140625 0.45086743125 0.62485354375 0.4435685125 0.624784709375 0.4418027734375 0.62645848125 0.43993738281250006 0.6257476343749999 0.43619625937500006 0.6255622703125 0.4307525984375 0.62721079375 0.4322731 0.6305002375
0 0.4707551 0.6282403000000001 0.48269964062500004 0.6275755046875 0.48356312187499995 0.6251447828125001 0.47491038124999996 0.6224755562500001 0.47018946406250006 0.6241117953125 0.4679920671875 0.6266851124999999 0.46833157812500004 0.6281556687500001 0.4707551 0.6282403000000001
0 0.42167975625 0.662539115625 0.41307625000000003 0.662534165625 0.4070579890625 0.6642955171875 0.40452288125 0.666824209375 0.4105726859375 0.66939785 0.4189760953125 0.6674321140624999 0.4221669546875 0.664168046875 0.42167975625 0.662539115625
0 0.31545865625 0.6072952734375 0.3103087890625 0.6068433953125 0.30495739843749997 0.6076852734375 0.3010216171875 0.608238878125 0.303343490625 0.6103837171875 0.30509182031250004 0.6130588625 0.3080887171875 0.618662178125 0.308734103125 0.6218053671875 0.31895300781249997 0.6249342203125 0.319769578125 0.6222798515625 0.3186709671875 0.6189973234374999 0.3242106125 0.6148240484375 0.3298875046875 0.6117796906249999 0.329803340625 0.6055041796875 0.31545865625 0.6072952734375
0 0.2968426859375 0.6147704515625 0.2966599265625 0.610960190625 0.29211942031250004 0.60922098125 0.287631753125 0.6099085328125 0.28528458749999996 0.6121592390624999 0.28562898593749997 0.613534596875 0.29110201875 0.6169995890625 0.2968426859375 0.6147704515625
0 0 0.685181471875 0.00105619375 0.6848841140624999 0.0072492203125000005 0.6807148953125 0.006894378125 0.676012146875 0.0027826937499999998 0.6709921546875 0 0.66974953125 0 0.685181471875
0 0.008519806250000001 0.6784906953125 0.0132652859375 0.6774494265625 0.016272878125 0.673747446875 0.0156463953125 0.670600228125 0.0128866140625 0.6699816609375 0.0091102453125 0.672327859375 0.007455340624999999 0.675931675 0.008519806250000001 0.6784906953125
0 0.258954709375 0.46839182343749997 0.2565043375 0.46715086250000004 0.2523466328125 0.46774675 0.2499752515625 0.46934777656250004 0.249526546875 0.47019826093750006 0.256410221875 0.47217407656250004 0.2601819609375 0.471796103125 0.258954709375 0.46839182343749997
0 0.9688064046875 0.774165621875 0.9742708609375 0.781726559375 0.9746356421875 0.7837717859375 0.9762225265625 0.7900403609375 0.9802367500000001 0.798254209375 0.9801657125000001 0.8003780234375 0.981114984375 0.8044448796875001 0.9688799171875001 0.8008485046875 0.9657333984375001 0.8007386249999999 0.958839728125 0.80043691875 0.9397345671874999 0.8032062203124999 0.9409911234375 0.8047416343749999 0.94915655625 0.8087399765625 0.9541955874999999 0.8136641484375 0.9603137625 0.8189809078125 0.9674101453124999 0.8246257578125 0.970097796875 0.8293693187500001 0.9731626999999999 0.832398440625 0.9737876562500001 0.8346044078125001 0.9608050484374999 0.836252325 0.9607937156249999 0.8392631390625 0.9743738593750001 0.849694996875 0.9658471171875 0.8483872453125001 0.9623945781250001 0.85001149375 0.964329703125 0.8553963703124999 0.9725268078125 0.8666361671875 0.977089284375 0.874775353125 0.9871542249999999 0.876582403125 0.9872192796875 0.8747194765625 0.9895504562499999 0.8079632921875 0.9910781828124999 0.7642149593750001 0.99174138125 0.7452234109375 0.9896035328125 0.7451065421874999 0.9535025656249999 0.75336885625 0.955281446875 0.757228603125 0.9568876 0.7629006125 0.957622934375 0.7685719171875001 0.9637400140624999 0.7745468515625 0.9663997312499999 0.775568421875 0.9688064046875 0.774165621875