0 0.8789394749999999 0.706090940625 0.8723267531250001 0.710365525 0.86781875 0.7148841765625 0.8630786765625 0.71448166875 0.8539977671875001 0.7158677390625 0.842974421875 0.71612660625 0.8329983171875 0.719991040625 0.8297154296875 0.7260320984375 0.8333393484375 0.7299050625 0.842941971875 0.7354286984375 0.8555889000000001 0.74509111875 0.8607496359375 0.749168375 0.8708000437500001 0.756310640625 0.877197484375 0.761683825 0.8892424562500001 0.766167275 0.9008942328125 0.7681881671874999 0.905866775 0.7680507859375 0.9183798124999999 0.7620253828125 0.9283669124999999 0.7578807796875 0.938113915625 0.758373009375 0.9461444140624999 0.7571169234374999 0.9642762390625 0.7558334296875 0.9876746531249999 0.7567784953125 0.9594718765625 0.7381849015624999 0.952896534375 0.7343253703125 0.9469938921875001 0.7301884390625 0.9451419546875 0.726186690625 0.9484485296875 0.7200754375 0.9331113906249999 0.7127548796875 0.919999753125 0.7037941062499999 0.9186741749999999 0.6997596140625 0.9275772578125 0.69341531875 0.9287220703125 0.6882080578124999 0.9116482828124999 0.693764584375 0.9081251343750001 0.6913468984375 0.898056028125 0.6935254375000001 0.8946543218749999 0.6951905828125 0.8870906859375 0.7002533140625 0.8789394749999999 0.706090940625
0 0.5469644109375 0.2182942578125 0.537774371875 0.21671400312500003 0.5250992671875 0.2160828046875 0.504467746875 0.22045157343750002 0.496637734375 0.2196873609375 0.48700660156250003 0.21807888593750002 0.47662777343749996 0.21381721250000002 0.46152413125 0.20828052656249998 0.45279963749999996 0.2036666578125 0.44552394375000004 0.20290640468749999 0.440863978125 0.2140965921875 0.44954168437500003 0.219224103125 0.4544861375 0.21725133125 0.45870585625000004 0.212740371875 0.47119993750000005 0.21855115781249998 0.4853183515625 0.22667696875 0.47791401718750004 0.226482871875 0.46986317031249997 0.224594046875 0.463968046875 0.22242232187500002 0.459090759375 0.22453948906250001 0.4580842234375 0.22741358125 0.4488458125 0.23322881875 0.4462125125 0.24026488437500002 0.44720285000000004 0.2493942328125 0.4421670625 0.26013929375 0.42937495625000005 0.27458071875 0.42955003124999996 0.2815991140625 0.4498072203125 0.2579768609375 0.45000990312500005 0.2631020046875 0.4392850859375 0.27561345937500004 0.4349631578125 0.283654178125 0.4403835 0.290099665625 0.4449610796875 0.292812284375 0.452056009375 0.2941991546875 0.4581629875 0.2948518484375 0.46516680624999995 0.29017994062499997 0.4714915515625 0.29335620156250003 0.48078013124999996 0.298864715625 0.4887697875 0.3015558015625 0.4977218484375 0.3025124828125 0.5032800453124999 0.30591297968750003 0.5157025765625 0.310562853125 0.5103498875 0.304264846875 0.51790321875 0.2983779546875 0.5197310421875 0.2974730671875 0.5338627453125 0.3012779765625 0.549855334375 0.307752775 0.55613011875 0.305819253125 0.561641809375 0.3001165109375 0.57029745 0.2962951109375 0.5763279890625 0.2903124453125 0.572962653125 0.28530537968749997 0.5660763531249999 0.2814302375 0.5580410484375 0.274495609375 0.555810790625 0.2707720921875 0.5549685828124999 0.2678617625 0.5614749984375 0.2687391109375 0.5658158171875 0.269976859375 0.5612729734374999 0.2641374984375 0.55388598125 0.25892895312499997 0.5489656140625 0.2567388921875 0.54531265 0.255319428125 0.5375448921875 0.260401834375 0.5311712203125001 0.2602327515625 0.531503421875 0.2571063546875 0.5392994796874999 0.248007575 0.544521365625 0.23708907968749998 0.547856228125 0.22829980625 0.55038164375 0.220053215625 0.5469644109375 0.2182942578125
0 0.4839996578125 0.20338872812500003 0.4834293625 0.208198090625 0.4884083890625 0.2083713328125 0.48983606562500004 0.20745705 0.49188915 0.2023210828125 0.49268454687499996 0.1960064109375 0.491018265625 0.1953243015625 0.48527228750000007 0.19911831875 0.4839996578125 0.20338872812500003
0 0.07591898750000001 0.988220440625 0.0726117296875 0.99120106875 0.0772508078125 0.9974981968750001 0.0783035625 0.997173259375 0.0824616703125 0.994280928125 0.07591898750000001 0.988220440625
0 0.18362495625 0.988371815625 0.1827061484375 0.9825706890625 0.18041875624999998 0.9820122671875 0.1778829328125 0.9868371093749999 0.170144184375 0.9921126671874999 0.1701205484375 0.9955192421874999 0.17530068906250001 0.9951543984375 0.180509303125 0.99352104375 0.183680234375 0.9910081249999999 0.18362495625 0.988371815625
0 0.18885776875 0.7609280125 0.1862163703125 0.7600222546875 0.18272016093750001 0.759073121875 0.1818526171875 0.7607671921875 0.18211024375 0.7634125843749999 0.18475554375 0.7661907859375 0.1860747921875 0.7673486656249999 0.190788696875 0.769084178125 0.19219425625 0.766931546875 0.1908280265625 0.7631597734375 0.18885776875 0.7609280125
0 0.1502808859375 0.74353614375 0.15094907500000002 0.744358934375 0.153295140625 0.74649636875 0.160639846875 0.7504191359375 0.1558440375 0.7443809640625 0.154048065625 0.73952399375 0.1511264546875 0.7374982812499999 0.1501501109375 0.73793609375 0.14905321875 0.74006989375 0.1502808859375 0.74353614375
0 0.1004688296875 0.777963259375 0.0978237171875 0.7825475484375 0.0969665296875 0.7843269875 0.10001843125000001 0.7863463015625001 0.1025661328125 0.7868302734375 0.10448531406249999 0.7858729484375 0.1068425875 0.7832468578125 0.108523003125 0.778994125 0.10814071562500001 0.7765804625 0.1052543140625 0.7719104359375 0.1039265140625 0.7720669515624999 0.1007764203125 0.7746714890625 0.10113498750000001 0.7762362234375 0.1004688296875 0.777963259375
0 0.0666437 0.7537962015625 0.0649957703125 0.75208131875 0.064482059375 0.7527432671875001 0.064379890625 0.7544853859375 0.065214971875 0.75659161875 0.068455559375 0.7592628796875001 0.0690580828125 0.7598508640625 0.0708367515625 0.759944078125 0.0733840796875 0.7591372171875 0.07475338125 0.75692546875 0.07443771875 0.7543731124999999 0.0735750390625 0.7548593640625 0.068644334375 0.75500119375 0.0678311734375 0.754571546875 0.0666437 0.7537962015625
0 0.0580341796875 0.6825977046875 0.05743313437499999 0.6856148125 0.0595082609375 0.6876796749999999 0.066979928125 0.675104465625 0.067252146875 0.6732673874999999 0.0642792375 0.674383696875 0.060821109375 0.6762919109375 0.0578571015625 0.6761459750000001 0.054286646875 0.6772351140625 0.0530424640625 0.67966750625 0.053997660937500004 0.6801948859375 0.055756190625 0.680810178125 0.058200210937499997 0.6810590390625 0.0580341796875 0.6825977046875
0 0.0413543203125 0.63825324375 0.044249835937499996 0.6381964609375 0.046802067187500004 0.6369411234375 0.046104290625 0.6333545609375 0.0439214328125 0.63107895625 0.0415347046875 0.631051990625 0.038359628125 0.6316909234375 0.037718865625 0.6328491703125 0.0388158984375 0.6356004921875 0.04016248125 0.6368410515625 0.0439197703125 0.6379703109375 0.0413543203125 0.63825324375
0 0.0831538953125 0.677820234375 0.08520278437499999 0.6759738609375 0.0850435375 0.6745389187499999 0.08221539375 0.6734728999999999 0.0792937375 0.6733946093750001 0.07739500625 0.674650853125 0.076394765625 0.6755670421875 0.0750367546875 0.6777801671875 0.077591740625 0.6783800515625 0.080672103125 0.6785914046875 0.0831538953125 0.677820234375
0 0.0036189031250000005 0.56219970625 0.015347384375 0.5462466828125 0.0119387640625 0.5451713578125 0.008917245312499999 0.5479184734375 0.006562660937500001 0.5485239546875 0.0017001359375000001 0.550085090625 0.00255368125 0.555474165625 0.003200440625 0.5595576390625 0.0036189031250000005 0.56219970625
0 0.14165377031249998 0.6746137359375 0.151004396875 0.6936984390625 0.18513110156249998 0.7143959171875001 0.1708223875 0.6889776015625 0.15026393124999998 0.6740410078125 0.14165377031249998 0.6746137359375
0 0.063812165625 0.5616643125 0.061816804687500004 0.5589144765625 0.05880292499999999 0.561669875 0.054898410937499996 0.56624323125 0.053044484375 0.5698099734375 0.054202146875 0.5705868781250001 0.056541949999999994 0.569648359375 0.0597656296875 0.5675384 0.06270246093750001 0.565035665625 0.063812165625 0.5616643125
0 0.15112213593749999 0.5572437875 0.1542136765625 0.562150259375 0.15581398125 0.5633047546875 0.15634175625 0.5604542859375 0.1577022640625 0.55700840625 0.1568331453125 0.5537084250000001 0.15336008125 0.55291540625 0.152756396875 0.552280146875 0.1487332375 0.5487630828125 0.14718553125 0.5493989640625 0.1469565328125 0.5524378249999999 0.1498754390625 0.5554352984375 0.15112213593749999 0.5572437875
0 0.10407578125000001 0.5506219328124999 0.106421659375 0.5518592531250001 0.109758896875 0.546850528125 0.108621971875 0.5464642515625 0.10514387968750001 0.5472176203125 0.104217771875 0.5482422984374999 0.10407578125000001 0.5506219328124999
0 0.048589824999999996 0.4300961015625 0.05466228125 0.422420409375 0.051794534375 0.422792353125 0.048871978125 0.42422657499999994 0.0477691953125 0.4261034453125 0.047685925000000004 0.427954890625 0.048589824999999996 0.4300961015625
0 0.11078966406249999 0.4243308609375 0.1122138015625 0.4262109109375 0.1138544953125 0.42723086875 0.11699088124999998 0.4267072203125 0.117103675 0.42323431874999995 0.11592052187499999 0.4206184484375 0.11216065 0.42003221718750006 0.11134631875 0.42089365 0.11078966406249999 0.4243308609375
0 0.1154251578125 0.38249216875 0.11928006093750002 0.382379934375 0.1218672453125 0.3828734734375 0.12446022968749999 0.3805470109375 0.1129777671875 0.37059574687499997 0.1124855109375 0.374679278125 0.1129924046875 0.3770906078125 0.1122072015625 0.3807728375 0.11332819999999999 0.3828464421875 0.1154251578125 0.38249216875
0 0.074155090625 0.393182975 0.076067875 0.392095359375 0.0786046828125 0.3915417 0.07845116875 0.389014284375 0.0771006328125 0.38765886875 0.07462024375000001 0.3879694609375 0.07251716875 0.38946372500000004 0.0721220921875 0.3910544890625 0.074155090625 0.393182975
0 0.0421622265625 0.3847195 0.0391521859375 0.3878587109375 0.03635171875 0.390653078125 0.0341699921875 0.3958458078125 0.0379817359375 0.395001625 0.0392073703125 0.3945496421875 0.04375659375 0.39265845312500003 0.045100653125 0.389977690625 0.045304421875 0.3885374578125 0.047104975 0.388019728125 0.047202484375 0.3862182328125 0.04590505625 0.3844889671875 0.042420243749999996 0.384610609375 0.0421622265625 0.3847195
0 0.013580375 0.3082080796875 0.010753515625 0.30914780468749997 0.0097032140625 0.3106968046875 0.011430559375 0.31269335625 0.013141003125 0.3133146828125 0.014911625000000001 0.312208453125 0.0151199953125 0.310197978125 0.013580375 0.3082080796875
0 0.027307137500000002 0.3084275046875 0.026042159375000002 0.3103490484375 0.028397528124999998 0.3120657859375 0.03053055625 0.31188930937500003 0.0324208296875 0.309930425 0.033265725 0.307923546875 0.0328223296875 0.3051240671875 0.028463321875000003 0.3061087140625 0.027307137500000002 0.3084275046875
0 0.0728026203125 0.24546812187499997 0.0682234234375 0.246171246875 0.066596540625 0.24821497187500002 0.0695071796875 0.2517595375 0.06960744375 0.25181326406250004 0.0743247828125 0.2507038375 0.0747314546875 0.2541704 0.077897709375 0.24969024218750002 0.07803495625 0.2470708984375 0.0759177921875 0.246109003125 0.0728026203125 0.24546812187499997
0 0.062684859375 0.23030957343749997 0.0657263140625 0.23120417343750002 0.0670252875 0.22885802187499998 0.0533225515625 0.2209495484375 0.051560540625 0.22528639374999998 0.0540373609375 0.22669122968750002 0.055449421875 0.22777587656249998 0.058463740625 0.2281495578125 0.0609627234375 0.228845321875 0.062684859375 0.23030957343749997
0 0.0037288062499999997 0.15277778749999998 0.006358021875 0.15640331093749998 0.00919543125 0.153232909375 0.011243848437499999 0.14733833125 0.009618557812500001 0.1477840078125 0.0065471421875000005 0.149806571875 0.0037288062499999997 0.15277778749999998
0 0.1785673546875 0.0601475171875 0.1795032515625 0.0627804015625 0.1678523125 0.062342935937499996 0.163473875 0.06108741718750001 0.1556594265625 0.058553671875000005 0.15424585 0.05752937968750001 0.1506651515625 0.0538394078125 0.1453840265625 0.0512793515625 0.1427322640625 0.0529949890625 0.14964300156250002 0.057693634375000004 0.15736785 0.061239798437500007 0.1636728703125 0.06733792968749999 0.16443521562500002 0.0710724625 0.16236472500000002 0.07530946093749999 0.16144020312500001 0.077442853125 0.15979831875 0.08039068125 0.16036594531249998 0.0824063890625 0.1568738015625 0.08843471093750001 0.15767799375 0.08930715 0.1585178 0.093820403125 0.16117530156249998 0.0962960953125 0.16578575 0.098437159375 0.1730127390625 0.09994865625 0.175434709375 0.09774103437500001 0.1774845890625 0.0904873078125 0.18033235625 0.0879116703125 0.18520140000000002 0.085033296875 0.1871666140625 0.081300221875 0.187056175 0.0801834359375 0.1866700875 0.0771265109375 0.188068746875 0.0743010515625 0.1907307375 0.072400284375 0.193646878125 0.0694373078125 0.1953326875 0.0666169921875 0.1953945078125 0.0616935796875 0.1938070515625 0.0610796671875 0.1907998359375 0.06281838125 0.1851995125 0.062378106249999996 0.1827145921875 0.06000322031250001 0.1796654875 0.05941989843749999 0.1785673546875 0.0601475171875
0 0.2517884640625 0.128332684375 0.252983171875 0.1258875625 0.2555628953125 0.12249853125000001 0.2557264390625 0.1213636625 0.254014715625 0.12112379375 0.2505699703125 0.123156446875 0.2497418703125 0.12461013750000001 0.24913133125 0.1262888140625 0.248738578125 0.1293425375 0.25020272499999996 0.1330133765625 0.251308609375 0.1296378828125 0.2517884640625 0.128332684375
0 0.2416241328125 0.15698803125 0.2473291578125 0.159287946875 0.24878631874999999 0.1595586421875 0.2523774671875 0.158769965625 0.2504945453125 0.1552018390625 0.2478249609375 0.1525999203125 0.2427809171875 0.151506775 0.24115697187500001 0.153918634375 0.2416241328125 0.15698803125
0 0.25945578125 0.3319589796875 0.2606805390625 0.3301830203125 0.2602512734375 0.32805206249999996 0.25898421250000003 0.327143778125 0.2569444265625 0.3271298875 0.25571435 0.3279733234375 0.25523876875 0.329894815625 0.255962415625 0.33151721093750003 0.2563473046875 0.33223932968750003 0.258080878125 0.33247731875 0.25945578125 0.3319589796875
0 0.287996234375 0.3767361765625 0.2859762890625 0.3774468515625 0.28553436875 0.37943103749999996 0.28722561406249997 0.38322726875 0.2870835796875 0.38551673750000004 0.289914965625 0.3829974828125 0.2916800140625 0.3807673484375 0.29260309375000004 0.378335190625 0.2923303828125 0.37676318593749997 0.287996234375 0.3767361765625
0 0.2544508671875 0.43419119375 0.258095421875 0.434838403125 0.2606368375 0.43100773906249995 0.2593986625 0.42833414062499997 0.258662325 0.428029959375 0.25656133125 0.4279292625 0.2545607046875 0.43047988125 0.2533122765625 0.432356090625 0.2544508671875 0.43419119375
0 0.7522097140625 0.3803206953125 0.7499682937500001 0.379413284375 0.74531225625 0.37859248125 0.7433034109375 0.37907359375 0.740956375 0.38119499375 0.7416934890625 0.3821033671875 0.7443172984374999 0.38308784687499997 0.7472088265625 0.38403466875 0.7505701921875 0.38447203281250003 0.751535728125 0.38317691875 0.7522097140625 0.3803206953125
0 0.6885573953125 0.1492441125 0.6848124515625 0.1491316921875 0.6828228453125 0.15009384374999998 0.681598490625 0.152201953125 0.6808124390625 0.1561485078125 0.6819459078125 0.1566128484375 0.6838334578125 0.1567742453125 0.68802495625 0.1547419671875 0.6891323593750001 0.1511463375 0.6885573953125 0.1492441125