0 0.46778945624999996 0.4988803125 0.4997884734375 0.4987251515625 0.514846628125 0.49105151718749995 0.5265150000000001 0.47836148125 0.5270946734375 0.46816345937500004 0.556850425 0.43690085468750006 0.5779449421875 0.4171465796875 0.5410725390625 0.40515057031249996 0.528187184375 0.4006906078125 0.5137947734375 0.3903086671875 0.49414634687500003 0.374687559375 0.5085640671875 0.3510301984375 0.5215092765625 0.33422118125 0.5064225453125 0.3180320109375 0.48566650312500004 0.309520325 0.4557679375 0.2986540359375 0.43129092968749994 0.288416871875 0.41501755781250005 0.27604209218750003 0.411730946875 0.2592379609375 0.4003747765625 0.255823484375 0.36289087656249996 0.2692417640625 0.36560224531249996 0.25397280625 0.338475221875 0.24655423125000003 0.2905614125 0.23409162499999997 0.2997555609375 0.2438378015625 0.33423137812500003 0.2553525234375 0.322491534375 0.25592258125 0.2762229828125 0.242812396875 0.23162443281249998 0.236436703125 0.22571563125 0.24806385625 0.2637372734375 0.2528673453125 0.268915071875 0.2670982859375 0.2580343859375 0.273566515625 0.250765065625 0.2876906640625 0.246239109375 0.2920601859375 0.22578336562499998 0.287271265625 0.1799473484375 0.2752622953125 0.15930638749999998 0.2793701234375 0.1806880578125 0.28984051875 0.166899734375 0.289871675 0.1387449140625 0.28425988593749996 0.13825988281249998 0.2929133765625 0.1579236265625 0.303480678125 0.1516854046875 0.3239045828125 0.1605283515625 0.333572965625 0.1630058328125 0.3436373265625 0.1549304640625 0.3471620390625 0.1538232125 0.366632759375 0.15670363125 0.3752037765625 0.147218109375 0.3757842 0.12002234687499999 0.387570453125 0.0947594609375 0.3971859296875 0.10745372500000001 0.40216275 0.123596675 0.40549627499999996 0.14303113750000002 0.41208202343749994 0.1478741328125 0.41726105625 0.15395141406249999 0.42277354999999994 0.1683084265625 0.433752159375 0.179122940625 0.4467351328125 0.1953767515625 0.454487859375 0.18136461406249998 0.452746978125 0.16313508125 0.45019740781250006 0.157648175 0.45606659531249993 0.1589267328125 0.4629875078125 0.16413485 0.47070285156249997 0.17604954374999998 0.4751788796875 0.1912810421875 0.474080553125 0.1877870046875 0.48154186250000003 0.2031852125 0.4868225203125 0.2068105359375 0.485518171875 0.22955665781249998 0.4911837546875 0.24883846250000002 0.5051948656249999 0.27691114687499996 0.514412803125 0.28672947031249996 0.522823640625 0.2882401734375 0.530245603125 0.2891893109375 0.5355614921875 0.27804500781249997 0.537819990625 0.27516478125 0.5436268140625 0.2812105640625 0.5458986671875 0.2913115234375 0.544941259375 0.300480465625 0.5381299515625 0.3037268984375 0.528995540625 0.3127340765625 0.5467575921875001 0.3149228 0.5482287593749999 0.3271525046875 0.5418302171875 0.3340453203125 0.531829903125 0.34061735312499997 0.523738828125 0.3468918640625 0.5201694703124999 0.3524596 0.518853809375 0.384383465625 0.5276100453125 0.39902342968750004 0.5269421015625 0.43037485468750003 0.518546165625 0.43271833437499996 0.5120671765625 0.430537828125 0.505258534375 0.4314871953125 0.49467351718749997 0.4373213765625 0.4847292875 0.440490103125 0.483710934375 0.46778945624999996 0.4988803125
0 0.44268181562500003 0.5313432890625001 0.443423478125 0.5378268265624999 0.44742675312499997 0.54018278125 0.45233540312500004 0.5410483078125 0.4597887390625 0.5366872500000001 0.4563242578125 0.5295570125 0.44727574062500003 0.5288738109375 0.44268181562500003 0.5313432890625001
0 0.077985321875 0.3838089671875 0.07992433593750001 0.38344800156250003 0.085461090625 0.380643403125 0.086877796875 0.3793034296875 0.0856108203125 0.3742964171875 0.08408050156249999 0.37030599375 0.0760809109375 0.36811008125 0.077633971875 0.36902015625 0.081028003125 0.373337615625 0.0774383265625 0.374538771875 0.0748116609375 0.3740756203125 0.0721773234375 0.36922891562500004 0.0738588859375 0.364740221875 0.0707740671875 0.363168165625 0.068895803125 0.36299563749999997 0.059111826562500004 0.36332511093750003 0.056064899999999994 0.37126508125 0.05789760000000001 0.3770318734375 0.06378187656249999 0.38167736875 0.0703043046875 0.382676721875 0.077985321875 0.3838089671875
0 0.04945198125 0.48871673906249996 0.046538453125000004 0.49262487187500004 0.0487833828125 0.49927510625 0.051943254687499996 0.5009793921875 0.055553885937500005 0.5001182890625 0.057446076562500004 0.4852570265625 0.0554600859375 0.4778131359375 0.047851990625 0.48035245625 0.050153953125 0.4864272921875 0.04945198125 0.48871673906249996
0 0.130063965625 0.5454597296875 0.12813415156250002 0.5481800109375 0.12890660468749998 0.5554337203124999 0.13127508593749998 0.55754108125 0.1379559265625 0.55863183125 0.1437246609375 0.552541028125 0.1401111015625 0.5447355828125 0.13633686875 0.5478922125000001 0.130063965625 0.5454597296875
0 0.10542057656249999 0.5188448609375 0.1138335375 0.5216658 0.11858941406250001 0.5258632296875 0.1238928265625 0.52632555625 0.12932069531249998 0.5228877437499999 0.12241552656250002 0.51827325625 0.1228888796875 0.5148059015625 0.1191488671875 0.5121536609375 0.1089311734375 0.5120004875 0.10494995781250001 0.5146573328125 0.10542057656249999 0.5188448609375
0 0.13294111875 0.43894584375 0.136555203125 0.44466975781249996 0.141613965625 0.45102760468750003 0.142914209375 0.4498892203125 0.1481333375 0.4482741 0.14979739375 0.45846158125 0.15530862343750002 0.44980901875 0.15864651093749998 0.44549179843750003 0.155130553125 0.43853653125000003 0.15025844531250002 0.434899303125 0.1446386 0.4364025140625 0.13294111875 0.43894584375
0 0.0372284625 0.32247005 0.042652284375 0.32636163281249997 0.0438469890625 0.32196162031250003 0.038116195312500004 0.3125675109375 0.037950009374999996 0.3105946171875 0.0263447 0.3068474484375 0.024475540625 0.31744798125 0.0372284625 0.32247005
0 0.08326461874999999 0.30663767656249996 0.091261428125 0.30836346406250004 0.09359911875 0.3058134734375 0.0904416609375 0.299992375 0.087634875 0.295646775 0.079714928125 0.2959955390625 0.07915672812499999 0.30245454843749997 0.08326461874999999 0.30663767656249996
0 0.246339803125 0.5295782921875001 0.24510616875000002 0.526766671875 0.24266462031249997 0.5257935421875 0.2400930328125 0.525018021875 0.2347665453125 0.5265491609375 0.2398021671875 0.533128225 0.246339803125 0.5295782921875001
0 0.1265317796875 0.583154984375 0.1212702171875 0.5822843468750001 0.11843459062499999 0.584679903125 0.12186829375 0.5872337062499999 0.12623669843750002 0.588949590625 0.1265317796875 0.583154984375
0 0.009794134375000001 0.43454314531250005 0.0083714 0.43939955781249995 0.0129775 0.4411621140625 0.016701384375 0.44238515156249997 0.0186281203125 0.43900747500000004 0.013520804687499999 0.43497654687500004 0.009794134375000001 0.43454314531250005
0 0.0498969546875 0.4309539625 0.04575199375 0.4277099125 0.0436580390625 0.4268980296875 0.0398069234375 0.42913197812500004 0.0396072859375 0.4319828109375 0.043901609375 0.4346947109375 0.0474678875 0.4351109375 0.049767078125 0.43362511562500006 0.0498969546875 0.4309539625
0 0.186506471875 0.20892788125 0.18255495625 0.21036351718750002 0.1798609109375 0.214835515625 0.1800145015625 0.2206140390625 0.18167560625 0.2258603140625 0.18851984375 0.21605451874999998 0.186506471875 0.20892788125
0 0.072123665625 0.12174412187500001 0.067585103125 0.12723790937499999 0.0693741109375 0.13254164375 0.0751785265625 0.13567847500000002 0.086175196875 0.137928459375 0.0901876234375 0.13386186718749998 0.08874911875 0.12816299375 0.0862113765625 0.1227954625 0.07508234531249999 0.1170760359375 0.072123665625 0.12174412187500001
0 0.1282283765625 0.1653982453125 0.131261753125 0.1713021796875 0.140541465625 0.1728067546875 0.1430270203125 0.170650928125 0.1427048046875 0.16748436875 0.1419109 0.162844771875 0.1349584359375 0.159848215625 0.1306228359375 0.1610146296875 0.1282283765625 0.1653982453125
0 0.0358620484375 0.28587684062499996 0.0343488125 0.288223153125 0.0364454890625 0.29233089375 0.0396365390625 0.29432626562499997 0.0478468859375 0.2929244296875 0.0396578640625 0.28562115625 0.0358620484375 0.28587684062499996
0 0.525765878125 0.0797299765625 0.5286662859375 0.08170900625000001 0.5371521296874999 0.0859612203125 0.5394628984375001 0.0876760328125 0.5450707593749999 0.085259996875 0.5438705796875001 0.076994771875 0.5434296765625 0.06975033750000001 0.543116953125 0.0665029484375 0.5374563140624999 0.0636484984375 0.5315433281249999 0.0634309140625 0.5258616765624999 0.06568955625 0.521628903125 0.073390284375 0.525765878125 0.0797299765625
0 0.4954598625 0.1477841 0.48981538281250003 0.15308923125 0.48795865781250003 0.15743756250000002 0.4892115546875 0.16142666562500002 0.4941935375 0.1617593328125 0.5021907624999999 0.1632218171875 0.5087940375 0.15979452031250002 0.5073220953125 0.1538263765625 0.50544603125 0.1506000234375 0.5027450109375 0.14853398281250002 0.4954598625 0.1477841
0 0.32096411874999997 0.0895183578125 0.3152405375 0.090962025 0.3127643375 0.09269587812499999 0.316284715625 0.1001929578125 0.31815442968749996 0.10007204375 0.325039603125 0.10147965156250001 0.3273530109375 0.10784050625 0.3304071328125 0.099571790625 0.3320472765625 0.09599285156250001 0.3311452703125 0.09244323125000001 0.325293425 0.08929645 0.32096411874999997 0.0895183578125
0 0.3250825375 0 0.3283704453125 0.004981078125 0.329644528125 0.0096688515625 0.3349750265625 0.0102835078125 0.338397275 0 0.3250825375 0
0 0.4259584390625 0.0031412921875 0.421818840625 0.006552406249999999 0.4219822625 0.012734073437499998 0.425631575 0.01599068125 0.43168418906249995 0.01726100625 0.437643671875 0.0101424 0.43572956874999996 0.0060969984375 0.431705421875 0.00399439375 0.4259584390625 0.0031412921875
0 0.3607894984375 0.21513136875 0.35980923593749997 0.2170464921875 0.3601197328125 0.2205584515625 0.3646094703125 0.22193715625000002 0.368480746875 0.22018274375 0.3667842359375 0.21547919062499998 0.36254999374999997 0.2145770921875 0.3607894984375 0.21513136875
0 0.1254442375 0.74283896875 0.11975082031249999 0.743805628125 0.119841078125 0.7478197859375 0.12293583125 0.7498933734375 0.12778940156250002 0.7497575609375 0.1324711625 0.7495073640625 0.1291941375 0.7443553578125 0.1254442375 0.74283896875
0 0.01654869375 0.6841836625 0.0194136953125 0.688649003125 0.0217429140625 0.6896023265625 0.024620053125 0.689571784375 0.028612715625 0.689171521875 0.026118178125000002 0.6840178671875 0.0207615203125 0.6833985984375001 0.01654869375 0.6841836625
0 0.13013308750000002 0.635570403125 0.129305928125 0.6332699453124999 0.12698985000000002 0.6324220687500001 0.12475908124999999 0.6332139171875 0.12374582187500001 0.6367288671875 0.12524036875 0.636675075 0.129117403125 0.637263503125 0.13013308750000002 0.635570403125
0 0.11990148281249999 0.6187237031249999 0.11645974218749999 0.6195447749999999 0.117001078125 0.6252298328125 0.117873565625 0.626751328125 0.12067109375 0.6289629 0.125092625 0.6260854124999999 0.124696475 0.62042278125 0.11990148281249999 0.6187237031249999
0 0.2896403078125 0.8420967671874999 0.28767715 0.84456524375 0.28550073125000003 0.8502137515625 0.28822695625 0.8545213468749999 0.2921040875 0.8564679281249999 0.2991105609375 0.8514648296875 0.3051492890625 0.848575803125 0.3028317796875 0.8433089828125 0.299682196875 0.8368403531249999 0.2944370921875 0.838458825 0.2896403078125 0.8420967671874999
0 0.1353258 0.875820484375 0.1352901109375 0.8782274171875001 0.1381080828125 0.8790543140624999 0.14079868906249998 0.8791368500000001 0.1429651890625 0.8796092984375001 0.145150428125 0.87750999375 0.145231796875 0.8748889921874999 0.13935784843750001 0.8748639234375 0.1353258 0.875820484375
0 0.5747457125000001 0.8256359734375 0.579052815625 0.8239203296875001 0.585655965625 0.8222033703125 0.6036856671875 0.8203704109375 0.6010982734375 0.8178849171874999 0.5778652640625 0.81729311875 0.5524887546875 0.8162963921875 0.5440735906249999 0.8139018609375 0.5413548484375 0.804170984375 0.537081203125 0.797202696875 0.528923315625 0.791837396875 0.5369645921874999 0.7924381890625 0.5483961265625 0.7949663515625 0.5554346906250001 0.7929215828125 0.5373410421875 0.78727988125 0.5267759734374999 0.7846427109375 0.5096704671875 0.78232306875 0.5058506140625 0.7822111828125 0.5096700796875 0.788632925 0.516695428125 0.792430875 0.5145529453125001 0.7960783124999999 0.5042537859375 0.8011021421875 0.49651851875 0.8023291312499999 0.49318105624999997 0.7973489265625 0.4812695296875 0.7967780890625 0.468745703125 0.7957026359375 0.46112464375 0.7928896421875 0.459783640625 0.789283240625 0.46117233906250005 0.7863564828125 0.4530420046875 0.7858018640625 0.44394067968749995 0.7887474359375 0.44413525624999994 0.79245790625 0.446245125 0.7925046796874999 0.436389865625 0.7924915703125001 0.43157628593749997 0.7931564265625 0.44011046093750006 0.7993480609375 0.445425621875 0.8016243609375 0.43924485 0.80366330625 0.4363844796875 0.8071080046875 0.43412746249999995 0.809848334375 0.43131838125 0.816970303125 0.4252315875 0.8224354328124999 0.41153094218749997 0.8294107484375 0.4087587390625 0.836161609375 0.4118020515625 0.8451675203125 0.418669934375 0.8446126218750001 0.425878275 0.8417219843750001 0.4396953078125 0.8405202171875 0.4414225078125 0.8446088203125001 0.4477567203125 0.844669034375 0.45166045 0.8439183171875 0.45908348437499996 0.8416636859375 0.4639963015625 0.839293275 0.4688292359375 0.837222928125 0.47260624218749997 0.8370829203125 0.4791209109375 0.8375954046875 0.4846996296875 0.83844898125 0.48869733281250005 0.839153884375 0.4926370890625 0.8377669453125 0.4965586015625 0.8360245624999999 0.50187614375 0.8339412953125 0.5027866546875 0.836173946875 0.5061866359375 0.834464946875 0.5075493078125 0.8337913390624999 0.5126473296875 0.8341317734375 0.518417653125 0.833592778125 0.522057896875 0.8328336796875 0.524643503125 0.830281390625 0.5248286703125 0.8294652078125001 0.5349030296875 0.8279477984374999 0.5639151265625 0.8252874671875 0.569451071875 0.8264286109375 0.5747457125000001 0.8256359734375
0 0.746018425 0.8056580328124999 0.748843834375 0.804652128125 0.753847984375 0.8023216218749999 0.7496405046875 0.8018526265625001 0.7410419921875 0.8016406640625 0.7338580453125 0.804204003125 0.7379067296875 0.805060690625 0.74220755625 0.8063680062499999 0.746018425 0.8056580328124999
0 0.9451352953125 0.7761913375 0.9411815921875 0.7762176843749999 0.9412613109375 0.7786449656250001 0.9420308875 0.7801832203125 0.9419500859375001 0.7823331015625 0.9504658703125 0.7786591609375 0.95602211875 0.7780475140625 0.952393046875 0.7764937265625 0.9451352953125 0.7761913375
0 0.8846922749999999 0.786384753125 0.8876330015624999 0.7866954374999999 0.9227190249999999 0.78237714375 0.9067128625 0.7798515203124999 0.8912610437499999 0.7815154953125 0.8846922749999999 0.786384753125
0 0.8186036968750001 0.413298384375 0.8268985328125 0.41348694375 0.830295228125 0.4122374796875 0.8337005734374999 0.41069601875000006 0.833848634375 0.40991930312499997 0.827722303125 0.4044600390625 0.817692384375 0.40532049687500005 0.8122198546874999 0.40913756718750005 0.8098769640624999 0.41204997343749994 0.81180390625 0.41209939687499997 0.8186036968750001 0.413298384375
0 0.8672318296875 0.189154509375 0.870539253125 0.187070615625 0.8695940578125001 0.18275815625 0.8666281140625 0.180754878125 0.8601828875 0.1803704609375 0.853732003125 0.1829155046875 0.853291053125 0.18377860937499998 0.8535897296874999 0.1869076984375 0.8583707421875 0.18766028437499999 0.8625238265625 0.188149834375 0.8672318296875 0.189154509375