0 0.3153778765625 0.526791675 0.30962256875 0.5266465484375 0.308604390625 0.527476384375 0.3096394234375 0.5310651390625 0.306355765625 0.53410376875 0.3032032375 0.5352211421875 0.2978449546875 0.5414422234375 0.307175440625 0.5547883390624999 0.31042566250000003 0.5550415703125 0.3152601859375 0.557385603125 0.3183681953125 0.556907215625 0.321519190625 0.555790140625 0.3230748 0.5499293875 0.3257128453125 0.5479012625 0.32637687031249996 0.5391815421875 0.321609215625 0.5302537890625 0.3153778765625 0.526791675
0 0.308269959375 0.475492928125 0.30675415156249997 0.47983060312500003 0.31298260624999996 0.48240985781249995 0.31216453125 0.4868649953125 0.319589696875 0.4869370296875 0.333315203125 0.4838902265625 0.33678817968749997 0.4818255546875 0.338951246875 0.47736206562500005 0.3431585734375 0.47300738750000004 0.34202873125 0.4689308875 0.3432670765625 0.46490182343750003 0.342509803125 0.46100599062500003 0.3402245859375 0.45791333593749994 0.3226582796875 0.45160072656250005 0.30215159375 0.44055279374999995 0.29209919218749997 0.4330327171875 0.28363578437500003 0.4406150453125 0.2782849203125 0.44948653125 0.27811563906250003 0.45381555625000003 0.2808819046875 0.461110825 0.283765328125 0.462949103125 0.2877588546875 0.463562434375 0.2903253125 0.4672339359375 0.2988189484375 0.467602865625 0.3009119609375 0.46883870468750005 0.301669234375 0.47273453749999994 0.308269959375 0.475492928125
0 0.2636528375 0.5440470578125 0.2608528390625 0.540042115625 0.253745234375 0.5381399250000001 0.2498296625 0.53359575 0.244994840625 0.5312501828125 0.2427096234375 0.5281575265625 0.24539035625 0.52548918125 0.25303980937500004 0.5232430156250001 0.2550383140625 0.52399264375 0.2571373953125 0.5269957328125 0.2592071890625 0.5220441984375 0.2712520515625 0.5164191453125 0.274717425 0.512587521875 0.2773415015625 0.5070236640625 0.277274359375 0.5014783421875 0.273981475 0.48973782187500003 0.26802789531250004 0.48596863125 0.2614742765625 0.48345258125 0.25878305625000003 0.48347111875 0.249437315625 0.49084611875000006 0.2411922421875 0.49522798593750006 0.2324981796875 0.50335973125 0.23158241093749998 0.5064442640625 0.2225603 0.5137563578125001 0.217975871875 0.516162821875 0.212009946875 0.5218700953125001 0.20283985468750002 0.5266848546875 0.1978052015625 0.5328430296875 0.1979258171875 0.5403994734374999 0.19086529375 0.5508671296875 0.1907096828125 0.5587303546875 0.193555253125 0.562977934375 0.20672203125 0.5717884046874999 0.22140750156250003 0.5771440578125 0.23518966406250003 0.57699276875 0.248904384375 0.5712946234375 0.2539498234375 0.5677877890625 0.256871696875 0.567219834375 0.259891265625 0.5680224828125 0.26009272031249997 0.5725309390625 0.254053559375 0.5830531515625 0.252192525 0.5942785578125 0.254416940625 0.6057221828125 0.26250775625 0.6100866968750001 0.2729496046875 0.6100785234375 0.278907603125 0.6147302734375 0.285041546875 0.6168233171875 0.290982990625 0.6170580109375 0.29537173437500003 0.61190880625 0.2974342234375 0.60519185625 0.3014048265625 0.5996193453124999 0.30255125 0.5959853953125 0.30746084218749997 0.5935157249999999 0.3123780375 0.59281300625 0.3157593890625 0.59114498125 0.33139756875000004 0.5788826578124999 0.332635615625 0.5748520609375001 0.3317303609375 0.56845889375 0.3287047234375 0.5658889953124999 0.318817159375 0.5652848453125 0.315699896875 0.5631115921875 0.3119399109375 0.5628317015625 0.30356815312499996 0.5578898765625 0.2969276265625 0.5566545640625 0.28664745625 0.5505667640625 0.2827455546875 0.5495567875 0.27741021875 0.5498362015625 0.27396779375 0.5477261546875 0.2661165875 0.5454623296875 0.2636528375 0.5440470578125
0 0.41915501875 0.23400130468749997 0.425803146875 0.2370035671875 0.43876375312500004 0.2404214890625 0.44016221718750004 0.2424242578125 0.439249334375 0.2463916484375 0.440832284375 0.2475992953125 0.45258857656249996 0.25175748750000004 0.47760008750000005 0.2634451125 0.4906720578125 0.2717678375 0.49801485 0.2748881578125 0.507983528125 0.2845733640625 0.51955656875 0.289524846875 0.525403203125 0.2892717953125 0.5298501375 0.2870178046875 0.5362345000000001 0.2817353703125 0.543720765625 0.27345796875 0.5501522343749999 0.2684178734375 0.5525977796875 0.2645313984375 0.54648543125 0.25561353124999997 0.5458901359375 0.2456232578125 0.540496609375 0.24300745625000003 0.5314394390625 0.2405992109375 0.5236614703125 0.23352044843750003 0.5112060953124999 0.2283616390625 0.5117938140625 0.2244574546875 0.51928798125 0.2179485375 0.5200176140625 0.21477443749999997 0.5188069343749999 0.213745925 0.5154637359375001 0.2130061828125 0.500301909375 0.21645951874999997 0.4919498921875 0.21681914062500002 0.4691793515625 0.2209921984375 0.4469706984375 0.22631988125000002 0.4276289140625 0.22906878437499997 0.41915501875 0.23400130468749997
0 0.6270859468750001 0 0.62642195625 0.0030821484375 0.6227689140625 0.0068245015625 0.6235258890625001 0.0107188 0.61797386875 0.015083365625000001 0.6128475843750001 0.0148414359375 0.6118657078124999 0.017004465625 0.604328753125 0.0195837234375 0.5999226640625 0.0220478421875 0.5645985921875 0.0182478640625 0.56311068125 0.0241129671875 0.5838075093749999 0.0490119140625 0.579633890625 0.062203774999999996 0.576636946875 0.0675854328125 0.5766171828125 0.0744114921875 0.5704695421875 0.0809117578125 0.5730388859375 0.08546611875 0.5801467890625001 0.08736984375 0.5812747984375 0.09144510781250001 0.58026710625 0.09492475312500001 0.5825128203125 0.0995420203125 0.5838654156249999 0.10130061875 0.5903700953125 0.10357309374999998 0.5929865453125001 0.10836979375 0.592766975 0.1115720875 0.586037709375 0.111616278125 0.583682140625 0.11422141875 0.58605138125 0.11515047812500001 0.595232259375 0.1129870609375 0.5949347359375 0.12012019843749999 0.6002363374999999 0.1231311125 0.5948765203125 0.1293524921875 0.590568615625 0.131453709375 0.580917475 0.13206585625 0.5745945109374999 0.1290003890625 0.5689416140625 0.1311099578125 0.5630854296875001 0.12870983593750002 0.5596719953125 0.134552878125 0.5580492421875001 0.134868309375 0.5559810078125 0.1276920375 0.5519782296875 0.12442706562500001 0.5520651375 0.123146328125 0.5550710343749999 0.12041477656249999 0.5614766703125 0.12043349218749999 0.5685706046875 0.118801484375 0.5694927390625 0.11748573281250001 0.5685124140625 0.11590626875000001 0.5642426625 0.11559971875 0.562426171875 0.11405863281249999 0.56353279375 0.11194775937500001 0.5657098296874999 0.111020003125 0.569101965625 0.11200331875 0.5706391625 0.1138517828125 0.5697781265625 0.10681809687499999 0.5590219000000001 0.10954081874999999 0.553962790625 0.1095134515625 0.5515111765625 0.111632678125 0.5512407203125 0.1137051734375 0.5518942328125 0.114463153125 0.5564420421875 0.11446415937500001 0.5566845359375 0.11744770468750002 0.5553427265625 0.1183404484375 0.5535765265625 0.11792609375 0.55147744375 0.11492300468750001 0.549946315625 0.114841790625 0.5485221328125001 0.11878282031250001 0.5457924625 0.121207590625 0.54327370625 0.1177814953125 0.5440993828125 0.1150933078125 0.54613450625 0.1134354671875 0.543903996875 0.1123521015625 0.543153090625 0.1102250515625 0.5517278625 0.1075475265625 0.5516546499999999 0.10023495625 0.5476382015625 0.0934357859375 0.5499905875 0.0899462546875 0.5552221609375 0.0865289875 0.560849225 0.0894782296875 0.56632040625 0.0881616515625 0.568677509375 0.0855562140625 0.5679202359375 0.08166038125 0.5635541421875 0.0808663828125 0.5589760796875 0.0850416296875 0.5562740734375 0.08240882499999999 0.5537215828125001 0.08227305625 0.5498394203125 0.086564528125 0.5453803749999999 0.0731565109375 0.5415226953125 0.0715060171875 0.5383701671875001 0.07262339062499999 0.536848290625 0.07519381562500001 0.5312288281249999 0.074011525 0.5264553796875 0.075445565625 0.523232821875 0.0701347578125 0.52247555 0.066238925 0.5189414984375 0.0645255234375 0.5102045687500001 0.055543203124999996 0.482970028125 0.051359812500000004 0.48844681718749994 0.0758013515625 0.48547054687499996 0.0893144 0.48828384218750004 0.09873505625 0.49115475937499997 0.10441505468750001 0.46346723125 0.1073265765625 0.466198196875 0.11429284843750001 0.48198736249999996 0.12901149375 0.49932683281249995 0.133411940625 0.5062588531250001 0.12925187968750002 0.513557946875 0.12940413125 0.537009934375 0.14274788124999999 0.5398067484375 0.1458684328125 0.5454733171874999 0.14729306250000002 0.5557732515625 0.146554803125 0.5631312484375 0.153209025 0.5782046328125 0.1510367265625 0.583019715625 0.14808084531250001 0.5863612640625 0.147935896875 0.5897044625000001 0.1486756390625 0.5924064687499999 0.15130844375000002 0.596586428125 0.152012875 0.6084203765625 0.1522386875 0.6206208234374999 0.15087791875 0.6229092234375 0.154854965625 0.6263010625 0.1558367484375 0.6319068531250001 0.1534848390625 0.6458306312500001 0.1540621 0.6493236437500001 0.1573004109375 0.6499113390625 0.165523734375 0.656319859375 0.1664253078125 0.669121696875 0.164694553125 0.670504840625 0.162278434375 0.6692636359375 0.1532971296875 0.6707962968750001 0.15337804531250002 0.671506165625 0.15703000625000002 0.6742005703125 0.157895859375 0.67679728125 0.1573911109375 0.68036188125 0.15492979375 0.6852301390625 0.1539835 0.6879537421874999 0.14979148125 0.6883076234375001 0.145552321875 0.6964642546875 0.1424514921875 0.7039781609375 0.141244025 0.7076570359375001 0.132442859375 0.7110218046875 0.1384852859375 0.7145572078125 0.1410818421875 0.7128504328124999 0.1435608703125 0.7058541921875 0.14656348125000002 0.7126261453125 0.1458790703125 0.7157847421875 0.146528946875 0.7188377453125 0.144039734375 0.7154442578125 0.1421732625 0.7152031156249999 0.140072871875 0.718814821875 0.1378538953125 0.725218925 0.13787290937500002 0.727069146875 0.13612366874999998 0.7266294359375001 0.1303976796875 0.7317162109375001 0.1253674703125 0.7306398421875 0.12330209218749999 0.726924075 0.12238168281249999 0.74269230625 0.1194439890625 0.74415915 0.1269902484375 0.7482704078125 0.1342771640625 0.7444827546874999 0.13905485 0.74666739375 0.13989404375 0.74774193125 0.1419581875 0.74794521875 0.146467878125 0.7428081546875 0.1503713578125 0.7346989265625 0.153716059375 0.733502215625 0.1562232796875 0.7274570109375 0.15285073437500002 0.7233915984375 0.157935496875 0.7178195406250001 0.1569970796875 0.7143541671875 0.1608287015625 0.718718728125 0.1616229984375 0.7230266328125 0.15952178125 0.7290125953125 0.159117490625 0.733691534375 0.1571972390625 0.73769873125 0.16134476874999998 0.7424861484374999 0.1634464625 0.7411914453125 0.1645815453125 0.73270358125 0.16597833281250002 0.731131415625 0.167422028125 0.7316519671874999 0.1701000296875 0.7366255203125001 0.17229129062499998 0.7416296234375 0.1703078328125 0.7447408156249999 0.1707138359375 0.747534446875 0.1729499953125 0.752491146875 0.170722665625 0.75463445 0.1730852359375 0.735766109375 0.17826980312500001 0.727603409375 0.179603384375 0.722774953125 0.17902659999999998 0.7170272484375 0.1806484234375 0.7118169734375 0.17723933125 0.71064609375 0.174687740625 0.704466578125 0.172352059375 0.702735346875 0.1686455453125 0.70082723125 0.16750110468749999 0.7035094984375 0.16483246093749998 0.7066770499999999 0.16813244375 0.7096492140625 0.16869121874999998 0.7123591453125 0.160965 0.7069595515625 0.1565819484375 0.702657715625 0.160450415625 0.6967130890625 0.1593313296875 0.6923653828125 0.162955625 0.6871704281250001 0.16396542187500002 0.6857872828125 0.1663815421875 0.688164125 0.169077553125 0.6932645703125 0.16758154375 0.6962841375 0.1683841921875 0.6914646359375001 0.1704575140625 0.689300034375 0.17492130156250002 0.67970996875 0.1793115203125 0.6710406875 0.1815028328125 0.6702223140625 0.1859564359375 0.66753109375 0.1859749734375 0.6645083421875 0.184287934375 0.6640991546875 0.1865147359375 0.6618766625 0.1880848421875 0.644766621875 0.1919152796875 0.6357384421875001 0.19746012500000001 0.63445010625 0.20036399062500002 0.629317759375 0.2051515625 0.6273421781249999 0.2105877734375 0.6241469625 0.21234536718750002 0.6206803546875 0.2161788203125 0.620226946875 0.219046140625 0.6164332265625 0.2220565765625 0.615073003125 0.2306585375 0.61134065625 0.23744857968750002 0.602216134375 0.2425059765625 0.607707353125 0.24649238125 0.6114870796874999 0.25207372031249997 0.610763515625 0.2570150703125 0.6210831890625 0.261578259375 0.6249958765625 0.2652395765625 0.6374419984374999 0.267746746875 0.6359277249999999 0.2720841234375 0.629035246875 0.2782245875 0.6279391140625 0.28298526874999996 0.6299007015625 0.2861408328125 0.6375686578125 0.289197946875 0.6399897218749999 0.2912534390625 0.641348384375 0.29477928593749997 0.6384847 0.29824245625 0.6340848718750001 0.30073878593750003 0.6448108218749999 0.314319825 0.6535001171875 0.329559003125 0.6582401046874999 0.34354433281249996 0.6544998578125 0.348565890625 0.6467250453125 0.354499028125 0.64414200625 0.358537978125 0.6352542062500001 0.36481320625 0.6227896453125 0.3821427609375 0.6135660796875 0.3849464 0.6077223296875001 0.386082309375 0.60214131875 0.382493784375 0.6034252359375001 0.378707359375 0.6024449109375001 0.3771278953125 0.60044670625 0.3763798015625 0.5959555515625 0.379274309375 0.5883655484375 0.37228634843749997 0.58269868125 0.3708601859375 0.581332415625 0.3655673875 0.575406203125 0.35673908593750003 0.5711043671875 0.36060755312500004 0.5692448921875 0.359705153125 0.5643279953125 0.3604094046875 0.5565913359375 0.36393477500000004 0.5442425828124999 0.374924184375 0.539490521875 0.3825443625 0.539971271875 0.3867454421875 0.542760484375 0.3880990421875 0.55987629375 0.38603431875 0.5615511671875 0.3868468546875 0.5625372625 0.39019203281250003 0.55692384375 0.4029045 0.5570797265625 0.40717031875 0.55903978125 0.41032618125000003 0.5619677234375 0.41152547500000003 0.5659307 0.4163135234375 0.56925095 0.42299493281249995 0.5760947640625 0.4287399359375 0.580091175 0.43023612499999997 0.58111860625 0.432057928125 0.5813750671875 0.4385772078125 0.573841396875 0.4466107359375 0.5731239015625 0.453319334375 0.5681258671875 0.457070040625 0.5771921734375 0.46124493749999995 0.58466474375 0.46156084531249997 0.5915419921875 0.4640139875 0.5990238140625 0.46698153593749997 0.6023746140624999 0.469488228125 0.6111526734375 0.47132039531250003 0.6230552984375 0.47709123125 0.6275585890625 0.4777312203125 0.6371823640625001 0.48217818437500004 0.642795459375 0.4815916921875 0.647846965625 0.4798521078125 0.657922315625 0.48143051562499994 0.6842711265625 0.478330340625 0.6951753109375 0.4902324625 0.6995933437499999 0.49303788125 0.7044189140625 0.49273180781250003 0.708913253125 0.49072169062500004 0.7112229515624999 0.48787237968749997 0.7104854421875 0.4771504859375 0.707017209375 0.4679717421875 0.70077661875 0.4618579890625 0.695711440625 0.46006337343750003 0.6963433796875 0.45551866875 0.7058386375000001 0.4506407046875 0.71112656875 0.45011741718750004 0.7160361625 0.4476477484375 0.7211426765625 0.44791898906250005 0.7372708328125 0.4546368921875 0.742653571875 0.4546013515625 0.7503978328125 0.4528429328125 0.7564064453125 0.44649543906250005 0.757417021875 0.4438986515625 0.764552290625 0.4407432671875 0.7673185796875 0.43591102812500004 0.78088531875 0.42771554843750004 0.7843385546875 0.42034942812500004 0.7892920703125 0.41723770625 0.7927545578124999 0.41252322656249996 0.7986852156250001 0.410106578125 0.8035413359374999 0.4056257875 0.8123403953125001 0.4006300625 0.818040696875 0.398764365625 0.821942596875 0.399774340625 0.8279756656249999 0.39961238906249996 0.8333997406250001 0.39805347343749997 0.8357094390625001 0.3952041625 0.8362910906250001 0.389532728125 0.83509410625 0.3799109046875 0.8306379453125 0.3673857453125 0.82902311875 0.357342153125 0.8260751375 0.3508398765625 0.8266154531250001 0.34669181718750003 0.8250066953124999 0.3384154734375 0.8190162234375 0.324924709375 0.8181310296875001 0.31170701562500003 0.813438146875 0.297964025 0.8070496234375 0.26509791875 0.8040481703125 0.2565845203125 0.8020209984375001 0.23575582968750003 0.804042153125 0.2305622546875 0.80303631875 0.22191562656250002 0.7990533046875 0.21182459531250003 0.7917302765625001 0.2018782140625 0.786645384375 0.1826546421875 0.7817160515625 0.17982286249999999 0.780958778125 0.17592702968750001 0.7716223140625 0.1738261625 0.76645944375 0.1706609421875 0.7682180421875 0.1693083484375 0.7689950796875 0.16637812031250002 0.7676227453125 0.15931807343749999 0.7625040953125 0.1555123359375 0.7654199 0.1531771328125 0.7662914484375001 0.1507331171875 0.7639117203125 0.14715425 0.7639864921874999 0.1423390125 0.760064553125 0.1360260546875 0.7621407125 0.13284330312499998 0.76170736875 0.128886096875 0.7592738703124999 0.12329457343750001 0.756432834375 0.12081454062500001 0.7555810515625 0.1164324953125 0.757422021875 0.112031615625 0.7547581937500001 0.094863534375 0.7486595671875 0.06522484843750001 0.7440754609375 0.055505337499999995 0.7446173109374999 0.05135698125 0.7409734546875 0.032610968750000004 0.7343402828125 0.0088860578125 0.7350228109375 0.0054696171874999994 0.73418090625 0 0.6270859468750001 0
0 0.381559234375 0.260187278125 0.408130740625 0.2405612984375 0.409844340625 0.23104225 0.38676448125 0.23535183593750003 0.3834100484375 0.23578261875 0.37666854375000003 0.2511752015625 0.381559234375 0.260187278125
0 0 0.3202241625 0.0017680671875000002 0.3194371875 0.0097411078125 0.30954505 0.0376813328125 0.312715809375 0.0329550359375 0.3095118890625 0.031344148437500004 0.30604780468750004 0.025782031249999997 0.298683171875 0.016745803125 0.2972752484375 0 0.2999722671875 0 0.3202241625
0 0 0.3593543078125 0.004135040625 0.3577201625 0.016756489062499998 0.345660621875 0.0328538953125 0.342541153125 0.030037439062499997 0.341522340625 0.014789275 0.332215521875 0 0.3270572203125 0 0.34358004375 0.005766625 0.3468783984375 0 0.35501783750000004 0 0.3593543078125
0 0.2104214125 0.5055499171875 0.2019557484375 0.5172314265625 0.1826577546875 0.5359608953125 0.188287621875 0.545246328125 0.20273630312500002 0.5311555015625 0.22356250625000001 0.5094214203125 0.24425402499999999 0.4892463703125 0.2428657296875 0.48536336562500004 0.23479629531250001 0.489395925 0.2104214125 0.5055499171875
0 0.20477188124999998 0.6096849015625 0.2073868015625 0.5992425328125 0.2040711390625 0.5900134390625 0.19839413125 0.5824180515624999 0.1932014484375 0.578362475 0.1892360421875 0.5784424546875 0.1875916421875 0.584345934375 0.194553659375 0.5911821828125 0.19930300781250002 0.6005480421875 0.20477188124999998 0.6096849015625
0 0.1400319046875 0.5119977703124999 0.17260069218750002 0.5155931609375 0.1817748234375 0.5226647671875 0.1917628984375 0.5245721203125 0.1884390921875 0.5195675093750001 0.1851632125 0.5153335359375 0.18600984843749999 0.503049421875 0.17881460625 0.5094174625 0.14586501406250002 0.509996428125 0.1400319046875 0.5119977703124999
0 0.24945086249999998 0.6108164781250001 0.244921046875 0.6140034234375 0.2509491203125 0.6208827296874999 0.2540608546875 0.62288833125 0.25975594687500003 0.620512696875 0.2618760828125 0.615828340625 0.2597669984375 0.6119549203125 0.24945086249999998 0.6108164781250001
0 0.2394687109375 0.5758076390625 0.22156272656249998 0.592068328125 0.21790553125 0.60371609375 0.23046747500000003 0.60107055625 0.24257653750000002 0.5927541171875 0.25750146875 0.57157340625 0.2394687109375 0.5758076390625
0 0.2904738671875 0.40532916406249997 0.2997203390625 0.4089978828125 0.302341515625 0.414506765625 0.29965831875000004 0.42187919531249995 0.2898419734375 0.432581690625 0.2971350578125 0.4334482125 0.3008584578125 0.4314844875 0.3127843484375 0.41788563281249996 0.3081399046875 0.4090103328125 0.30176955156249996 0.4020161 0.2909344234375 0.3950222296875 0.28761875937500003 0.3948008203125 0.2739475578125 0.3987984828125 0.2607984828125 0.400650853125 0.2414526546875 0.4040340578125 0.2350875515625 0.40926817968750007 0.282146721875 0.4030734890625 0.2904738671875 0.40532916406249997
0 0.8533431 0.5470591921875 0.8570411734375 0.5406005281249999 0.8430907124999999 0.54297318125 0.8358046546875 0.5469824 0.8113992546875 0.564019375 0.818597909375 0.5748080875 0.8280645718749999 0.5790118109375 0.8533431 0.5470591921875
0 0.798164871875 0.4799006796875 0.7929642296875 0.48400115781249997 0.789793690625 0.49598250625 0.8070947453124999 0.5022161515625 0.8146706781249999 0.4983224953125 0.8242330734375001 0.475651690625 0.8216901062499999 0.4723958421875 0.8110519890625 0.474981 0.8086299718750001 0.4669837109375 0.803139225 0.4636466453125 0.7743130781249999 0.45764606093750004 0.7687523390625 0.459713840625 0.7940314984375 0.471320790625 0.798164871875 0.4799006796875
0 0.563064021875 0.3041433796875 0.5620861500000001 0.306302446875 0.5704989687500001 0.31277391718750003 0.5848875234375 0.319541859375 0.5977992859375 0.3198096625 0.5974186125000001 0.3135930828125 0.5896903015625 0.3019793359375 0.5835789859375 0.3018779421875 0.572856615625 0.3027603921875 0.563064021875 0.3041433796875