0 0.249120178125 0.16752156875 0.252425925 0.1674638671875 0.26526785468749997 0.1857800328125 0.2823682703125 0.1934436953125 0.2926237546875 0.195727559375 0.30356764531249997 0.1983260203125 0.310341459375 0.188529746875 0.3224153796875 0.1791410359375 0.33576769687499997 0.16724994375 0.346453453125 0.154164584375 0.349317021875 0.14766518125 0.3492737453125 0.14518587031250002 0.3479304203125 0.1439685046875 0.3402863875 0.1418703421875 0.33860321875 0.14016352031249998 0.339525990625 0.1361780578125 0.3453987375 0.13161080625 0.34536844218749996 0.12987513281250002 0.33833916875000003 0.12503613593750001 0.3276713875 0.12026065 0.321647159375 0.11614953593749999 0.3199423375 0.11320227812500001 0.32256993125 0.112164075 0.330853175 0.11301182968750001 0.35015546249999996 0.1198681890625 0.3674260921875 0.12403303437499999 0.3801738296875 0.115376425 0.3840467515625 0.1098517421875 0.3865791203125 0.10335811875 0.3976350171875 0.0924978875 0.39949200625 0.085272190625 0.3978131734375 0.08381376874999999 0.3944987546875 0.083374671875 0.3862674578125 0.0855030265625 0.3820346046875 0.089297790625 0.37640925 0.08914750625 0.3696879890625 0.08306388125 0.359656646875 0.07678955937500001 0.3119722359375 0.05455275625 0.305281271875 0.05020480468750001 0.2931792765625 0.0390049328125 0.29212664843749997 0.035550903125 0.2946850046875 0.030546115625 0.29465468125 0.0288088796875 0.292975846875 0.0273504578125 0.2846839578125 0.0260074671875 0.27906724843749997 0.026352418750000002 0.2757874890625 0.027898957812500003 0.2724687625 0.027213021875 0.2727377796875 0.023734359375 0.2762881734375 0.0187122578125 0.27526584062500004 0.0169939 0.26802658125 0.0191049390625 0.26349282343749997 0.0246411578125 0.26227501875 0.0306148828125 0.25807089843750003 0.0361453484375 0.24703818906250002 0.048244425 0.24147345312500001 0.05156705 0.24108597031249998 0.048348321875 0.2475821765625 0.041538596875 0.252037996875 0.031537434375 0.2488498140625 0.019439670312499997 0.237852396875 0.014669939062500002 0.2175927046875 0.009814967187499999 0.20307088125 0.011556173437500001 0.1954008609375 0.007969175 0.18383783125 0.0086663953125 0.1776280125 0.01299261875 0.1744477875 0.0202414125 0.15987179375 0.03785941875 0.1498728625 0.0524220796875 0.13138220625000002 0.073083871875 0.132829428125 0.08025345625 0.1402607 0.0890532265625 0.14333480781250002 0.094705125 0.1493562625 0.09856781249999999 0.146466734375 0.1035799421875 0.1478895296875 0.10926066406249998 0.1586899140625 0.12172250625 0.1667328484375 0.1277830609375 0.165510734375 0.13350995000000002 0.1524404421875 0.1426675765625 0.15248805468749999 0.1453952859375 0.15987882343749998 0.15196417499999998 0.17021106875 0.15649704375 0.1861816484375 0.1619238328125 0.20143354531250002 0.164137675 0.210760775 0.167944221875 0.22612243906249999 0.1763570921875 0.22754367343749998 0.182037840625 0.2302275515625 0.184224146875 0.2361667625 0.1833750515625 0.244929065625 0.17379723125 0.247483059375 0.1685424828125 0.249120178125 0.16752156875
0 0.9165786421875 0.3208274109375 0.9153045796875 0.32357819062500004 0.9176485859374999 0.325273478125 0.9259577921875 0.3276085046875 0.927332975 0.3305615171875 0.9322931578125001 0.3304749375 0.9355772796874999 0.32917836093749997 0.9371825406250001 0.3264218015625 0.9443525359375 0.320342615625 0.9574790859375 0.31440793437500003 0.9571305703125 0.3134216796875 0.9531537796875 0.31299570625 0.956030328125 0.30723994062500004 0.956305271875 0.30401121249999996 0.9535651093749999 0.29860039843749997 0.948875534375 0.2952098515625 0.9405403703124999 0.29138755 0.9289801125 0.2923331984375 0.9186840609375 0.2897843765625 0.9173954578125001 0.291791546875 0.92008364375 0.2942246890625 0.9148284562500001 0.2963010953125 0.9138926765625 0.2995413578125 0.9089627921875 0.3013636125 0.9063785015624999 0.3048826875 0.9163578953125 0.3081809 0.9217098703125 0.311559884375 0.9211556765625 0.317770503125 0.919537434375 0.31978342656250003 0.9165786421875 0.3208274109375
0 0.8076904078125 0.5101050390624999 0.8118577671875 0.5071240421875001 0.8113764218749999 0.504078853125 0.8118588640625 0.5015466109375 0.8164576140625 0.499017528125 0.7944651015625 0.5003546796875 0.7965434874999999 0.5027687750000001 0.7977663781250001 0.5064870609375001 0.7970187921874999 0.5086910687499999 0.7975045875 0.5103797218749999 0.8013622078125 0.5120360875000001 0.8076904078125 0.5101050390624999
0 0.84190813125 0.505897840625 0.8466424421875001 0.5033460765625 0.848565259375 0.501144996875 0.8318519953125 0.49981460625 0.8306123484375 0.5060590671874999 0.8389242234375001 0.5082784046875 0.84190813125 0.505897840625
0 0.8208683765625 0.531020425 0.8235277125 0.5311740359375 0.8254031796874999 0.529752025 0.823257009375 0.527393809375 0.8204339015625 0.5267211015625 0.8162523328125 0.527366053125 0.8130491953125001 0.528736228125 0.812839084375 0.531829428125 0.8160091078124999 0.5326804828125 0.81812294375 0.5315746734375 0.8208683765625 0.531020425
0 0.800481915625 0.5345705078125 0.8011425046875 0.5364248859375 0.8036577640625 0.5377249374999999 0.8062422578125 0.5365452765625001 0.805935584375 0.5353598234375 0.8060278890625 0.5329484703125 0.8027062640624999 0.5328126703125 0.800481915625 0.5345705078125
0 0.8430243468749999 0.534660865625 0.8438281906249999 0.5356798046875 0.8448685593749999 0.535835109375 0.8469914328125 0.5354261218749999 0.8479890593749999 0.5351024125 0.8483931421875001 0.5338107890625 0.8478012749999999 0.5333866781250001 0.8465317718750001 0.533265065625 0.84565565 0.533208471875 0.8430243468749999 0.534660865625
0 0.6743250703125 0.5959800390625001 0.67779526875 0.5949583828125 0.681314553125 0.5933467171875 0.6838924484375 0.5926844375 0.682892946875 0.59128916875 0.6814356953125 0.5902597578125001 0.68162068125 0.5876967640624999 0.6791801625 0.5854858953125001 0.6757080265625001 0.5848745234375 0.6734193125 0.5849144734375 0.6695465 0.5848945609375 0.665905659375 0.5871521953125 0.6667723578125 0.5883700671875001 0.6690754015625 0.5908521265625 0.6726914796875 0.5918313546875 0.6732489875 0.5936890953125 0.6743250703125 0.5959800390625001
0 0.70475666875 0.586870984375 0.7079624109375 0.58609773125 0.711518484375 0.5847135828125001 0.7083359359375 0.5832345265625001 0.7062897968749999 0.58311553125 0.699889328125 0.58251776875 0.69747695 0.5825458109375 0.6946756796875 0.581333578125 0.692414609375 0.5830467374999999 0.6913230015625 0.5855067890625001 0.6920602796875001 0.588263090625 0.6960567875 0.58793860625 0.7011097328125 0.5870784140625 0.70475666875 0.586870984375
0 0.7695965515625 0.5958423015625 0.7784550703125 0.5944624890625 0.7809919015625 0.5923428921875 0.7805926203125 0.59050739375 0.778373878125 0.5896319203125 0.7775052703124999 0.5876780312500001 0.7827560734375 0.586514340625 0.788038996875 0.5862955453125 0.7946342953125 0.5861476062500001 0.798929478125 0.5866399062500001 0.8053191625 0.5883208343749999 0.8197798625000001 0.5869276234374999 0.8264424953124999 0.585623646875 0.8289950296875 0.5847617796875 0.8328333703125 0.575734040625 0.8275914343749999 0.5748988359375 0.8206679125 0.574864975 0.813854828125 0.5759652984375 0.8082816921875 0.577911296875 0.804958509375 0.5767909984374999 0.8008604281249999 0.5786378015625 0.7966467546875 0.5787863625 0.7940051343750001 0.578215190625 0.7894992656250001 0.5786345171875 0.7874020453125 0.5784539046875 0.7850404531249999 0.5760197484375 0.7812848390625 0.577521459375 0.7753419078125 0.57860503125 0.7682801031250001 0.5780797578125 0.7601646171875001 0.576994665625 0.7542108953125 0.576743846875 0.7529746703125 0.579334565625 0.75178443125 0.5816947609375 0.74677191875 0.582185440625 0.7359252859375001 0.58220443125 0.7330571265625 0.5863816859375001 0.73670721875 0.5885933203125 0.73997781875 0.5889394171875 0.7488226734375 0.5886568859375 0.754408859375 0.5879061546875 0.7586780328125 0.5921010359375 0.7640097203125 0.5958398046875 0.7695965515625 0.5958423015625
0 0.8263172624999999 0.59062503125 0.8282555296874999 0.5857279578125001 0.8166946203125001 0.5903069828125 0.8138522640625 0.592202190625 0.8164293656250001 0.595254553125 0.8225805828125001 0.595270640625 0.824608546875 0.5947961125 0.8263172624999999 0.59062503125
0 0.7003050156249999 0.5604040203125 0.6986608703125 0.559052821875 0.696586128125 0.5588171203125001 0.6952604953125 0.5595981859375 0.6958194828125001 0.5620778703125 0.6993132578125001 0.5616011984375 0.7003050156249999 0.5604040203125
0 0.6722756000000001 0.53335783125 0.669464003125 0.5342398484374999 0.6708212546875 0.5363446062499999 0.67308740625 0.536981715625 0.67551640625 0.53620483125 0.677378490625 0.5351799890625 0.675960625 0.533541984375 0.6722756000000001 0.53335783125
0 0.7069026375 0.6483069515625 0.7099551328125 0.649497609375 0.7143423624999999 0.64926475625 0.7183342859375 0.650557784375 0.721245753125 0.6491301921875 0.72311333125 0.6473457640625 0.718848665625 0.6467216609374999 0.7163336453125 0.6464201953125001 0.7123941265625 0.6469655953125 0.7069026375 0.6483069515625
0 0.690902703125 0.6422727703125 0.692523953125 0.6424913828125 0.6976181109375 0.6426493765625 0.7010907046875 0.6421230671875 0.7022244765625001 0.640467090625 0.6960897125 0.639423996875 0.692712028125 0.639389190625 0.690305178125 0.63982345 0.690902703125 0.6422727703125
0 0.6811579546875 0.6491048171875 0.6798101515625 0.6507645296875 0.68202591875 0.6512009265625001 0.6839834328125 0.6511667578125 0.6869203390624999 0.65030130625 0.6838175359374999 0.6492724890625 0.6811579546875 0.6491048171875
0 0.6963776875 0.6903907968749999 0.6965605625 0.6896765593749999 0.697643125 0.685982103125 0.6957066328125 0.6863253265625 0.6901055281249999 0.6881014750000001 0.6915245031249999 0.695443453125 0.7063734187499999 0.6948935953125 0.716537253125 0.6949709109375 0.7099735859375 0.6926335453125 0.7012263828124999 0.6942130078125001 0.6973749312499999 0.6934472953124999 0.6940499796874999 0.6931208984375 0.6911329890625 0.69163564375 0.6963776875 0.6903907968749999
0 0.5926130578125 0.6499908984375 0.59437785 0.6553890453125 0.6016671031249999 0.654799240625 0.60081683125 0.6519261421875 0.5926130578125 0.6499908984375
0 0.58798213125 0.601256484375 0.585335678125 0.6026466328125 0.5860212671875 0.6041427078125 0.5885618984375001 0.6042999546875001 0.5916671234375 0.603676915625 0.5930874234375 0.6025894625 0.5920994281249999 0.6012268109375001 0.5904850703125 0.6008658671875 0.58798213125 0.601256484375
0 0.5847158609374999 0.59381704375 0.585735778125 0.594949415625 0.587528596875 0.5952384828125 0.58949819375 0.59464308125 0.590783378125 0.5937830203125001 0.5916051578125 0.591890265625 0.588563546875 0.591591740625 0.5847158609374999 0.59381704375
0 0.592690121875 0.5265582546875 0.59329225625 0.5292715968749999 0.5988733140625 0.5301071328125 0.601649534375 0.5306900203125 0.6015029515625 0.5291861 0.6048451640625 0.5268305359375 0.59614924375 0.5237380796875 0.592690121875 0.5265582546875
0 0.61723014375 0.5488708703125 0.6161283109375 0.5507450734375 0.6164768296875 0.55200011875 0.6175572265625 0.553553375 0.619858384375 0.554136740625 0.6209822484374999 0.5492273156249999 0.61723014375 0.5488708703125
0 0.608143840625 0.55824025 0.6083841546875 0.5560716625000001 0.601991634375 0.5542282593750001 0.602344846875 0.557274121875 0.608143840625 0.55824025
0 0.5290589812500001 0.547621978125 0.52594248125 0.5493000625 0.525811321875 0.5512760906249999 0.528606103125 0.5521165046875 0.5329597125000001 0.5536282546875 0.5379514390625 0.554184971875 0.540403378125 0.5490820265624999 0.538718165625 0.548153484375 0.53685221875 0.546987434375 0.5328786171875 0.545848796875 0.5290589812500001 0.547621978125
0 0.52233984375 0.5364672328125 0.518758565625 0.537123584375 0.5146294453125 0.5394303734375 0.5179954203125 0.541390678125 0.5246728078125 0.5418273328125001 0.5314343390625 0.540101253125 0.5293125953125 0.537978584375 0.5245079828125 0.5365028359374999 0.52233984375 0.5364672328125
0 0.4671715328125 0.5307963765625 0.47197773125 0.5292294453124999 0.47736124531249996 0.5302075140625 0.48184267031249994 0.53035745 0.4844522171875 0.52944926875 0.486325990625 0.524886184375 0.481630309375 0.5226677984375 0.47283842343750004 0.5206131125 0.47006105 0.522829109375 0.4682967234375 0.5257837875 0.4645050484375 0.527815896875 0.4637435734375 0.529940446875 0.4671715328125 0.5307963765625
0 0.4978936703125 0.5928555906249999 0.5044564203124999 0.591022025 0.5132589624999999 0.59127 0.5251638484375001 0.5906402609375 0.530898271875 0.5915778234375 0.530300703125 0.5865296718749999 0.5271426609375001 0.5877974796875 0.5210455578125 0.5876585546875 0.5148059578125 0.5878612328124999 0.508861171875 0.5882119109375 0.5029351656250001 0.5882059578125001 0.4960344359375 0.5889405671875 0.49127284531250004 0.5884970390625 0.48776859375 0.58873166875 0.48349062031249995 0.589493946875 0.48014831874999997 0.589785134375 0.47793366875 0.5906661062499999 0.47551492812499996 0.5904192203124999 0.4723413265625 0.5888259265625 0.4650523390625 0.58764045625 0.46225145 0.5892255171875 0.45678371718750005 0.5887943140624999 0.45097672187500004 0.5899661515625 0.4468388421875 0.590607215625 0.4475663015625 0.5946810765625 0.45440450625000006 0.59466173125 0.45975139687500005 0.59354168125 0.4635293984375 0.5933225875 0.4694788859375 0.5934203328125001 0.47537643125000006 0.5951082890625 0.480976696875 0.59444795 0.48472233593749997 0.593538690625 0.4900091921875 0.5947091015625 0.49430704375 0.59356360625 0.4978936703125 0.5928555906249999
0 0.40998232031250004 0.5933305515625 0.41197254531249994 0.5956180421874999 0.419107325 0.5956685296875001 0.43012515156250003 0.596235703125 0.437845690625 0.5963603562500001 0.44405132812500003 0.5952862640625 0.44575968125000004 0.5933327140625 0.4457267671875 0.5914470640625 0.44084395 0.589788278125 0.43435050000000003 0.589324971875 0.4289600390625 0.5906348718750001 0.4139106953125 0.5908037953124999 0.40998232031250004 0.5933305515625
0 0.370422146875 0.5952415765625 0.36308751093749997 0.5942163015624999 0.3582481796875 0.5923629781249999 0.3559515296875 0.5925749671875 0.35093925000000004 0.590751228125 0.350063128125 0.60027421875 0.351229053125 0.6013555984375001 0.3572668984375 0.598726384375 0.36411028437500004 0.5983772109375 0.37182764375 0.5991254515625 0.379023546875 0.599454603125 0.3880982421875 0.601058971875 0.39241792656249996 0.5984785015625 0.397849234375 0.5979867624999999 0.4026037890625 0.5952518062500001 0.40821457499999997 0.5940302609375 0.4085849953125 0.590631090625 0.4018706359375 0.5892402484375 0.3881942390625 0.5873098890625 0.37818346875 0.58857073125 0.3687103 0.5926976265625 0.3718019328125 0.59514560625 0.370422146875 0.5952415765625
0 0.393635215625 0.58164219375 0.390417928125 0.5830970015625 0.3953415171875 0.5845847375 0.4017292265625 0.58597346875 0.40415085156249997 0.5845950578125 0.393635215625 0.58164219375
0 0.368680521875 0.519368228125 0.3757225453125 0.5158057234375 0.3695012125 0.515533009375 0.3628560234375 0.516403803125 0.368680521875 0.519368228125
0 0.35314550625 0.5183032515625 0.350481178125 0.5191170625 0.352126521875 0.521163659375 0.3541114671875 0.5218056765625 0.3559279109375 0.52085195625 0.357294821875 0.51974980625 0.35314550625 0.5183032515625
0 0.3445192515625 0.5158893703125 0.34041009375 0.5165643125 0.337057096875 0.5172276203124999 0.3360088015625 0.518050728125 0.34027888125 0.52068598125 0.3436821390625 0.51761986875 0.3445192515625 0.5158893703125
0 0.3111855234375 0.5262445765625 0.31116256249999996 0.5249291515625 0.3110269046875 0.5238719828125 0.309513840625 0.5229576265625 0.3075598203125 0.5240872125 0.3088224328125 0.5258732609375001 0.3111855234375 0.5262445765625
0 0.334450728125 0.5897622796875 0.33235648906250004 0.5884095609375 0.338504115625 0.5881303515625 0.34197094687499996 0.5845880578125 0.34088165625 0.584405478125 0.327509703125 0.5868454734374999 0.32130555 0.5888103 0.3113901078125 0.591593146875 0.31224575 0.59540066875 0.31776171875000003 0.5995800375 0.3158750984375 0.6025118484374999 0.3098543609375 0.60074946875 0.30873886562499997 0.60801848125 0.316147753125 0.6062248421875001 0.32063244218750003 0.6032492453125 0.3262526109375 0.6028339093749999 0.3320517953125 0.6016622093749999 0.340099375 0.600468453125 0.3405088921875 0.5932211390625 0.334450728125 0.5897622796875
0 0.3192976234375 0.654088096875 0.311292934375 0.6559483937499999 0.3070010890625 0.6558264031250001 0.2998073234375 0.6557988234375001 0.3000273484375 0.6633008125 0.3140278734375 0.6621344171875 0.320827834375 0.6625204874999999 0.3283684765625 0.6619184812500001 0.3310316 0.6552162953125 0.3271953484375 0.653978371875 0.3192976234375 0.654088096875
0 0.3353132546875 0.576237353125 0.326168475 0.5786754484375 0.3237864109375 0.5817831203125 0.31628706875 0.5809013671875001 0.31502894062500003 0.58447543125 0.341537053125 0.5796058093750001 0.3353132546875 0.576237353125
0 0.34767181406250003 0.6547789421875 0.34269545 0.65438604375 0.342493521875 0.6566946078125 0.34767181406250003 0.6547789421875
0 0.39450731875 0.6550615921875 0.3870803359375 0.6559976046875 0.3837160984375 0.6542263609375001 0.3798748609375 0.6551200984375 0.36863155000000003 0.6545271687499999 0.3568132640625 0.6608343859375 0.360394275 0.6613266515625 0.3671293578125 0.6617560484375 0.3738890015625 0.6609066968749999 0.3829313296875 0.6615521109375 0.3940683265625 0.6608888921875 0.4012202453125 0.6614735375 0.4057865453125 0.6620095515625 0.4062497546875 0.6606137546874999 0.41087209687500004 0.6590781625 0.41899221718749996 0.6589067328125 0.41872110625000003 0.66065391875 0.4143053734375 0.6614920484375 0.413324940625 0.6632484890625 0.41805157968750006 0.6643755453125 0.42113931562499995 0.6640934890625 0.42625941093749997 0.6626039031250001 0.4271225875 0.6646047687500001 0.43250810156249997 0.664354490625 0.43624764843749997 0.6629171328125001 0.436942090625 0.6607124890625 0.43896333125 0.66065845625 0.44482241875 0.6623814625 0.4471979828125 0.663646446875 0.45170967187500005 0.665261703125 0.4563054578125 0.664622021875 0.45658362031250005 0.6630997484375001 0.45836920000000003 0.6606463375 0.4577906625 0.6557931953125 0.46141280625 0.6566723015625 0.46665169375 0.6576013234375 0.4728691875 0.6575646828124999 0.4755076359375 0.6565216015625001 0.48360378906249996 0.6552457359375 0.4860057609375 0.6560539390625 0.491300534375 0.6569616703125 0.49824012968750003 0.6562154437500001 0.50403704375 0.65437649375 0.4928471765625 0.65165261875 0.4949452234375 0.6490156015624999 0.490324646875 0.6473397359375 0.48272849687499997 0.64708945625 0.4761111171875 0.6505382843749999 0.4640219984375 0.6535950453125 0.4594341296875 0.6505699671875 0.45258659687499997 0.6525616515625 0.44898566874999996 0.6494959046875 0.44185455625000003 0.650729921875 0.43810586718750005 0.6538817640625 0.4320832859375 0.65344618125 0.42570984687499996 0.6549342015625 0.42424501875000004 0.6543659296875 0.41972149999999997 0.6532368921875 0.4150268625 0.6550175328125001 0.40019592812499993 0.654627871875 0.3969227609375 0.653239471875 0.39450731875 0.6550615921875
0 0.3982736734375 0.66841039375 0.40379609531250005 0.66749825 0.408539996875 0.6668387953125 0.4074169515625 0.66436426875 0.4001056296875 0.6653013859375 0.39605030937499996 0.66494241875 0.39340759375 0.66529328125 0.392578146875 0.6671049078125 0.3937989109375 0.6685525734375 0.3982736734375 0.66841039375
0 0.356587696875 0.7006443859375 0.3571222984375 0.6984144046874999 0.3472286203125 0.6986839890625001 0.34284843593750003 0.698604171875 0.336703975 0.6978112859375 0.3351348390625 0.7014736046875 0.34024355 0.701032815625 0.3489526421875 0.70085110625 0.356587696875 0.7006443859375
0 0.3150392609375 0.7016337203125 0.3222827453125 0.7016448046875 0.323048359375 0.6979668203125 0.3198578265625 0.6984475765625 0.3150392609375 0.7016337203125
0 0.3775825953125 0.6930064984375 0.3727092765625 0.69395106875 0.3712345375 0.6954114046875 0.3732900625 0.6972320578125 0.3762557484375 0.69604574375 0.381468325 0.6978847390625 0.38881408125 0.69775651875 0.395069975 0.6961595953125 0.3907180765625 0.69483534375 0.3853953234375 0.6957268125 0.3838124703125 0.693679125 0.3775825953125 0.6930064984375
0 0.4187652921875 0.6970274375 0.411375409375 0.6962391 0.405514803125 0.6964882953125 0.40358105312500003 0.69743625 0.401004290625 0.7001331953125 0.4207734875 0.69882235 0.4187652921875 0.6970274375
0 0.48949066874999997 0.69741660625 0.48512076249999997 0.6936282312500001 0.4952122421875 0.6943053390625 0.5002591671875 0.6930108109375 0.4970160734375 0.69092803125 0.48286803906250003 0.691164046875 0.4734484421875 0.6898548046874999 0.47041688437499996 0.6908484890625 0.4696589890625 0.693715278125 0.47208071562500004 0.6952076140625 0.4745057390625 0.6953668796875 0.47384707343750004 0.6974724453125 0.4796911375 0.6977079875000001 0.48949066874999997 0.69741660625
0 0.4930579796875 0.6975715578125 0.5033682234375 0.6970837328124999 0.5000098734375 0.6953811484375 0.49584015625 0.695272653125 0.4930579796875 0.6975715578125
0 0.43191295468749996 0.6968682671875001 0.429104740625 0.6966906875000001 0.426153471875 0.69664375 0.42273627343750003 0.6977473062499999 0.4238912265625 0.699543046875 0.43306119218749994 0.6989954265625 0.43191295468749996 0.6968682671875001
0 0.4518582078125 0.6984813578125 0.4623722015625 0.6974008234375 0.45754753593749997 0.6961192046875 0.45306768281250004 0.695880165625 0.4518582078125 0.6984813578125
0 0.43153043125 0.669581725 0.434538875 0.6702183796875001 0.43732356718750004 0.6692274406250001 0.43897943437500003 0.667579540625 0.43498092968749996 0.6672524 0.43124322812500004 0.66888506875 0.43153043125 0.669581725
0 0.44873536875 0.666581 0.44358285625000005 0.668003953125 0.44396931406249995 0.6691942640625 0.44493322031250004 0.6698931734375 0.44866359375 0.6698999453125001 0.45268450156249995 0.6698094453125 0.4517779203125 0.6680078046875 0.44873536875 0.666581
0 0.408644465625 0.6481138078125 0.40892141718749997 0.649745159375 0.41431999062499997 0.6499744140625 0.42047315156250004 0.6500123453125 0.42403624687499997 0.6501048625 0.42956599375 0.64880659375 0.42971720468749997 0.6466364375 0.4274711765625 0.6450035125 0.4253398296875 0.644837559375 0.41854982500000004 0.6465438203125 0.4150837765625 0.6461917578125 0.408644465625 0.6481138078125
0 0.438486521875 0.6448018624999999 0.43496692968749995 0.6443366546875 0.4328701578125 0.6458828578125 0.434587140625 0.6473781203125 0.43607133906250006 0.6483398640625 0.44216405156249994 0.6482272640625 0.44735801875 0.648194425 0.44279149218749997 0.6449595671874999 0.438486521875 0.6448018624999999
0 0.41050581093750005 0.640600490625 0.40837214062499994 0.6425395859374999 0.40724702031250004 0.64522838125 0.41097900000000004 0.6450585359375001 0.412729034375 0.644418521875 0.41750624687500004 0.6427130125 0.422766284375 0.6427946625 0.4200183078125 0.640517275 0.4139786703125 0.639552221875 0.41050581093750005 0.640600490625
0 0.35426743437499997 0.6673626234375 0.35022846875 0.6680300906250001 0.3511246734375 0.6709383296875 0.35462941875 0.67162726875 0.35748571406249996 0.6701725109375001 0.35675229218750004 0.66718954375 0.35426743437499997 0.6673626234375
0 0.290362165625 0.603426 0.2979810703125 0.602383496875 0.2994156796875 0.5926257234375 0.2869210015625 0.5944721921875 0.290362165625 0.603426
0 0.2898981875 0.5782771421875 0.2819101375 0.58010589375 0.284728409375 0.58739531875 0.288123040625 0.5851779234375 0.292654628125 0.5852472843750001 0.2898981875 0.5782771421875
0 0.25790490781250003 0.6058897062499999 0.26676388281249996 0.6039988703125 0.26492134218749996 0.59942876875 0.2554996734375 0.601402875 0.25790490781250003 0.6058897062499999
0 0.2825261921875 0.6025970046875 0.2807241484375 0.5969447812500001 0.2708162265625 0.598367915625 0.2738296390625 0.603855221875 0.2825261921875 0.6025970046875
0 0.275946871875 0.5842324703124999 0.27449565468750003 0.5791617125 0.2719772546875 0.5835907140625001 0.27406860312500003 0.5854044921875 0.275946871875 0.5842324703124999
0 0.2792606671875 0.663331996875 0.2875534546875 0.66195111875 0.2880966453125 0.65681116875 0.279012428125 0.6590481765625 0.2792606671875 0.663331996875
0 0.2400255890625 0.6790331968750001 0.23853512656250003 0.6810251375 0.2416576 0.681837953125 0.2451234140625 0.6823556703125 0.25007367343750003 0.68196921875 0.24816333125 0.6788864640625001 0.2454548015625 0.6786899546875 0.2400255890625 0.6790331968750001
0 0.21118516406249999 0.698992696875 0.21232640625000002 0.7011668609374999 0.2167184359375 0.701208965625 0.22034045937500002 0.70127545 0.220523853125 0.701217553125 0.2219005859375 0.6990666359375 0.2213390703125 0.6969792421875 0.2183755921875 0.696143334375 0.2133635640625 0.6967512124999999 0.21118516406249999 0.698992696875
0 0.22608677031250002 0.7054007906249999 0.2301175578125 0.7051600953125 0.23330413125 0.7026619140625 0.22505713749999998 0.7025480140625 0.22608677031250002 0.7054007906249999
0 0.231763453125 0.6657863109375 0.23761875312499997 0.6654121890625 0.2434318734375 0.6644121468749999 0.242904409375 0.6643650953125 0.243518078125 0.66433719375 0.24045173125 0.6555487453125 0.2339370671875 0.653243340625 0.2280538734375 0.653541375 0.223736659375 0.65205555625 0.220580790625 0.6535374218750001 0.2149009265625 0.6545617046875 0.2068620578125 0.653658115625 0.20252452812500002 0.6544104921875 0.201150865625 0.655304915625 0.1992774859375 0.66562043125 0.211794021875 0.6648471828125 0.21889635625 0.6654561343750001 0.22227785937500003 0.6657096578125 0.227775709375 0.6652698906250001 0.231763453125 0.6657863109375
0 0.174991190625 0.6725265874999999 0.1771638546875 0.6712994203125 0.17600405 0.667345621875 0.18076019375000002 0.66523885625 0.181710103125 0.6652254015625 0.1848181796875 0.6562604171875 0.18512905 0.6533889296875001 0.168074803125 0.6588452109375 0.1553881203125 0.6626734578125 0.149347590625 0.664343196875 0.15551443125 0.6671344328125 0.1605287625 0.6702395812499999 0.1615542390625 0.6720485218750001 0.167175221875 0.672664578125 0.1719228015625 0.67346934375 0.174991190625 0.6725265874999999
0 0.14077789999999998 0.6539786796875 0.13878024687499999 0.6532353046875 0.13142655 0.6545200906249999 0.127321471875 0.65614510625 0.13330964218750002 0.6616820671875 0.14962803593750001 0.6574903828124999 0.1438452921875 0.65593325625 0.139594053125 0.6562574999999999 0.14077789999999998 0.6539786796875
0 0.1603096765625 0.65186873125 0.15700287500000001 0.6511497703125 0.1502814734375 0.65159370625 0.14814425 0.6540454421875 0.15057880625 0.653945125 0.152800925 0.6559988437500001 0.1551356734375 0.655462703125 0.15889717812499998 0.6542984406250001 0.1601506546875 0.652785709375 0.1603096765625 0.65186873125
0 0.18099995468750002 0.6245409734375 0.18166936718749999 0.6267218109375 0.18449339843749998 0.627805503125 0.1862746265625 0.6274306078125 0.18815323125 0.6261882578125 0.1871895 0.624425121875 0.1859234421875 0.6237846203124999 0.1833832625 0.6234742171875001 0.18099995468750002 0.6245409734375
0 0.140966040625 0.627602628125 0.1415503265625 0.6275924296875 0.1440261859375 0.6262771453125 0.143863125 0.6245453515625 0.1422689828125 0.6246263109375 0.139809353125 0.6258866171874999 0.140966040625 0.627602628125
0 0.214915415625 0.5969292375 0.21393638125 0.6020783578125 0.2173787703125 0.6018807500000001 0.214915415625 0.5969292375
0 0.1676824359375 0.6056580203124999 0.1765684421875 0.6052263109375 0.1853475703125 0.6055653328124999 0.19329117499999998 0.604860965625 0.1968024421875 0.6027899953125 0.20020109062500002 0.590506934375 0.193175446875 0.589546590625 0.18910042031250002 0.5907444546875 0.1823804 0.59261045625 0.1771472015625 0.59182823125 0.1732488875 0.5941075515625001 0.169739596875 0.5958440609375 0.1672562734375 0.596015553125 0.1558544640625 0.5966380734375 0.1472490453125 0.5969398671875 0.1366213734375 0.5975957578125 0.1271351359375 0.5976613265624999 0.12193124375 0.5986476093750001 0.11112413125000001 0.5986924765625 0.103568603125 0.5993369359375 0.0952413203125 0.600263659375 0.089659946875 0.5995890890625 0.0868608140625 0.59993174375 0.081030315625 0.6000257015625 0.0788308828125 0.6011517578125 0.0716896578125 0.6020749671875001 0.06692981249999999 0.6017314234375 0.0618023078125 0.6027069968750001 0.060955796875 0.6047048875 0.052767003125 0.60506035625 0.044447775 0.605105553125 0.0434071328125 0.6077100484375 0.0476422359375 0.6091472921875 0.0562447765625 0.611008378125 0.0573541078125 0.6108171140625 0.061802081249999995 0.608961078125 0.0693952125 0.6083222125 0.0760423109375 0.608187434375 0.09009392031249999 0.609231421875 0.10068412812500001 0.6088465375000001 0.112804665625 0.6078582921875 0.1226015125 0.6078607515625001 0.13048419218750001 0.6080528968750001 0.1437976859375 0.6083518406249999 0.145678078125 0.6048841203124999 0.148617328125 0.610957184375 0.1532953265625 0.6119835109375 0.158131803125 0.6142103796875 0.164411340625 0.6139679375 0.16857835625 0.6117730031249999 0.1628477046875 0.6069332171874999 0.1617226359375 0.6053276078125001 0.1676824359375 0.6056580203124999
0 0.088576084375 0.5756340437499999 0.0846251234375 0.575703009375 0.07856068125 0.5768980921875 0.07873026718750001 0.58016750625 0.08333464375 0.5827953609375001 0.10143155468750001 0.58004316875 0.09753632031250001 0.5775748375 0.088576084375 0.5756340437499999
0 0.1674670234375 0.584185071875 0.1715066921875 0.5851694078125 0.1748432828125 0.58499865 0.175298546875 0.5823418625000001 0.17189866874999998 0.5791554015625 0.15486681093750002 0.581238903125 0.158674509375 0.5833477703125001 0.16358277968749999 0.5851217546874999 0.1646925578125 0.5845085421875 0.1674670234375 0.584185071875
0 0.11838254374999999 0.563299471875 0.1163940984375 0.5637998750000001 0.1151689078125 0.5662169390625 0.1163967703125 0.5673550578125 0.11918974062500001 0.5672859906250001 0.1209565546875 0.566264375 0.1196899046875 0.56487376875 0.11838254374999999 0.563299471875
0 0.013907062500000001 0.5376829812499999 0.0264559265625 0.537060753125 0.017971640625 0.5306937921875 0.011901096875 0.5293010875 0.0074703390625 0.5292784125 0.0004629140625 0.530883765625 0.0005771453125 0.5374280812500001 0.013907062500000001 0.5376829812499999
0 0.0062718953125 0.5150534109375 0.0001602234375 0.5135426578125 0.001161975 0.5263474375 0.007772831249999999 0.5253897281250001 0.01062406875 0.521317471875 0.0226384890625 0.5230236765625 0.0336649125 0.5252472015625 0.0541746328125 0.5234764890625 0.0566830328125 0.526711328125 0.0599674578125 0.5346536546875 0.0663049609375 0.5362995500000001 0.0879437546875 0.5360953078125 0.10974211250000002 0.53285656875 0.1009696390625 0.5288700000000001 0.09018620000000001 0.5271376203125 0.10710296562499999 0.5241903703124999 0.1218873765625 0.523168128125 0.1554830578125 0.5197625343750001 0.1610575984375 0.518971375 0.16243791875 0.52427778125 0.1607894640625 0.526081825 0.1697597296875 0.527433290625 0.17596406250000002 0.5259263437499999 0.181052575 0.5229855265625 0.18223095 0.51967695625 0.180674440625 0.5151096749999999 0.1680665109375 0.51234804375 0.15626004843750002 0.512976065625 0.13462982031249998 0.51393965 0.120842728125 0.5153367296875 0.1121349375 0.511653765625 0.0860850828125 0.512874209375 0.055816546875 0.5141354734375 0.05086333125 0.5141734875 0.0474470875 0.5119296421875 0.042163675 0.5136424234375 0.0378861484375 0.5130873046875 0.03432175625 0.5130995140625 0.0307993265625 0.5124718296874999 0.0298367640625 0.51453581875 0.0273395984375 0.5125712890624999 0.0227940140625 0.513938328125 0.020390843750000002 0.512434728125 0.0150775359375 0.5131510046875001 0.009107325 0.51401470625 0.0062718953125 0.5150534109375
0 0.0221180875 0.5474646062499999 0.018460667187499998 0.5487723859375 0.0190122828125 0.5509193359375 0.02181054375 0.5505266890625 0.024337640625 0.5506247875 0.026771557812500003 0.5494133765625 0.0255814984375 0.547576053125 0.0221180875 0.5474646062499999
0 0.20407482031250002 0.5141214453125 0.1994190953125 0.5141026953125001 0.20059372656250002 0.5196220984375 0.20438751875 0.5190542390624999 0.206492521875 0.521113128125 0.20407482031250002 0.5141214453125
0 0.23457118281249997 0.5266286140625 0.2356989484375 0.5262401234375 0.2367063515625 0.5232533375 0.23448766718749997 0.5192476984375001 0.23033149062499997 0.5182138265625 0.22922469687499997 0.526249990625 0.23195302343750002 0.526058596875 0.23457118281249997 0.5266286140625
0 0.24481889687499997 0.5170076765625 0.24352603281250002 0.51760689375 0.24164003906249998 0.5156504484375 0.2449147359375 0.5235726296875 0.24544057656249998 0.5230790015625 0.252576428125 0.5231013421874999 0.24979059062500003 0.5206245843749999 0.2510895265625 0.5183140640625 0.25106264375 0.5157891484375 0.2494011109375 0.5155009140625 0.24481889687499997 0.5170076765625
0 0.2594212703125 0.5174638375 0.260820665625 0.5209086890625 0.26196826875 0.5190602546875 0.2669225234375 0.5172016328125 0.2594212703125 0.5174638375
0 0.23356764531250002 0.5953722234375001 0.2342893984375 0.59920865 0.23936065312500002 0.598323134375 0.23356764531250002 0.5953722234375001
0 0.21162337031249998 0.438320346875 0.20822085937499998 0.439459590625 0.212045571875 0.44379662499999994 0.2214109203125 0.44548968437500003 0.232549134375 0.44686581875 0.2359216453125 0.4431126390625 0.23507472499999998 0.44016290781249995 0.2278499109375 0.438535625 0.2178999484375 0.43746067499999997 0.21162337031249998 0.438320346875
0 0.5106921843750001 0.6201441937500001 0.5098428796875 0.6162521734374999 0.495837059375 0.619622121875 0.5106921843750001 0.6201441937500001