0 0.21524154062499998 0.6185703984375001 0.203763790625 0.612049178125 0.18870756718749998 0.599808153125 0.17226519375 0.593188815625 0.16248858125 0.5907649921875 0.16051059843749999 0.590626678125 0.1593824046875 0.5925370078125 0.164419671875 0.601093609375 0.188989875 0.6194694890625 0.1855705859375 0.620970565625 0.1704834 0.6233959203125 0.16418305625000001 0.6281758859375 0.1499298875 0.6328978265625 0.1184214046875 0.647352303125 0.1084560453125 0.6476500671875 0.0950351796875 0.6499444640625 0.0775014109375 0.6589103984375 0.07397825 0.6618969109374999 0.07554080625000001 0.6632498296875 0.08338975937500001 0.6647932921875 0.09663609375 0.6649724328125 0.1094495609375 0.6666155703125 0.1303909671875 0.68001369375 0.1356877515625 0.6848590437500001 0.13858956718749998 0.6907805765624999 0.1421317734375 0.6922703609374999 0.1461427375 0.69180526875 0.145689328125 0.684065725 0.14907224218749998 0.678336184375 0.14566856718750001 0.6748653015625 0.1477173203125 0.6740139546874999 0.1516764015625 0.6742908 0.1548188453125 0.67674880625 0.15735379375 0.6736931921875 0.1748186171875 0.6704394875 0.1781168125 0.6706701203125001 0.1962443953125 0.6769107765625 0.203901328125 0.6764515906249999 0.2131208171875 0.6773453234375 0.21586355781250002 0.6760444171875 0.223849375 0.6756082296875 0.23135055468750002 0.6773764171875001 0.23209642343749998 0.67618491875 0.22794677187499998 0.6739070921875 0.22806797343750002 0.672173825 0.23016860781249998 0.6705805390624999 0.2348907796875 0.6694196140625001 0.2488325515625 0.6691508625 0.248275428125 0.667620771875 0.24016680156249998 0.665064540625 0.24126017812499997 0.6589258578125 0.2553732078125 0.6514593328125 0.26044143750000004 0.645349553125 0.271135178125 0.6393841046875 0.2757864234375 0.634488821875 0.2756651734375 0.6314965124999999 0.27113319687500004 0.6299375171875 0.2526595578125 0.628645715625 0.2462364046875 0.6304332625 0.2322410375 0.626719825 0.22753608593750002 0.6276344765624999 0.2239247765625 0.6271329046874999 0.21524154062499998 0.6185703984375001
0 0.928473328125 0.7059858718750001 0.910276378125 0.69601096875 0.8923890015625 0.6768603078125001 0.874520934375 0.666908403125 0.8715496421875001 0.65725418125 0.8667912015624999 0.6541850859375 0.86479433125 0.6542944953125 0.8554554640625 0.659856596875 0.8507158531250001 0.6612669140625 0.8423322046875 0.667392334375 0.8381637718749999 0.665360671875 0.8322422125 0.6599751109375 0.825888271875 0.6607728890625 0.8165147453125 0.6668306562499999 0.8151789171875 0.671710296875 0.8167432984375 0.6777857859374999 0.80650109375 0.6820426328125 0.8067088859375 0.6837973390625 0.8105295453125001 0.6860537265625 0.8299410734375 0.688156678125 0.8403754546875 0.6906264984375 0.8430507 0.6950394890625 0.839821871875 0.6985431046875 0.834822696875 0.69893909375 0.82159385 0.7032361390624999 0.8108828890625001 0.7094478609375 0.8034871875 0.7109199234375 0.799284203125 0.7093823687499999 0.7872508890625001 0.7013311671875 0.7711547296875 0.6944869953125 0.7591561234374999 0.69066570625 0.751535409375 0.6906293359375 0.7487565593750001 0.6924242406250001 0.7454081968749999 0.6976596749999999 0.7454602359375 0.7016417546875 0.74850063125 0.7103077640625 0.743553603125 0.714684275 0.7317677796875001 0.7220660578125 0.7168365046875 0.72698805625 0.7086620984375 0.7348698515625001 0.7020485328125 0.7393804375 0.6886277749999999 0.741673275 0.6784375609375 0.745186625 0.6662506328125 0.753533403125 0.6551224203125 0.7562371609375 0.652189484375 0.7602579890625 0.6539787203125 0.7631178921874999 0.6646396734375 0.767096253125 0.6665154515625 0.768718553125 0.6719853671875 0.775814275 0.67575414375 0.7788126 0.6785852984375 0.7857222359375 0.685515565625 0.7956548625 0.691002653125 0.7977787328125 0.7074448703125 0.7996740515625 0.7093378703125001 0.8010500765625 0.7092339984375 0.8025355125000001 0.7014387515625 0.8049726796875 0.690900496875 0.8039882953124999 0.6898588453125 0.8046610218750001 0.688227234375 0.8090218921875 0.6879348828125 0.8179513765624999 0.6856266140625 0.8225139734375 0.6772950062499999 0.8326214734375 0.672018984375 0.8369765453125 0.6657341453125001 0.8367861109374999 0.6548291828125 0.8315485984375 0.650176221875 0.831719753125 0.6356288765625 0.8406486078125001 0.632071165625 0.844129225 0.6323136171875 0.8453882671875 0.6398338421875 0.8516327499999999 0.6651860234375 0.8683231359375 0.6855373140625 0.880685384375 0.6951912765625 0.8848408078125001 0.7048104203125 0.884767878125 0.73017634375 0.8870381578125001 0.7361131421875 0.8827308578125 0.7427787453125 0.8822023531250001 0.7598301249999999 0.8896098406249999 0.7603872484374999 0.89113993125 0.7589978234375 0.8920373828124999 0.7445716796874999 0.89923296875 0.743479753125 0.9053733203125001 0.7444176421875001 0.9061844703125 0.7460495203125 0.906546059375 0.762212909375 0.9029538734375 0.7709271078125 0.8968500015625 0.7726090421875 0.8917470843749999 0.776099209375 0.8892547875 0.7801258359375 0.8885433125000001 0.786012578125 0.8897005203124999 0.795631721875 0.8896275890625001 0.7989991296875 0.8888684515625 0.8043113703125 0.8840178234374999 0.8099872031249999 0.88342010625 0.8201272515625 0.885372821875 0.8328733343750001 0.8927282984374999 0.8566784640625 0.9030953640625 0.8652559562500001 0.9036951609375 0.8610873671875 0.8969394812499999 0.8281804078125001 0.87449871875 0.8275539171874999 0.8692343796875001 0.8299832781250001 0.8629400734375 0.8236775218749999 0.8488251984374999 0.8252399203125 0.8454540984375001 0.8421838390625 0.8401747484375001 0.8508288265624999 0.8350606484374999 0.8709981421874999 0.816829428125 0.8828718484375001 0.8082132703125 0.88905105 0.8004394343750001 0.8910807578125001 0.7951117921875 0.8915477984375 0.7884327890625 0.88587025 0.7843063796874999 0.8790457281249999 0.7823364640625 0.8743579499999999 0.7782792640625 0.87317605 0.7762089640625 0.874233315625 0.770564278125 0.8802048843750001 0.7657597546875 0.8856037140625 0.7643971015625 0.892080571875 0.7665901828125 0.8961970140625001 0.7693653421875 0.8988532140625001 0.7693020374999999 0.9016478343750001 0.7672591921875 0.9039542796875001 0.757974025 0.9104467515625 0.7551951484375 0.9154457703125001 0.750075140625 0.9203946234375 0.750421196875 0.9274789265625 0.7534023234375 0.9326510765625 0.7505326859375 0.9413151109375001 0.7498948796875 0.9447344 0.748393803125 0.9480151093750001 0.7441482500000001 0.9563485421875001 0.73876331875 0.9603579468750001 0.7382981171874999 0.9623028281250001 0.7389322046875 0.964076559375 0.7467625078125 0.968141278125 0.7550036234374999 0.975469640625 0.7639694765625 0.9823290890624999 0.7701661875 0.9881247625 0.6872842015625 0.9750689984375001 0.689106040625 0.9704523046875 0.6935072171875001 0.9671387593749999 0.7029710046875 0.9649515843750001 0.70580189375 0.9593624500000001 0.7098860265625 0.9535466343750001 0.7124631765625 0.9462029234375 0.7131917421875 0.928473328125 0.7059858718750001
0 0.8013852171875 0.6333953890624999 0.794465534375 0.630098415625 0.777829990625 0.6266671203125 0.7631365734375 0.6211318 0.755270140625 0.62077908125 0.7794612171875 0.6347881906249999 0.78554570625 0.6395460890625 0.8051131843749999 0.6459594828124999 0.8204302046875 0.6498342578125 0.8166869234374999 0.6437834 0.8102599484375 0.6397345890625 0.8013852171875 0.6333953890624999
0 0.7115364171875 0.72514666875 0.7280465625 0.70716549375 0.722725303125 0.7000942640625001 0.717093459375 0.69988370625 0.71497564375 0.703985028125 0.710943575 0.713868465625 0.6928371984374999 0.72226494375 0.6821316140625 0.7295421375 0.6899451515624999 0.734055990625 0.69903658125 0.732614790625 0.7115364171875 0.72514666875
0 0.8350831937500001 0.352593271875 0.8314533359375 0.3492882640625 0.8321964640624999 0.3434320875 0.8108209171875 0.337944825 0.7996804609375 0.336478196875 0.7931024140625 0.34285518125 0.796247634375 0.3483645640625 0.7960122968750001 0.3525364359375 0.7813941 0.3572594765625 0.785654653125 0.360818471875 0.8029322109375 0.35621090781250003 0.8139456953125 0.3621812125 0.831389034375 0.3689112671875 0.8350397828125 0.3634729953125 0.8478928953124999 0.3690738515625 0.8512182875000001 0.36239736875 0.8474584625 0.3573446640625 0.8350831937500001 0.352593271875
0 0.8563488546875 0.1684734953125 0.8658437734375 0.1720586234375 0.8652624843750001 0.1704485265625 0.8627778703125 0.166512496875 0.8630629125 0.1623018109375 0.8650422062500001 0.1601142375 0.8630709 0.15833489218750002 0.8503726265625 0.1610698296875 0.8375810187500001 0.1582628828125 0.8273758062500001 0.1582948296875 0.8015566453125 0.1574886875 0.7934726703125 0.1535495578125 0.787017075 0.1571674265625 0.7775931468749999 0.156464584375 0.785808015625 0.1556199421875 0.7845922890625 0.152219040625 0.77099380625 0.150826440625 0.7615193546875 0.149838128125 0.7561342203125 0.1526176890625 0.750249415625 0.153874309375 0.746035171875 0.1488242875 0.7333808421875 0.1471452875 0.7343804734375 0.1494926125 0.7341588875 0.15266143593749998 0.7351660890625 0.15687163906249998 0.7376615765625 0.15899463593750002 0.742108996875 0.1620764421875 0.7474622156249999 0.165801125 0.7526419468750001 0.1649509984375 0.7537866484375 0.161124653125 0.7612173921875 0.1626905609375 0.769137871875 0.1612176015625 0.7733490625 0.1626601859375 0.780428403125 0.164480325 0.7889132140624999 0.16206005 0.7980863109375 0.1652076 0.8035364953125 0.1652832828125 0.8072128812500001 0.163667046875 0.8119452734375001 0.1648014875 0.819050490625 0.166206796875 0.8393902671875001 0.167287634375 0.8563488546875 0.1684734953125
0 0.8644718749999999 0.24324100781250002 0.861772134375 0.24471095156249997 0.865050953125 0.2489593953125 0.866935434375 0.2485085015625 0.8733123671874999 0.2291264328125 0.8609664374999999 0.22977931406250002 0.8496025546875 0.22801355937499998 0.8425840203125 0.22814616875 0.8300893953124999 0.2262888125 0.8186361078125 0.22369605625000002 0.8061516281250001 0.2239335734375 0.7999564 0.22761350625 0.7905938421875 0.22804896718749998 0.7676960687500001 0.2247311171875 0.7541602921874999 0.22313615000000003 0.7503322906250001 0.225576628125 0.7383358421875 0.22461401718750001 0.720485384375 0.22272046875 0.7190247765625 0.22217193281249997 0.7044094390625 0.22098546562500002 0.694295909375 0.22210301718749997 0.674438140625 0.22145372812500003 0.6540332765625 0.2223340625 0.6529948937500001 0.22593916093750002 0.665201796875 0.22626646875 0.6745981578125 0.226624359375 0.6891378718750001 0.22763794375000002 0.6942818468749999 0.2284863359375 0.7064879546875 0.22880262343750002 0.7150059625 0.22848353281249997 0.718482478125 0.23071115625 0.7364424421875 0.23079230156250002 0.7478785671875 0.2314353625 0.761009303125 0.2338948078125 0.7746830984375 0.23353839999999998 0.7920378375 0.2355100578125 0.8049422125 0.23719714375 0.8233244703124999 0.2398405515625 0.8287834734375 0.236654215625 0.8365549171875 0.23482624687500003 0.8472561437499999 0.23834066250000002 0.85917121875 0.237219084375 0.8663859625000001 0.24010438750000002 0.8644718749999999 0.24324100781250002
0 0.9161685125 0.23210286406249997 0.913036778125 0.2309252859375 0.9040033234375 0.22840149687500003 0.8992891703125 0.2253934515625 0.894439965625 0.2255038953125 0.8891181593749999 0.228049803125 0.88512034375 0.23612184374999998 0.8832629265625 0.243286290625 0.9151505765625 0.2386634625 0.9173059515625 0.2342937953125 0.9161685125 0.23210286406249997
0 0.88451961875 0.25100682343749997 0.889154859375 0.25171626406250003 0.9014386328124999 0.2498467078125 0.9073137296875 0.2496920953125 0.907376553125 0.2450977859375 0.8814409828124999 0.248039528125 0.88451961875 0.25100682343749997
0 0.9260257859375001 0.24797757968749998 0.9214045499999999 0.2567891828125 0.9343313328124999 0.25797661562499996 0.9324057874999999 0.2474118734375 0.9260257859375001 0.24797757968749998
0 0.932833840625 0.2308075359375 0.9306797671875 0.236345765625 0.9478103953125 0.2327194046875 0.932833840625 0.2308075359375
0 0.9521300171875 0.24369903437499998 0.9506343890625001 0.23975384375000003 0.938729921875 0.241418109375 0.9396001281249999 0.2438691578125 0.9521300171875 0.24369903437499998
0 0.9421987734374999 0.1258003203125 0.9476771156250001 0.1263917234375 0.9583913515625 0.12490423749999999 0.9605945437500001 0.123479453125 0.9606958999999999 0.11956605312499999 0.93519793125 0.11952010625000001 0.9317213984375 0.12175021562499999 0.9421987734374999 0.1258003203125
0 0.9792200203125001 0.16872015468749998 0.967224278125 0.17083853437500002 0.977846475 0.1796494015625 0.98290926875 0.18107635312499998 0.9792200203125001 0.16872015468749998
0 0.9600054484375 0.23897282187500002 0.9610143015625001 0.2448841578125 0.969049921875 0.24469893125 0.9736963265625 0.24267279843749998 0.9724957625 0.236456721875 0.9600054484375 0.23897282187500002
0 0.8765027890624999 0.1196855171875 0.8790054390625001 0.12257964375 0.8911156609375 0.123169596875 0.901497634375 0.12193141562500001 0.9090000609375 0.11812674062499999 0.8816906921875001 0.11782255625 0.865954009375 0.11627574062499998 0.8544663625 0.11616789062499999 0.8461539609375001 0.1171529453125 0.85027821875 0.11979394843749999 0.8610552234375 0.12023115312499999 0.8687066968750001 0.12036522031250001 0.8765027890624999 0.1196855171875
0 0.8146329874999999 0.12168394062500001 0.8198525546875001 0.12313125312499999 0.8261647515625 0.12315443906250001 0.8290773265625001 0.122941465625 0.8276000859374999 0.1184869421875 0.8196486296875 0.11688619062500001 0.8132553343750001 0.11623080781249999 0.8063654 0.117122675 0.8047099718749999 0.11761307968750001 0.8103860453125 0.12052862499999999 0.8146329874999999 0.12168394062500001
0 0.77639701875 0.11268857343750001 0.77934244375 0.1149401453125 0.7848020515624999 0.1164042421875 0.791571253125 0.1172613375 0.7936950203124999 0.1137916578125 0.7805782406249999 0.11270058125 0.77639701875 0.11268857343750001
0 0.6936402875 0.1148005875 0.694116778125 0.11779737500000001 0.70801126875 0.1185183625 0.713722059375 0.11829430625 0.723549921875 0.11664772812499999 0.7215808828125 0.11497035 0.7155896890625 0.11118539375 0.7005982578125 0.109598278125 0.6993769265625 0.112280553125 0.6936402875 0.1148005875
0 0.79886555 0.1522272125 0.8044466124999999 0.1530967703125 0.8064989921875 0.151319984375 0.8016509796875001 0.1493974328125 0.7978520062500001 0.1486900828125 0.7907083890625 0.150566653125 0.795063828125 0.151469546875 0.79886555 0.1522272125
0 0.70726679375 0.15617848125 0.70307838125 0.1544101296875 0.6935584140625 0.153579965625 0.6922226125 0.1534865578125 0.6888736468750001 0.1570506890625 0.692886665625 0.1587065328125 0.6965248093749999 0.158913946875 0.6958308328125 0.16272325468749999 0.704976471875 0.1659722609375 0.7132536875000001 0.165131978125 0.7164521953125 0.16286833125 0.71702858125 0.1583663203125 0.7115127421875 0.156967209375 0.70726679375 0.15617848125
0 0.720589459375 0.1596114984375 0.723414565625 0.1600894203125 0.7261185453125 0.15862603749999998 0.7243903359375 0.155408584375 0.7222812015625 0.154144315625 0.718932715625 0.1546776609375 0.7165329671875 0.15687499062500002 0.720589459375 0.1596114984375
0 0.654711915625 0.15775064375 0.673002690625 0.1601119828125 0.6777223046875 0.1599956109375 0.676039896875 0.156660753125 0.67522411875 0.1554696953125 0.670045175 0.154091009375 0.6580199578125 0.151904659375 0.6510112203125 0.1517403546875 0.6480859156250001 0.152448959375 0.649065984375 0.155860009375 0.654711915625 0.15775064375
0 0.64079481875 0.1670070703125 0.646254390625 0.16755330468750002 0.657043475 0.1690721125 0.66090805 0.1680125484375 0.6630498609375 0.16551681093749998 0.6485817859375 0.16238118125 0.64682611875 0.1620203328125 0.6448107265624999 0.161879403125 0.6332660640625 0.1626541 0.6357555390625 0.1663414265625 0.64079481875 0.1670070703125
0 0.6626228296875001 0.1407125390625 0.654839084375 0.140566090625 0.6460049484375 0.1417997328125 0.641211934375 0.14211459375 0.6414597375 0.1434538921875 0.6453532140625 0.1471328859375 0.650659578125 0.1484813234375 0.6579505234374999 0.14812655 0.6616285093750001 0.14579305468749998 0.6635007500000001 0.1422916890625 0.6626228296875001 0.1407125390625
0 0.60101764375 0.15574868125000002 0.607822946875 0.1568510796875 0.61371845625 0.155754971875 0.6315268921875 0.15679350625 0.6402067703125 0.1545403703125 0.643158653125 0.15150294687500002 0.627130721875 0.149641296875 0.6153502796875 0.14937513593750001 0.6074532640625 0.1466598421875 0.598906059375 0.148449228125 0.594384540625 0.14837583125 0.5821683046875 0.14724121875 0.5649751562499999 0.14851373437499998 0.555046575 0.1491367328125 0.5512440046875 0.15213190000000001 0.5576337390624999 0.1542045484375 0.5677017234374999 0.15479109687499998 0.57915668125 0.1546272546875 0.5932905515625 0.1535825140625 0.60101764375 0.15574868125000002
0 0.5378500765625 0.152338715625 0.5366491515625 0.14863655 0.5309051640625 0.1472073875 0.5183920546875 0.145569590625 0.50950859375 0.14240156875 0.5016994046875001 0.1449708984375 0.5025481703125 0.14707899062500002 0.510160815625 0.14953788750000002 0.5215414 0.1520503765625 0.5293677999999999 0.1531771890625 0.5378500765625 0.152338715625
0 0.5118893796874999 0.20879343437500003 0.50623758125 0.20595633593749998 0.5026572171875 0.20530342968749998 0.497936515625 0.2065553046875 0.4986741 0.20846139843749997 0.4999698375 0.2134060171875 0.5027980046875 0.216976059375 0.50771870625 0.2181502953125 0.5135433468749999 0.2177540734375 0.5159267062499999 0.21375276875 0.5118893796874999 0.20879343437500003
0 0.6551168781250001 0.2101753453125 0.6510315171875 0.2093524234375 0.6445488578125 0.20945985312499998 0.6422740328125001 0.21159543281249998 0.64202015 0.214755734375 0.6475202640625 0.2172533 0.6560316890625 0.21707315 0.6582409859375 0.2155610796875 0.6551168781250001 0.2101753453125
0 0.6951865546875 0.19509780000000002 0.6908578624999999 0.1937676046875 0.682177984375 0.192369659375 0.6784062734375 0.1925491828125 0.6782535609375 0.194352296875 0.6827617859374999 0.19916286875 0.6898411875 0.19968297031249999 0.6970119578125 0.1980228828125 0.6951865546875 0.19509780000000002
0 0.7804612453125 0.16790815312500001 0.771995934375 0.166689675 0.7649597015625 0.1680161453125 0.762019496875 0.16896022187499998 0.7651295296875 0.170291346875 0.7695914765625 0.1720678625 0.781105034375 0.17290272812500002 0.7845475421875 0.17196558281250002 0.7802109296874999 0.17509413437500002 0.7762110984375 0.1764528046875 0.7779222265625 0.1794889375 0.7814664890625 0.179896540625 0.7884017390625 0.17669909374999998 0.790385825 0.17332302187499998 0.789729615625 0.170298003125 0.7870280890625 0.168859175 0.7804612453125 0.16790815312500001
0 0.5747297203125 0.10779812343749999 0.577640846875 0.1075834828125 0.5828286046875 0.1077833484375 0.6031570890625 0.1092048546875 0.6069866125 0.10539865468750001 0.5668066578125 0.1027002078125 0.5680907703125 0.106198303125 0.5747297203125 0.10779812343749999
0 0.63230679375 0.1058143515625 0.6161629359374999 0.1055657328125 0.6163831671875 0.1081953125 0.6278916046874999 0.1093274203125 0.63230679375 0.1058143515625
0 0.49759861875 0.10611049374999999 0.5004763984375 0.10838866093749999 0.508989696875 0.10759934687499999 0.5105201609375001 0.10446096093749999 0.5098896203125001 0.1014048453125 0.4932856859375 0.10072464375000001 0.49759861875 0.10611049374999999
0 0.60495464375 0.11219221093750001 0.598451153125 0.10878963593749999 0.5851575859375 0.10769559687500001 0.5787034078125 0.1076421203125 0.5741721609375 0.1094773828125 0.574728746875 0.11325509843749999 0.5815893796875 0.1119758671875 0.58928970625 0.1115009203125 0.6022984921875 0.11355399375 0.60495464375 0.11219221093750001
0 0.5600631593750001 0.10891212343750001 0.55617681875 0.110529340625 0.5574914 0.1113965921875 0.5620153390625 0.111524978125 0.5653167875 0.10953636874999999 0.5624962640625 0.10758173281250001 0.5600631593750001 0.10891212343750001
0 0.3701392375 0.203151075 0.3644600921875 0.200861840625 0.3668803234375 0.1959076625 0.35721005 0.193351871875 0.3553043234375 0.19657052656250001 0.3485640203125 0.2164675640625 0.35502052812499996 0.21554695468750001 0.36588196093750003 0.21526955937499997 0.3731922359375 0.21578074374999998 0.3848224953125 0.21514830156250003 0.4016812328125 0.21715732656250003 0.41524553593749997 0.21623878749999997 0.42052373125000003 0.2196700203125 0.42991519062499994 0.22121796875 0.4304246640625 0.21715767968750002 0.437621325 0.21703126093749997 0.444539721875 0.21700912187500002 0.4467497984375 0.210804425 0.4387922671875 0.208192975 0.42177162187499995 0.209059346875 0.422450815625 0.20452066875 0.41306607812499996 0.198755103125 0.40596305624999995 0.1985951703125 0.40193698906249997 0.200351415625 0.39981049375 0.20296413124999999 0.40285027968750003 0.20518784375000002 0.4042849265625 0.2069139984375 0.3899665796875 0.2059378234375 0.38678210156250004 0.2052233203125 0.3701392375 0.203151075
0 0.48982560937499997 0.21700089843749998 0.48566837500000004 0.212479578125 0.4716120734375 0.211496665625 0.4631774015625 0.21044479374999997 0.46655567812500004 0.2133829203125 0.4742959921875 0.21858552968749997 0.4858408109375 0.2188837703125 0.48982560937499997 0.21700089843749998
0 0.720966934375 0.3005483328125 0.725974371875 0.2965175015625 0.7238299875 0.2923750140625 0.7166092015625 0.2917040578125 0.7090100453125 0.29082181875 0.7066683296875 0.2969155 0.7113622000000001 0.300504796875 0.7169231953125 0.30105655625 0.720966934375 0.3005483328125
0 0.6631064296875 0.268932046875 0.6639711765625 0.26512215 0.6595280296875 0.262516803125 0.655983428125 0.2617332609375 0.65130225 0.262912715625 0.6534595015625 0.2688871265625 0.6586179921875 0.2689455453125 0.6631064296875 0.268932046875
0 0.671343903125 0.277776646875 0.6698915390625 0.2748478875 0.664361828125 0.27429675 0.6616250890625001 0.2745486453125 0.6610557874999999 0.2755222421875 0.665088578125 0.28005365625 0.667224340625 0.28073555 0.671343903125 0.277776646875
0 0.569048621875 0.25610528593750004 0.5649904953125 0.2536161421875 0.5588505140625 0.25247411875000003 0.555376659375 0.2538147484375 0.5572581921875 0.255041171875 0.5704089828125001 0.2604169328125 0.57356076875 0.26018779375 0.569048621875 0.25610528593750004
0 0.6266317484374999 0.2486367015625 0.6244315421875 0.2433437671875 0.6204300359375 0.2426880375 0.61828423125 0.24385212812499998 0.6158977218749999 0.24462816874999999 0.6176316140625 0.24904111874999998 0.6220634171875 0.249792721875 0.6266317484374999 0.2486367015625
0 0.5934001640625 0.285940703125 0.59208391875 0.2825437375 0.5866327890624999 0.28019683125 0.584173675 0.280958396875 0.5834731718749999 0.282262709375 0.585680609375 0.285615484375 0.59112153125 0.2867195890625 0.5934001640625 0.285940703125
0 0.649469596875 0.303187671875 0.6460072015625 0.302438071875 0.642316684375 0.3024196515625 0.6386312171874999 0.30347137812499997 0.6458007375 0.30648822343750004 0.649469596875 0.303187671875
0 0.393618478125 0.2867206 0.390889871875 0.2836978984375 0.38173413749999996 0.2828556125 0.3807550078125 0.283798984375 0.3772532234375 0.287308575 0.3946505703125 0.2889621171875 0.393618478125 0.2867206
0 0.4850306953125 0.316840878125 0.48671186093749996 0.31383207031250004 0.485434871875 0.31204645468750003 0.48102064218749996 0.3124770828125 0.477371046875 0.3136205984375 0.4773076109375 0.3177308734375 0.4850306953125 0.316840878125
0 0.7289558765625 0.1108153078125 0.734342078125 0.11388914218749999 0.7384879093750001 0.114205675 0.7403803859375 0.11247566093750001 0.739113359375 0.11117473281250001 0.7289558765625 0.1108153078125
0 0.4554739171875 0.147641940625 0.45859075312500003 0.149054990625 0.4618199859375 0.1493982734375 0.465539765625 0.1484382265625 0.46757015781250005 0.14610229375 0.4625547484375 0.145095296875 0.4586232984375 0.1449832796875 0.45475770625 0.14536299218749998 0.4554739171875 0.147641940625
0 0.48161429843750003 0.1583915875 0.48563046718749997 0.1561945140625 0.4808480609375 0.153848946875 0.478670871875 0.15405069062500001 0.47620116875 0.15644205 0.48161429843750003 0.1583915875
0 0.5494486984375 0.13977186875 0.5451508453125 0.13918783125 0.5443794296875 0.14123745000000001 0.5453565734375 0.1434359671875 0.5485812234375 0.14592791562500002 0.5516446484374999 0.146984809375 0.557069753125 0.14405924375 0.5551646296875 0.1416470359375 0.5494486984375 0.13977186875
0 1 0.16687617187499998 0.985771171875 0.16758844687500002 0.9929883546875 0.1832064984375 1 0.1828733765625 1 0.16687617187499998
0 0.990738009375 0.23509936874999998 0.9792961124999999 0.2361068015625 0.983020859375 0.2470370015625 0.9944921734375001 0.2454520890625 0.990738009375 0.23509936874999998
0 0.3753631875 0.6553451265625 0.374088759375 0.6504317578125 0.38150085 0.6407063578125001 0.37495518906249997 0.6410427624999999 0.3636842578125 0.6456082890625 0.34435621875 0.6589989015625 0.325385728125 0.6610493328125 0.3124304375 0.66224070625 0.30720124531250004 0.667314859375 0.27935518125000003 0.6658156390625 0.27980989843750004 0.670557346875 0.298388584375 0.6730124359375 0.3190879609375 0.67403540625 0.345545315625 0.6755706546875 0.37580859843750003 0.6739731359375 0.4016160109375 0.6752608812500001 0.40583188281250004 0.6679903796875 0.39158562343750003 0.66228740625 0.3828144765625 0.65628124375 0.3753631875 0.6553451265625