0 0.39902655781249996 0.5332785890625 0.3838933109375 0.536768415625 0.37707267031249997 0.529194434375 0.3925979484375 0.596749028125 0.3952354984375 0.6026946390625 0.40454328906250003 0.600190659375 0.42215004375 0.5880091265625 0.43169421406249997 0.5709855890625 0.4207947296875 0.5606428953125 0.43942907656249997 0.5525367703125 0.4345060171875 0.5427000640624999 0.43744253593750004 0.5377197578125 0.4078522578125 0.54163561875 0.42979283593749995 0.5331142671875 0.44220546406250005 0.5314119609375 0.44790706562500004 0.5219749984375001 0.45824676875000003 0.5235742640625001 0.4747107875 0.5232264125 0.485808678125 0.5131743703125 0.47182369218750003 0.5123115968749999 0.4471191484375 0.514848715625 0.4301083515625 0.502087853125 0.432298578125 0.5082962734375001 0.4296252015625 0.5177461015625 0.4278362515625 0.5176040015625001 0.4095157796875 0.5212122015625 0.401944471875 0.5258885546875 0.39902655781249996 0.5332785890625
0 0.68384776875 0.4442849546875 0.67947080625 0.44381118593749996 0.67469254375 0.447446584375 0.6775121671875 0.44927371718750003 0.679495075 0.448141390625 0.68384776875 0.4442849546875
0 0.717741953125 0.5146442265625 0.714582909375 0.513031409375 0.7118529921875 0.5156244046875 0.717741953125 0.5146442265625
0 0.7069254671875 0.5115233390625 0.7099809031250001 0.514482428125 0.71109221875 0.5077239984374999 0.7069254671875 0.5115233390625
0 0.70233158125 0.5052268046874999 0.7056808984375 0.5056154984375001 0.7045745453125 0.5023794953125 0.70233158125 0.5052268046874999
0 0.7783636515625 0.3250359328125 0.7936955015625 0.3139657265625 0.7900885718749999 0.30748017499999997 0.7811013953125 0.30787771249999996 0.7689714953125 0.3102563265625 0.75871750625 0.3081660109375 0.7488486937500001 0.3100672109375 0.74203520625 0.31044040625 0.74795615625 0.3043049859375 0.7570174203125 0.3007464046875 0.762422 0.29445876718749997 0.7683248375 0.2922136875 0.7727293546875 0.2864517109375 0.7796613890625 0.2857945375 0.7783349937499999 0.2833720609375 0.7749484546875001 0.28180120937500003 0.76968720625 0.2843667734375 0.7679226828125 0.28793185625 0.7617174140625 0.2883482921875 0.7592011921874999 0.2893463796875 0.7553174421875 0.2939210109375 0.75260546875 0.29444155 0.7478202296875 0.289559459375 0.7431449890625 0.284879221875 0.736411603125 0.275619 0.7262282546875001 0.268427525 0.714222471875 0.26576869062499997 0.695409378125 0.2628507640625 0.68187260625 0.2616467171875 0.6648748624999999 0.26943372499999996 0.640905409375 0.282929353125 0.631196315625 0.2880920546875 0.6276977984375 0.2927956609375 0.6292399546875 0.30035905625 0.6353582249999999 0.3039146953125 0.640999828125 0.3070013796875 0.638229128125 0.3089816515625 0.6351825515625 0.3122793203125 0.63532484375 0.318292065625 0.636564625 0.322937375 0.6361320421875 0.326891853125 0.635063496875 0.3360309140625 0.633967353125 0.3428532109375 0.63787528125 0.35929212499999996 0.6387959484375 0.365201721875 0.64026155625 0.3721344390625 0.6476072953124999 0.37735404687499996 0.6542849281249999 0.3850894125 0.6629808781250001 0.3858543890625 0.687204859375 0.40051327187499997 0.6939035109375 0.396661371875 0.699249709375 0.39855368593749996 0.7022079609375 0.40049192343750006 0.7032823984375 0.40349509843750003 0.706040828125 0.40741665937500005 0.713394515625 0.40558681874999997 0.7234823859375 0.40161993437500004 0.73390984375 0.3959515125 0.7385553687499999 0.394119046875 0.7387699125 0.3887780390625 0.74253145 0.38881394375 0.7501055859375 0.3823622703125 0.7526728046875 0.3850385609375 0.7604226484375001 0.3828705265625 0.7646620078125 0.378916778125 0.7679228109375 0.3718548109375 0.7728716296875 0.36981091718750003 0.7776693781249999 0.36580876406249996 0.7797261296875 0.357704034375 0.7730061781249999 0.3552331328125 0.7836891640625 0.3404259421875 0.7744477468750001 0.33136815625 0.7783636515625 0.3250359328125
0 0.6280265875000001 0.2782900046875 0.6313531390625 0.2816227671875 0.63495255625 0.280971103125 0.6360657765625 0.27833996875 0.6347050515625 0.27489925312499996 0.6308004515625 0.27545285 0.6280265875000001 0.2782900046875
0 0.62608855625 0.27162223750000003 0.6278104359375 0.273320090625 0.63006173125 0.271571625 0.630218553125 0.2696565453125 0.6298936671875001 0.2687368078125 0.626510915625 0.2690325203125 0.62608855625 0.27162223750000003
0 0.5998323765625 0.23194382343750003 0.601867021875 0.231926671875 0.6028495875 0.23109323593750003 0.6026686921875 0.229813825 0.601206709375 0.229135784375 0.5983763875 0.2294226984375 0.597698146875 0.2310716203125 0.59836689375 0.23120422812500002 0.5998323765625 0.23194382343750003
0 0.7974060609375 0.3110412890625 0.79812238125 0.3144113140625 0.8000910671874999 0.3177212046875 0.8012698390624999 0.320456203125 0.801840434375 0.323914709375 0.8034498625 0.32696231249999996 0.8053386921874999 0.3292652390625 0.807365084375 0.333117165625 0.807560453125 0.33600528281250003 0.810621875 0.34332881406250004 0.8087049499999999 0.33696326249999997 0.8093043390625001 0.3348231265625 0.8096230484375001 0.33281293437500004 0.807063115625 0.3285025453125 0.8061623875 0.327098190625 0.8056197359375 0.3245602421875 0.8042662546875 0.3208304546875 0.8029142828125 0.3184980765625 0.8014808109375 0.3165488296875 0.8014287484375 0.31510146250000004 0.8018701484375 0.31274411406249997 0.8010655390625001 0.31102540625 0.800597359375 0.3095818265625 0.799675190625 0.30807660000000003 0.7984219968749999 0.306592215625 0.79795165 0.303951040625 0.79747626875 0.30112084375000003 0.795496821875 0.2987748796875 0.794517703125 0.3000979875 0.794944384375 0.30287943125 0.7969772265625 0.3055367234375 0.7967815593750001 0.30771245 0.7974060609375 0.3110412890625
0 0.7681807796875 0.23203803125000003 0.7714910500000001 0.2335356390625 0.7724244687499999 0.2314714625 0.77110920625 0.2293117890625 0.769910978125 0.22646271874999999 0.7688862640624999 0.22473808125 0.7678755765624999 0.22733304687500003 0.7677982015625 0.230831840625 0.7681807796875 0.23203803125000003
0 0.6435653609374999 0.046224053125 0.6444737578125 0.0439144015625 0.6429581828125001 0.0421199828125 0.6404800796875 0.041779328125 0.638945215625 0.042937821875 0.6390581937500001 0.04562620625 0.6401888453125 0.047037596875 0.6435653609374999 0.046224053125
0 0.8409829421874999 0.428953115625 0.8390348359375001 0.42501106875000005 0.838102475 0.4268322140625 0.837465109375 0.430093815625 0.8404796515624999 0.4300648625 0.83950525 0.4338150265625 0.8401222031250001 0.43570301093749997 0.8415240046875001 0.4384576953125 0.8436138921874999 0.436513509375 0.8421040890624999 0.4312291265625 0.8409829421874999 0.428953115625
0 0.828942940625 0.40541385781250006 0.8289721968749999 0.40659611093750003 0.8323370828125001 0.40733611875 0.8320305421875 0.40508982812500005 0.830122815625 0.40345703750000006 0.828942940625 0.40541385781250006
0 0.999649390625 0.755981165625 0.9935990531250001 0.754503690625 0.9900820453125 0.7542880171874999 0.9841257171875 0.7558831390625 0.983905125 0.7578213578125 0.98735458125 0.7584331703125 0.9910925625000001 0.75773448125 0.9947225484375 0.7567456578125 0.999649390625 0.755981165625
0 0.629089525 0.7102298046875 0.633761009375 0.7104508796875 0.6354666703125 0.7079014796875 0.6350474828125 0.705207896875 0.6310323609374999 0.703633278125 0.62721625625 0.7063692921875 0.6254721328125 0.7098725328125 0.629089525 0.7102298046875
0 0.60427438125 0.726127184375 0.6032512109375 0.7278893578125001 0.602089665625 0.732818253125 0.6040238062500001 0.7335908171875001 0.604975440625 0.731334275 0.60427438125 0.726127184375
0 0.45561807187500003 0.8488731109375 0.45004194999999997 0.8442006609374999 0.4481724734375 0.8391029484375 0.4463550359375 0.8279447953125001 0.43482080468750006 0.7771149562499999 0.4370738765625 0.77185021875 0.43646703281250004 0.7693259140625 0.43336007343749994 0.7674320640625 0.432826634375 0.7671093578125 0.43151874687499997 0.7610839890625 0.433156509375 0.7564340546875 0.4276950421875 0.7585837203125 0.4336076734375 0.7837400796875 0.44205761250000003 0.8222689375 0.44540435624999997 0.8358272031249999 0.4513179359375 0.861927428125 0.45398808281249997 0.8658469875 0.45634055625 0.8665961265625001 0.455808425 0.8600720078125 0.45486554687499997 0.8546591328125 0.45561807187500003 0.8488731109375