0 0.56057323125 0.6547824171875 0.5527606265625 0.6562149125000001 0.5469272703125 0.65569829375 0.5396971421875 0.6577163609375 0.537211434375 0.6560618265625 0.5350925546874999 0.6570286265624999 0.5332955109374999 0.6602854218750001 0.512251203125 0.6655813890625 0.5042065640625 0.6707181640625001 0.49445885 0.6797691171875 0.48325231406249997 0.6926983421874999 0.4819014265625 0.69555950625 0.4824378203125 0.7011612453125 0.48478698906249995 0.7018330296874999 0.4890854703125 0.6985576078125 0.497726571875 0.6976761078125 0.49916966093750004 0.6954709968749999 0.5018727843749999 0.6950910968749999 0.502839365625 0.6966246234375 0.507934446875 0.6972434234375 0.5095772546874999 0.70001835625 0.515118490625 0.700241525 0.520659528125 0.7058073390625 0.5350418203125 0.7154747953125 0.560276096875 0.7292926484375 0.5647727515625001 0.7309974890625 0.5707601421875 0.7308250265625 0.5707902765624999 0.727480471875 0.566892246875 0.7193469421875001 0.55023856875 0.7059909578125 0.5472452890625 0.7007360890625 0.547323071875 0.6977193421875 0.5566563484375 0.6964076359375 0.5608007953125 0.6938212953125 0.5678309859375 0.6868216375 0.5689374 0.6839948312499999 0.56665028125 0.6819794609375001 0.562428034375 0.682238353125 0.5634883484375 0.6790835203125 0.5745871671875 0.66717295 0.5887712515625 0.6611717546875 0.588785653125 0.659500359375 0.5862538453125 0.6575178 0.575723915625 0.6556589421875 0.5647795296875 0.6561951374999999 0.56057323125 0.6547824171875
0 0.43314663124999997 0.671955778125 0.4248352875 0.6723207328125 0.42182602812500003 0.6758551875000001 0.4090806265625 0.67974340625 0.40600127031250005 0.68310468125 0.4159752859375 0.68678993125 0.417224634375 0.7020789093750001 0.42121135 0.7027824765624999 0.44835329375 0.67416245625 0.4379016328125 0.6724787859375 0.43314663124999997 0.671955778125
0 1 0.49243671093749997 0.9738271562499999 0.49801481093750005 0.9959693953125001 0.508322584375 0.987048603125 0.5135572484375001 0.9704715640625 0.5107274125 0.9661407734375 0.51645620625 0.95214389375 0.5156273796875 0.9416649359375 0.5210021375 0.91770313125 0.5170579671875 0.89733809375 0.527119840625 0.8915150000000001 0.5273386390625 0.8787460734374999 0.54148938125 0.8704518406249999 0.5319840218749999 0.852616503125 0.538534659375 0.8449597515624999 0.5485982109374999 0.8387197000000001 0.5563025734375 0.8382448421875001 0.564083446875 0.8584716390624999 0.569260996875 0.8547785687499999 0.576451196875 0.8480812999999999 0.5940940375 0.842340215625 0.604517925 0.8495818296875 0.6124276890625 0.8637657640624999 0.6117470421875 0.8827965515624999 0.6150272671875 0.8844861640625 0.6213237078125 0.8924908531250001 0.6294986015624999 0.907710621875 0.62992361875 0.9495994390625 0.625286190625 0.9856308421875 0.6163234265625 1 0.6161705093750001 1 0.49243671093749997
0 0.8579839 0.5169305375000001 0.8759249765625 0.49728934999999996 0.87601541875 0.4847074421875 0.859397634375 0.489311875 0.8496509124999999 0.49160000000000004 0.8314958578124999 0.48480588750000003 0.8452623046875001 0.47228530625 0.8234770921875001 0.4720287890625 0.8156251953125 0.47821141718750004 0.7821937343750001 0.47530463906250003 0.78890464375 0.48367082968749997 0.7839556203125 0.48529257187499997 0.7749004234375 0.48977297656249996 0.780929778125 0.49758961093750004 0.7838688031250001 0.5061072203125 0.7847236718749999 0.5116847140624999 0.7963195109375001 0.5149305984375 0.8085117453124999 0.5209044031250001 0.8531398890625 0.5388681890625 0.8689910859375001 0.5311668671875001 0.8579839 0.5169305375000001
0 0.7926702859375 0.6481979203125 0.802670346875 0.6471285875 0.8068243953125 0.6439144890625 0.8074644624999999 0.6368488328125 0.802054184375 0.6305293609375 0.766756990625 0.6362174484375 0.765048034375 0.6398989296875001 0.7716517953124999 0.6450439984375 0.7751417453125 0.645951496875 0.785632221875 0.64543018125 0.7926702859375 0.6481979203125
0 0.6932679375 0.6596339734375001 0.70231829375 0.6604968671875 0.712943084375 0.6574620859375 0.719303640625 0.6516705046875 0.72029880625 0.644021628125 0.7060251875 0.645467515625 0.6914350265625 0.6449193015625 0.6782379984375 0.64635746875 0.6735598265625 0.6514108484375 0.675062025 0.654218165625 0.68185328125 0.6554206453125 0.6862769953125001 0.6547989328125 0.6932679375 0.6596339734375001
0 0.65164468125 0.6706180828125 0.6561499656249999 0.6714412671875001 0.6624559984375 0.6654301375 0.66443578125 0.6622723109375 0.6602231328125 0.6554815734375 0.6555628687499999 0.6582934593750001 0.654320434375 0.659422675 0.6542545203125 0.6633434421875 0.65086153125 0.6666399234375 0.65164468125 0.6706180828125
0 0.115652759375 0.673565865625 0.0966187390625 0.6880574828125 0.086479609375 0.6962656468749999 0.083966846875 0.700200525 0.086698665625 0.70392059375 0.0934246609375 0.703794225 0.1008365828125 0.69898305 0.09795413281250001 0.701556125 0.0851461546875 0.7105227890625 0.08556444375 0.7135439765625 0.1064848171875 0.705996471875 0.10883530781249999 0.70735128125 0.10822717343749999 0.7150483249999999 0.10812801406250001 0.72076463125 0.11087232968750001 0.7265720250000001 0.108151871875 0.7351702546875 0.0987698125 0.7455094171875001 0.1102322984375 0.7437422625 0.1224416 0.735972125 0.12159738281250002 0.7457504046875 0.12726795468750002 0.7454567937500001 0.133097696875 0.739099203125 0.1344282046875 0.7444347078125 0.142244659375 0.75463835625 0.1562867625 0.7582252296875 0.151118421875 0.7471492328125 0.139876365625 0.7364061484375 0.14313015625 0.7330061578125 0.1544766109375 0.7243395687499999 0.174571640625 0.716701359375 0.1714844609375 0.7088136234375 0.153497971875 0.7057337609375 0.15562058125 0.70117839375 0.16298587656250002 0.7006497609375 0.1804420234375 0.6857314 0.187260940625 0.691879725 0.200053859375 0.6948974125 0.208130640625 0.6922459765625 0.21223133437500002 0.6819721609375 0.226591015625 0.6741554203125 0.23665563281250002 0.667718615625 0.24869685000000002 0.666532825 0.2556791328125 0.6608763421875 0.2537759046875 0.667980671875 0.2654453921875 0.6602990234375 0.275311646875 0.6503288781250001 0.272830915625 0.649012884375 0.2830004578125 0.6423009875 0.2786421796875 0.631330465625 0.2753966984375 0.620463896875 0.284187321875 0.605310190625 0.29955118125 0.60806280625 0.30913841249999996 0.598745659375 0.3035852625 0.5855715499999999 0.2988451390625 0.580831996875 0.2885736671875 0.579105646875 0.2792670203125 0.579978121875 0.2852642796875 0.5724435765625 0.283089325 0.5664772703125001 0.270718203125 0.5746677703125 0.2601540515625 0.5799976984375 0.248746590625 0.58497436875 0.2439086125 0.5845008890625001 0.23466585625 0.58779270625 0.22604681875 0.5852834484375 0.227516775 0.5941148171874999 0.2255919765625 0.5995275609374999 0.21766985 0.60686085 0.1927558125 0.6205599703125 0.17883085781250002 0.633210121875 0.16609160625 0.64781900625 0.1714482546875 0.648367909375 0.16332344062499998 0.6544610875 0.1590061625 0.6493733609375 0.153990740625 0.6517239359375 0.15018334375 0.655058146875 0.14904050468750002 0.6586474421874999 0.1397578984375 0.6649901203125 0.1304934296875 0.6653880453125 0.115652759375 0.673565865625
0 0.2102691875 0.2942406125 0.21569517343750003 0.3012332 0.2317895203125 0.2933983 0.2321731890625 0.28938080624999996 0.228681296875 0.287381703125 0.2160663296875 0.2947465421875 0.211636359375 0.292382253125 0.2102691875 0.2942406125
0 0.2363921875 0.187595253125 0.2301109421875 0.18648519218749998 0.225134009375 0.1867744125 0.22292953437500002 0.188456965625 0.21982007656250002 0.19067221406249998 0.19193740625 0.1966310359375 0.20225223906249998 0.2034935234375 0.209502246875 0.2031325671875 0.21547716718749998 0.20086173125 0.2237364125 0.1975550875 0.234013321875 0.1990282171875 0.24076297656249998 0.195780678125 0.24715916249999997 0.193565821875 0.24162367968749998 0.1857492046875 0.2363921875 0.187595253125
0 0.1830269765625 0.1987621796875 0.1857364453125 0.19325178125 0.178029475 0.19253932499999998 0.173813115625 0.193221834375 0.16897681874999998 0.195219040625 0.15887616875 0.1967963796875 0.1499172953125 0.200603703125 0.14482358906249998 0.2047324796875 0.13312868125 0.20580017343749998 0.110306340625 0.210749596875 0.094069121875 0.21318937500000001 0.10332480156249998 0.21851083437500002 0.113383725 0.21604155937499997 0.1221390421875 0.21711790468749997 0.1267492171875 0.21719422187499998 0.135035778125 0.21334095625 0.14199084687500002 0.211689740625 0.14873585312499998 0.2132142921875 0.1565803046875 0.20846066875 0.170405634375 0.20221956562500001 0.179465415625 0.201364428125 0.1830269765625 0.1987621796875
0 0.06854313125 0.1625033203125 0.062430392187499996 0.1623115578125 0.056188065625000005 0.1636227703125 0.049934775 0.1665512484375 0.04776094375 0.1674863234375 0.0421666984375 0.1694906484375 0.038798984375 0.1709011953125 0.0457075109375 0.17281458593750001 0.053186159375 0.17150949531249998 0.06255018125 0.1720332484375 0.0711049 0.16705672968750002 0.0747100265625 0.162687471875 0.06854313125 0.1625033203125
0 0.036176653125 0.2190992765625 0.033542321874999996 0.21818355625 0.0302580375 0.2216809265625 0.0246948046875 0.22287302968749997 0.020126884375 0.22345662812499997 0.024773935937499998 0.22724203593749998 0.0305156765625 0.23054224531249998 0.035715896875 0.22767656249999998 0.0403963515625 0.2239529953125 0.0395780578125 0.22075765781249998 0.036176653125 0.2190992765625
0 0.0240535515625 0.290309184375 0.026030021874999996 0.2886097609375 0.0236976390625 0.2860926828125 0.019226553125 0.28451363281250003 0.0151975671875 0.2851035375 0.01049364375 0.2869985140625 0.009998726562500001 0.289404875 0.015667334375 0.29007403125 0.0240535515625 0.290309184375
0 0.075577590625 0.13746975 0.0711632203125 0.13709136718749998 0.0675434390625 0.13740444062499999 0.0613491375 0.138877734375 0.06013401875 0.1415036515625 0.066279728125 0.141772828125 0.072285353125 0.14271808125000002 0.077492146875 0.141628140625 0.079206346875 0.13797274531249998 0.075577590625 0.13746975
0 0.3105246109375 0.1856307703125 0.3177466671875 0.18502601875 0.32950441874999997 0.18061075 0.33545299375000004 0.1770971109375 0.3334967875 0.1758083828125 0.30779593437499997 0.17750961875 0.28825405625 0.18045012656249998 0.284996025 0.1848416078125 0.2895566625 0.18697925625 0.29624664218749996 0.18646190468749999 0.3000900625 0.188380046875 0.3105246109375 0.1856307703125
0 0.4199003265625 0.1599682421875 0.398097434375 0.163897103125 0.3787312875 0.1680767765625 0.35750522500000004 0.1712823828125 0.35373481406249996 0.1723424390625 0.3536621921875 0.17464369062500001 0.35337053906250004 0.174825109375 0.35203945625 0.17441417343750001 0.348874840625 0.1782465875 0.35279745625 0.18080683125000002 0.3577031234375 0.18222224375 0.36630385312499997 0.18335502812499999 0.37521936093749997 0.182102034375 0.38371212187500003 0.17910969999999998 0.3946702390625 0.1750561125 0.4024575515625 0.1730843890625 0.41318333437500004 0.174035278125 0.4181800640625 0.1705749421875 0.4214747703125 0.16589429375 0.43779851875000003 0.16076946718750001 0.44098426249999995 0.157558915625 0.4199003265625 0.1599682421875
0 0.40855950781250006 0.078375965625 0.4113469203125 0.0801900625 0.41590616875 0.07924162031250001 0.4166171453125 0.07860838437499999 0.4174776578125 0.07586189531250001 0.40855950781250006 0.078375965625
0 0.5381314625 0.2711329953125 0.528577440625 0.26971763437499996 0.5226157578125 0.26888296718750004 0.5179388328125001 0.269982065625 0.514481125 0.273559034375 0.503037684375 0.27774078750000003 0.49856846250000003 0.2778702921875 0.4961059078125 0.28100603125 0.48735607031250006 0.282090578125 0.48443936406250004 0.2867102125 0.4937162703125 0.29319314531249996 0.4980483265625 0.29527613750000004 0.49676734375000003 0.2985897890625 0.500528790625 0.3004074234375 0.5093445015625 0.297074640625 0.5198635234375 0.29750865000000004 0.5268527328125 0.295516553125 0.5410004109375001 0.296205846875 0.5407698203125 0.28886177968750004 0.5424267625 0.28414780156249997 0.54116805 0.2803784859375 0.5404036859375 0.2749397484375 0.5381314625 0.2711329953125
0 0.4668502046875 0.263475784375 0.47614083437500004 0.2615799546875 0.4851290125 0.2559602890625 0.4782800359375 0.251371953125 0.4758873265625 0.25041280781249997 0.46563664843749997 0.25743432187500004 0.4663773015625 0.26163777499999996 0.4668502046875 0.263475784375
0 0.7379366390625 0.2210474359375 0.7492268390625 0.21379935468750003 0.740220065625 0.210383678125 0.736029634375 0.20889299062500002 0.732976153125 0.2086436515625 0.7254737859375 0.2085225375 0.7223404906249999 0.21072535781249999 0.7200941640625 0.21303073437500003 0.730354746875 0.21663310781249998 0.7331468703125 0.2205577140625 0.7379366390625 0.2210474359375
0 0.60450191875 0.07683480468750001 0.618619653125 0.07416747500000001 0.63380355625 0.0723838 0.6376423328125 0.068172625 0.6287215046875 0.06359461250000001 0.6168045578125 0.0656197140625 0.60790769375 0.0674207578125 0.5999298703125 0.06823901875 0.5944536140625 0.07073483124999999 0.59825005625 0.0756306765625 0.60450191875 0.07683480468750001
0 0.7019194234375 0.0985191890625 0.69465014375 0.095981178125 0.6874487031250001 0.09519451875 0.6824763453125 0.0971666671875 0.6740518671875 0.10093675625000001 0.6724285812499999 0.1038693390625 0.6814221734375 0.10705650156249999 0.6855589765625 0.107447071875 0.6963412984375 0.1064650296875 0.7057866234375 0.1058270984375 0.7089804375 0.1017870375 0.7045853453124999 0.09895237968750001 0.7019194234375 0.0985191890625
0 0.7329709921875 0.057940234374999997 0.7278221078125 0.0571743671875 0.7235061609375 0.056755328125000004 0.71995295625 0.058013646875000005 0.7160605 0.0573520578125 0.71321979375 0.057696068749999996 0.7149477953125001 0.060223928125000006 0.721732203125 0.0612317171875 0.7316842546875 0.060965946874999996 0.7341152625 0.0601430453125 0.7329709921875 0.057940234374999997
0 0.59994063125 0.1106976015625 0.5977389328125 0.11183855937500001 0.5917942125 0.1117083875 0.5868240109375 0.1118546546875 0.5867909328125 0.1113386109375 0.58479075 0.114137975 0.584900709375 0.116705471875 0.58684381875 0.11763155624999999 0.5949973734375 0.12155529843749999 0.5976743671875 0.121977465625 0.604877003125 0.12116716718750001 0.609147884375 0.11924469062500001 0.6180385187499999 0.11678182343750002 0.623729815625 0.11320020312500001 0.6264856125 0.11288075 0.62010723125 0.11027117812500001 0.6155192281249999 0.1089941515625 0.6111655953125 0.1088233984375 0.6062438796875 0.10912379218749998 0.59994063125 0.1106976015625
0 0.5954513859375 0.1360913890625 0.6045313906249999 0.1324611171875 0.5905941953125 0.1325958609375 0.582319209375 0.13154668125 0.5857791171875 0.1320607828125 0.5803988078125 0.13317353125 0.5662531296875 0.134912275 0.5612662015625001 0.1356131421875 0.5548737703125 0.137147415625 0.5488913734375 0.13920786875 0.548300725 0.1424150328125 0.5536111140625 0.141927475 0.5538199984375 0.14189811875 0.553849615625 0.1445226640625 0.5597405640625001 0.14526944375 0.565446625 0.14297170312500002 0.5675939750000001 0.1421176625 0.583812065625 0.14235977187499999 0.587482990625 0.14073778125 0.5954513859375 0.1360913890625
0 0.6659576515625 0.11914829843750001 0.657473428125 0.11653173593749999 0.65565606875 0.1187121328125 0.6595937078125 0.12263668750000001 0.6659576515625 0.11914829843750001
0 0.14630936875 0.12319783437500001 0.1582718171875 0.12702018125 0.16017130625 0.12156208125000001 0.15086269375 0.1207701953125 0.14343396875 0.12237437343749999 0.1376399734375 0.1271001703125 0.1449557640625 0.12589370625000001 0.14630936875 0.12319783437500001
0 0.850804325 0.1208611578125 0.8555384437500001 0.122796128125 0.8610774796875 0.123014871875 0.8665818734374999 0.1232116609375 0.871262778125 0.11928921875000001 0.868864965625 0.11775487343749999 0.865489021875 0.11607555781250001 0.8573726109375001 0.112921321875 0.8421008859375 0.10842169531250001 0.8280080890624999 0.101858221875 0.8180065624999999 0.0954960609375 0.8107931203125001 0.092502090625 0.7963441015625 0.0854585203125 0.7898423734375 0.0863722796875 0.7822340203125 0.0862155703125 0.777731209375 0.08469147031249999 0.7727993828125 0.0865253828125 0.7690597828125 0.085985896875 0.7650910984375 0.0859046265625 0.7508021328125001 0.0896326734375 0.743333028125 0.09218450624999999 0.7319025156250001 0.093494321875 0.735000575 0.0949365671875 0.74917104375 0.09541753750000001 0.7437822296875 0.097648603125 0.7432149171875 0.09875393906249999 0.7518654453125 0.09936534375 0.757858340625 0.0995913046875 0.7426687656250001 0.1050395578125 0.7331245140625 0.10623101875 0.728308775 0.1075437015625 0.732099203125 0.10973594843750001 0.7442655078125 0.1094177546875 0.7570818015625 0.1092448890625 0.7641537625 0.1084703109375 0.765184603125 0.1071041765625 0.7668035484375 0.10287205156250001 0.76514238125 0.09845083906249999 0.760403428125 0.09533631249999999 0.7695478437500001 0.0954538625 0.772104290625 0.0979710078125 0.778419409375 0.1010959625 0.78138125625 0.101995634375 0.7753628359375 0.1046418015625 0.7736124796875 0.10787152343749999 0.7766148421875 0.112921571875 0.7785325578125 0.11422833125000001 0.7842445234375 0.11419556093750001 0.78768076875 0.110825153125 0.7947528562499999 0.1111629453125 0.79944959375 0.10669076250000001 0.8057269578125 0.10912045625 0.8103731468750001 0.107836334375 0.8145450203125 0.11010435625 0.8164901109375 0.11249283437499999 0.82176100625 0.1136328625 0.8260134390625 0.1164291890625 0.8271483500000001 0.117206934375 0.83736609375 0.1193368765625 0.850793234375 0.1181551171875 0.850804325 0.1208611578125