0 0.3663953625 0.4359728828125 0.371610725 0.4357374734375 0.3817953875 0.43241404218749996 0.3923056453125 0.43115967343749995 0.3974604828125 0.43301444218749996 0.40631680625 0.43531852656250003 0.41512559062500004 0.43870383281249997 0.4311396390625 0.4457137234375 0.4419002890625 0.4497544515625 0.453053509375 0.45283982187499994 0.45928991406249997 0.45434377187499997 0.4672966515625 0.45319975156250003 0.480028353125 0.45450341562499996 0.48690994375 0.4539573578125 0.4871322921875 0.450071325 0.49519463124999996 0.4533474078125 0.50695630625 0.45793998125 0.50457620625 0.45323338125 0.5034808921875 0.449241478125 0.5105979296875 0.45025311874999996 0.51480234375 0.4476251828125 0.51679616875 0.4440541171875 0.5202398484375 0.43889869687500005 0.524235340625 0.43510906875 0.523431359375 0.43142654687500004 0.5117527921875 0.4276050890625 0.5022591890625 0.4263463140625 0.4952273921875 0.42527468749999997 0.48190723125 0.423561928125 0.4811399109375 0.42197024531249994 0.47819876875 0.42055696718749996 0.46994941093750003 0.4206555515625 0.45723227343749995 0.423685271875 0.45377219375 0.4202973765625 0.446082784375 0.41865689531249994 0.427640196875 0.41805347187499997 0.4159622625 0.4184198796875 0.4060807234375 0.41869092812500003 0.3986713703125 0.421540378125 0.39609822656250004 0.4209764671875 0.3996843296875 0.417438053125 0.394751315625 0.4169202046875 0.38756147812499997 0.41996766562500004 0.3751237328125 0.425666265625 0.3658722953125 0.4336151984375 0.3663953625 0.4359728828125
0 0.402037034375 0.494903509375 0.40462026562500003 0.49277053593750003 0.3970410421875 0.491125578125 0.3825270125 0.49518855781250004 0.36903359999999996 0.50153355 0.3574806015625 0.5074099375000001 0.3613099359375 0.5091408984375 0.3669777640625 0.50667393125 0.367953621875 0.5081050546875 0.374548990625 0.5083385796875 0.3774953171875 0.5071110109375 0.373420834375 0.5025886875000001 0.38406752499999997 0.4980179640625 0.3893360390625 0.49902158906249994 0.39594101875 0.49733458124999996 0.402037034375 0.494903509375
0 0.3882527296875 0.52253696875 0.3941244015625 0.5299487984375 0.398060678125 0.5357639953125 0.4040714375 0.5388072609375001 0.40755470781250003 0.538649309375 0.4010034328125 0.5301491078125 0.393726778125 0.5245796484375 0.3882527296875 0.52253696875
0 0.3135215765625 0.5236294390625 0.3203191609375 0.5272167890625 0.3263618515625 0.5322077484375 0.3324116140625 0.5344466640625 0.344394809375 0.5341587234375 0.34938557187499997 0.5313094171875 0.34717186875 0.52857325625 0.34149037187500003 0.5300132468750001 0.3385965421875 0.52628434375 0.3321271640625 0.5216168015625 0.3268038625 0.52260190625 0.3378798890625 0.5299938125 0.3331608875 0.5316372140625 0.3245041921875 0.5242546406249999 0.3145315171875 0.5193464765625 0.31058085156250004 0.5124587546875 0.31373601562500003 0.50665698125 0.3399171265625 0.48356343749999997 0.32214429375 0.47155780937499997 0.32043619687499997 0.47553814843750003 0.32742336562499996 0.47884093906249997 0.3214217375 0.4850336140625 0.3103580578125 0.488992228125 0.300481759375 0.49151605624999994 0.2982115453125 0.49480414375 0.29998529218750003 0.49799745 0.30403698125 0.49813704531249997 0.3040012515625 0.5027405125 0.3032716734375 0.50772715 0.3042708390625 0.5141088296875 0.30857124687500004 0.51963435 0.3135215765625 0.5236294390625
0 0.27860284375 0.5059876890624999 0.27528165000000004 0.502840940625 0.2676672671875 0.5081772984375 0.2681027984375 0.5105853578125 0.2729164703125 0.50999326875 0.27860284375 0.5059876890624999
0 0.2541833609375 0.5153638203125 0.24954941874999997 0.511266228125 0.2460786375 0.5130204046875 0.258497903125 0.5250125109375 0.261091625 0.52326159375 0.26402490156249997 0.5173964890625 0.26046928281250004 0.51524403125 0.2541833609375 0.5153638203125
0 0.2960085171875 0.529396896875 0.2942644296875 0.5268147515625 0.28661931875 0.5280562859375 0.2844548546875 0.5298667171875 0.2887454328125 0.5314529515624999 0.2960085171875 0.529396896875
0 0.3850844109375 0.4002344953125 0.393963640625 0.402993871875 0.39052305625 0.4047255953125 0.3955488453125 0.4074458484375 0.40745116093749995 0.40908632031250003 0.4255928421875 0.4127705546875 0.426572559375 0.413046053125 0.42946529531250005 0.41295093437499997 0.43465620312500003 0.4112202046875 0.4370302625 0.408143534375 0.4471465796875 0.405439940625 0.4468735796875 0.408990596875 0.44500480781249996 0.41297883593750007 0.44745103437499995 0.41703717031250004 0.45001156093750005 0.4167592765625 0.45070942656249996 0.41197376406249997 0.45296349999999996 0.405930034375 0.45356263906249994 0.40444221562499993 0.45709075468749993 0.4039509671875 0.46049075000000006 0.40551575156249997 0.46354636875 0.40456281406250005 0.47099840625 0.40124342031250004 0.4743883109375 0.4034613734375 0.49919823750000003 0.40651030312499997 0.50053883125 0.4075373015625 0.5096409609375 0.41215912968749996 0.5192690015625 0.414265659375 0.530723009375 0.4157775078125 0.5425920046875 0.41835457812500004 0.5534136859375 0.4219128515625 0.5675952328125 0.4261320984375 0.5759042703125 0.426570446875 0.578872959375 0.42592987187500003 0.5815189937499999 0.42175240468749997 0.58263711875 0.41958535937499997 0.5914063031250001 0.417345809375 0.5991906546875 0.416699928125 0.6060900953125 0.4150355453125 0.6286762953125 0.42356621250000004 0.6361243812499999 0.4252938046875 0.6416629687500001 0.42559485781250006 0.645814465625 0.42358967812500004 0.6585072359375 0.42338420781249997 0.653686515625 0.42681774375000003 0.655417846875 0.42830868750000006 0.6619068609375 0.4247560359375 0.6787208796875001 0.4213852109375 0.681605125 0.41891311875000004 0.6936372656249999 0.416165396875 0.7016425109375 0.41208036718749996 0.71340943125 0.4054619875 0.7165763375 0.4006195734375 0.703891696875 0.40222012500000004 0.70339746875 0.40023198437499996 0.700663015625 0.39511167812500003 0.7007190046875 0.387515778125 0.697856946875 0.387063046875 0.6962343171875001 0.386965003125 0.6977302625 0.3939610671875 0.6933407468749999 0.39415109375 0.6851306265625 0.39709988125 0.6757992703125 0.3990063546875 0.676204340625 0.3934800046875 0.6702935515624999 0.3905490046875 0.6687204875 0.387840659375 0.67268360625 0.3842238671875 0.6814108078125 0.3807431234375 0.6755277000000001 0.38075855937499997 0.6862133703125 0.375043128125 0.6941146140625001 0.368866075 0.6868800578125 0.367906890625 0.68518574375 0.3620666859375 0.67890899375 0.35955381875 0.6642502640625 0.349906703125 0.6604202875 0.3463186203125 0.6634441265625 0.337876603125 0.6680245921875 0.334177365625 0.67170704375 0.3323523046875 0.6755034078125 0.3244923328125 0.668800665625 0.33034448125 0.6601302984374999 0.33218958125000003 0.6459043906249999 0.3280291921875 0.640300678125 0.32391890624999997 0.6454684203125 0.319405253125 0.6527511609375 0.316013015625 0.6561919265625 0.3112494578125 0.6557596296875 0.3075853375 0.651225428125 0.309034734375 0.6486468375000001 0.311993128125 0.6427339109375 0.3127258828125 0.6416576296875001 0.30909011875000003 0.65109439375 0.3028952640625 0.6529101640625 0.29879573125 0.6592234453125 0.29710829843750003 0.662248875 0.29693068125 0.6449276687500001 0.28094615 0.6394277578125 0.28020303593749996 0.6344448484375 0.28061406093749997 0.6373696437499999 0.2783776515625 0.6357618781250001 0.2747393046875 0.6283488 0.275157303125 0.6217850078125 0.27651696718749996 0.617119078125 0.2758327015625 0.6109287906249999 0.2779967296875 0.605754046875 0.2794888984375 0.6066981921875 0.26728098125 0.611132353125 0.26636552343750003 0.6167898421875 0.26322791562500003 0.6053980453125 0.26233164531250003 0.6037217359375 0.2571282453125 0.597620425 0.25599843125 0.591909975 0.25215799375 0.596535375 0.24936141875 0.5992566109374999 0.25041980625 0.6048138671875 0.253304190625 0.60327229375 0.24966222500000002 0.5966791406249999 0.2439533703125 0.5752024609374999 0.2294278421875 0.5699555140625 0.22231535156249999 0.568524228125 0.21744865 0.572083321875 0.21724870937500002 0.5664262078125 0.21211738281249998 0.557565953125 0.2063623234375 0.5541069265624999 0.2031596 0.5432694296875 0.20853080156249998 0.5343424375 0.211372953125 0.5295467781250001 0.21322923437500002 0.5245406499999999 0.213009271875 0.523310334375 0.21679927812500002 0.520242346875 0.21656693906250002 0.5224742531250001 0.2099519140625 0.5000142203125 0.20741913125 0.4887398015625 0.21122285000000002 0.46862583124999996 0.200698503125 0.4654680203125 0.20817987656249998 0.4742261265625 0.21743309375000003 0.4645429734375 0.221388578125 0.456871546875 0.223504584375 0.457451953125 0.23275443125 0.46046345781250003 0.238311484375 0.4475827328125 0.24186644531249998 0.4347350890625 0.23545197812500002 0.436612340625 0.23975697343750002 0.3939894328125 0.21037094375 0.3879196640625 0.212824703125 0.4001942921875 0.22354781250000003 0.40837330312500003 0.22939854999999998 0.39678752031250003 0.2267396015625 0.3910312265625 0.22960819843750002 0.382168078125 0.239841853125 0.371273559375 0.24746038750000002 0.3700516921875 0.24461023593750003 0.38437049375 0.2321655328125 0.3689210859375 0.2390138390625 0.352664375 0.2479544328125 0.34816469375 0.25324018593750003 0.345443859375 0.2568025421875 0.34499389687500004 0.260063234375 0.348627484375 0.2625973765625 0.34938568281250004 0.2645443046875 0.352783375 0.2689321296875 0.3545893875 0.27433823125 0.35237054375 0.27621448593750003 0.339685853125 0.2682959984375 0.3348085796875 0.2674458046875 0.3349851546875 0.2711644078125 0.351604925 0.282419809375 0.3422648234375 0.2783308296875 0.33192496562499996 0.27923308593749996 0.34331804843749997 0.283718125 0.35301299531249997 0.28703195625 0.35461419843750003 0.29015370156250003 0.355116525 0.2943619328125 0.356534378125 0.2950616078125 0.35925885 0.29844945312500004 0.35577863125000003 0.300132221875 0.3466963828125 0.303870503125 0.340933746875 0.3015767140625 0.334770640625 0.303914084375 0.335681628125 0.3069472109375 0.3339048359375 0.30810927499999996 0.32643989375000004 0.3022896421875 0.32933499843749997 0.298348846875 0.325425396875 0.292390115625 0.3196349453125 0.28740240156249997 0.3107533703125 0.28549449843749997 0.30276854062499997 0.293595025 0.3032475109375 0.2952555890625 0.31146918281249997 0.3004215 0.3156995109375 0.30959855625 0.3295881703125 0.3172192828125 0.3212120625 0.3201111984375 0.3249144109375 0.326233740625 0.32763046875 0.330434884375 0.3287991890625 0.339342515625 0.3249929859375 0.3321302140625 0.31113223125 0.338694021875 0.315061925 0.3440286921875 0.3210404421875 0.346866803125 0.3248487140625 0.34951975 0.332423984375 0.35429345625 0.3410203734375 0.3607877046875 0.3459977453125 0.364581259375 0.35180123750000003 0.3698681234375 0.3587880921875 0.3746624984375 0.36651153125 0.376451825 0.3693497234375 0.3810855734375 0.3707528171875 0.38435624375 0.37705401250000004 0.3876115671875 0.37857522499999996 0.3921316625 0.3830724765625 0.3956761734375 0.3850844109375 0.4002344953125
0 0.573201559375 0.4359314484375 0.5677923140625001 0.43510215937499996 0.5576147734375 0.43493794062499996 0.5564714734375 0.437231396875 0.5586128546875 0.438373940625 0.5683016109375 0.44136412500000005 0.5750587078125 0.4452349625 0.5856874265625 0.44804074375 0.598962653125 0.44910179375 0.604450984375 0.4460152625 0.6076596453125 0.44272144375 0.6138590046875 0.44439782031249997 0.6194927546875 0.44289405000000004 0.6240384125 0.43756683281250003 0.624197765625 0.4341677875 0.6140463406250001 0.43440424375 0.60656658125 0.4362656734375 0.598970121875 0.433293853125 0.5939604765625 0.42999467812500003 0.602097028125 0.42858596562500006 0.6137921390625001 0.43132192187499996 0.6175044171875 0.4292814546875 0.6173203625 0.42652680624999995 0.6134278234375 0.423886878125 0.6043485609375 0.4232525296875 0.5931758484375 0.42234405625000004 0.584249296875 0.422814721875 0.5854760078125001 0.4290516203125 0.586286175 0.434223159375 0.5859595859375 0.43557170312500004 0.5938712734375 0.437557871875 0.5865573359375 0.4386354578125 0.5832813453125001 0.43755363281250004 0.586685265625 0.43694015625000004 0.573201559375 0.4359314484375
0 0.3676696953125 0.4067602859375 0.36970283125000003 0.412564259375 0.376735146875 0.41470562656250004 0.3791489640625 0.417592615625 0.383865271875 0.41515533125 0.374972409375 0.41129683593750005 0.3749489140625 0.4068324859375 0.3703754640625 0.4045533359375 0.3676696953125 0.4067602859375
0 0.416638365625 0.41280744843750006 0.41010934062500004 0.41228171874999997 0.4087570359375 0.414723146875 0.4037114 0.41549256874999996 0.4037842953125 0.41804770781249995 0.41678189374999997 0.4175850125 0.416638365625 0.41280744843750006
0 0.92101776875 0.5568840140625 0.9235266187500001 0.5568023640625 0.9211627078125 0.560784928125 0.9236140531249999 0.561432290625 0.9268606890625 0.5613257859375 0.9350878437500001 0.55918625 0.9357132531250001 0.55626871875 0.930915009375 0.5514854484375 0.9301852265624999 0.550325240625 0.9276492703124999 0.5485474531250001 0.9047108390625 0.562364878125 0.90360596875 0.5666034625 0.912674425 0.5614272578125 0.92101776875 0.5568840140625
0 0.8215368859375 0.5529487093750001 0.8192224187500001 0.5572445874999999 0.8204842187500001 0.56073189375 0.8226329109374999 0.56136061875 0.8246402828124999 0.5599473828125 0.8305569828125 0.5591177125 0.8331375578125 0.55778599375 0.835107696875 0.555238634375 0.8346621234375 0.5526226578125 0.8405704890625 0.5493783859375 0.8480104078125 0.544655721875 0.8620477765624999 0.5384038062500001 0.86300329375 0.52875505625 0.8473735203125001 0.5390633078125 0.8319088125 0.5471979859375 0.8274427796875001 0.551435809375 0.8215368859375 0.5529487093750001
0 0.7638931140625 0.5343869031249999 0.7507196265625 0.5402124890625 0.742075821875 0.5457160109375 0.734983671875 0.5517881828125 0.738334725 0.5526036624999999 0.74651358125 0.546444621875 0.7574066375 0.5421056281250001 0.765898596875 0.53796123125 0.7687118671875 0.539294309375 0.77224071875 0.5402288625 0.7735170671875 0.53795645625 0.7717559265625 0.5346011328125 0.7810187734375 0.53093198125 0.7746141843750001 0.5310994203125 0.7638931140625 0.5343869031249999
0 0.72123369375 0.5627330046875 0.7171353515625001 0.5681464109375 0.7212983656249999 0.572786271875 0.7280306796875 0.5736058374999999 0.7314160796875 0.573204053125 0.7421593390625 0.5741627890625 0.7300015 0.564256090625 0.7234062484375 0.55367695625 0.7154324109375 0.5513434234375 0.7132782062499999 0.5552596375000001 0.72047736875 0.5595455828125 0.72123369375 0.5627330046875
0 0.9843642656249999 0.5773845984375 0.9868016421875 0.5765422625000001 0.98888323125 0.5741552265625 0.9879326671875001 0.572632209375 0.9831561109375 0.5759911859375 0.9843642656249999 0.5773845984375
0 0.8833112265624999 0.573634853125 0.8742221562499999 0.5710688609375 0.8774185687499999 0.57558808125 0.8840257109375 0.5794159984375 0.8886923124999999 0.5810068984375001 0.8833112265624999 0.573634853125
0 0.8048291546874999 0.578303078125 0.8232114328125 0.5813527421875 0.8305287015625 0.582298771875 0.8198941468750001 0.5760638078125 0.8142608078125001 0.5710192593750001 0.81426895625 0.561998140625 0.8149266234375 0.55887325625 0.7952887921875 0.557804515625 0.78314314375 0.557367728125 0.7854404078125 0.5614255765625 0.7923200140625 0.5660474484375 0.7942186484375 0.5599788953125 0.7987835328124999 0.563610884375 0.799763953125 0.5676790015625001 0.8064231875000001 0.5668060703125 0.8104242312500001 0.56877948125 0.8061430078124999 0.5737016406250001 0.8048291546874999 0.578303078125
0 0.871415471875 0.655301021875 0.8752469843749999 0.65008699375 0.8653426937500001 0.653199684375 0.867605096875 0.6559887296875 0.871415471875 0.655301021875
0 0.145422953125 0.480293459375 0.1341698609375 0.48254469218749996 0.128913075 0.48804025781249993 0.126714465625 0.4917110421875 0.129243834375 0.4908391109375 0.1522831578125 0.48294991249999997 0.145422953125 0.480293459375
0 0.088278590625 0.5074758125 0.09041799375000001 0.50570083125 0.087771653125 0.505077190625 0.0844785265625 0.506324609375 0.082189925 0.5112391578125 0.08645820625 0.5113412390625001 0.086919803125 0.50963278125 0.088278590625 0.5074758125
0 0.23709176875 0.516977203125 0.2477320921875 0.5239529890625 0.249814990625 0.527287840625 0.25367047343750004 0.5271781375 0.2558606859375 0.5260773390625 0.23777156718749998 0.5129539546874999 0.2318573296875 0.504379303125 0.22626244375 0.5049548046875 0.2262823390625 0.50764960625 0.22969049687499998 0.513495453125 0.23709176875 0.516977203125
0 0.09755891562499999 0.601043825 0.0882794671875 0.6026976109375 0.07750032812499999 0.6050891234375 0.07557513593750001 0.6077502078125 0.08825729375 0.6154645734375 0.0930033015625 0.6207373421875 0.0863223953125 0.6201010796875 0.086970440625 0.6195601890625 0.081783921875 0.6188742953124999 0.046053581249999996 0.60468275 0.0460279515625 0.6111786718750001 0.0461743296875 0.6149197281250001 0.0422614734375 0.6206332546875 0.0432716171875 0.6240389421875 0.0477909328125 0.6241222046875 0.054930315625000004 0.6276751515625001 0.0650718234375 0.6313527234375 0.077269640625 0.6373244953125 0.098344725 0.64464385 0.10640241875 0.6467180796875 0.10811300312500001 0.642386621875 0.105712634375 0.638252309375 0.10580259218750002 0.6372061687499999 0.11392683750000002 0.6350058703125 0.117724803125 0.634621359375 0.12503311875 0.637139778125 0.12861330625 0.635443796875 0.1244740234375 0.6336700343749999 0.1146042125 0.6317274312500001 0.1038676296875 0.6327361406249999 0.10394637343749999 0.6293441578125 0.1100355796875 0.6286581953125 0.1175478421875 0.624202225 0.1254032375 0.6241068171874999 0.1315050484375 0.6178805578125 0.1263732859375 0.614238184375 0.09755891562499999 0.601043825
0 0.1168072640625 0.8724855984375001 0.11176479843750001 0.864308753125 0.110655278125 0.86696905 0.11003299531249999 0.8728089109375 0.105203775 0.8783654109375 0.0885497328125 0.8871504703124999 0.09489034375 0.8883059265625001 0.10480685781250001 0.8890872421875 0.1064217421875 0.8873196999999999 0.10647474531250001 0.8840964296875 0.11010174531250001 0.8770607703125 0.1168072640625 0.8724855984375001
0 0.0374007515625 0.8820371484375 0.0376778546875 0.8801964828125 0.0398777828125 0.877873128125 0.045129703125 0.8722359734375 0.042076609375000004 0.8727656453125 0.0274599984375 0.87999109375 0.0374007515625 0.8820371484375
0 0.1719986734375 0.8707988015625 0.1687154421875 0.8730446328125 0.1734672125 0.87688903125 0.171019496875 0.8821880500000001 0.16508316875 0.8868634578125001 0.1519222265625 0.8940515703124999 0.15968052187499998 0.89481503125 0.1654769109375 0.893173346875 0.1701694265625 0.8892690328124999 0.1749659515625 0.8848750437499999 0.178019609375 0.8807175546874999 0.1780084 0.8754135828124999 0.1719986734375 0.8707988015625
0 0.2142115296875 0.9005332312500001 0.21567081250000003 0.9018529375 0.22320413125 0.90289315625 0.2349341484375 0.9038676390625 0.24398517343749998 0.904143475 0.24229046406250002 0.89776995625 0.2321173625 0.9013735875 0.225936875 0.9012563515625001 0.22788502031250002 0.8981894734375 0.233589471875 0.8926326906250001 0.2299883203125 0.8901939249999999 0.22371242812499997 0.8946451328125 0.2142115296875 0.9005332312500001
0 0.5983252359375 0.8028219375000001 0.5932795296875 0.802319325 0.589220615625 0.8034275984375 0.5883191484375 0.8059508187500001 0.5878753515625 0.80906931875 0.5983252359375 0.8028219375000001
0 0.6640879453124999 0.5652447953124999 0.652973090625 0.5566652999999999 0.6510834703125 0.5546350703125 0.6494284375 0.55207483125 0.6579507718750001 0.5464179515625001 0.672367515625 0.5370309203125 0.6751315484375 0.5339428828125 0.6697105875 0.532745546875 0.6618063765625 0.5381318328125 0.6524721390625 0.5451089125 0.6523931546874999 0.5460117140625 0.649327834375 0.5511092640624999 0.633114565625 0.5457131515625 0.6372614578125 0.551146815625 0.648903921875 0.5575860265625 0.6431717703125 0.5584396843749999 0.6271542125 0.5473106890625 0.628161234375 0.5534232796875 0.6441175578125 0.5642661625 0.6640879453124999 0.5652447953124999
0 0.7107235859375 0.5235946171875 0.706930575 0.519852921875 0.7016013625 0.5212641328125 0.6954064843750001 0.5236598921875 0.6922100453125 0.5271367234375 0.7025349328125 0.5236985125 0.708289703125 0.5237157640625 0.7107235859375 0.5235946171875
0 0.768297971875 0.5021998921875 0.773040778125 0.4995673 0.773969625 0.49556584062500003 0.7759304359375 0.492354203125 0.7706228265624999 0.49246076875 0.7625126890625 0.49831840156249996 0.7629180468750001 0.502882034375 0.768297971875 0.5021998921875
0 0.66379246875 0.45078348281249997 0.660700765625 0.4523998609375 0.655683028125 0.4545535453125 0.6558026515625001 0.45820599375000004 0.66089046875 0.4574026203125 0.6659044859375001 0.4531939171875 0.6713021421875001 0.45135893437499996 0.6799597734375 0.445051996875 0.672983815625 0.44730413437500005 0.6717537499999999 0.4421633015625 0.6691050890625 0.43939692968750005 0.66594613125 0.44174617187500004 0.6690376 0.44698084375 0.6670929328125 0.45140632031249994 0.66379246875 0.45078348281249997