0 0.5176701453125 0.3763609015625 0.519069796875 0.37893923281249997 0.5207699156250001 0.37740025625 0.5170252718749999 0.3661855203125 0.514425725 0.36727135781250003 0.510472153125 0.37320207031249997 0.5118098234375 0.3783398453125 0.516267153125 0.3746913140625 0.5176701453125 0.3763609015625
0 0.5528451359375001 0.3718247109375 0.5518614828125 0.3635186140625 0.549663134375 0.3589099859375 0.5463656984374999 0.3591070609375 0.5441228875 0.3632393171875 0.5402409859375 0.362791878125 0.5358552578125 0.36569015625 0.53335449375 0.36840106562499997 0.5341777796875 0.371952203125 0.536154903125 0.3740282890625 0.5372000359375 0.376629684375 0.5346326515625 0.376387640625 0.5301587171875 0.37423401093750003 0.5263829906249999 0.3721127203125 0.5262183640625 0.375438825 0.5295450625 0.3795059046875 0.532355715625 0.383370303125 0.5378421984374999 0.38884717968750004 0.5417738703125 0.39268727812500004 0.5444570859375 0.393847046875 0.543278253125 0.39860586875 0.5452177359375 0.399990765625 0.5479390765625001 0.398422428125 0.54960875 0.39804582499999996 0.55284755 0.3943454078125 0.5520635406250001 0.391268015625 0.55388309375 0.39006070625 0.5552807328125 0.386545425 0.5583755203125 0.3864928734375 0.5584932171875 0.3830025140625 0.5564449 0.379269628125 0.5528451359375001 0.3718247109375
0 0.561842790625 0.34807458125 0.559442675 0.340720075 0.5567923078125 0.33667385 0.555150853125 0.33806236875 0.5518940812500001 0.336321290625 0.5556432578125 0.34190600937500004 0.558314678125 0.3461621703125 0.561842790625 0.34807458125
0 0.4904823453125 0.3898167453125 0.48970186718750003 0.38583216249999996 0.4880015984375 0.383087665625 0.484911325 0.3819589875 0.48387885468749997 0.38137105625 0.4845094203125 0.387711784375 0.4859441828125 0.392140253125 0.4897985109375 0.3943888515625 0.4904823453125 0.3898167453125
0 0.5204207796875 0.399737428125 0.5219799859375 0.398294465625 0.524297028125 0.39495910312500004 0.525532409375 0.3921737234375 0.5261709140625 0.39016846250000004 0.526695103125 0.3901041 0.527919878125 0.393245440625 0.52914365625 0.39222462812500003 0.5293862703125 0.3872643375 0.52735016875 0.38725931406249997 0.52346135 0.39078136875 0.5203133703125 0.39451628906249997 0.5187894046875 0.398105328125 0.5204207796875 0.399737428125
0 0.5677009953125001 0.3716693296875 0.5691809125 0.3692600765625 0.569095834375 0.36552856875 0.567774228125 0.3623550390625 0.566817784375 0.3637838125 0.5629166484375 0.37437254375 0.5677009953125001 0.3716693296875
0 0.5698878374999999 0.3983391125 0.5709250156250001 0.3903752265625 0.57068763125 0.388941909375 0.5686701281250001 0.3857420546875 0.5625018484375001 0.37875104375 0.55476385625 0.37215584687500003 0.5548672421874999 0.377267284375 0.5594518109375 0.3815656046875 0.5626007343749999 0.38681315 0.5625694484375 0.3928022296875 0.5610115234374999 0.40520485156249997 0.5617766093750001 0.40762811093750007 0.5675417515625 0.4145411078125 0.5682588 0.41277808125000004 0.5671992453125 0.405328240625 0.5698878374999999 0.3983391125
0 0.5951184109375001 0.35414738125 0.588708015625 0.3541977375 0.5840987625 0.356326896875 0.5814716171875001 0.35664946875000003 0.5774520125 0.3575806515625 0.57667799375 0.36413634687499996 0.57409330625 0.36880488906250003 0.5743682140625 0.37373626875 0.5789608015625001 0.373471475 0.581628596875 0.3779673640625 0.5849225890625 0.3821911609375 0.589784846875 0.386238140625 0.594138509375 0.39022005625 0.5964647421875 0.3908443375 0.6000913156250001 0.38928921562499996 0.6042396437499999 0.382034271875 0.6046118296875 0.3766676625 0.6052100890625 0.369924175 0.6032513796875 0.36198495468749997 0.59961950625 0.355932453125 0.5951184109375001 0.35414738125
0 0.6219892859375 0.387702446875 0.6217760484375 0.3819527640625 0.6194414874999999 0.376529665625 0.61584228125 0.373358725 0.6130342875 0.37236225625 0.6143352656250001 0.3794833484375 0.6214394078125001 0.3879935046875 0.6219892859375 0.387702446875
0 0.50455751875 0.38772645781250004 0.502874984375 0.387690615625 0.5006025765625 0.389132990625 0.49928666406250005 0.39054450625000003 0.500364028125 0.38992106249999997 0.49927395781249995 0.3954797171875 0.500315496875 0.3969748671875 0.502958475 0.394281128125 0.504734946875 0.3911459484375 0.50455751875 0.38772645781250004
0 0.553143778125 0.044344201562500005 0.5471679703125 0.045780046875 0.5459108515625 0.0472473125 0.544344165625 0.0498089 0.5462022671875 0.0488770703125 0.5494623062499999 0.0468112484375 0.556246378125 0.0490606203125 0.5634685187499999 0.0503006421875 0.5648369734375 0.0487913703125 0.56073698125 0.0467728625 0.562039371875 0.0465846125 0.564308796875 0.045887215625 0.566562059375 0.045224862500000004 0.5659657265625 0.042291296875 0.5639740062499999 0.0408655859375 0.5610448578125 0.040946601562500004 0.5643890640625 0.043207459375 0.5573819109375 0.04362861875 0.5554142265625 0.044065425000000005 0.553143778125 0.044344201562500005
0 0.53306448125 0.0463704171875 0.5289938578125 0.04625785 0.524864940625 0.0455935875 0.5288043734375 0.04791989375 0.52866775 0.0496919390625 0.53533319375 0.047064731250000005 0.53306448125 0.0463704171875
0 0.493962575 0.044797453125 0.486004665625 0.0428858421875 0.48663486406249995 0.041223209375 0.4880918921875 0.0404224875 0.49346778125 0.040716396875 0.483976425 0.039278006250000004 0.47987502656250003 0.039325065625 0.4773054 0.0395776078125 0.47489229374999997 0.0401305 0.47307330312499996 0.040547475 0.47101459375 0.0404224359375 0.4683738078125 0.041133945312499996 0.46822283281250004 0.042289079687499995 0.46679636249999995 0.044274596875 0.46267394531250006 0.0437401984375 0.4598488890625 0.0453228453125 0.45834198437499996 0.046332768749999996 0.45721213125000004 0.047208239062500004 0.4498089140625 0.0475064359375 0.44867785312499997 0.048846453125 0.444911396875 0.048339187500000005 0.440534625 0.049707784375 0.4342205484375 0.050824664062500004 0.4313211625 0.051122417187500005 0.4315091046875 0.053986485937499995 0.43211538281250006 0.0550266015625 0.43198367812500005 0.055877117187500006 0.43555251874999995 0.0553775234375 0.439366875 0.052851656250000004 0.44353362343749997 0.051721368749999996 0.44676243906249996 0.051619303125 0.44853042031249996 0.052286940625 0.449256971875 0.0538065984375 0.44926108749999993 0.054763228124999994 0.4497073453125 0.056218124999999994 0.448207465625 0.0570288328125 0.451847878125 0.0558813109375 0.45440729375 0.0548019765625 0.45670588125 0.0554831765625 0.4601770546875 0.05462405625 0.46117226718750004 0.053280254687499994 0.4587711453125 0.05198195 0.46340547968749995 0.0512366109375 0.46440734531250005 0.050485478125000004 0.4669419203125 0.0505757015625 0.46955567187499997 0.0506184203125 0.47259495781250005 0.0505112890625 0.47358130000000004 0.05039018125 0.474737940625 0.0488738578125 0.4769328171875 0.048146257812499996 0.4780695921875 0.0480066796875 0.4801364515625 0.047416015625 0.48334950625 0.046454778125 0.48698123437499996 0.0455570515625 0.4923872359375 0.0449294859375 0.493962575 0.044797453125
0 0.4123464125 0.097889703125 0.4149390984375 0.0982608765625 0.4160902 0.0999047203125 0.41865949999999996 0.100867528125 0.421400084375 0.10140472656249999 0.42486462031250005 0.0992350828125 0.425014178125 0.0981966171875 0.42474079218750005 0.097008578125 0.423272271875 0.09588227499999999 0.42179435156249995 0.095333296875 0.41963707499999997 0.0949055140625 0.417412540625 0.0944812671875 0.4152686796875 0.09403452031250001 0.41392670000000004 0.094246521875 0.41261803906249994 0.09499911718750001 0.411715725 0.09586868750000001 0.409855190625 0.0972935515625 0.4102744734375 0.09814410625 0.4123464125 0.097889703125
0 0.39144706875 0.12463605625 0.3902307625 0.126051084375 0.39009740000000004 0.1292600046875 0.39523723906249997 0.13301630312499998 0.3959220359375 0.13049058281249998 0.397651665625 0.12448660468749999 0.3967554125 0.12435421875 0.395570415625 0.1249216125 0.3938149109375 0.12484277968749999 0.39144706875 0.12463605625
0 0.3000826453125 0.0635386046875 0.2988412671875 0.06436479843750001 0.2975038796875 0.06611426249999999 0.29869335625 0.0659808078125 0.3024338359375 0.064981571875 0.302728596875 0.062946103125 0.3016585078125 0.06307749375 0.3000826453125 0.0635386046875
0 0.297726165625 0.069937546875 0.2935081328125 0.06845775312499999 0.291999153125 0.0686430328125 0.28734991249999997 0.0704465125 0.2851914265625 0.070573009375 0.28161210625 0.0712565 0.277321190625 0.0731576640625 0.2747597953125 0.0739900875 0.272575671875 0.0744975484375 0.271127290625 0.0755994625 0.27012317656249996 0.077114375 0.2700062859375 0.07863684374999999 0.2674920796875 0.07898175625000001 0.265969259375 0.0800030796875 0.267211678125 0.0812752109375 0.2703726703125 0.082146478125 0.2726314171875 0.083234 0.27464527968749997 0.08375023125 0.27755389531249997 0.0819762875 0.27911458906250003 0.0834045453125 0.2806918453125 0.08514719062500001 0.28326130156249996 0.085239428125 0.28633232343750004 0.08462149687500001 0.290045825 0.0842615640625 0.293304071875 0.0832837578125 0.2960388625 0.08247884531250001 0.29926338750000003 0.080790478125 0.3018555140625 0.07937496250000001 0.30134130625 0.0771743515625 0.30370250468750004 0.0776731234375 0.30544249843750004 0.0778435921875 0.3083728515625 0.0773877625 0.311083646875 0.076477175 0.311986709375 0.076241928125 0.313269321875 0.074725878125 0.311341684375 0.07288614843749999 0.3086352140625 0.07261395468750001 0.3051838546875 0.0719420609375 0.3042074703125 0.07087497499999999 0.3029538765625 0.06921695312500001 0.2998874625 0.06941085 0.297726165625 0.069937546875
0 0.227150303125 0.053117896875 0.224164725 0.0545470875 0.22641505781250001 0.05469425 0.2278036625 0.05487480625 0.22922395 0.054480023437500004 0.23219244843750003 0.0527963296875 0.2367309046875 0.051936825 0.2396168609375 0.0512219734375 0.2424201203125 0.0510131609375 0.2430295515625 0.052117432812499996 0.2453951 0.0502669140625 0.2419676515625 0.048584575000000005 0.24139165624999998 0.04761158125 0.23363108906250002 0.0492303609375 0.2304044421875 0.050914267187499994 0.227150303125 0.053117896875
0 0.24690563281250003 0.068466925 0.244922525 0.0675344671875 0.24256550468750002 0.067608203125 0.24125666406250001 0.0679105890625 0.24035659531250003 0.06810611250000001 0.23428275625 0.06837174375 0.228940025 0.0696684625 0.22522645156249999 0.0707714421875 0.22239499375 0.07271222656250001 0.2214554078125 0.07343209843750001 0.22541853125000003 0.0748487375 0.22871564531250002 0.074443903125 0.2301579390625 0.07426681093750001 0.23276957656250002 0.0739461421875 0.235758215625 0.07315728906249999 0.236796753125 0.0725638 0.2390801515625 0.07239048125 0.2416040296875 0.07267564843749999 0.24415430312500003 0.0716116046875 0.2459122515625 0.0706590140625 0.24734725468750002 0.070448184375 0.24690563281250003 0.068466925
0 0.2798311484375 0.392741721875 0.2778599203125 0.3910726375 0.2761280875 0.3897378078125 0.2743499609375 0.3889234375 0.2729922 0.3891735828125 0.273766959375 0.3922269234375 0.27497910625 0.3943166515625 0.2772864828125 0.3949668609375 0.2816532515625 0.3956066421875 0.2827732046875 0.3958044421875 0.2798311484375 0.392741721875
0 0.30000801250000003 0.3981386328125 0.2979945703125 0.3983181609375 0.295870140625 0.40006823281250004 0.293089665625 0.403424290625 0.2930719921875 0.4029085375 0.292014046875 0.405113278125 0.291069015625 0.4072632234375 0.289652490625 0.40975285 0.2889456203125 0.4126244625 0.2920435875 0.41280293281249997 0.2926205515625 0.40942462500000004 0.2942192609375 0.41181636875 0.2971090796875 0.40862005156250003 0.2984626375 0.405232971875 0.3000704515625 0.4006985421875 0.30000801250000003 0.3981386328125
0 0.3618533140625 0.3958816390625 0.3598773328125 0.3925712125 0.35753063125 0.391113525 0.3553133 0.3910300015625 0.354846153125 0.3929307890625 0.361525284375 0.40010780468749996 0.3618533140625 0.3958816390625
0 0.3730388421875 0.4050792109375 0.3742696125 0.40280759687499995 0.376190140625 0.40008921875 0.3764138140625 0.3977696703125 0.37581666406249997 0.396188471875 0.37254274375 0.39724376562499997 0.371581884375 0.3990083921875 0.3716013875 0.401705809375 0.3721257015625 0.40211684999999997 0.36905798125 0.40477458437499997 0.37022137499999996 0.4067364890625 0.37201120468750004 0.407338475 0.3730388421875 0.4050792109375
0 0.38899146562500003 0.3919449859375 0.38439842031250004 0.3858467828125 0.3813964453125 0.3855526265625 0.3816504 0.3906723390625 0.3841098703125 0.3937407890625 0.3882293609375 0.3986361765625 0.386100846875 0.4042121390625 0.38441935625 0.41604431875000003 0.39034805625 0.4224303296875 0.394648190625 0.4256301265625 0.38961269375 0.4169541296875 0.39128585625 0.4076952703125 0.395810334375 0.4016960328125 0.3972349484375 0.4000287390625 0.39667914843749996 0.4072975296875 0.39798725468749996 0.4069763421875 0.3999432546875 0.3997261109375 0.3975515125 0.39874779843749997 0.39246646875 0.3999892640625 0.38899146562500003 0.3919449859375
0 0.3677250921875 0.3716872703125 0.36901777187499996 0.3714199265625 0.37104024999999996 0.3698523890625 0.37213780625 0.3677907640625 0.3717315109375 0.3653407671875 0.3674532828125 0.365691328125 0.36412414531250004 0.3660276796875 0.36295885625 0.367422275 0.36559695937500003 0.36989419687499997 0.3677250921875 0.3716872703125
0 0.3140939546875 0.414649746875 0.315715746875 0.411703578125 0.31877361249999997 0.405567996875 0.317627134375 0.40278226562499997 0.31141657968750003 0.401665190625 0.30772859218750004 0.39859173281250004 0.3074034875 0.402187846875 0.31001751875 0.4116948265625 0.3103507359375 0.41894733906250003 0.31182008125 0.42218301406250003 0.3164365859375 0.42916463125000004 0.31898477812500003 0.4348275453125 0.3174310125 0.44248176875 0.3154411578125 0.447661315625 0.3174438890625 0.4531897015625 0.3241261296875 0.460007409375 0.3253300421875 0.46409427656249996 0.3270724328125 0.4592583875 0.3239226625 0.45661945312499996 0.3205615625 0.44806687968750003 0.3202438703125 0.44249216875 0.32274890625 0.4372902953125 0.3229165421875 0.43205270156250003 0.3184405078125 0.42766391718749996 0.3157271140625 0.4205273390625 0.31915055312499996 0.414009984375 0.3250871375 0.40470306093749997 0.3239433890625 0.401554921875 0.31885238125000004 0.4104148375 0.31398528125 0.4161365734375 0.3140939546875 0.414649746875
0 0.342145765625 0.40864099062500003 0.34337245625 0.4063746015625 0.342003240625 0.402992821875 0.33961306874999997 0.401117003125 0.33712785312500004 0.39839017499999996 0.3293424625 0.39308852031249997 0.3329358171875 0.3987632109375 0.3368626953125 0.40284632968749995 0.338546671875 0.406573575 0.3380015140625 0.41118532500000005 0.3382311359375 0.414222165625 0.339216803125 0.4126339546875 0.342145765625 0.40864099062500003
0 0.25618624687499997 0.3952938953125 0.25342483437499996 0.3917792296875 0.25142266874999997 0.39016589375 0.250058840625 0.389199903125 0.2480861 0.3883133984375 0.24647359687499998 0.388335075 0.2457552125 0.389023065625 0.24670050468750002 0.391016471875 0.2485999 0.394164709375 0.25010105781249997 0.3957876109375 0.25226012343750004 0.39655048593750003 0.254384471875 0.39847940937500004 0.2564393140625 0.40117564687499996 0.25838241875 0.402410546875 0.258723809375 0.40183181562500003 0.2586896078125 0.39938650625 0.257672165625 0.39715165625000004 0.25618624687499997 0.3952938953125
0 0.2640143296875 0.5012940640625 0.2630097890625 0.50247214375 0.2625202609375 0.5038829421875 0.26452391249999996 0.5047262953125 0.267656709375 0.502265221875 0.2679205453125 0.49974711093749996 0.26533937500000004 0.500315915625 0.2640143296875 0.5012940640625
0 0.299674121875 0.4975138015625 0.3011675125 0.4961245734375 0.30139968437500003 0.49452812812499997 0.29886960937499996 0.4952181734375 0.2984295203125 0.4952879515625 0.299674121875 0.4975138015625
0 0.3595912671875 0.505823678125 0.3572793171875 0.5040720656250001 0.35492164375 0.5029352953124999 0.3533623328125 0.5029158078125 0.3523800734375 0.502941959375 0.3551879234375 0.5067579 0.3616390125 0.51079555625 0.364736184375 0.5100059703125 0.36245114218749996 0.5070247250000001 0.3595912671875 0.505823678125
0 0.1366197 1 0.137829653125 0.9993910984375001 0.13946113437500002 0.9974213375 0.13675031875000002 0.9955880390624999 0.1387172625 0.9916706906250001 0.1386441296875 0.9891262624999999 0.138619259375 0.9867569453125 0.1332048921875 0.9879317984375 0.131460221875 0.9888386796875 0.13090614218750002 0.990877653125 0.1287459328125 0.9877976468749999 0.126510640625 0.9927475812500001 0.1261170203125 0.997901153125 0.1278694984375 1 0.1366197 1
0 0.0339339 0.5757733484374999 0.0346643140625 0.571260065625 0.032249651562499995 0.5695950546875 0.029989435937499996 0.5697135765625 0.028726449999999997 0.569517596875 0.023603415625 0.57236 0.02008709375 0.574902796875 0.0197147875 0.5771272515625 0.023657784374999997 0.576931196875 0.0256746203125 0.578305021875 0.026760871874999998 0.581779790625 0.0284301203125 0.58222026875 0.0324189875 0.5784104375 0.0339339 0.5757733484374999
0 0.0129266921875 0.5845378734375 0.0133488625 0.5876171890624999 0.016205565625 0.58831801875 0.0165216703125 0.5857383921875 0.015952334375 0.5837554968750001 0.0129266921875 0.5845378734375
0 0.05842830624999999 0.4185554140625 0.058164290625000004 0.4242645203125 0.055430281250000005 0.42169102968749994 0.053606846875 0.426187390625 0.053866424999999996 0.429173325 0.06985098125 0.4459928546875 0.0746071875 0.4449066859375 0.0682904921875 0.43532224375000006 0.069432990625 0.42740839375000006 0.0689288 0.41884035 0.068017134375 0.41076154843749996 0.0614816625 0.4084470203125 0.05699930156250001 0.40962235625 0.06015193906250001 0.41423345312500004 0.0636969515625 0.417193803125 0.063979371875 0.42934055000000004 0.06232451875 0.42887626562500003 0.060475646875 0.4233573234375 0.06087065781249999 0.41809968125 0.05842830624999999 0.4185554140625
0 0.0234919703125 0.443305378125 0.0194698125 0.43670258906250004 0.01949010625 0.43193174218749997 0.0249831046875 0.4258072890625 0.024639525000000002 0.419573003125 0.0221954078125 0.41737321875 0.02494780625 0.413916709375 0.022431959374999998 0.41341488593750003 0.0187257828125 0.41716796875 0.015949981250000002 0.4232673421875 0.014040259375 0.4318688796875 0.0140083625 0.43725038125 0.0234919703125 0.443305378125
0 0.0334806625 0.396586703125 0.030114221875000003 0.40069635156250005 0.027784804687499998 0.403841178125 0.028675115625000004 0.4068740328125 0.01492956875 0.3977892890625 0.02547404375 0.409804740625 0.0299073484375 0.4135249984375 0.035642896875 0.4164147390625 0.038855084375 0.41895942656249996 0.033737410937500004 0.42662777187499995 0.0329236265625 0.4301799875 0.033941268749999996 0.4333011078125 0.033601046875 0.43520992343750003 0.0363643703125 0.4359836140625 0.0383562546875 0.4288076890625 0.040616978124999994 0.42668038125 0.042381960937500004 0.4312084109375 0.046502609375 0.419497059375 0.049340034375 0.4183741453125 0.053837003125000005 0.4247155578125 0.053799771875 0.4190402921875 0.047913781249999995 0.41173283281249995 0.044362709374999997 0.42069805000000005 0.041230190625 0.41672519531249996 0.04333645625 0.4132630125 0.04077778125 0.41169439375000005 0.0388594109375 0.41404571093750003 0.03565018125 0.4081018875 0.038186717187500004 0.39583570625000003 0.035325959375 0.39397359062500004 0.0334806625 0.396586703125
0 0.0173820921875 0.3680688703125 0.0146572609375 0.365108565625 0.01192175625 0.3649973609375 0.007972978125 0.36571047343749996 0.0090828984375 0.3656214203125 0.01723531875 0.3736045828125 0.020622571875000002 0.3744338984375 0.0173820921875 0.3680688703125
0 0.0112042546875 0.3859755453125 0.0105334 0.387973759375 0.0095273984375 0.393729890625 0.0092156578125 0.39706303906249996 0.010949756250000001 0.3956725921875 0.0158538265625 0.38641845625000004 0.014796290625 0.384882765625 0.0112042546875 0.3859755453125
0 0.0449799390625 0.369465953125 0.041673354687500004 0.3649729328125 0.039538309375000004 0.3644826 0.036647134375 0.36501390625 0.0345061859375 0.365629409375 0.039211659375 0.3702969984375 0.0423401734375 0.3732628359375 0.04622615 0.37521788906250003 0.0480736390625 0.3767510390625 0.04625915625 0.37261477656249997 0.0449799390625 0.369465953125
0 0.0983900515625 0.332049878125 0.094448740625 0.3322724875 0.0913132625 0.3341860578125 0.09015356875 0.3347031171875 0.092518484375 0.338116915625 0.0971152390625 0.34136057656249996 0.099518509375 0.3389198109375 0.10232391562500001 0.3351513921875 0.1014010859375 0.3323665359375 0.0983900515625 0.332049878125
0 0.0931156609375 0.3618916640625 0.09133464531249999 0.3600921765625 0.08834472812500001 0.3608449796875 0.0869462015625 0.361481096875 0.085354190625 0.36374668906249996 0.0895490234375 0.3673325078125 0.09399744374999999 0.37158615 0.09475715 0.37247834062499996 0.09413242499999999 0.3678134546875 0.0931156609375 0.3618916640625
0 0.06842970000000001 0.364683434375 0.065838965625 0.3621742125 0.064289475 0.3622731609375 0.061666760937499995 0.362785671875 0.0582435484375 0.362714828125 0.061545790625 0.366621190625 0.0635499 0.36894269375 0.06638419062499999 0.370499509375 0.073360234375 0.3730558984375 0.0700868765625 0.3695899234375 0.06842970000000001 0.364683434375
0 0.11999201875000001 0.3665541375 0.11781226250000001 0.3615071640625 0.1140476015625 0.35973242031249997 0.11272425781249999 0.3600192703125 0.1120213703125 0.362487390625 0.11483484375 0.3679004875 0.1211341640625 0.372125221875 0.12349806875 0.3732486328125 0.11999201875000001 0.3665541375
0 0.07990193125 0.397832409375 0.084578940625 0.398934703125 0.087363921875 0.3972436328125 0.0886141421875 0.3939636953125 0.08645454062499999 0.3904270859375 0.08281300625 0.38942434062500003 0.079324275 0.391935415625 0.07900816875 0.3946047734375 0.07990193125 0.397832409375
0 0 0.3921315328125 0.0030054015625 0.3959868578125 0.0063324140625 0.3944921296875 0.0076060359375 0.38865906093749997 0.00935973125 0.3856589140625 0.01435885625 0.3855126453125 0.0184316734375 0.38728418750000004 0.0226086 0.38974977499999996 0.0313994640625 0.38980384218749997 0.036889834375 0.390568559375 0.0386840140625 0.39006489843750003 0.040309492187500004 0.38649487968749996 0.045624109375 0.38555896562499997 0.050290082812500005 0.3886996734375 0.058182759375000004 0.392528840625 0.060303751562499994 0.39244315625000004 0.0642904046875 0.3878716671875 0.066765565625 0.385170196875 0.0713187953125 0.38437971875 0.075229396875 0.38624044375 0.078990709375 0.3868852984375 0.08123796718750001 0.3870202453125 0.086655509375 0.386255878125 0.089919096875 0.381231634375 0.0889383359375 0.38483426249999997 0.09628103437499999 0.38367136875 0.09870245 0.385083675 0.10334119687500001 0.386579503125 0.10495083593750001 0.38929105 0.104722275 0.39367344531250004 0.10868620625 0.39294272812500003 0.109250871875 0.38836164218749997 0.10803552031250001 0.3860534890625 0.109772796875 0.38240677343749996 0.1104627765625 0.3854107015625 0.1114661328125 0.38735132656250004 0.1156657421875 0.3865271296875 0.1156355796875 0.3835634015625 0.11881699375000002 0.3824470515625 0.121969140625 0.3822205875 0.1262311765625 0.3833407765625 0.130803525 0.38657798906249996 0.1358982328125 0.383838240625 0.1365437421875 0.3788001453125 0.12991410625 0.377629053125 0.11974590468749999 0.377204140625 0.111911309375 0.3786431 0.1052229984375 0.3794045015625 0.10122889531249998 0.3787740609375 0.088643040625 0.38027533125 0.08444643125 0.38079060937500003 0.08110702656249999 0.38165873906250003 0.07918551874999999 0.3818946703125 0.074700865625 0.3809230328125 0.0693552140625 0.38018304999999997 0.0640404390625 0.38083562187500003 0.0562666390625 0.38416721875 0.055365874999999995 0.38379295468749997 0.045857496875 0.3807414890625 0.0401331375 0.3812507203125 0.029147660937499997 0.3823366703125 0.0173136625 0.38290970625 0 0.3835751890625 0 0.3921315328125
0 0.143233403125 0.4142821703125 0.1407709625 0.410176665625 0.1376900484375 0.4053804453125 0.1275350171875 0.39749834375000004 0.12398553906250001 0.39720686875 0.12066888437500001 0.39288825156249996 0.1185887578125 0.391832321875 0.11687962968750001 0.3922594203125 0.117891 0.39603461875 0.124204896875 0.40174993593749997 0.1274157515625 0.408014703125 0.1279324375 0.405171165625 0.1362155640625 0.41311623906249995 0.1365112546875 0.419447709375 0.1396401859375 0.4232887703125 0.1425010671875 0.4158565921875 0.143233403125 0.4142821703125
0 0.0914885859375 0.41433555 0.0893576453125 0.410275925 0.08506629375 0.4060706890625 0.07687299375 0.397459703125 0.0747760328125 0.39852318593749997 0.0808487328125 0.4054409234375 0.071147125 0.399815696875 0.0763167078125 0.40823752031250005 0.075024659375 0.41318970781250003 0.075849371875 0.419906453125 0.07849799843750001 0.42634887499999996 0.085452221875 0.43011223281250005 0.0838853546875 0.4260951171875 0.076685103125 0.41437902812500005 0.0788561734375 0.4099061 0.0859532859375 0.41524346406249996 0.093118503125 0.41787894999999997 0.09440513125 0.41816490625 0.088862540625 0.42268028593749996 0.0900982515625 0.42835952187500004 0.09286303125 0.4309528484375 0.096742865625 0.4227548453125 0.09903371093749999 0.41925740468750006 0.1072393890625 0.41562247812499997 0.11008633125 0.4135129234375 0.11638799375 0.416397696875 0.11592099843749999 0.41147888281249995 0.1084651640625 0.4042712953125 0.101754928125 0.3974050765625 0.1004553734375 0.40100119375 0.10641594843749999 0.40796733281249997 0.108109984375 0.41081491875 0.10292168906250002 0.41194627187500005 0.098705825 0.41204831718749996 0.09744656562500001 0.41440843593750004 0.09326918437500001 0.41401616875 0.0914885859375 0.41433555
0 0.0628273890625 0.39621370625 0.062069212500000005 0.3925774390625 0.0603202421875 0.3923466765625 0.059862395312500004 0.39566942968749996 0.0599771140625 0.3939882296875 0.0578250984375 0.4004754109375 0.061115490625000005 0.4013748671875 0.0626432984375 0.40002234375 0.0628273890625 0.39621370625
0 0.14399639687500002 0.36863487500000003 0.1455276140625 0.3692717640625 0.1413546296875 0.360825175 0.1376600453125 0.3571338546875 0.135189121875 0.3588697984375 0.138774978125 0.364073140625 0.14399639687500002 0.36863487500000003
0 0.1629416359375 0.405028553125 0.1589707421875 0.39944587187499997 0.15804593281249998 0.395080728125 0.159151621875 0.39195707031250004 0.162495634375 0.38826734687500003 0.1639056890625 0.3830582390625 0.16182272343749998 0.38356902187499997 0.159228671875 0.3822251390625 0.1565377296875 0.38478466093749997 0.1540709 0.38846428125 0.151422796875 0.3866673609375 0.1471756296875 0.383706640625 0.14768329062500002 0.386687303125 0.150342665625 0.39308905 0.1488187421875 0.39230643593750003 0.143804003125 0.38983824375 0.1443130703125 0.3956381859375 0.14927685625 0.40147362343750004 0.1531661453125 0.40741737968749997 0.15818015624999998 0.411995134375 0.1612019984375 0.41943859687499996 0.16182225 0.42340035 0.1665820796875 0.42580538749999997 0.16498440781249998 0.4183192953125 0.166529075 0.4149244921875 0.16608643125 0.409947590625 0.1629416359375 0.405028553125
0 0.1837283984375 0.38422459062500003 0.1828855015625 0.386552478125 0.185121571875 0.3881733 0.18613148906250002 0.3863081953125 0.187322296875 0.3850316828125 0.186706209375 0.37978326875 0.1847021484375 0.382680346875 0.1837283984375 0.38422459062500003
0 0.18500388437499998 0.4060490109375 0.187419128125 0.404782728125 0.18448838750000002 0.400619803125 0.180855596875 0.397918959375 0.17718000312499999 0.39422845624999997 0.17098073125 0.389805678125 0.17144660625000002 0.39497178437499997 0.17609747343749999 0.4007716546875 0.1818563765625 0.404415734375 0.18500388437499998 0.4060490109375
0 0.25986216562500003 0.3843581515625 0.2616667390625 0.37891326875 0.26000183906249996 0.37505931718749996 0.2595248140625 0.374559034375 0.257349765625 0.371883853125 0.24962926875 0.3713929609375 0.2470517921875 0.37106872343749997 0.24870951875 0.374569353125 0.2534976671875 0.3771409296875 0.255046384375 0.3788178125 0.25395480312499996 0.38133838125 0.253898559375 0.3852651296875 0.25621730625 0.39091843437499996 0.2591093875 0.38881750625 0.25986216562500003 0.3843581515625
0 0.23455616093749998 0.49305394218750004 0.23242997031249998 0.48948174531250005 0.2309084234375 0.48832102343750006 0.22912278281249998 0.48775315468749997 0.22845200625 0.4886493953125 0.23055364687500002 0.49254732343749996 0.23407058749999998 0.496471403125 0.23647314531250002 0.4979993703125 0.23455616093749998 0.49305394218750004
0 0.0831272171875 0.0972645828125 0.085912709375 0.09835984375 0.091115646875 0.0982452234375 0.09657170781249999 0.097768934375 0.104360071875 0.0953123984375 0.11027764531249999 0.0931202 0.11019417499999999 0.0916711328125 0.10891526250000001 0.089537653125 0.1098053890625 0.088568828125 0.1130025640625 0.08715773437499999 0.1026539625 0.08849450156250001 0.098641878125 0.08899971718750001 0.0956547921875 0.0908525625 0.0931259375 0.0904499375 0.0920559046875 0.0929536921875 0.0895833765625 0.0923174625 0.08856028906249999 0.09302397500000001 0.0859019828125 0.09492618281250001 0.0831272171875 0.0972645828125
0 0 0.0889359578125 0.0042268109375000005 0.090060803125 0.005970325 0.0897727375 0.0109504953125 0.08925412968749999 0.01210303125 0.089973721875 0.015939234375 0.0899592234375 0.017869812500000002 0.089207403125 0.022110428125 0.0882427875 0.0256653625 0.0878991765625 0.029265782812500002 0.087849084375 0.030744375 0.0874676078125 0.0316871515625 0.0851967234375 0.0345090625 0.0855885515625 0.036131254687499996 0.085389371875 0.039262296875000005 0.084798703125 0.04146715625 0.0841139578125 0.0439222 0.0819281578125 0.0477684375 0.0808671359375 0.0537123390625 0.0790432234375 0.054068751562499996 0.07824068125 0.053607328125 0.0760084 0.0504445265625 0.07454544375 0.0488344671875 0.073625428125 0.0450265453125 0.073113809375 0.042165978124999996 0.0736508015625 0.0377127671875 0.0755892109375 0.031521584375 0.07571969843750001 0.02690574375 0.075538690625 0.0229742265625 0.0758026015625 0.0186749640625 0.07744346875 0.013277940625000002 0.079285240625 0.00676173125 0.08190986875 0.005208745312500001 0.0826342171875 0.0074039453125 0.0856658484375 0.0034832406250000004 0.0866588765625 0.0001885234375 0.088185846875 0 0.088492815625 0 0.0889359578125
0 0.01286475 0.308623171875 0.014656734375 0.307704184375 0.016896190624999998 0.3063524375 0.019570184375 0.3037446203125 0.017972512500000003 0.302476753125 0.018649823437499997 0.301338853125 0.01669671875 0.300689221875 0.014748476562500001 0.301720275 0.01344735 0.302572696875 0.011999996875 0.30391376718749996 0.0121998125 0.30631040625 0.011735225 0.3081038296875 0.01286475 0.308623171875
0 0.6169434015624999 0.9776491328124999 0.6216856890625 0.9736161328125 0.623452046875 0.9726294515625 0.6247040578124999 0.967107584375 0.6221626328125 0.9618074875 0.61971915625 0.9564717515625001 0.6195522390625 0.9538302156249999 0.6202858499999999 0.9536252203125001 0.6193935921875 0.9513073078125001 0.6230959125 0.9534077015625 0.6355717015625 0.9658440468749999 0.641859796875 0.9744134703125 0.6427447843749999 0.973313040625 0.6420328890625 0.9709383484374999 0.63903195 0.9668832187499999 0.6400103140625 0.9645560156249999 0.64119705625 0.9589256703125001 0.641290075 0.95422145625 0.6443735890625 0.9509871875 0.645764265625 0.94604335625 0.6453777140625 0.9415617484375 0.6431967046875 0.937799503125 0.641204421875 0.9346768375 0.6384066296875 0.930070971875 0.633525009375 0.9243277703125001 0.6294257578125 0.9208152234375 0.6267336328125 0.918941846875 0.623203165625 0.9152665828125001 0.621394490625 0.9129982218749999 0.6188815421875 0.9106352984375 0.6154185078125 0.9174455984375 0.6140906109375 0.9206185796874999 0.6142927828125 0.923534425 0.61526874375 0.92781615 0.613882178125 0.9289214937500001 0.6084080484375 0.9332379843749999 0.6083929125 0.932358271875 0.60477875 0.9300912046875001 0.6044903781250001 0.9311530125 0.6018972 0.930918859375 0.6011900078125 0.9323390671875 0.606304925 0.9373027140625 0.6103996406250001 0.939252603125 0.61368305625 0.9345565140625001 0.615179853125 0.9316052265625 0.61557156875 0.9351416609375001 0.6123259328125 0.9404659531249999 0.607761071875 0.94676453125 0.6036982421875 0.9510746046874999 0.600977825 0.955240315625 0.59928331875 0.9576711937500001 0.596526215625 0.9609740062500001 0.5977975765625 0.9650588890625 0.603316090625 0.9702453234374999 0.60684483125 0.9757783953124999 0.6098248984375 0.9812277093749999 0.6117056484375001 0.98341638125 0.614748653125 0.9800060500000001 0.6169434015624999 0.9776491328124999
0 0.6534422390625 0.024068196875 0.6486530921875 0.0247963375 0.6471720265625 0.0249781890625 0.6450084265625 0.0250502140625 0.6393978953125 0.0248197484375 0.635417190625 0.023644551562499998 0.631805146875 0.02395896875 0.629689146875 0.0246879015625 0.6278445578125 0.0260887671875 0.6301246593750001 0.027337387499999997 0.6347798 0.029402650000000002 0.63908294375 0.0294473125 0.6418386218750001 0.02777400625 0.644809275 0.028300273437500002 0.649557165625 0.028005390624999998 0.653617253125 0.025929492187499997 0.6534422390625 0.024068196875
0 0.7339445718750001 0 0.7337096046875 0.00015941562500000001 0.729512796875 0.0022757140625 0.72849789375 0.004472021875 0.732254153125 0.003524371875 0.72649703125 0.0091900953125 0.7303762734375 0.0093466265625 0.73428425 0.005660071875 0.736871221875 0.008472009375 0.7421834328125 0.0092601765625 0.7446927140625 0.008952075 0.7454727109375 0.011381375 0.748946578125 0.012928928125 0.755982434375 0.008946474999999999 0.758477903125 0.010615734375 0.7542946109375 0.013021607812499999 0.7517678171875 0.0141614796875 0.7530990328125 0.0159516515625 0.744183890625 0.015475207812499999 0.739908584375 0.0165290921875 0.7370818453125 0.0167518078125 0.72388486875 0.014814423437499998 0.7175496328125 0.0155922921875 0.7144948953125 0.0180736921875 0.708947159375 0.017841812500000002 0.7062982734375 0.01942329375 0.7008440125 0.022183576562499998 0.6911144218749999 0.022099940625 0.6853430890625 0.02317536875 0.686457675 0.02618855625 0.678723346875 0.0236874921875 0.67465956875 0.0240794125 0.6752599046875 0.025622439062500002 0.6712494921875 0.0255386875 0.667675821875 0.0278067375 0.665154134375 0.0281163625 0.6612965984375 0.025828801562499996 0.6552867359375 0.026794984375000004 0.655035865625 0.028700700000000003 0.64869110625 0.0294907578125 0.6441703671875 0.0276482765625 0.6379310125 0.032091784375 0.6371224484375 0.033340253125000004 0.6389889546874999 0.0337077109375 0.633025765625 0.036643825000000005 0.6377343015625 0.038131085937499996 0.64788526875 0.0378386890625 0.6502438984375 0.03880375 0.6607833859375 0.038893415625 0.6677984390625 0.036805746875 0.6726922421875 0.03794281875 0.677584021875 0.03698640625 0.6834094453125 0.0358130328125 0.6881442 0.035231676562499994 0.6945608625 0.034796439062500004 0.7030857515625 0.034440803125 0.707132203125 0.033818021875 0.7106492578125 0.033781315625 0.721832209375 0.032701028124999997 0.725702278125 0.031821265625 0.7298910796875 0.032486046875 0.7361365921874999 0.03134925 0.743617828125 0.03037871875 0.746924478125 0.029423306249999996 0.7523081859375 0.030486056249999997 0.7589585890625 0.030133889062500002 0.763830484375 0.0289642484375 0.7663425828125 0.029230396875 0.77264276875 0.028705559375000002 0.779194203125 0.0289448625 0.78223410625 0.028022201562499998 0.7857801234374999 0.031054842187499997 0.791145025 0.0311438765625 0.8002156640625 0.0314123203125 0.8050874734375 0.0292162890625 0.8063631625 0.024656521875 0.8154315328124999 0.025342415624999996 0.8223916109375 0.025178914062500002 0.83091695625 0.02390386875 0.844025875 0.0227649921875 0.8275164921875 0.0200693875 0.819510365625 0.0196497734375 0.8143676624999999 0.019870343749999998 0.7922074765625 0.0208344265625 0.7827050640625 0.0210881203125 0.77469723125 0.019051978125 0.7704647515625 0.017621184375 0.770000009375 0.012913040625 0.7722726765625 0.009485525 0.7747547109374999 0.0072759453125 0.7789307546875001 0.0053495296875 0.7867925796875 0.0041323421875000006 0.7682820265625 0.0040752859375 0.759744053125 0.0030550734375 0.751794915625 0.0006764109375 0.7512340578125001 0 0.7339445718750001 0
0 0.8738485875 0.02558906875 0.8734089734375001 0.023842121875 0.8721726578125001 0.022170959375 0.8713165359374999 0.0208781578125 0.8705187015625 0.020406246875 0.8691565718750001 0.0214157109375 0.8711973453124999 0.0230101375 0.871742946875 0.0229022171875 0.8707383249999999 0.02402835625 0.8696616546874999 0.024067675 0.869786440625 0.026032739062499997 0.87044131875 0.026737873437499997 0.8738485875 0.02558906875
0 0.850661721875 0.0186915484375 0.8494987015625 0.019578962499999998 0.8497658625 0.021754809375 0.8486928890625001 0.028004028125000004 0.8505642812499999 0.028975390625000003 0.8512367359375 0.0210027625 0.8522817984375 0.0243472046875 0.8528387687500001 0.023203615625 0.8529397812499999 0.021231290625 0.8526088203125 0.018984565624999998 0.8512948375 0.018001434375 0.850661721875 0.0186915484375
0 0.869529459375 0.032337615624999996 0.8699383812500001 0.0353603109375 0.8706275578125 0.0365114640625 0.8712309265625 0.034976490625 0.8715811546875001 0.0321234796875 0.871197315625 0.029240960937499998 0.8696704593750001 0.029447325000000003 0.869529459375 0.032337615624999996
0 0.9710785062499999 0.3267737703125 0.9676798734375 0.32867242343749997 0.9712187234374999 0.3309928171875 0.977905546875 0.334822065625 0.979436034375 0.3303758421875 0.9775026640625001 0.3268996125 0.9746497281250001 0.32687051875 0.9710785062499999 0.3267737703125
0 0.958394446875 0.34725819375 0.9615954062500001 0.3530833890625 0.9676007500000001 0.355875459375 0.9690555859375 0.3581211484375 0.9717492375000001 0.3610711125 0.973469 0.3619871046875 0.9731482843749999 0.35415688749999996 0.9779140796875 0.35249494531250003 0.9796872109375 0.3453836609375 0.9797332921875 0.34087411875 0.983336290625 0.337421790625 0.9834149078125 0.3343439546875 0.9830066453124999 0.331018925 0.9797191640625 0.3350921171875 0.9769729593750001 0.337752878125 0.9732514171875 0.3411756828125 0.9712812859375 0.345220934375 0.971101115625 0.3501641125 0.9668147453125 0.35078171875 0.959374340625 0.3446742 0.958394446875 0.34725819375
0 0.957064253125 0.341091525 0.959599775 0.33897140625 0.9637678125000001 0.333697578125 0.965194415625 0.3306746234375 0.9650006937500001 0.3283276140625 0.9608252343749999 0.328386915625 0.957478884375 0.330839578125 0.9594936421875 0.332632403125 0.9567216328124999 0.33583944374999997 0.9546653640624999 0.3336188 0.9509758968750001 0.33593097968749996 0.9494431499999999 0.340435728125 0.9474400812500001 0.34403321875000004 0.944158371875 0.3491021921875 0.94413065 0.351414996875 0.9459837625 0.35214774531250004 0.9523079593749999 0.346125884375 0.957064253125 0.341091525
0 0.9432262031249999 0.334343284375 0.9466836375 0.3322311859375 0.9476134593750001 0.333765240625 0.950224915625 0.3367252984375 0.951165925 0.3331322734375 0.9501672265625001 0.32967823749999997 0.94794604375 0.329050503125 0.937332340625 0.32984365000000004 0.9333555796875 0.3299698609375 0.929564634375 0.3307375828125 0.92821111875 0.3322403 0.9258558984375 0.335841671875 0.9240633890625001 0.3370000078125 0.9238993656250001 0.331522921875 0.9173134546874999 0.3314515734375 0.9152407968749999 0.33345661249999997 0.921056425 0.3372165171875 0.92425415 0.33919468125 0.92093691875 0.34375639062499996 0.9156856078125 0.3536057171875 0.9194758937499999 0.351896684375 0.9275716890625001 0.3440846375 0.9307479453124999 0.3387594171875 0.9354675984374999 0.334619 0.9394234000000001 0.33246302656250004 0.9432262031249999 0.334343284375
0 0.89973318125 0.3368940125 0.8977341671874999 0.3391655 0.8986474812499999 0.3404497046875 0.9052829171875001 0.3352318421875 0.91134666875 0.3322172625 0.90134649375 0.3334813359375 0.9000685624999999 0.3348944859375 0.89973318125 0.3368940125
0 0.9448975453124999 0.354519678125 0.9391223140625 0.3498323125 0.9373853140625 0.3495323890625 0.9349397203124999 0.3513848640625 0.9346008015624999 0.35216322031249997 0.9356092374999999 0.3581710421875 0.939350690625 0.3636543828125 0.9419665609375001 0.3662785859375 0.9435881109375 0.37054873593750004 0.93928625625 0.3798611625 0.9371199125 0.383500740625 0.9363040437500001 0.38534359375 0.939454515625 0.389437034375 0.94175204375 0.39504571718750003 0.9418540734375 0.39749214374999997 0.9415172109375 0.40372339375 0.932403715625 0.418388675 0.9392266656249999 0.4281344984375 0.943919721875 0.42952133281249993 0.940097884375 0.416023990625 0.9432628171875 0.40851669843750005 0.94643700625 0.401918178125 0.9458092421875 0.3968695515625 0.9419627296874999 0.38819711875 0.9432408156250001 0.38102855 0.9451682343750001 0.3779944796875 0.9513066359375 0.371587703125 0.94802384375 0.3604547921875 0.9448975453124999 0.354519678125
0 0.9182962578125 0.37576523281249996 0.9235683453125001 0.376200975 0.9301527453125 0.3719905921875 0.9295514109375 0.3664648765625 0.9286749656250001 0.36516040156249996 0.925437371875 0.36475506874999997 0.9229133375 0.36782776250000004 0.9213621328125001 0.3704000421875 0.920907253125 0.371208378125 0.9205709734375 0.363405259375 0.9186522078125 0.3590094578125 0.9145340375 0.35590696093749996 0.9105747609374999 0.35157279531249996 0.9049611203125 0.350457990625 0.90478311875 0.352008428125 0.9080565203125 0.3559875984375 0.9109723265625 0.3599776171875 0.9133714390625001 0.363528896875 0.9150446640625001 0.36623263437500003 0.9176893984375001 0.3677969828125 0.9187465749999999 0.3733171046875 0.9182962578125 0.37576523281249996
0 0.893618071875 0.343105871875 0.89121705625 0.3456675765625 0.8891104734375 0.3511400953125 0.8884590906250001 0.35478414062499997 0.88659888125 0.3575706765625 0.8810955046875 0.35441786875000003 0.880836165625 0.3516774859375 0.879076659375 0.34792488125 0.8765111015624999 0.347556675 0.874218890625 0.35008140625 0.8745435171875 0.3533663296875 0.8782623390625 0.3597167046875 0.8833609828125001 0.3648555140625 0.8862492937500001 0.370788365625 0.8877813421875 0.379393925 0.8907477046875 0.3833084703125 0.89345870625 0.3743094421875 0.8963780343750001 0.3741099921875 0.9001355078125 0.3760698046875 0.90260413125 0.3736997265625 0.9043378515624999 0.367241865625 0.90123963125 0.36371502968749997 0.898394365625 0.366299796875 0.8935372203125 0.3709230703125 0.88876896875 0.36305175156249997 0.89058504375 0.36290590312500004 0.8965160531249999 0.355976759375 0.8940321593749999 0.3512221546875 0.8941813406250001 0.348757478125 0.8947396 0.3459576359375 0.8960577437499999 0.342102634375 0.8953364968749999 0.3405492671875 0.896436671875 0.33577806250000003 0.8924171546874999 0.33400470000000004 0.889215146875 0.33496615625000004 0.8893969265624999 0.3360363546875 0.893618071875 0.343105871875
0 0.85365180625 0.354763428125 0.8507482859375 0.3512709328125 0.8494366953125001 0.3515894 0.8482983125000001 0.3530877390625 0.8481567484375001 0.3531271609375 0.84859508125 0.357415078125 0.853568471875 0.363200534375 0.8579105406249999 0.368588090625 0.8603834234375001 0.37412486718750004 0.8627511421875 0.3762537453125 0.8664074984375001 0.3726846703125 0.8648851109375 0.36640149375000003 0.8615883562500001 0.362821896875 0.8572012390625 0.3583623734375 0.85365180625 0.354763428125
0 0.8709146875 0.33517138750000003 0.8672041265624999 0.3365809734375 0.8649949109374999 0.336153271875 0.8626873312500001 0.3360399 0.8627644671875 0.3371937875 0.8659096 0.3440900203125 0.8637173406249999 0.34708262031250003 0.8612435125 0.3510385921875 0.8613131078125 0.35484913906250004 0.8668447671875 0.35250124843749997 0.8728271078125 0.34718253906249996 0.8794363078125 0.33622509375 0.87799513125 0.333847065625 0.8742060281249999 0.33501441718749997 0.8709146875 0.33517138750000003
0 0.8367566125 0.3547079578125 0.8408230203124999 0.3509783375 0.8437664359375001 0.346756909375 0.84388096875 0.34240740625 0.8439888671875 0.3390552078125 0.83799214375 0.345102978125 0.8391132171875 0.3401686359375 0.8367868656249999 0.3375561109375 0.8299193953125 0.33808920625 0.82438535625 0.338507378125 0.8210571890624999 0.33813363125 0.8167608734374999 0.3394010421875 0.8149528703125 0.3399331609375 0.81119959375 0.34626432500000004 0.806731709375 0.3522629109375 0.8058889921875 0.35504100625 0.80727196875 0.35753480312499997 0.8141379859375 0.35260505000000003 0.818738828125 0.3469585109375 0.8234996921875 0.343115284375 0.832749340625 0.34057220625 0.83427608125 0.340685425 0.8360189109375 0.3430201171875 0.8343190437500001 0.34550990000000004 0.834935709375 0.3492501265625 0.8332740828125 0.352333421875 0.8309909031249999 0.3573805421875 0.8254837234375 0.3564148125 0.824477890625 0.3581849625 0.8247205531249999 0.36332810000000004 0.8311402781250001 0.3695719609375 0.8341128203125001 0.3719855015625 0.8355300109374999 0.378783775 0.8296954546875 0.388139565625 0.82970985625 0.3902441234375 0.8356264031249999 0.38638965937499997 0.8424901140625 0.3750562046875 0.8450797812499999 0.3691717421875 0.843092003125 0.3678037953125 0.8410969546875 0.369235728125 0.837543665625 0.3714005265625 0.834586 0.3643002390625 0.8346025750000001 0.35910165625 0.8367566125 0.3547079578125
0 0.7826758421875 0.3593017375 0.7847769 0.357604909375 0.7880857609375 0.3526160375 0.7902170703125 0.34984501562500003 0.7925039140625 0.347648384375 0.7941709125 0.3427241484375 0.79534095 0.343240090625 0.8010293203125001 0.342348015625 0.8063618031249999 0.34308331718749996 0.808307884375 0.338957584375 0.796547190625 0.3392429796875 0.7918270921875 0.3402129453125 0.7896246828125 0.3407509875 0.7867575984374999 0.34320934531249997 0.7833341078125 0.3470851421875 0.7812643125000001 0.3524854515625 0.7797346671875001 0.35698981875 0.77990993125 0.3598916515625 0.7826758421875 0.3593017375
0 0.7769024859375 0.3658352828125 0.774966296875 0.361874534375 0.7725095375000001 0.359251259375 0.7701488453125 0.358077078125 0.76837603125 0.358203446875 0.7699893359375001 0.3625218359375 0.769154403125 0.36395300625 0.7714001890625 0.3679607484375 0.7753822703125001 0.3720575546875 0.778423915625 0.37229016718749997 0.7790478328125 0.36924298125 0.7769024859375 0.3658352828125
0 0.8010496874999999 0.35886080468750003 0.7967480140625 0.3538791640625 0.79500870625 0.3533937640625 0.7929132109375 0.3545845796875 0.791982965625 0.35617543125 0.7949168078125 0.36033797500000003 0.7982379640625 0.3641034828125 0.8015734 0.36922895 0.8044203187500001 0.3731707546875 0.80829028125 0.377046765625 0.809806184375 0.3763537328125 0.8097354046874999 0.369533396875 0.807119965625 0.36582291875 0.8038356671875 0.3624858 0.8010496874999999 0.35886080468750003
0 0.7508172171874999 0.3676669921875 0.7472283328125 0.3640288125 0.7427051265625 0.359319953125 0.74062890625 0.358783040625 0.73983278125 0.360991840625 0.7453171249999999 0.368515484375 0.7503236015625 0.374237059375 0.7521498 0.3777122796875 0.755713703125 0.3790315328125 0.7554826046875001 0.373918459375 0.7508172171874999 0.3676669921875
0 0.7328685703125 0.34626202031250003 0.7281576875 0.351268765625 0.7253175390625 0.3573697421875 0.7265075828125 0.3599076921875 0.73096978125 0.3563372734375 0.7348946890625 0.34862175 0.73613896875 0.34824228281249997 0.7372760890625 0.347233684375 0.7423042796875 0.3467343671875 0.7467857328124999 0.3497056765625 0.7525201499999999 0.3508040765625 0.7532540937500001 0.3441399578125 0.75072575 0.34279273125 0.740462203125 0.3440529359375 0.7359745375 0.34392860625 0.7328685703125 0.34626202031250003
0 0.7245025203125001 0.3675275953125 0.7193530734375 0.3639110109375 0.7117459390625 0.3590739078125 0.7111226703125 0.359869859375 0.7120611218749999 0.3636666046875 0.719252396875 0.37407875625 0.7225817390625 0.37924432812500003 0.7254163625000001 0.383047534375 0.7293206999999999 0.381472475 0.7304745578125 0.3741255296875 0.7245025203125001 0.3675275953125
0 0.7424620890625 0.3761106640625 0.7425415203125 0.371859925 0.7390813406250001 0.3726547265625 0.736929684375 0.3740035640625 0.7370864593750001 0.376318903125 0.7391805015624999 0.37810356875 0.7415203203125 0.3771204640625 0.7424620890625 0.3761106640625
0 0.6829360890625 0.387230759375 0.6841704578125001 0.3908605078125 0.6895653859374999 0.39761745937500004 0.6923068375 0.39953358125 0.6964139765625 0.39703315781250004 0.7009063765625 0.39338819062499997 0.7009512671875 0.392266546875 0.699369253125 0.387908109375 0.6970389296875 0.38525041875 0.6924240968750001 0.38380832656249997 0.6868063 0.38362125625 0.6846613296874999 0.3840373265625 0.6829360890625 0.387230759375
0 0.6990843921875001 0.37901088125000004 0.7008513749999999 0.38297823750000004 0.70318985 0.3811892890625 0.7011725296875 0.374708709375 0.7012212671875 0.374310740625 0.6991203140625 0.37009787968749996 0.6954608609374999 0.3673593796875 0.6913487109374999 0.36265200000000003 0.6885461671875001 0.3612896390625 0.6854212171875 0.36566086875 0.6845295218749999 0.36743747031249996 0.689172375 0.37273614374999997 0.6941496859375 0.3759252078125 0.6990843921875001 0.37901088125000004
0 0.70618066875 0.3495577734375 0.703518640625 0.35369899843749997 0.70056886875 0.35745838281250003 0.7016475921875001 0.36056413125 0.7046681453125 0.35989415 0.7064358937499999 0.357470021875 0.70815064375 0.35375523124999997 0.708992971875 0.35257660468749996 0.709655521875 0.3484337296875 0.70749336875 0.34579946875 0.70365471875 0.3470248546875 0.7009099453125 0.3464535375 0.6968180390625001 0.34668046874999997 0.6910309453125 0.346896725 0.6898204515625 0.347602634375 0.691348284375 0.34996844843749997 0.6941536 0.35272523906250003 0.7000351453125 0.353188475 0.7052162109375 0.3479980609375 0.7061399078124999 0.347276990625 0.70618066875 0.3495577734375
0 0.6778270281250001 0.35249290312500003 0.6736603546875 0.357585528125 0.6734110359375001 0.35940132187499996 0.6775471375000001 0.35757269062499997 0.683205440625 0.3506534171875 0.6791133874999999 0.356276840625 0.6725135140625 0.365002453125 0.67727240625 0.3642843234375 0.681710684375 0.358442075 0.686255665625 0.35166107343749997 0.6853379359375 0.34716125 0.681885925 0.346432765625 0.678711996875 0.3498025 0.6778270281250001 0.35249290312500003
0 0.6531429281250001 0.392891325 0.658223096875 0.3869560921875 0.6595231921875 0.3823130421875 0.6575740328124999 0.380477528125 0.6555111921875 0.381447090625 0.6513067703125001 0.3858091828125 0.649470171875 0.38878802343749996 0.6512846875 0.3927322265625 0.6531429281250001 0.392891325
0 0.67393559375 0.37462272812499997 0.67013321875 0.37183565937499996 0.66740545 0.3688001515625 0.6662263562499999 0.36692833125 0.6647584625 0.368268778125 0.6618527109375 0.3697070578125 0.665247028125 0.3746710203125 0.6700914906250001 0.3800346703125 0.67098719375 0.3828165609375 0.6747495390625 0.379790175 0.67393559375 0.37462272812499997
0 0.6448594140624999 0.3654934875 0.647418378125 0.36639774375 0.64978475625 0.36514375781249997 0.655733040625 0.35704755781249997 0.6582111140625 0.35425442500000004 0.6631345546875 0.3500685203125 0.661678684375 0.34900678125 0.6569898875 0.3493983078125 0.653182165625 0.3496832265625 0.6498965359375 0.35486130312499997 0.6466081296875 0.356426853125 0.6463094921875 0.3578409765625 0.6448594140624999 0.3654934875
0 0.6377812921875 0.37499094843749997 0.6368610125 0.3700600984375 0.6341091515625 0.36767455937500004 0.6321347687500001 0.3671849640625 0.631570478125 0.36839714375 0.6331237468750001 0.37216247812500003 0.6364180234375 0.3745679984375 0.6377812921875 0.37499094843749997
0 0.6408144453125 0.33479355 0.6392671640625001 0.329705125 0.6357804703125 0.3311045390625 0.634328675 0.3327940625 0.6319497375 0.331099475 0.63362698125 0.3341821109375 0.6405574046875 0.341303084375 0.6421354109374999 0.3423466765625 0.6408144453125 0.33479355
0 0.6071850921874999 0.38549643125 0.608749971875 0.3834073359375 0.6084245546875 0.3802185375 0.6060815140625 0.38054715781250004 0.60542336875 0.38240527812499997 0.6071850921874999 0.38549643125
0 0.62304315625 0.390118584375 0.6209761 0.39222053749999997 0.620174240625 0.3966135046875 0.62195690625 0.3951698671875 0.6246131734375 0.3932254046875 0.629402625 0.384896825 0.6286968 0.38231516249999997 0.6269132203125001 0.3845334359375 0.624861159375 0.388911465625 0.62304315625 0.390118584375
0 0.57683973125 0.3942882578125 0.5791206046874999 0.3913634890625 0.5797478765624999 0.3891769953125 0.5790487296875 0.38735486875 0.5778032765625001 0.386673446875 0.574687140625 0.3886932640625 0.5725530703125 0.39201875468749997 0.5729067546875 0.39406590937499997 0.57683973125 0.3942882578125