0 0.6603697265624999 0.6380044390624999 0.6621523812500001 0.624004409375 0.66767625 0.6109534546875001 0.6799471609375 0.5980717156249999 0.676120346875 0.5943028406249999 0.6617704125 0.5691828625 0.648361128125 0.5505557046875 0.643145865625 0.540890628125 0.6366509109375 0.513344434375 0.6405754906250001 0.50253725625 0.6444348125 0.5043736984375 0.6471237953125 0.5010695734375 0.6457526484375 0.4929958375 0.632223696875 0.488827246875 0.621382421875 0.48118432968749997 0.6028860609375 0.48580454843750004 0.595637746875 0.489703590625 0.5836229625 0.49781404374999993 0.57934479375 0.5043384609375 0.5835343 0.5105872703125 0.58531889375 0.522967890625 0.585235875 0.5315303499999999 0.5825341328125 0.5393555375 0.577600284375 0.5555895359374999 0.567680621875 0.563952409375 0.5702200640624999 0.56895189375 0.5794861671875 0.5697896203124999 0.5935116078125 0.56127485 0.5970031375 0.5610246875 0.6014878593749999 0.5661717375 0.6086432140625 0.5761124 0.5677736640625 0.608146428125 0.570660821875 0.596689221875 0.5639801359375001 0.596833809375 0.565972596875 0.5901886953125 0.5652287390625 0.5809873296875 0.5604835859375 0.582106709375 0.5512993749999999 0.5902120953125001 0.543360990625 0.58689444375 0.5400946015625 0.5728598875 0.5351430453125 0.5636957578125 0.5228716875 0.5566871328125 0.515272515625 0.560579515625 0.5114192390625 0.5552069609375 0.5122687390625 0.537197546875 0.496105103125 0.5430186906250001 0.484325721875 0.5545067203125 0.47671510625 0.5595526328125 0.4613005796875 0.5567342125 0.45139295312499994 0.5608443546874999 0.43938699999999997 0.572507846875 0.43377127499999996 0.5821646890625 0.428543003125 0.5893371578125 0.4208823171875 0.5927407125 0.4145596328125 0.59600455625 0.4108685671875 0.6036099484374999 0.4015728015625 0.6057746640625 0.3968331828125 0.6121074953125001 0.3909418484375 0.6111112609375 0.3819585890625 0.60605454375 0.37684762968749996 0.5967004984375001 0.367521415625 0.5912574796875 0.3557971890625 0.5655809328125 0.3497117875 0.5635038906250001 0.35317357031249996 0.570699746875 0.3624638296875 0.5959214640625 0.355840534375 0.59907564375 0.36877213593749997 0.6395647203125 0.3785922671875 0.6603699656249999 0.3832670484375 0.6712069625 0.38810383125 0.6764467296875 0.3934966875 0.668750575 0.39791185156250003 0.6904692890625 0.40935749687499995 0.7071338468749999 0.4176753875 0.7088902734375 0.44403965625 0.7119800671875 0.4554755453125 0.7088795593749999 0.470622009375 0.7057558125 0.50256695625 0.712154296875 0.5121680046875 0.7181352140625 0.511453675 0.730092128125 0.525395515625 0.7353338359375 0.5654911890625 0.7442333546875 0.5753208765625 0.7447788656250001 0.5869981421875 0.7448585671875 0.59773719375 0.7380077265625 0.6091146734375 0.728375796875 0.6080680140625 0.7129091375 0.6174301609375 0.6937982390624999 0.631752603125 0.7352423328125 0.6462061609374999 0.737191803125 0.64785241875 0.7184123671875 0.6349611015625001 0.6911872375 0.6623899921875 0.6779218499999999 0.6703245390625 0.674776084375 0.6727964546874999 0.6620251359375 0.6348150593749999 0.68387205625 0.63275886875 0.6718651234374999 0.6321188156249999 0.6584307625 0.6397729812499999 0.650300396875 0.6552511390625 0.651251340625 0.6603697265624999 0.6380044390624999
0 0.422962409375 0.5228928203125001 0.43316381249999997 0.5322536640625 0.43791439062500004 0.5250890765625 0.43034571875000005 0.5014836375 0.4183510859375 0.48586578124999996 0.41249358125 0.4697231390625 0.4107379671875 0.4704675546875 0.410030240625 0.49464896875 0.41696412031249996 0.5122802984375 0.422962409375 0.5228928203125001
0 0.55870748125 0.519834521875 0.5522661703125 0.5138154171875 0.5490861296875 0.5029842359375001 0.540100178125 0.48941326875 0.53574064375 0.491852425 0.5542127640625 0.54195785 0.5592370640625 0.5319726859375 0.55870748125 0.519834521875
0 0.5025339515625 0.42457646562500007 0.477815321875 0.431898621875 0.4633347921875 0.4461747328125 0.45023289687499995 0.46891319375 0.4396552171875 0.492554484375 0.4122020828125 0.436019584375 0.4107288109375 0.4446511359375 0.4122398875 0.462791603125 0.421307953125 0.475198859375 0.434341078125 0.506633825 0.43926614375 0.510433303125 0.4417547625 0.5050033203125001 0.45110744843750006 0.4884149890625 0.461363340625 0.46772536562499994 0.4724676875 0.455629409375 0.48991940468750006 0.4399963765625 0.5025339515625 0.42457646562500007
0 0.3224948984375 0.45910709531249994 0.3395106 0.44650188281250003 0.35167954375 0.4374961359375 0.35105192343749997 0.4324249625 0.3353423578125 0.44216594374999996 0.327819503125 0.44587010156250007 0.31779346875000003 0.45792014375 0.31168755937500003 0.44262004218750006 0.310258359375 0.4348655984375 0.303728903125 0.42210004999999995 0.293885496875 0.41998177343750004 0.290576190625 0.4330567171875 0.290836053125 0.4444205640625 0.28985706875 0.4691132546875 0.270929415625 0.47542155468749997 0.24558520625 0.4853017765625 0.244098134375 0.4948662328125 0.22978085781250002 0.5059492296875 0.22715083125 0.5228943578125 0.23408318437500003 0.5222089796875 0.23778410156250002 0.5166314859375001 0.2450127890625 0.5068471390625 0.24643163281249997 0.5043350140625 0.245557940625 0.502446084375 0.2910817421875 0.4799009296875 0.2993430203125 0.47085105 0.2999928046875 0.4905336453125 0.306546278125 0.5001367125 0.3042063890625 0.48473926250000005 0.3068841375 0.4788811421875 0.3169453484375 0.49344388749999996 0.31350250625 0.5098606390625 0.31577873749999996 0.5217647703125 0.3177143703125 0.5403975187500001 0.3166082953125 0.54328785625 0.311458165625 0.540002328125 0.3071557421875 0.53929434375 0.289592096875 0.5426552453125 0.2962340234375 0.54756341875 0.3054697796875 0.5443247015625 0.3065585484375 0.5489969484375 0.3035401328125 0.5479342 0.300324809375 0.5509387671875 0.29707982187500004 0.565439890625 0.30159744375 0.570681490625 0.2914419703125 0.5785298625 0.2893086484375 0.59253460625 0.27823431875 0.6200820140625 0.28243596875 0.619548165625 0.3034470265625 0.5776216796875 0.31261676562499996 0.57639215 0.3184294453125 0.5728040062499999 0.322201553125 0.56804145625 0.32879066562500003 0.567797921875 0.33437258124999997 0.566121440625 0.370656565625 0.5322990187500001 0.367533396875 0.5267613671875 0.38068204843750003 0.5147392187500001 0.39536278125 0.5101237921874999 0.3943326484375 0.5030472984375 0.38624613124999996 0.501055225 0.3458181609375 0.5280182531250001 0.3285652859375 0.537463790625 0.323952615625 0.5267874046875 0.3298772578125 0.51904448125 0.32569638125 0.5130713625000001 0.3237318859375 0.5094698828124999 0.316694096875 0.48632212812500003 0.3230636671875 0.482231303125 0.32763826875 0.488051103125 0.32420396406249996 0.4712685109375 0.3211979109375 0.463410221875 0.3224948984375 0.45910709531249994
0 0.2709385078125 0.6381823484375 0.2727647328125 0.6374762625 0.27443974843749996 0.6384815421875001 0.2776973328125 0.6445679953125001 0.2799838078125 0.639506046875 0.2793975859375 0.633821565625 0.2753480671875 0.6306966828125 0.2701065015625 0.6298049953125 0.26602301875 0.6342867609375 0.264029853125 0.6287396937499999 0.2609848609375 0.630203015625 0.259529278125 0.6380984375 0.2604090671875 0.644311278125 0.26359449218750003 0.648626515625 0.27056979062500003 0.6537696015625001 0.2757710625 0.653429190625 0.275924690625 0.6496139515625 0.27344528125 0.646678459375 0.27109824531250004 0.643894903125 0.2709385078125 0.6381823484375
0 0.14738558125 0.48697569218750003 0.143518559375 0.4900579859375 0.1438123234375 0.49832508750000004 0.14461646718750001 0.501306684375 0.1493149328125 0.506567625 0.1450839296875 0.5124511625 0.141311103125 0.518067621875 0.136192621875 0.526937275 0.13974286875 0.53153305625 0.1424192421875 0.53287620625 0.16097999999999998 0.54416473125 0.169555559375 0.54768223125 0.17421395312500002 0.5447133109375 0.17931103125 0.541531940625 0.1884549203125 0.5422220703125 0.188088278125 0.5433791 0.188743840625 0.5478932125 0.19650231875 0.546877584375 0.2059898421875 0.5419204765625001 0.20982552499999998 0.5302919937499999 0.20941933281249997 0.525306034375 0.20146272187499997 0.5277131046875 0.2025363234375 0.5213458906249999 0.2001002984375 0.513781075 0.1997661546875 0.50872545 0.2051583 0.5061634296874999 0.203414171875 0.502439825 0.2029052890625 0.48528611718750003 0.20682412968750002 0.4895325828125 0.20915612499999997 0.4860454515625 0.2039609859375 0.4793298328125 0.1898847328125 0.46723061093749996 0.1866821359375 0.4651527921875 0.1775811765625 0.4739194453125 0.164584071875 0.47873526718750004 0.155824990625 0.48315316093750005 0.14738558125 0.48697569218750003
0 0.136239384375 0.5824664890625 0.1356304921875 0.5793236828125 0.1444702203125 0.5820303640625 0.14737105 0.573951175 0.14454520312500002 0.5663077875 0.1388575234375 0.562082353125 0.13524597968750002 0.56135566875 0.13179116562499998 0.5612031765625 0.129762090625 0.5645498609375 0.12860314374999998 0.5726784406250001 0.130907290625 0.5806026203125 0.1320367953125 0.5829434703125 0.136239384375 0.5824664890625
0 0.0642599328125 0.5123653874999999 0.059435028125 0.5213347328125 0.05931021875 0.5288216015625 0.0631057515625 0.529966403125 0.070284 0.52784414375 0.076514125 0.520597184375 0.0812653421875 0.5128989546875 0.0793440453125 0.5093656671875 0.0683847984375 0.5092988015625 0.0642599328125 0.5123653874999999
0 0.11879256875 0.48360090937500005 0.11006815156250001 0.49706572812500005 0.1158513453125 0.498519890625 0.1225305453125 0.4968414015625 0.13069184218750002 0.492698471875 0.13839503125 0.48145114843750003 0.137749909375 0.47368033125000003 0.12816833593750002 0.47598199062499996 0.11879256875 0.48360090937500005
0 0.143226309375 0.46572671562499995 0.1595732828125 0.45506786874999994 0.1741995890625 0.449925075 0.17501127968750002 0.43062599218750003 0.16400993125000002 0.4331069203125 0.16143280937499999 0.4466368703125 0.14001745000000002 0.4534093078125 0.11857343125 0.47411955937499994 0.11983214375 0.477070903125 0.1276397625 0.47250321093750003 0.143226309375 0.46572671562499995
0 0.0278259234375 0.576757815625 0.0407317984375 0.5571778046875 0.0336564109375 0.5321419203125 0.0227006859375 0.5431760999999999 0.017282824999999998 0.5586446828125 0.0190220828125 0.5710616859375001 0.0278259234375 0.576757815625
0 0 0.4643480875 0.008090421875 0.46445288125 0.0104795828125 0.4549991125 0.0171354046875 0.46099643125 0.024219821875 0.4571295015625 0.0259049953125 0.452506571875 0.024935284375 0.4420411796875 0.015968093750000002 0.4481956328125 0.009494164062500001 0.450424115625 0.005006875 0.45667250312499996 0 0.45578977031249995 0 0.4643480875
0 0.890374909375 0.8022753046875 0.8906123140625001 0.8146587046875 0.8963876656249999 0.8217384624999999 0.9142875796875 0.8360366234375001 0.917723621875 0.8319426890624999 0.9159458234375 0.819856678125 0.909302953125 0.8086735062500001 0.8960076734375001 0.7944444671875 0.890374909375 0.8022753046875
0 0.887729815625 0.7859824125 0.8949124125000001 0.7850211515625001 0.8905019624999999 0.7739945453125 0.8805207140625001 0.7616628921874999 0.8768812562500001 0.7545747203125 0.860499690625 0.7271180453125 0.8564823046875001 0.7386881359374999 0.857888478125 0.765092409375 0.8549856265625 0.7920147 0.8479517031249999 0.808268328125 0.852616584375 0.823591565625 0.8615432859375 0.8262875796875001 0.8613779203125 0.807030809375 0.8654752921875 0.8046524328125001 0.8734796687499999 0.8015237624999999 0.8747871828125 0.7917057562500001 0.8747156890625 0.7712172484375001 0.887729815625 0.7859824125
0 0.91227945625 0.7699154203125 0.9207580249999999 0.758267634375 0.9256215609374999 0.748556446875 0.93434794375 0.7347945109375 0.9482182140625 0.7223008796875 0.9614040953125 0.7098681250000001 0.970427175 0.6761935359375 0.9632119390625 0.682812571875 0.9530541781249999 0.694086446875 0.9462854171874999 0.7051668046875 0.9404046890625001 0.713723834375 0.92896885625 0.7277934328125 0.9177687062500001 0.745088628125 0.90777978125 0.770366178125 0.91227945625 0.7699154203125
0 0.84582383125 0.67939833125 0.8402484375 0.6936195781250001 0.8543302046875001 0.6851360765625001 0.87123145 0.6721249078125 0.8849564078125001 0.65574240625 0.8982193109375001 0.6317691671875 0.8945021890625 0.62582810625 0.8857659906249999 0.6245823765625 0.877680346875 0.6296805625 0.8652767750000001 0.6397913609375 0.8658064375000001 0.644714965625 0.8818805953125001 0.643266534375 0.84582383125 0.67939833125
0 0.7951730484375 0.586995065625 0.786320975 0.59182641875 0.78531545625 0.5981568765625 0.7893781718749999 0.60640020625 0.7997915390625 0.6174451703125 0.80679301875 0.61147899375 0.8094897234375 0.5998753156250001 0.8067645953125 0.5941078546874999 0.7999885890625 0.585679403125 0.7951730484375 0.586995065625
0 0.8896929515625001 0.588241721875 0.895770884375 0.6013521578125001 0.905768115625 0.6193352015625 0.9086595328125 0.6245001734375 0.9102432437499999 0.627283015625 0.913247278125 0.6335490265625 0.9147108218750001 0.6427992640625 0.9191664546875 0.6527396125 0.9252247546874999 0.6597172484375 0.9359340250000001 0.6669834765625 0.9390067375 0.6656521390625 0.9344237375000001 0.6553298734374999 0.9347353265624999 0.6490415625 0.927758659375 0.64226755 0.9231229031250001 0.6477660203125 0.9228534953124999 0.6395830921875 0.9314866578125001 0.6317231343749999 0.931586284375 0.616518328125 0.9224636265624999 0.6001915125 0.9174531515625001 0.591060125 0.9071378125 0.581532871875 0.9062870109375 0.586754659375 0.9013775609374999 0.5872314984375 0.89575229375 0.5865281687499999 0.8824763015625001 0.5642582609375 0.8837682078125001 0.5736178 0.8896929515625001 0.588241721875