0 0.34765935468750003 0.362453559375 0.332157215625 0.36285524375 0.32821265 0.37649785156250004 0.3276569625 0.3905999765625 0.323291578125 0.4040827046875 0.3121900796875 0.41798490624999995 0.3163308109375 0.42140590937500005 0.3328154890625 0.44517961875 0.3477972109375 0.46256719999999996 0.35383499375 0.47174095781250003 0.36270604375 0.49861625781249996 0.3597383046875 0.509724359375 0.3557336125 0.50823126875 0.35334283437499997 0.5117571812499999 0.3554124359375 0.5196806890625 0.3692532234375 0.5226542921874999 0.38071936875 0.529323246875 0.3987426671875 0.52310854375 0.405623575 0.51859260625 0.416885765625 0.509465859375 0.4205790140625 0.502593403125 0.41586083125 0.4967335109375 0.41300398749999995 0.484555540625 0.4123404234375 0.476018428125 0.4143498734375 0.4679875453125 0.4178500609375 0.451385309375 0.427003103125 0.44218970312500006 0.42403759062499996 0.4374305703125 0.41473373437500005 0.4374036265625 0.4015037765625 0.44710839375000005 0.39804733593749997 0.447661909375 0.3931310859375 0.442925315625 0.38513657343749996 0.43364611093749994 0.423058653125 0.398171965625 0.42118104218749997 0.40983720625000003 0.4278237046875 0.40911090781250004 0.4264179859375 0.415904390625 0.4279609640625 0.4250059109375 0.43259050156249995 0.4234772234375 0.44103333125 0.4146022234375 0.4492306609375 0.41721537499999994 0.4537078125 0.43091184218749995 0.459439234375 0.4396095421875 0.4722747375 0.44552197812500005 0.47950574843749993 0.4409820953125 0.48381261093749994 0.4459983703125 0.4845359671875 0.4640132921875 0.5001307500000001 0.45680554687499997 0.510864059375 0.444334590625 0.518005934375 0.43864457031250004 0.5336074453124999 0.4401088015625 0.5431191484375 0.43515079375 0.5540628734374999 0.42248529687499997 0.55881558125 0.412375759375 0.5633988343749999 0.40477490937500005 0.5707337296875 0.4007166328125 0.5767478921875 0.3969141515625 0.5797620593749999 0.389016003125 0.5888337828125 0.3860493453125 0.5930034234375 0.3793275265625 0.59895916875 0.3798065078125 0.6083489656250001 0.3840610390625 0.6142557359375 0.39293404062500004 0.62402085 0.39754351250000003 0.6379383203125 0.4221005203125 0.6441815921875 0.42363927968750004 0.640105821875 0.4167725203125 0.6286526968749999 0.392456478125 0.634975884375 0.38873704375 0.618564634375 0.3495291046875 0.606968575 0.32965890937500003 0.6013670765625 0.319270584375 0.5960920234375 0.31447230937500004 0.591390453125 0.3226091953125 0.5850991796875 0.3013579359375 0.5722446765625 0.2857543453125 0.5638053546874999 0.2847295546875 0.5372721171875 0.28394931562500003 0.526149971875 0.28803472812500003 0.5113333984375 0.2924666890625 0.47895234531249997 0.2888767390625 0.4688665625 0.28375536874999996 0.468536059375 0.27178169531249996 0.454190428125 0.26777504531249996 0.413471684375 0.2624039609375 0.4036318578125 0.2627172390625 0.3919920828125 0.26365558125 0.38189098593750004 0.271416321875 0.371396278125 0.2820032125 0.3737869640625 0.29731979375 0.3661260671875 0.317173934375 0.34824603593750003 0.27713583124999996 0.3336775703125 0.2764534890625 0.3336743125 0.29530494531249996 0.3488894 0.321302921875 0.322721040625 0.3369084171875 0.3150908578125 0.3407337515625 0.313739665625 0.353651621875 0.349672446875 0.3285775390625 0.3527672859375 0.3403595734375 0.3545757859375 0.3536870265625 0.34765935468750003 0.362453559375
0 0.5900937703125 0.4974892875 0.5816496046874999 0.48052937812499996 0.5747491984375 0.47048002499999997 0.5637707640625 0.4620439140625 0.559662696875 0.469595278125 0.5692599171875 0.4924512390625 0.58257009375 0.5069642609375 0.58981223125 0.5225349625 0.5914962859374999 0.5216403671875 0.5900937703125 0.4974892875
0 0.4423366640625 0.46292676562499996 0.4382017484375 0.4733118296875 0.439787225 0.4853576484375 0.446728625 0.4907924515625 0.4508405640625 0.5013052578125 0.46097510937499997 0.5140414062499999 0.46510546875000003 0.5112315734374999 0.4423366640625 0.46292676562499996
0 0.5312946953125001 0.5418021484375 0.5152718953125001 0.5588967109375 0.504049284375 0.5753573734375 0.5280356859374999 0.565908709375 0.541216865625 0.5504248625 0.5522871171875 0.5266310234375 0.560764071875 0.5021577890625 0.5930400796875 0.5560848578125 0.5937554578124999 0.547357746875 0.5906690828125 0.5294180093749999 0.5805541609375 0.5178483015625 0.5648308937500001 0.487668865625 0.5595934234375 0.4843130953125 0.5575875296875 0.48993931249999995 0.5497162015625 0.507279659375 0.5413025546875 0.5287844140625 0.5312946953125001 0.5418021484375
0 0.6776311921875 0.5133005234375 0.6813107031250001 0.5208669140625 0.6803936937499999 0.5252667062499999 0.6645413578125 0.53930696875 0.6532036234375 0.5493390390624999 0.6542708359375 0.5543362140625 0.669071640625 0.543263121875 0.6762430296875 0.5389173984375 0.68518068125 0.526039384375 0.692596846875 0.5407491 0.6946964546875 0.548349471875 0.7023136546875001 0.5604973640625001 0.7123042234375 0.5617496703125 0.7144613796875 0.5484360546875 0.7132120828125 0.5371381000000001 0.71203523125 0.5124540484375 0.730341053125 0.5045200999999999 0.754727703125 0.4924685828125 0.75537551875 0.482810915625 0.76867236875 0.47052225937500003 0.7698155203125 0.45341239062499994 0.76296928125 0.4546993546875 0.7597685578125 0.46057818125 0.7534201406250001 0.4709553171875 0.7522256406250001 0.47358154218750004 0.7532606390625001 0.47538713593750004 0.7098750093749999 0.5018141609375 0.7024339187499999 0.5115496203125 0.7000711546875 0.49199855625 0.6927056578124999 0.4830032046875 0.6963786187500001 0.498138128125 0.694221628125 0.5042073390625 0.6829294765625 0.49057690000000004 0.684928403125 0.4739225546875 0.6816233203125 0.462262109375 0.6780711015625001 0.443868965625 0.678921059375 0.4408932265625 0.68433794375 0.4437173890625 0.6886857 0.44404769999999993 0.7058895875 0.43916881406249997 0.698845159375 0.43485820000000003 0.689926821875 0.4388895421875 0.6884349828125 0.43432996562500004 0.6915345359375 0.43512559843750004 0.6944757593750001 0.43185223125 0.6964445421875001 0.41712346875 0.6914872765625 0.4122955515625 0.700920075 0.4035919375 0.7018246859375 0.3894545546875 0.7104559593750001 0.3610467828125 0.706316825 0.361944796875 0.68903985625 0.405542975 0.6800121703124999 0.40756702031250003 0.6745343375 0.41164811874999996 0.6711916671875 0.41672130625000003 0.664648853125 0.41753819375 0.6592342921875 0.41969479062500004 0.6260361984375 0.45655086562499997 0.629630121875 0.46179524375 0.617579303125 0.4749176234375 0.6033566968749999 0.480794996875 0.6049996656250001 0.48775478124999994 0.6132290328125001 0.4890344875 0.6511531781250001 0.4586505328125 0.66751716875 0.44773725000000003 0.6730427953125 0.4579709890625 0.6678155375 0.46620081406249997 0.672501096875 0.4717868171875 0.67477200625 0.47520337343749997 0.683800475 0.4976496609375 0.6778116796875 0.5022800640625 0.6727472578125 0.4968811140625 0.6776311921875 0.5133005234375
0 0.7129087390625 0.3341341515625 0.715489446875 0.33670255781249997 0.7161464578125 0.342379453125 0.714388721875 0.3432420171875 0.7126324656249999 0.34238654999999996 0.7088568078125 0.33660717500000004 0.7070202109375 0.341849140625 0.7080996374999999 0.3474608984375 0.712406096875 0.3502209515625 0.7177054328125 0.3506524140625 0.721382765625 0.345831803125 0.72385180625 0.351184046875 0.7267576734375 0.3494609046875 0.7275195859375 0.3414686640625 0.7261016609375 0.33535614375 0.722552259375 0.33133495625 0.7151552531250001 0.326819378125 0.71000344375 0.3276118140625 0.71018291875 0.331425925 0.7129087390625 0.3341341515625
0 0.8359929125000001 0.491950390625 0.8443336171875 0.48678590312500003 0.8524077578125 0.4822423734375 0.855991425 0.47883477656249995 0.8549782531250001 0.4706247375 0.85391730625 0.467724571875 0.8487781984374999 0.46289315000000003 0.8524803171875 0.45666324375 0.8557492812499999 0.45073933437499997 0.8600752421875001 0.441457328125 0.8561379578125001 0.437188459375 0.8533547046875001 0.43608367968749995 0.8338807171875 0.42645578906250003 0.8250312203125001 0.42369908437500003 0.8206493109374999 0.4270627125 0.8158489031249999 0.43067621562499997 0.8066796609375 0.43078565468749996 0.806944065625 0.42960107187499996 0.8058975671875 0.4251612734375 0.79825713125 0.42684923281250003 0.7892377515625 0.43261436875000003 0.786430153125 0.4445329046875 0.787269353125 0.44946448906249997 0.794985896875 0.4463731125 0.7944713203125 0.45280966874999995 0.7975573921875 0.4601333859375 0.7983308921875001 0.4651406484375 0.7931825609375001 0.46816287812499996 0.795244584375 0.47172030156250006 0.797246575 0.48876438125000005 0.79297254375 0.48487562500000003 0.7909533453125001 0.4885527328125 0.7967140203125 0.49479000937500006 0.811791225 0.505616365625 0.8151627296875 0.5074071531250001 0.8234649921875 0.497880659375 0.8359929125000001 0.491950390625
0 0.8606632187500001 0.3875355484375 0.85933399375 0.3853020484375 0.85518896875 0.38614349375 0.85606945625 0.389221271875 0.8470274640625 0.387295325 0.8448418203125 0.39559659375 0.8483230796875001 0.40296460781250004 0.8543573875 0.406678246875 0.8580185218749999 0.4070874 0.8614734796875 0.40693820625 0.8632031515625 0.40342741093749995 0.863649234375 0.395228753125 0.8606632187500001 0.3875355484375
0 0.9182389593750001 0.4540073890625 0.92916233125 0.4531188390625 0.93300423125 0.44970441718750004 0.9370290453125 0.44034868437499997 0.93650085625 0.432879428125 0.932619990625 0.43206978593749995 0.9256540234375 0.43480959375 0.9200792203124999 0.4425719671875 0.916017028125 0.450655 0.9182389593750001 0.4540073890625
0 0.8631655296874999 0.4946473390625 0.8725100390625 0.49151935 0.881186096875 0.4831122703125 0.8887037781249999 0.46893830625 0.8828158531250001 0.46799371562500003 0.8763083593750001 0.4702479484375 0.8685392000000001 0.47508641718750005 0.8618455921875 0.48696231875 0.8631655296874999 0.4946473390625
0 0.8807196046874999 0.48970803281249997 0.873339796875 0.49493882187500005 0.8584031718749999 0.5030479890625 0.843047384375 0.51509100625 0.828924959375 0.5214889984375 0.8297983828125 0.540785384375 0.8405416406249999 0.5373550671875 0.84192974375 0.523651990625 0.862673353125 0.515038853125 0.8822307546875001 0.492538440625 0.8807196046874999 0.48970803281249997
0 0.97576906875 0.399506903125 0.9729542171875 0.3872887375 0.9636874265625 0.3823815890625 0.9525371734375 0.4030119140625 0.9617676578125 0.42733586875 0.9717200015625 0.415388821875 0.97576906875 0.399506903125
0 1 0.49202805937500005 0.99313585 0.49253910625 0.9915797296875001 0.5021651296874999 0.9844265359375 0.496770725 0.9777061 0.5012403875 0.9764302546874999 0.5059925984375 0.9783083953125 0.5163336515625 0.986705065625 0.509421075 0.9929601359375001 0.5066368328124999 0.9968857671875 0.5000211296875 1 0.5002935203125001 1 0.49202805937500005
0 0.06535189999999999 0.2281741921875 0.0798367296875 0.24119032499999998 0.08476555625 0.23289835937499997 0.0834497703125 0.22058277343750002 0.0770793546875 0.21403331093750003 0.0580013890625 0.20134963906249997 0.05493523125000001 0.20572746562500002 0.0577596296875 0.21761254062500002 0.06535189999999999 0.2281741921875
0 0.1012151625 0.24206912812499998 0.10307207656249999 0.262473440625 0.088820603125 0.24889871718749998 0.08174911875 0.250482325 0.0871038171875 0.261082575 0.0981218578125 0.2724973796875 0.10236524218750001 0.2792413796875 0.12107747656250001 0.305165825 0.1240711765625 0.293289625 0.12036907031249999 0.267108384375 0.12091444375 0.24003553906250003 0.126505003125 0.2232307140625 0.120522365625 0.20837235937499998 0.111394659375 0.206464615625 0.1132377328125 0.22563369687499998 0.10936324374999999 0.22836013125000001 0.10166200624999999 0.23217452500000002 0.1012151625 0.24206912812499998
0 0.0657647140625 0.2670442125 0.058333579687500005 0.27938663125 0.054334935937499995 0.2894847484375 0.046841192187500005 0.3039548703125 0.034112593749999996 0.317609834375 0.0220604734375 0.331144503125 0.016006664062500002 0.36547736249999996 0.02261755625 0.35825466562499997 0.031754081249999996 0.3461383828125 0.0375313671875 0.334510253125 0.042643923437499995 0.325473246875 0.052809995312500004 0.3104604890625 0.062460148437499995 0.29225495 0.0702079796875 0.26620299687500004 0.0657647140625 0.2670442125
0 0.122972825 0.38771785 0.10708607343750001 0.390561725 0.1398565375 0.3514248671875 0.1441712515625 0.3367718078125 0.13088245781250002 0.346450334375 0.1151795234375 0.36088503125 0.10293462187499999 0.3784014015625 0.09181159375 0.40343935468750003 0.09603236875 0.4090338390625 0.1048438953125 0.40951341875 0.1124544359375 0.4037299234375 0.12392959375000001 0.39257655625 0.122972825 0.38771785
0 0.18620069687500002 0.43298655 0.19368550625 0.44079236093749996 0.19836805468750002 0.439062003125 0.2067653640625 0.4334775265625 0.20721531875000002 0.4270835203125 0.20244960937499998 0.4192256484375 0.19111323593750001 0.4091302984375 0.1846583859375 0.415683990625 0.18298327187500002 0.42747854687500003 0.18620069687500002 0.43298655
0 0.113378659375 0.4693212671875 0.11127593124999999 0.4601099421875 0.10409917500000002 0.44605804375 0.0969017203125 0.43352722187500004 0.08537520625 0.4164839265625 0.0820446359375 0.41159061250000006 0.080224409375 0.4089563890625 0.0766856875 0.40297604218750005 0.0744215015625 0.3938885609375 0.069116465625 0.384374371875 0.0624730796875 0.377951303125 0.0511712671875 0.37164609843749996 0.0482262796875 0.373240175 0.053691485937500005 0.3831237265625 0.05392914375 0.389415265625 0.0614696578125 0.3955554453125 0.06560855 0.38967386406250004 0.06659012187499999 0.397802175 0.0586748515625 0.40638465156250003 0.059900790625 0.4215402828125 0.07041170937499999 0.4370098765625 0.0761989703125 0.4456698265625 0.0873054125 0.45426178281249996 0.0876978671875 0.44898571406250004 0.0925470765625 0.448082803125 0.0982122359375 0.44829318125000006 0.113378659375 0.4693212671875