0 0.45567225312500004 0.6228732140625 0.4602356703125 0.6170410296875 0.4733017640625 0.6079067359375 0.48005321562500003 0.6060024 0.4834990078125 0.6028714359375 0.4874480765625 0.597677065625 0.4925098421875 0.593555403125 0.49753036875 0.5910801453125 0.502984065625 0.5909159265625 0.50426136875 0.5971516671875 0.505768234375 0.5999049484375 0.5144992375 0.60330784375 0.518895125 0.6075211406250001 0.5249403953125 0.6091878375 0.5254771921875 0.6046668296875 0.5270000203125 0.6016710749999999 0.5320374359375 0.6029732515624999 0.5347608609375001 0.60075950625 0.5375538375 0.59751556875 0.54613173125 0.5974246359375 0.5444073875 0.5937908625 0.5370492359375 0.591418334375 0.53049530625 0.5867516796875 0.526040146875 0.5851283656249999 0.52197671875 0.5796847453125 0.5180299046875 0.5778562109375 0.5127838046875001 0.57409533125 0.5044078437499999 0.56789976875 0.49410553593750006 0.5580044 0.4861261 0.5599795015625 0.47759690312499997 0.5612198984375001 0.46085414062499996 0.560927653125 0.451075096875 0.5629541687499999 0.44453079375 0.5639135375000001 0.44219703125 0.56922986875 0.4370107296875 0.5684892421875001 0.4296161890625 0.5683804859375 0.431359584375 0.5751306890625 0.43444456875000004 0.5808525890625 0.44594420625 0.589299884375 0.45425270468749995 0.591660871875 0.4619243703125 0.5948733765625 0.4745581 0.59654255625 0.468241834375 0.6009111125000001 0.466558115625 0.6035446296875 0.4612078609375 0.60745185 0.45203077656249996 0.62333785625 0.45567225312500004 0.6228732140625
0 0.4221778125 0.5573536765625 0.428614015625 0.5566784 0.43804671562499997 0.5569461890625 0.4612532046875 0.555702571875 0.4631327140625 0.548924965625 0.4605379375 0.5430522234375 0.46482224531250005 0.53458820625 0.45592204531249997 0.5311198484374999 0.451922146875 0.52687126875 0.45002518125 0.52256250625 0.44388021875000006 0.5214144609375 0.43969113125000003 0.5212897703125 0.4332401015625 0.5195019125 0.430119434375 0.5218228015624999 0.4305212765625 0.5262867453125 0.426363653125 0.5233746781249999 0.4222853625 0.5264821015625001 0.42680059375 0.5311100453125001 0.42561273125000004 0.5330005390625 0.4163484859375 0.538033371875 0.4120894875 0.542003396875 0.41593603124999995 0.5461742890625 0.41619790312499994 0.5488089484375 0.42045438125 0.55133986875 0.4252367671875 0.5532861296875 0.41961516718749997 0.5552805109375 0.4221778125 0.5573536765625
0 0.4576306234375 0.5615308609375 0.460029084375 0.5588645015625 0.4565559515625 0.5531764578125 0.45498130937500003 0.55385845625 0.44754986093750004 0.561594 0.445177203125 0.5662736171875 0.44856684218750004 0.5675235890625 0.45152875000000003 0.5672252359375001 0.455422665625 0.5634895 0.4576306234375 0.5615308609375
0 0.44284838750000005 0.6097145890625 0.4389108734375 0.6120087203125 0.4401059296875 0.6148987671875 0.4443930015625 0.6171989359375 0.451074296875 0.6187767187500001 0.4528100390625 0.61898204375 0.4534189234375 0.61758308125 0.45184174375 0.612232865625 0.44661811250000005 0.609333446875 0.44284838750000005 0.6097145890625
0 0.494499765625 0.18679224218749998 0.4885761640625 0.1836165015625 0.48235153437499995 0.1797807203125 0.470497021875 0.1757279015625 0.46123128125 0.17565368125 0.4593632875 0.175683584375 0.4388564828125 0.18144531875 0.43498805625000003 0.185780028125 0.43553319999999995 0.1888384453125 0.4401148859375 0.197985425 0.4438239640625 0.201078753125 0.45179139218750003 0.201850734375 0.4632554203125 0.20248996875 0.47160909218749997 0.2064707421875 0.4767800109375 0.20836127499999998 0.48427798749999995 0.205051003125 0.491535690625 0.20127084218750002 0.49705575625 0.193544128125 0.494499765625 0.18679224218749998
0 0.530351321875 0.21736634531250001 0.5393679171875 0.2182847828125 0.5390706765625 0.214274296875 0.5329661703124999 0.21313633593749998 0.5291776359375 0.21190909218749998 0.5239231125 0.20773550312500003 0.5187372734375 0.2057150015625 0.514698996875 0.202948790625 0.5087407921875 0.1980846890625 0.4988133796875 0.1910634875 0.49681898437500005 0.19484331875 0.5017786859375 0.2003291515625 0.50976114375 0.2061490375 0.5165076375 0.20954229687499998 0.5239482578125 0.214352575 0.530351321875 0.21736634531250001
0 0.40577639374999996 0.11895691093750001 0.4019145609375 0.1197802640625 0.403902453125 0.1270269984375 0.400415571875 0.1291992875 0.3927777796875 0.12717974375000002 0.3891808984375 0.128581246875 0.3863251734375 0.134793290625 0.3837855625 0.1415171796875 0.3804819859375 0.1436629765625 0.3757616359375 0.14308675625 0.37393670625 0.139485609375 0.374762859375 0.134771184375 0.371797359375 0.13133609375 0.3635192734375 0.13627518593750002 0.357257828125 0.1443968328125 0.35166532031250003 0.14436641249999999 0.3424877953125 0.148817859375 0.333538428125 0.149688365625 0.3214065203125 0.1493515828125 0.3154375515625 0.1535199203125 0.31136403281249997 0.159756028125 0.3082662625 0.1683751515625 0.3089983703125 0.17128680937500002 0.3154694640625 0.172462425 0.32584445 0.1730013875 0.32994346406249997 0.1757795984375 0.3338394265625 0.18275959375 0.335537625 0.186100678125 0.3284463 0.183840634375 0.3223224421875 0.18237884843750002 0.321549515625 0.1883412671875 0.324844653125 0.19330421874999998 0.3262352953125 0.1959116984375 0.32178726874999997 0.19746086875 0.3107397640625 0.19623662656250002 0.30432619375000003 0.1949885671875 0.295491 0.1957641765625 0.29091461875 0.19822061875000002 0.2866348203125 0.2049938328125 0.28357521406249997 0.21097884687500001 0.2839421078125 0.22004131875000002 0.2861967515625 0.22221224843749998 0.294428246875 0.22164332031249998 0.2971950125 0.2216916140625 0.2920236546875 0.2290477953125 0.28081767968750004 0.2423636265625 0.2819171546875 0.2460740046875 0.2857671921875 0.24637405625 0.2911248875 0.2423091296875 0.2960854515625 0.239598415625 0.2993948734375 0.23998279375 0.30641538437500004 0.24450913281250003 0.3088129140625 0.2464622109375 0.31781715 0.24773048593749997 0.3281219890625 0.2558693828125 0.3370745578125 0.26296264375 0.340257234375 0.26478878125 0.346248384375 0.26472145468749997 0.35440815312499996 0.2709476234375 0.353054915625 0.27506057031250003 0.35955649843750004 0.2791449734375 0.3657008734375 0.280147671875 0.3633047125 0.27695224218750003 0.3733312890625 0.2747112640625 0.3766739671875 0.2678185515625 0.3773495046875 0.266092578125 0.3806829828125 0.27011230468749997 0.38493672968750003 0.2696661625 0.38704887499999996 0.2708688328125 0.390145209375 0.2726278265625 0.39284616250000004 0.26982141249999997 0.3929189609375 0.26645654531249996 0.3882483203125 0.26052569062500003 0.3785679359375 0.2541245203125 0.3895120484375 0.253393534375 0.39242579375000003 0.2548696109375 0.39942295625 0.25357121875 0.40126888125000004 0.25131402812500003 0.405635028125 0.25302330156249997 0.4152899625 0.25864422187499997 0.4224290796875 0.26514949374999996 0.43577084062500004 0.2723631265625 0.441513121875 0.2734822640625 0.4383216984375 0.268844609375 0.43399048125000006 0.26880495 0.424329003125 0.26078355000000003 0.4144043953125 0.254496884375 0.40800839375000003 0.2476764078125 0.40811475625 0.24543260937500003 0.41242492343750004 0.24793165 0.4184008515625 0.2499003078125 0.42205010625000006 0.25400368281249996 0.427805978125 0.2541650984375 0.43283208906250004 0.2531604765625 0.4402267375 0.2588138296875 0.446592021875 0.2573668859375 0.4530352234375 0.2549477171875 0.45564730937500003 0.2507864203125 0.45285191406249997 0.24933428750000003 0.4631151765625 0.24051675 0.4709225703125 0.2360429515625 0.476529503125 0.2284427734375 0.46510196718749997 0.2300998375 0.46609000937499995 0.22094537500000003 0.4797786046875 0.2094528359375 0.47533389687499994 0.20732025312500002 0.4504650859375 0.207375303125 0.4422365265625 0.198106846875 0.419447684375 0.1879575796875 0.4110946109375 0.18671785937500002 0.4079201640625 0.1821820796875 0.418204084375 0.18131298906249999 0.433882390625 0.17006927656249998 0.4431696328125 0.16103310937499998 0.44146399374999995 0.155074309375 0.4373895734375 0.1511557296875 0.42731572656249994 0.1482263453125 0.425127465625 0.14019318125 0.41776089687500007 0.1334682796875 0.40649502968749995 0.1247890921875 0.41004212500000004 0.12570269843749998 0.408878621875 0.1228850890625 0.40577639374999996 0.11895691093750001
0 0.29959514062500003 0.193951153125 0.3053583484375 0.19306566249999998 0.3047972 0.1906555015625 0.296298728125 0.190046153125 0.2953792625 0.19088492031249998 0.2969914453125 0.1928868 0.29959514062500003 0.193951153125
0 0.27416454375 0.242127165625 0.2728234765625 0.24563241875 0.27391685625 0.24521549999999998 0.27504053125 0.244585015625 0.276130590625 0.24319445312500002 0.27513754375 0.2419816234375 0.27416454375 0.242127165625
0 0.286789840625 0.1725666 0.2828751328125 0.17641917812500002 0.2856697078125 0.1766648625 0.2894300015625 0.176555471875 0.2907968546875 0.1751541140625 0.2905563125 0.17165563281250001 0.286789840625 0.1725666
0 0.2818410859375 0.19438668125 0.2803667515625 0.1953204671875 0.2799656546875 0.19770758125000001 0.28083781874999997 0.19814630625000001 0.283281778125 0.19887188281249998 0.285545425 0.1987363671875 0.286671865625 0.197141721875 0.2854375125 0.195249578125 0.2818410859375 0.19438668125