0 0.5480095687500001 0.3963379953125 0.5585362890625001 0.381312275 0.5548681734375001 0.3814577734375 0.5498138109374999 0.3868700359375 0.5360013328125001 0.3948307859375 0.5291096 0.3961394484375 0.5254040375 0.3989581765625 0.521017278125 0.403788596875 0.5156155453125 0.4074534140625 0.5103983921874999 0.40948168437500004 0.5049511343749999 0.4091699578125 0.5042221734375001 0.4028466203125 0.50296100625 0.3999724859375 0.49455980781250003 0.3958215828125 0.49054786093749997 0.391241190625 0.48467085781249997 0.38905395625 0.48374207187499996 0.393510975 0.48196394218750005 0.3963626078125 0.4770591859375 0.394626346875 0.474153184375 0.3965943046875 0.47108810781250005 0.39958247343750003 0.4625349296875 0.39892545 0.46393600937499996 0.40269568125 0.47105938125 0.40570048593749997 0.47718164375 0.41092059531249997 0.4814783703125 0.412926025 0.48505189218749994 0.41870308125 0.48882432031249995 0.4208686453125 0.493722675 0.42507244218749995 0.5015267828125001 0.431974440625 0.51092745 0.4427300609375 0.5190486640625 0.441457928125 0.5276535124999999 0.44096562031250003 0.5443070921875 0.44271598125 0.5542255468749999 0.44154947812499995 0.5608285609375 0.44116413125 0.5636167921874999 0.4360714328125 0.5687188078125 0.43726125624999995 0.57607573125 0.43801407656249997 0.5749272890625 0.43113761093749997 0.572352740625 0.4251686109375 0.5616330921875 0.41575120156249995 0.553561984375 0.4126750640625 0.5461995 0.40880615625 0.5337593234375 0.40604222500000003 0.5404323 0.40224079062499996 0.5423391359374999 0.3997640421875 0.5480095687500001 0.3963379953125
0 0.579122928125 0.45343268437499995 0.584896959375 0.4519358484375 0.582524753125 0.4496472234375 0.5760541875 0.4497589765625 0.5666807203124999 0.44867009218750004 0.5434541515625 0.44788639999999996 0.5409910859375 0.454474403125 0.543064146875 0.4605509484375 0.5380584546875 0.46860935625 0.5466224984375 0.47284021875000004 0.5502368875 0.4774212453125 0.5517511015625 0.48187894375000007 0.557772621875 0.4835581890625 0.5619349 0.48404750781250006 0.5682055609375001 0.4863908078125 0.57151663125 0.48435073281249996 0.5715053765625 0.479868753125 0.5753933765625 0.4831321 0.5797269765624999 0.4803919484375 0.5756322796875 0.4753880875 0.5769803890625 0.47360831562500005 0.586648021875 0.46940206562500003 0.5912368234375001 0.46581834375 0.587768434375 0.46132807500000006 0.587737184375 0.45868061875 0.5837174890625 0.45578835156249997 0.579122928125 0.45343268437499995
0 0.5541458671874999 0.4372551234375 0.549941178125 0.4406372671875 0.5475709171875 0.4423960171875 0.5449491921875 0.444843190625 0.547913365625 0.45081229218749996 0.5495414546874999 0.4502701296875 0.557618821875 0.44321171406250004 0.5603903046875 0.4387566953125 0.5571225078125 0.43721605312499995 0.5541458671874999 0.4372551234375
0 0.5577567375 0.3923914828125 0.562707790625 0.3957351375 0.566496390625 0.3956839984375 0.5706188671875 0.39374177499999996 0.5696802421875 0.3907585703125 0.56560995625 0.388093509375 0.5590916 0.38593941875 0.55738035625 0.3855835953125 0.5566518625 0.386924165625 0.5577567375 0.3923914828125
0 0.4823961375 0.7983301171875 0.47622365 0.8055463218750001 0.47818144843750005 0.812495284375 0.48380572656250004 0.816175215625 0.489672359375 0.8205389125 0.501128534375 0.8256095 0.510352546875 0.8264910000000001 0.5122160390625 0.8266240171874999 0.5331469765625 0.82267149375 0.5373784796875001 0.8186904343749999 0.5371019687499999 0.8155961421875 0.5333349296875001 0.8060846500000001 0.5299095656249999 0.802679825 0.5220397390625 0.8012163749999999 0.5106750484375 0.7995804171875001 0.5027001109375 0.794886721875 0.49771364062499995 0.7925527078125 0.4899556859375 0.795196890625 0.4823961375 0.7983301171875
0 0.458240121875 0.7879136875 0.451247059375 0.7824732234375 0.4451310265625 0.7789128562500001 0.436228790625 0.777212065625 0.43617536250000005 0.7812331968749999 0.44215746093749997 0.7828988703124999 0.44582461718750005 0.7844516359375 0.4506953921875 0.78906730625 0.4556854 0.79153209375 0.45946721874999996 0.7946397375 0.464978815625 0.8000046218750001 0.47425651406249997 0.8078643359375001 0.47657275468750004 0.8042727109375001 0.47211004687499997 0.7983754875 0.4646652015625 0.79188203125 0.458240121875 0.7879136875
0 0.5569933984375 0.8807133328125 0.557906903125 0.8836216265625 0.5606549640625 0.8878052328124999 0.5645738609375 0.8873215953125 0.563225128125 0.8799291796875 0.5668880671875 0.878069059375 0.57432078125 0.88074659375 0.578026125 0.8796639140625 0.5814123984374999 0.8737244015625001 0.5845283703125 0.867247440625 0.58800639375 0.8653977359375 0.5926585609374999 0.8663831671875 0.5941626859375 0.8701296640624999 0.5929287859375 0.8747541453125001 0.5955836140625 0.878434625 0.6042606687500001 0.8742358109374999 0.6112061359375 0.8666907890625 0.6167747125 0.8672085125000001 0.6263052828125 0.8635738796875 0.6352964640625001 0.8634866750000001 0.6473528546875 0.864879540625 0.6536624046874999 0.8612472953125 0.6582639343750001 0.8553899484375 0.6621011234374999 0.8470736125 0.66162556875 0.8441092265625001 0.6552815609375 0.8423740921875 0.644993028125 0.8409329390625 0.64115175 0.8378080484374999 0.6378789593749999 0.8305150593749999 0.6364784171875 0.82703868125 0.6433457812500001 0.8299081734374999 0.649318934375 0.8318981265625001 0.6506085781250001 0.8260257609374999 0.6477585296874999 0.8207945046875 0.6466004359374999 0.8180757453125 0.65116655625 0.8169201421875 0.662065321875 0.819102578125 0.668345709375 0.8209048687499999 0.6772148828125 0.8209022484374999 0.6819879421875 0.8188540109375 0.686841778125 0.8124795796875001 0.6904113703125 0.806784003125 0.69083571875 0.797724040625 0.6887788640625 0.7953648671875 0.6805291078125 0.79521420625 0.677777078125 0.7949249578125 0.6835698921875 0.7880474828125 0.6958937765625001 0.7757589874999999 0.695121865625 0.7719669015624999 0.6913126296875001 0.771332440625 0.6856210390624999 0.7749149453124999 0.6804430984375001 0.7771830015625001 0.677179771875 0.7765116515625 0.6705804718749999 0.7713906578125 0.6683622875 0.7692360546875 0.6595028515625 0.7671878328124999 0.649946578125 0.7581817828124999 0.6416462953125001 0.7503352453125001 0.6386348875000001 0.74823866875 0.6326606671875 0.7477835749999999 0.6250745953125 0.740869928125 0.62678115 0.736890575 0.6206602875 0.7322550640625 0.6146266859375 0.7307206625 0.6167352265625 0.7341127734375 0.6065514921874999 0.73547135 0.60262079375 0.7420465 0.6017973984375 0.743707028125 0.598826946875 0.7394120656250001 0.594550503125 0.739485771875 0.592551215625 0.7381035921875 0.58961996875 0.736081428125 0.5866846984375 0.7386417609375 0.586318909375 0.741987478125 0.5904548703125 0.7483028375 0.5995405171875 0.7555233515625 0.5885743421875 0.7552977125 0.5858003328125 0.753573303125 0.578716634375 0.7542569125 0.5766810062500001 0.7563446296875 0.572480446875 0.754261328125 0.5633521484374999 0.7478203140625 0.55680716875 0.7407175796875001 0.5441448859375 0.7323685859375 0.538521996875 0.7307532359375 0.5412970765625 0.7356513921875 0.54560835625 0.7360683906250001 0.5545339593749999 0.7449013203125 0.56387288125 0.75202905 0.5696501015625001 0.759381021875 0.5693485828125 0.7616070109375 0.5652726218749999 0.7587418234375 0.559491015625 0.756259821875 0.5562132796875 0.7518540078125 0.5504933796875 0.7511915484375 0.545398834375 0.75175429375 0.538525046875 0.7454779671875 0.532057875 0.746364634375 0.525428346875 0.7482130359375 0.5224635203125 0.7521308390625 0.5251217171875 0.7538210796875 0.5141290093750001 0.7617105609375 0.505961409375 0.7654868765625 0.49971341406249997 0.7725694578125 0.5112418859375001 0.7719146734375 0.5094597390625 0.7809481875000001 0.4948215921875 0.7912039546875 0.49906352031249995 0.7937158046875 0.5238424968750001 0.7958284234375 0.53123194375 0.8057787781249999 0.5530495 0.8178756015624999 0.5612627390625 0.819838621875 0.5640297875 0.8246338140624999 0.5537092546875 0.8246032937500001 0.5371106546875 0.8344377671875 0.5270712 0.8426301125 0.5282510046875 0.8487148937500001 0.5319683937499999 0.852973671875 0.5417485937500001 0.8567699015624999 0.5432283906250001 0.8649632171875 0.5499808140625 0.8723045656249999 0.5604473703124999 0.8819326125 0.5569933984375 0.8807133328125
0 0.6769009390625 0.825772675 0.6754693671875 0.823637903125 0.67296834375 0.8223506734375 0.6671498921875 0.8227304984374999 0.66749884375 0.82518039375 0.67591186875 0.826528115625 0.6769009390625 0.825772675
0 0.7006354406249999 0.7753398296875 0.701519003125 0.7766345921875 0.7025009859375 0.7765744078125 0.704142453125 0.7731993734375 0.703016896875 0.7735194125 0.701842546875 0.7740495640625 0.7006354406249999 0.7753398296875
0 0.6800948796874999 0.8418430046875001 0.6800295937499999 0.8453491375000001 0.6838611296875 0.84476990625 0.688096715625 0.841273178125 0.6853341875 0.840784865625 0.6815786671875 0.8405661078125 0.6800948796874999 0.8418430046875001
0 0.68612051875 0.8202985828125 0.6871852640625 0.8222911078124999 0.690692796875 0.8234641703125 0.69224290625 0.822662434375 0.6928505265625 0.8203193625 0.6920199203124999 0.8198062921875 0.6896484984375 0.818870471875 0.6873816546875 0.81880818125 0.68612051875 0.8202985828125