0 0.6567237265625 1 0.6553714421875 0.9989820265624999 0.653562646875 0.99405345625 0.6507320703125 0.9925084921874999 0.65387378125 0.9910932000000001 0.654764328125 0.9889432593749999 0.6537296359375 0.9877111671875 0.6489009765625 0.9862075734375001 0.641457015625 0.9874189156250001 0.6378837109375 0.9897864984375 0.6362471484375 0.986373296875 0.628414128125 0.9818092078125 0.618072296875 0.9789767375 0.613938428125 0.9724322171875001 0.615971375 0.9689050828125 0.6193686140625 0.9666431125000001 0.62463025625 0.9671961328125 0.6294343359375 0.968948521875 0.631787496875 0.9686978078124999 0.6350810234375001 0.9674225890624999 0.6358497203125 0.963262965625 0.6392987328124999 0.9605083953125 0.6461357609375 0.9587336499999999 0.6517528078125 0.95907421875 0.6548669968749999 0.9579058406250001 0.6675727625000001 0.9572459640625001 0.6724455265625 0.9614989171874999 0.67763693125 0.9595512093749999 0.688109996875 0.9611500140624999 0.6912517078125 0.9597347218750001 0.6989184484375001 0.9595428765625 0.7039482515625 0.962316640625 0.7137105078125 0.9643403484374999 0.72041801875 0.9637978781250001 0.727606796875 0.9729070234374999 0.733592159375 0.9776508375 0.7546402828125001 0.979863084375 0.7545479109375 0.9759884546875 0.7570063375 0.9747511515625 0.7587839203125 0.9720691421875 0.7647821765625 0.9719517375000001 0.7719990234375 0.9697172999999999 0.7828090296875 0.9681103249999999 0.7983697875 0.968748175 0.79440064375 0.966959425 0.7932711359375 0.9634753984375 0.7774717437499999 0.9572004749999999 0.7761128421875 0.9543144953124999 0.7784736703124999 0.9508218234375001 0.776257696875 0.9465983046875 0.776118775 0.9415970109374999 0.7789608546875 0.9382790375000001 0.7958193375 0.9360618953125 0.7994461328125 0.9332003234374999 0.8058538484375 0.930756725 0.8063647390625001 0.9290649234374999 0.8033861828125 0.9257589062499999 0.8068465343750001 0.918142953125 0.8038214296874999 0.9137102734375 0.7990356484375 0.9149527671875 0.7932204015625001 0.9133439062500001 0.7875775484374999 0.9132488593750001 0.7855559421875 0.911914609375 0.7834916187500001 0.9078327187499999 0.7786875390625 0.9060803312499999 0.7727426109375 0.9057052999999999 0.7682718000000001 0.9023665578125 0.7690418890624999 0.8982086515625 0.7717061843749999 0.8949976812499999 0.771791596875 0.891016046875 0.7781269562500001 0.887691309375 0.767117015625 0.8785544671875 0.7703312453125 0.8780187609375 0.7761128375 0.8736397374999999 0.7810969812499999 0.87366398125 0.784568128125 0.8722833140624999 0.788378496875 0.866075725 0.7885081781250001 0.8648418953125001 0.78298176875 0.85890043125 0.777468596875 0.8575715546874999 0.7717478390625 0.8582177375000001 0.76722125625 0.856994128125 0.765581021875 0.8552003499999999 0.7697002453125 0.8476536484375 0.7658386484374999 0.8432571671875 0.7682604734375 0.8360301 0.7755566171875 0.8330561515625 0.7776932765625 0.8285422656250001 0.7760270734375 0.8269955640625 0.7674070562499999 0.8235962171875 0.765337509375 0.8211335875 0.7608109265625 0.819909978125 0.7580596468749999 0.8176255015624999 0.750122915625 0.8140481656249999 0.74623535 0.8098987609374999 0.7409737062499999 0.8093457390625 0.7351515 0.7998806140625 0.72712395 0.7924288109375001 0.7170657328125001 0.786882996875 0.7104490218749999 0.78182301875 0.7110116859375 0.7796386171874999 0.713342875 0.778012446875 0.707501659375 0.7766506640624999 0.6983578578125 0.7798043390625 0.6960435781250001 0.7844236734375001 0.6907559671875 0.7841177296875 0.675135765625 0.7872144375000001 0.665381178125 0.7819487734375 0.6574627453125 0.7813663187500001 0.6535340374999999 0.7839463515625 0.649594696875 0.780289546875 0.6481709640625 0.7827589406250001 0.648311275 0.7877619515625 0.6466877859375 0.7889628921875 0.636009015625 0.789336203125 0.6271725140625 0.7911506015625 0.6246011359375 0.7871395328124999 0.616488175 0.7836693625 0.6150332296875 0.778528178125 0.6107140703125 0.7753310640625 0.61044563125 0.7715620453125001 0.6025866421875 0.7672450328125 0.60588245 0.764348671875 0.6052807421875 0.76216600625 0.587901965625 0.7598413828125 0.5792118734375 0.7539397546875 0.5742835015625001 0.7518003796875 0.579639615625 0.745131525 0.5848791234374999 0.74431064375 0.590301640625 0.741763496875 0.585993821875 0.7337049999999999 0.5806063328125 0.732764828125 0.5806673296875 0.729030434375 0.5863826999999999 0.7300050671875 0.5896540921875 0.727355946875 0.596057971875 0.726533328125 0.5959673171875 0.72265730625 0.6003016515625 0.7193720578125 0.6002924109375 0.7131369359375 0.5891658468750001 0.7003711484374999 0.582643625 0.6975662125000001 0.591339815625 0.690748803125 0.5885517734375 0.6824761171875 0.6144154796875 0.6815778140625001 0.6229148765625 0.6829707484374999 0.6248144734375 0.6822968687500001 0.6251773828125 0.6788440125 0.6209840703125 0.6760340499999999 0.6076794953125 0.666949828125 0.5965971796875 0.6661699515625 0.59214719375 0.67200551875 0.579865334375 0.6654781453124999 0.572634021875 0.663096721875 0.5668653234375001 0.6626145234374999 0.5624347843749999 0.6636461203125 0.5561863890625001 0.6629893874999999 0.5457835625 0.6638913109375 0.54241229375 0.6659062062500001 0.5400202703125 0.671265215625 0.5260165984375 0.6653047187500001 0.5236634390625 0.6655554328125 0.5213048890625 0.6674269625 0.51940303125 0.6791989015625 0.5202770125 0.68352960625 0.5189046875 0.706078434375 0.5173993765625 0.710908484375 0.5176024375 0.7311295453125 0.5183742765625 0.7459240828125 0.522893190625 0.75038965 0.516143146875 0.7576598437500001 0.5157725671875 0.7643546578125 0.516950015625 0.7689670640624999 0.515444703125 0.7737971124999999 0.5160518171875 0.7838358796875 0.5148851828125001 0.7949356765625 0.516834453125 0.804865703125 0.5151811609375 0.8079347 0.5156158796875 0.816459653125 0.5137995953125001 0.8242484046874999 0.515626690625 0.8321718562499999 0.5151860375 0.8363643875 0.517103934375 0.8386853890625 0.5206695703124999 0.8395597640625001 0.5333997515625 0.83865265 0.5384706984375 0.834696975 0.5436545984375 0.8359896718750001 0.546874053125 0.8338347046875001 0.5703440015625 0.8288198859374999 0.5865636296875001 0.829526984375 0.59202135625 0.8329678843749999 0.593537315625 0.8438515921875 0.5897782109375 0.8796170859375 0.589226359375 0.8975136906250001 0.585567659375 0.9133398250000001 0.5765604984375 0.9231159375000001 0.5665779234375 0.9279269546875 0.5601738796875 0.9287511265624999 0.5539439484375001 0.9310877218750001 0.548062315625 0.934834071875 0.5381423109375 0.945387775 0.52629516875 0.9473853546875001 0.516627565625 0.9476151359375 0.51019388125 0.9503058109375001 0.507331403125 0.9617254078125 0.5072660421874999 0.9876543671875 0.505658959375 1 0.6567237265625 1
0 0.3827632125 0.5350609234375 0.38934173437499997 0.515177140625 0.3895566640625 0.5099632328125 0.35721724843749997 0.49022942656249996 0.34605549375 0.4809525109375 0.3419437578125 0.4757818921875 0.3364785265625 0.475581396875 0.3308783890625 0.47823399218749996 0.325461096875 0.47916187656250003 0.31185711562499996 0.48521365000000005 0.3052679453125 0.489383675 0.3073284328125 0.4950865453125 0.316438778125 0.5048972671875 0.33340270781250003 0.5111689 0.342914825 0.5124184703125 0.35888120625000003 0.5123511046875 0.36414440312499996 0.5129042890625 0.3666715125 0.5141675515624999 0.373893765625 0.5197892171875 0.375913109375 0.5322215265625 0.3827632125 0.5350609234375
0 0.388627225 0.265720278125 0.38539679531250004 0.25216459687500004 0.3818608 0.24942372031249999 0.371163728125 0.24680214843749998 0.362802909375 0.2409366984375 0.3562548828125 0.238377284375 0.3494490484375 0.2382856921875 0.3390073578125 0.2442959125 0.3233186546875 0.25436741875 0.3083756421875 0.2700051765625 0.30429528125 0.272443584375 0.297811940625 0.27400726875000003 0.28559821875 0.281077128125 0.285113296875 0.2825218546875 0.288056825 0.2893151890625 0.2946102578125 0.2997307046875 0.3033653625 0.309752325 0.30703087500000004 0.31126092656250004 0.307612003125 0.3120698515625 0.30634391875 0.3130583421875 0.30116001875 0.3117656453125 0.2994199078125 0.309337640625 0.2958541078125 0.30846481875 0.2915349484375 0.3052677046875 0.282913378125 0.30186819531250003 0.27819626249999996 0.2961343359375 0.27377339218749996 0.293923975 0.26983544375 0.2902688859375 0.263768503125 0.287885725 0.250135409375 0.27523041406250004 0.22879130781249998 0.26001914375 0.21779060781249998 0.257117425 0.2098723375 0.256533415625 0.1861599359375 0.26700905625 0.168877203125 0.26693963906249996 0.1631527734375 0.269205246875 0.1668833 0.2748338390625 0.1732964203125 0.28024634375 0.175834325 0.2877448921875 0.1791925359375 0.290592771875 0.17691173124999998 0.29172462499999996 0.1718057375 0.2896907 0.16708846093750002 0.2839583953125 0.1618268171875 0.2834053734375 0.15712645 0.280666234375 0.1538717859375 0.27683315625 0.1347253578125 0.2628505234375 0.122634175 0.2513549265625 0.10855120625 0.2461339421875 0.10151581406250001 0.24664195156250002 0.07761445156249999 0.2620844234375 0.07472810468749999 0.2626545921875 0.0725654765625 0.2674155546875 0.07300786406250001 0.27269855 0.0788712140625 0.2754342359375 0.084195425 0.28172994375 0.0924600390625 0.285341740625 0.0942003140625 0.2877681921875 0.09837304687500001 0.2892044171875 0.10135004843749999 0.2925102703125 0.1187729296875 0.29758425312500003 0.122005459375 0.300043428125 0.12333472187500001 0.304795909375 0.1319972734375 0.301467534375 0.13420784218749998 0.2978349515625 0.1371459640625 0.296772184375 0.1405120078125 0.2963765515625 0.145389996875 0.29901024375 0.1400415515625 0.30243713906249997 0.138639953125 0.3062804359375 0.128290634375 0.3161652875 0.12373057812499999 0.318429159375 0.1154325078125 0.327781759375 0.094957859375 0.33909731249999997 0.0930455328125 0.344630859375 0.09879366875 0.353216234375 0.11629830781249999 0.3654049265625 0.131851396875 0.3692847328125 0.1355986515625 0.3684311265625 0.1492392328125 0.368369115625 0.160125590625 0.3660207484375 0.164755721875 0.36625915937500003 0.167227221875 0.36963599999999996 0.16684007812499999 0.382811459375 0.174448946875 0.3958312515625 0.1664989890625 0.3981347484375 0.18217662343750002 0.4086922796875 0.19070614218749998 0.41492581875 0.2020250953125 0.4216457828125 0.2115892671875 0.42782624374999995 0.2205024546875 0.421664796875 0.2066717375 0.4119361125 0.21462136406250001 0.410652228125 0.2217473921875 0.40454332343750005 0.2252169859375 0.4031624921875 0.2268960828125 0.3998479734375 0.2349645953125 0.3910949765625 0.26167916875 0.37651063906250004 0.2630521234375 0.3808623671875 0.2375452140625 0.401341165625 0.2494289546875 0.40533335 0.25382585625 0.4077907890625 0.269379109375 0.4116690421875 0.2842916265625 0.4184744796875 0.29413178906250004 0.4197569578125 0.295555359375 0.41728911718750006 0.3005745328125 0.41382604218749997 0.301706140625 0.40621356249999996 0.3079339546875 0.40549655625 0.3158895328125 0.40097210624999996 0.3216864453125 0.3806322484375 0.3347075640625 0.364296021875 0.35841839375 0.34434330156250004 0.36964708125 0.3371683390625 0.3771673953125 0.335215603125 0.381475759375 0.33217743125 0.389073815625 0.32948502031250004 0.40490299375000005 0.3244149703125 0.413989634375 0.323374709375 0.416499996875 0.32164325312500003 0.42525703750000005 0.320569921875 0.44815665468750004 0.3209814625 0.4683309609375 0.31886145 0.48326020625000005 0.319184690625 0.48974199374999994 0.31762084218750003 0.4920745734375 0.3159963890625 0.48015039843749996 0.3076354203125 0.477454728125 0.303237365625 0.47108815625 0.298951525 0.4282049109375 0.2956917734375 0.40034399374999996 0.28553166874999997 0.398453621875 0.282963753125 0.39837430625 0.2742263484375 0.388627225 0.265720278125
0 0.3770368703125 0.364380478125 0.3765638359375 0.37329078125000004 0.38049479218750004 0.378761334375 0.38266397812499997 0.380858940625 0.390501946875 0.38256570624999997 0.395183103125 0.38015116875 0.3943063765625 0.3781187046875 0.3995895015625 0.3764194453125 0.40082947031250005 0.3708702203125 0.39998754375 0.36650360625 0.38811365468750003 0.3637929109375 0.3900070375 0.3600091578125 0.381969115625 0.3604589296875 0.3770368703125 0.364380478125
0 0.3974643953125 0.418014234375 0.39350894375 0.42631971249999995 0.4002511390625 0.43571656562500005 0.40615880468750004 0.44097539374999994 0.40958914531249996 0.4417020046875 0.41939582968750005 0.43135948749999997 0.4208839984375 0.42413641249999995 0.4130752421875 0.417323478125 0.4055687484375 0.41093823125 0.3974643953125 0.418014234375
0 0.9356013421875 0.71498859375 0.9348066765624999 0.71939529375 0.9305486953125 0.7219391500000001 0.9293285499999999 0.72405601875 0.9303374375000001 0.7255336328124999 0.9343481499999999 0.7233094328125 0.93838475 0.7218703625 0.9428124609375 0.7205368171875 0.94965339375 0.718635221875 0.967323078125 0.7147091375 0.9733821015625 0.7145965484375 0.9770088984375 0.7117349765625 0.9806303062499999 0.71049421875 0.980941278125 0.7075355171875 0.9818487156250001 0.6989018234375 0.980667434375 0.6959103953125 0.9766465171875 0.6946142453124999 0.9666029281249999 0.6936827390625 0.9499257374999999 0.69417500625 0.931747234375 0.697874790625 0.928693896875 0.7047872468749999 0.9351772546875001 0.7127004796875 0.9356013421875 0.71498859375
0 0.945281946875 0.6382504250000001 0.9446962875 0.6429556078124999 0.9489146249999999 0.6441970953125 0.9580784390625 0.64191434375 0.9596928671875 0.6439536453125 0.95687675625 0.647024540625 0.9458691234375 0.646849534375 0.9411807328125 0.652666328125 0.9377968453125 0.6561017484375 0.949202528125 0.659933709375 0.9576410921875 0.6650594828124999 0.9636133796875 0.6651891546875001 0.9732870984374999 0.6617172515624999 0.9848321625 0.6594396875 0.9865150953124999 0.654504190625 0.9884594874999999 0.6360045296875 0.9887446546875 0.6332913484375 0.973625403125 0.6276456546875 0.968137346875 0.6268850171875 0.96188511875 0.6278492625000001 0.9510064296875 0.6269556734374999 0.9463741921875 0.6247641546875 0.9365709046875 0.6291399656250001 0.9520582 0.6379806968749999 0.945281946875 0.6382504250000001
0 0.9233928718750001 0.648807728125 0.9203046531249999 0.6512985671875 0.921032603125 0.6527435109375 0.923878596875 0.652990790625 0.9256969875 0.653926615625 0.929064065625 0.651263984375 0.9304235937499999 0.6492858828125 0.9270961359375001 0.6480139140625 0.9233928718750001 0.648807728125
0 0.9152958203124999 0.7075346296875 0.9054762828125 0.7058316921875 0.9019400484375 0.7078166796875001 0.903206190625 0.7105986421875 0.9069177015625 0.7118041421875 0.9152958203124999 0.7075346296875
0 0.9148787484375 0.7191861125 0.9116993875 0.7188519484375 0.9075945015625001 0.7187582953125 0.9000942249999999 0.71862199375 0.9081473015625001 0.7224975 0.9124128875 0.723065234375 0.9155339093749999 0.7232220171875 0.9162239624999999 0.72031886875 0.9148787484375 0.7191861125
0 0.670466371875 0.6641474921875 0.6570973359375001 0.6669324921875 0.655849934375 0.669428275 0.6522994609375 0.6734322078125 0.6584132968749999 0.673949109375 0.66699568125 0.6736256921875 0.66785175 0.670667721875 0.667189046875 0.6691102296875 0.670466371875 0.6641474921875
0 0.64934333125 0.682215071875 0.6523406578125 0.6862991890625 0.655959584375 0.6869654953125 0.657670584375 0.6862922171875 0.6554754984375 0.6827967453125 0.6489913140625 0.6810798703125001 0.64934333125 0.682215071875
0 0.6396054859375 0.6736659828125 0.6407600718750001 0.6733238578125 0.6399031515625 0.6693091671875 0.6377830484375 0.6672827046875 0.6343479953125 0.662071659375 0.643443859375 0.6588359609375 0.6378740296875 0.654503459375 0.6282198171875 0.65303628125 0.621981453125 0.6553185734375 0.6133277859375 0.6579345984375 0.6101896765625 0.6598985859375001 0.6116943421875 0.6629224312499999 0.6160676359374999 0.6645132796875 0.6181361421875 0.6671203421875 0.6224170390625 0.6683197 0.625582971875 0.6690656546875 0.6268535140625 0.67331549375 0.6307886765624999 0.6758909390625 0.6385253078125 0.6811927421874999 0.6457176921875 0.68463214375 0.647871821875 0.684600890625 0.6456631390625 0.681488909375 0.6374255671875 0.677171384375 0.6318198234375 0.6727769765625 0.6396054859375 0.6736659828125
0 0.58095011875 0.5332405625 0.5823056234374999 0.54157006875 0.5816374640624999 0.55993049375 0.577389684375 0.5795077890625 0.5742975515625 0.588314065625 0.5242811984375 0.59659693125 0.523454634375 0.5978690640625001 0.5246246484375 0.6030604281249999 0.5281213578124999 0.60717660625 0.5349510078125 0.609971434375 0.539892740625 0.6122976046875 0.5448270671875 0.6148586625 0.5499396625 0.6157086671875 0.5619262953125 0.614536440625 0.5700196562500001 0.6150540125 0.5729806625 0.6081679875 0.5784011671875 0.6047879421875 0.5825737390625 0.598960925 0.5848735984375 0.5920871078125 0.5884047328124999 0.5868022609375 0.5918935000000001 0.5840880046875 0.6008664671874999 0.581020065625 0.6139240296875 0.5800923703125 0.61316198125 0.5771182968749999 0.6034511109375 0.5679687375 0.6056206000000001 0.5641888671874999 0.6165656109375 0.5567232859375 0.62318829375 0.5560760609375001 0.624035315625 0.5533088140625 0.6177522921875 0.5487960890625 0.6156020484375 0.543379153125 0.5968695937499999 0.5235295265625 0.6073244109375 0.5183062390625001 0.621402703125 0.510940596875 0.611366371875 0.51091166875 0.6091598390625 0.5131605296874999 0.6026250453124999 0.5193394312499999 0.594823575 0.5203796546875 0.589182603125 0.5197584843749999 0.5783425859375 0.5198273343750001 0.572363696875 0.5156796484374999 0.5736692875 0.5061577078124999 0.5829637421875 0.4973104640625 0.593048428125 0.49278355156250003 0.605901471875 0.4904533578125 0.6241921421875001 0.48855642499999996 0.6273257437499999 0.47717317968749995 0.6155366984375 0.466868815625 0.60544694375 0.46411939999999996 0.5934583625000001 0.46330711406249997 0.571194675 0.47049272656249996 0.5652511203125 0.4720927203125 0.5568063015625 0.475038634375 0.5528485 0.47568314999999994 0.5517315765624999 0.465367703125 0.5445626578125 0.4598066328125 0.544550825 0.45580849375000004 0.5514660234375001 0.4570569171875 0.56359695625 0.45972864375 0.5642817859375 0.4532428234375 0.5644687296875001 0.44689006249999996 0.566073346875 0.4359431359375 0.533870959375 0.4325742390625 0.5308823890625 0.4732660125 0.5473304296875 0.48532793906249994 0.5596030562500001 0.49971616093750004 0.5626585328125 0.5173430453125001 0.5640431203125 0.52597883125 0.566287721875 0.529705746875 0.56926285 0.5346139328125 0.58095011875 0.5332405625
0 0.5633285703124999 0.624872453125 0.5638050421874999 0.62534673125 0.5705162109375 0.6241416375 0.5751395593749999 0.622860075 0.576193759375 0.6207226234375 0.5762097265625 0.6187619890625 0.5731917531249999 0.615472253125 0.5683863171875 0.6170661796875 0.5647326546875 0.61915194375 0.5633285703124999 0.624872453125
0 0.58185725625 0.6054339921875 0.58563889375 0.6094701406249999 0.5915869734375 0.6122068765625001 0.5982187578125 0.6143131875 0.600225575 0.6126042203125001 0.598260490625 0.6087291484375 0.58680345 0.6059538578125 0.58185725625 0.6054339921875
0 0.6334962921875 0.5866601453125 0.63568339375 0.5893048109375 0.638186465625 0.5906173921875 0.6430853765625 0.59055569375 0.644707315625 0.5893844406250001 0.646126340625 0.585569684375 0.642444796875 0.583017753125 0.634789784375 0.584458290625 0.6334962921875 0.5866601453125
0 0.7213529609375 0.5494806203125 0.715447103125 0.55051269375 0.7092590453125001 0.554409084375 0.69919268125 0.5615569578125 0.6886463484374999 0.56575255 0.6745188609375 0.5697147171875 0.673956565625 0.5732110328125 0.67647975 0.57343538125 0.68401143125 0.5725254843750001 0.6965765671875 0.5705578078125 0.703769209375 0.5678212140625 0.70911800625 0.566110003125 0.7194774875000001 0.561046375 0.7231998984375 0.5561539843750001 0.7213529609375 0.5494806203125
0 0.7159867984375 0.585872184375 0.72018338125 0.5881577421874999 0.7234610390625 0.5884236828125 0.7275755 0.5844051859375 0.7317760390625 0.5837531890625 0.72231136875 0.5763420125 0.71592185625 0.5717960984375 0.7065609328125 0.5703786 0.7044970359375 0.5726455968749999 0.70935205625 0.58056521875 0.7159867984375 0.585872184375
0 0.6360889249999999 0.496953790625 0.6214377421874999 0.5044037625 0.63585500625 0.5109136265625 0.6434180406250001 0.5081059859375 0.6628385156250001 0.510034040625 0.6677687234375 0.5071932 0.665866359375 0.5017049078125 0.65996330625 0.498734096875 0.644517265625 0.4989629875 0.6360889249999999 0.496953790625
0 0.7769905546875 0.45270682031250004 0.7289694 0.44936110156250003 0.6688134203125 0.4440832390625 0.654992721875 0.4434523140625 0.632678090625 0.44133162031250006 0.5908380671875 0.43789243125 0.5996651203125001 0.4436120671875 0.624574753125 0.44654439687499997 0.633479028125 0.4539359515625 0.648561778125 0.4588975203125 0.6616699500000001 0.45266009062499996 0.68030468125 0.4574749515625 0.6907477484375 0.4638734765625 0.6863813359375001 0.45975072812500006 0.697271003125 0.45763994375 0.7033465953125 0.4557553171875 0.7102272593750001 0.4547911359375 0.722989753125 0.45444358906250004 0.73156096875 0.4574701671875 0.7431965671875 0.4603852 0.7472550515624999 0.4623703015625 0.7587693375 0.46772508124999995 0.756387196875 0.45998524218750003 0.76056096875 0.46023067656250005 0.768724290625 0.4573321609375 0.7769905546875 0.45270682031250004
0 0.6591745515625 0.49184358906250003 0.6676081875000001 0.4978832296875 0.6703767515625 0.4946219453125 0.6698573031249999 0.4855727640625 0.6569357703125001 0.48404026250000004 0.6591745515625 0.49184358906250003
0 0.692534540625 0.5104026390625 0.6898450171875 0.5024482453125 0.68481099375 0.5035263890625 0.6834938046875 0.5058640109375 0.6842973859375 0.50978825625 0.688290484375 0.5136062515625001 0.692450890625 0.513635040625 0.692534540625 0.5104026390625
0 0.675977746875 0.502110934375 0.672586728125 0.5038802312499999 0.6735436078125 0.506450584375 0.6757079312500001 0.50831044375 0.6779971 0.508877834375 0.6789846984375 0.504997309375 0.675977746875 0.502110934375
0 0.7355338546875 0.5038881671875 0.74147086875 0.509585275 0.7496087703125001 0.51510521875 0.75412128125 0.5188992515625 0.75675641875 0.5149043765625 0.75401496875 0.5075038390625 0.7500881859375 0.5036079734375 0.7457276015625001 0.5001472734375 0.735916190625 0.4939423984375 0.732702946875 0.4955449890625 0.7319956015625 0.49771575468749996 0.7355338546875 0.5038881671875
0 0.739525425 0.5547025156250001 0.745512571875 0.5567536421875 0.7495715984375 0.55543005 0.7475391 0.549326346875 0.7456451890625 0.5455813 0.7364064015625 0.5386369171875 0.726133071875 0.53193886875 0.718684940625 0.5289894828125 0.7144660875 0.5317589765624999 0.721889003125 0.540778040625 0.7251744609374999 0.544362978125 0.7377174359375 0.5486601156249999 0.736723678125 0.5513286703125 0.739525425 0.5547025156250001
0 0.7854485999999999 0.522462115625 0.8035002562500001 0.520851140625 0.7885703671875001 0.5174846 0.783411153125 0.5202620921875 0.773120490625 0.5229668671875001 0.7508063546875 0.5328447671875 0.750757415625 0.5362850609375001 0.7623915953125 0.532247796875 0.7699911421875 0.5307071640625 0.7779242703125 0.5274875140625 0.7812098515625 0.5230142578125 0.7854485999999999 0.522462115625
0 0.7776030125 0.5831164875 0.7795629953125001 0.5868009203125 0.7897967046875001 0.5958640328125 0.7917767765625 0.5988341515625 0.7957782515625 0.5971462984375 0.7973795 0.5912988296874999 0.787042571875 0.580631765625 0.7799456859375 0.5770311515625 0.7776030125 0.5831164875
0 0.8204606312499999 0.5731966734375 0.797277421875 0.5818661734374999 0.80342528125 0.587066978125 0.8114984421875 0.584996384375 0.8199882484375 0.5805312265625 0.8293099749999999 0.5781660921875 0.841468496875 0.5752837140625 0.8441592765625 0.574062978125 0.8441677875 0.5678532875 0.856416278125 0.5650117875 0.8603195640625 0.5614628500000001 0.860133303125 0.5643561046875 0.8628209640625 0.5713864921875 0.877918028125 0.5748067406249999 0.8801566578125 0.5733138125 0.8824485890625 0.5685632984375 0.8796226375 0.5615780765625 0.8786075203125 0.55844071875 0.8749492140624999 0.552827571875 0.8676975468749999 0.54634970625 0.86705550625 0.54304103125 0.860875240625 0.5418855625 0.8503276484375 0.5406669890625 0.8429849062500001 0.5401230453125 0.8459624296875001 0.5456960609375 0.85348009375 0.55550278125 0.84261539375 0.5541173328125 0.8405742281249999 0.556347440625 0.8321393374999999 0.5626220015625 0.8233692890625001 0.5621150046875 0.8179384046875 0.557207940625 0.8179107968749999 0.552238771875 0.8197793140625 0.551038446875 0.8258902453125 0.5481598812499999 0.8329201562499999 0.5455664375 0.8399732 0.5418410859375 0.8447148328124999 0.5375805687499999 0.850779834375 0.5328369859375 0.8574115093750001 0.5274852421875 0.868081859375 0.5240081125 0.8881859390625 0.5267417234375 0.8923505640625 0.526027821875 0.8925991078125 0.5234239125 0.8830843515625 0.5189108765625 0.8803214562499999 0.5207729015625 0.8818462046875 0.512125534375 0.8751604671875001 0.5054950500000001 0.8631428765625 0.50744015 0.8556699125 0.5124850859375 0.8555087140625 0.5182042546875001 0.8482466609375001 0.524217165625 0.8363964390625 0.5258703484375 0.8334281640625001 0.523976265625 0.8280203734375 0.5140660828125 0.8192062734375 0.5127076296874999 0.8061546875 0.5131599078125 0.8173601203124999 0.526625271875 0.82435419375 0.5291263015625 0.83336280625 0.5301438453125 0.8132286640625 0.537517146875 0.8067939984375 0.5428031859375 0.8007401296875001 0.54137191875 0.7906931421875 0.543268046875 0.7875296046875 0.5489120359374999 0.7924173609375 0.5569686421875 0.802187503125 0.5649413890625 0.8137889093749999 0.5693626609375 0.8204606312499999 0.5731966734375
0 0.8359461734375 0.578167584375 0.8342924625 0.5816890156250001 0.8392635671875001 0.5856490812499999 0.841714896875 0.5860936875 0.8458093984374999 0.581009453125 0.8359461734375 0.578167584375
0 0.874573703125 0.5827836734375 0.865086134375 0.5847386 0.8628177015625 0.5880995828125 0.8670824015624999 0.5897968515625001 0.8696364953125 0.5889498109375 0.8782519953125 0.5854562375000001 0.8819903015625 0.5833573750000001 0.874573703125 0.5827836734375
0 0.8890314953124999 0.5781303703125 0.9059600453125001 0.5716141890624999 0.9004009875 0.5697353171875 0.88879855625 0.5759519 0.8890314953124999 0.5781303703125
0 0.8382522781249999 0.4773155359375 0.8431070765625 0.4770606671875 0.8494369015625001 0.47754056718750004 0.8563283671875 0.479209125 0.8633548171875001 0.47748570937499996 0.89187439375 0.4754447 0.8974729124999999 0.47342037656249997 0.9014141515625 0.46574341874999997 0.89422866875 0.46355377343750004 0.8855769468749999 0.46553841875 0.8842471406250001 0.462525096875 0.864342165625 0.460572828125 0.8519667625 0.460406459375 0.84699154375 0.458892175 0.8262455515625 0.4567949515625 0.8100466515625 0.45527776875 0.81666755625 0.464647734375 0.821951603125 0.47141526562499997 0.8294732578125 0.47747688750000006 0.8382522781249999 0.4773155359375
0 0.850845528125 0.4840641703125 0.8441887109374999 0.49076128125 0.8248072015625001 0.50208018125 0.8329398781249999 0.5034942734375 0.8397402890624999 0.50290500625 0.8443256890624999 0.4990098484375 0.8457284875 0.494467534375 0.8816442671875 0.4798007859375 0.8666909828125 0.47795732968750004 0.8552241781250001 0.4791464875 0.850845528125 0.4840641703125
0 0.79288129375 0.5036893296875 0.796890584375 0.5069795640625 0.8048801390625 0.5078868578125 0.8052507328124999 0.5075298890625 0.8044841953124999 0.5056598328125 0.7951584984375 0.4983763828125 0.79288129375 0.5036893296875
0 0.7805912890625 0.4843691484375 0.7767399687500001 0.4849871484375 0.7733192578125 0.4867250453125 0.77294985 0.48838615625 0.7729543140625 0.49181163906250003 0.782014825 0.4894803234375 0.7872435859375 0.4879246046875 0.78555345 0.4839747375 0.7805912890625 0.4843691484375
0 0.9513825609375001 0.5234341375 0.9539852203124999 0.529255265625 0.9547645812500001 0.5315414421875 0.9583419375 0.5346511640625 0.9623282890624999 0.5345721046875 0.9662040734374999 0.529326625 0.9669058453125 0.5270892859375 0.9617975609375 0.5245240843750001 0.9513825609375001 0.5234341375
0 1 0.47084854218750005 0.96403956875 0.4690812796875 0.9691814046875 0.4759312734375 0.9793224640625 0.48508362656250004 0.9858283531250001 0.493245890625 0.9884301843750001 0.49796872968750006 0.9805951609375001 0.5025121359375 0.971748840625 0.5037771859375 0.9682923999999999 0.5076637421875 0.9622573734375001 0.515276175 0.9665933078125001 0.5169683609375 0.977910009375 0.5156078875000001 0.979469390625 0.51500194375 0.98001205 0.5187479374999999 0.9860079484375 0.5213137359375 0.9850421078125 0.5231336843750001 0.9798467125 0.5251940921875 0.9759229796875 0.5282051328125 0.9802859375 0.530641721875 0.9842822640625 0.5347130046874999 0.9904640625000001 0.5341796953125 0.9948668359375 0.5328890890625 0.9997240187499999 0.526467878125 1 0.5245966125 1 0.47084854218750005
0 0.9546757546875 0.47112933906250004 0.9604004671874999 0.4774262921875 0.9653131437500001 0.48273451093749997 0.9688780046875 0.483362140625 0.9735911578125 0.4836626953125 0.9586914078125 0.46703446875 0.9546757546875 0.47112933906250004
0 0.7686454328125001 0.5664859359375 0.764484078125 0.56667543125 0.7600943390625 0.569202296875 0.758976259375 0.5697352203125 0.756674609375 0.5719772265625 0.7620165421875 0.57239414375 0.7692627187500001 0.5704785828125 0.7706017328125 0.5685910203125 0.7686454328125001 0.5664859359375
0 0.6632930531250001 0.1664776390625 0.6579811421875 0.16975126406250002 0.6518058453125 0.170536634375 0.6480338390625 0.17001135 0.6419745265625 0.1708890375 0.6306344140625 0.184086909375 0.64321859375 0.182042678125 0.6524052359375 0.1808731 0.6638679015625 0.1793645734375 0.6672933296875 0.17641584999999999 0.67125091875 0.168702903125 0.6782205125 0.1606293828125 0.6785002796875 0.153229025 0.6747969109375 0.150227034375 0.670699803125 0.15850505625 0.6632930531250001 0.1664776390625
0 0.6044542703125 0.1557827859375 0.609729665625 0.16213935 0.6145104609375001 0.165084903125 0.6186037062499999 0.1639738640625 0.622800953125 0.160587796875 0.621850175 0.1510533703125 0.6114376234375001 0.1415991078125 0.601340903125 0.1418906234375 0.595572884375 0.14884611718750002 0.6044542703125 0.1557827859375
0 0.56072518125 0.37818488125 0.559922565625 0.38041005 0.5623933203125 0.3842424328125 0.5697263312499999 0.388959784375 0.5750695125 0.391068915625 0.5691282171875 0.3825873546875 0.56072518125 0.37818488125
0 0.5925558796875 0.64862484375 0.59716256875 0.6516573609375 0.6031048109375 0.6541955234375 0.6046881671875 0.65367536875 0.6049489859375 0.6516273484374999 0.6023021453124999 0.6467348140625 0.5977929828125 0.64550989375 0.593819525 0.645929665625 0.5925558796875 0.64862484375
0 0.625143703125 0.7642788265625 0.6312560625 0.762687146875 0.618801253125 0.7547558796875 0.61545019375 0.7568326 0.625143703125 0.7642788265625
0 0.7833799421875 0.8607474828124999 0.7961408703124999 0.8629261093749999 0.8011945375 0.8645460484375 0.810600425 0.86429504375 0.8130168796874999 0.8619174203125001 0.814521303125 0.8561241890625 0.8086380734375 0.8523070640625001 0.794367715625 0.8516493015625001 0.7891604437499999 0.8525521265625 0.7788077625 0.8582087765624999 0.7833799421875 0.8607474828124999
0 0.7924637625 0.8308394109374999 0.7883130359375 0.8336034953125001 0.7913033875 0.8359900843749999 0.7952694640625 0.835431278125 0.7954676265625 0.830212465625 0.7924637625 0.8308394109374999
0 0.7852133515624999 0.8250671031250001 0.7878220578125 0.8256586515625 0.792950528125 0.82499735 0.7977510265625 0.8237344078125 0.7971096484375 0.821525578125 0.788542559375 0.8208215296875 0.7845089890625 0.8217534484375 0.7852133515624999 0.8250671031250001
0 0.81801279375 0.9160015390625 0.8132865468749999 0.91616936875 0.8078656265624999 0.9184621625 0.8047722265624999 0.91973170625 0.8084783671875 0.922677428125 0.837019409375 0.9245130218750001 0.84555169375 0.9244121484375001 0.8502845375 0.9235537265625 0.8541084390625 0.9222698375 0.8461438921875001 0.9212441968749999 0.836477496875 0.9218810218750001 0.8344230890625 0.9215614015625 0.8306682249999999 0.9182272093750001 0.8256879749999999 0.9154005203125 0.81801279375 0.9160015390625
0 0.792441615625 0.9672719875 0.78805964375 0.9671837765625 0.78383464375 0.9683076749999999 0.7832785828125 0.9708776921875 0.784210934375 0.971932490625 0.7889556296875 0.9751916125 0.7967810953125001 0.9748797625 0.80194301875 0.9737207937499999 0.8058971109374999 0.97288735625 0.8057650453124999 0.969883659375 0.800045046875 0.968071140625 0.792441615625 0.9672719875