0 1 0.15550625 0.99669375 0.15625 0.9917328124999999 0.15525781249999998 0.9788359375000001 0.15079375 0.9603171875 0.146578125 0.9232796875 0.1282234375 0.915675 0.12574375 0.9113749999999999 0.122271875 0.8945109375 0.115328125 0.8872359375000001 0.116815625 0.8763234375 0.123015625 0.87169375 0.12177656249999999 0.8687171875 0.1220234375 0.8611109375 0.1267359375 0.8541671875000001 0.13715312500000001 0.8462296874999999 0.1436015625 0.847221875 0.1532734375 0.8511906249999999 0.1587296875 0.8591265625 0.1641859375 0.8561515625 0.1686515625 0.8568125 0.1716265625 0.8409390625000001 0.170634375 0.8313484375 0.1803078125 0.832671875 0.18253906250000002 0.8373015625000001 0.1842765625 0.8369703124999999 0.1889875 0.8462296874999999 0.190228125 0.8568125 0.2021328125 0.8634265624999999 0.20337343749999998 0.8660718749999999 0.201140625 0.8670640625000001 0.20138906250000002 0.8660718749999999 0.20436562500000002 0.862103125 0.2061015625 0.8607796875 0.2080859375 0.861771875 0.212796875 0.8611109375 0.2182546875 0.8647484375 0.22048593749999998 0.8660718749999999 0.2294140625 0.8690468750000001 0.23511875 0.8829359374999999 0.2428078125 0.8961640624999999 0.24082343750000001 0.9084 0.2415671875 0.9193125 0.23710312500000003 0.9355156250000001 0.2338796875 0.9533734375 0.22569374999999997 0.9560187499999999 0.22346249999999998 0.9570109375 0.2217265625 0.9560187499999999 0.2182546875 0.9480812500000001 0.2157734375 0.9388234375 0.20783749999999998 0.9275796875 0.2021328125 0.9279093749999999 0.2006453125 0.93353125 0.20188437499999998 0.957340625 0.2021328125 0.9847890625 0.2068453125 0.9907406249999999 0.206596875 0.9927250000000001 0.2046125 0.9927250000000001 0.20138906250000002 0.987103125 0.1974203125 0.9910718749999999 0.1951890625 0.99669375 0.18526718749999999 0.9970234375 0.177828125 0.9940468750000001 0.1736109375 0.9937171875 0.169146875 0.99669375 0.1639390625 1 0.162203125 1 0.15550625
0 0.757275 0.2016375 0.7585984375 0.19816406250000002 0.75694375 0.19618125 0.7546296875 0.1954359375 0.730159375 0.190228125 0.7162703125000001 0.190228125 0.7070109375 0.1922125 0.6997359375000001 0.1954359375 0.693121875 0.196428125 0.6861765625 0.19915624999999998 0.6739421875 0.205109375 0.6686515625 0.209078125 0.6593921875000001 0.21875 0.65806875 0.2232140625 0.663690625 0.22643906249999998 0.6722890625 0.22569374999999997 0.694775 0.23214218749999999 0.7000656249999999 0.2358625 0.7156078124999999 0.24231093750000002 0.7294968749999999 0.2504953125 0.741071875 0.2547125 0.7542984374999999 0.2624015625 0.75330625 0.2661203125 0.75760625 0.2735609375 0.7658734375 0.2735609375 0.77579375 0.2678578125 0.7764546875 0.26066406249999996 0.7787703125000001 0.2547125 0.7784390625000001 0.25 0.7834 0.24528750000000002 0.785384375 0.2395828125 0.7873671875 0.23759843749999998 0.7870375000000001 0.2328875 0.7804234375 0.2150296875 0.7767859374999999 0.210565625 0.7728171875000001 0.21006874999999997 0.7705031250000001 0.212796875 0.76488125 0.21478125 0.75694375 0.22197343749999998 0.748346875 0.22445468750000003 0.74239375 0.22817500000000002 0.73875625 0.22891875 0.7324734375 0.22817500000000002 0.7318125 0.226190625 0.7364421875 0.21999062500000002 0.7513234375 0.20585312500000003 0.757275 0.2016375
0 0.858465625 0.3234125 0.8300265625 0.3110125 0.817790625 0.3045640625 0.795634375 0.288690625 0.788690625 0.2869546875 0.77215625 0.2924109375 0.7549609375 0.3040671875 0.7357796875 0.3120046875 0.7311515625 0.316715625 0.7318125 0.3201890625 0.74305625 0.32614062499999996 0.7476859375 0.33308593750000004 0.757275 0.340278125 0.758928125 0.344990625 0.7566140625 0.3462296875 0.7490078125 0.34573437500000004 0.7374343750000001 0.3420140625 0.7218921875000001 0.335565625 0.7123015625 0.33010937500000004 0.69808125 0.326884375 0.6752640624999999 0.3100203125 0.6699734375 0.30233125 0.6620375000000001 0.3000984375 0.6541 0.3005953125 0.634590625 0.3147328125 0.6276453125 0.32266875 0.6273140625 0.330853125 0.6316140625 0.34449375 0.63194375 0.3514390625 0.63558125 0.35863125 0.648478125 0.360615625 0.6550921875 0.362846875 0.6666671875 0.359375 0.670965625 0.3591265625 0.6739421875 0.3576390625 0.6722890625 0.3638390625 0.641534375 0.3854171875 0.630621875 0.38864062499999996 0.6263234375 0.38864062499999996 0.6236765625 0.3874015625 0.62169375 0.3767359375 0.6263234375 0.371528125 0.6243390625 0.362846875 0.619709375 0.36011875 0.601521875 0.35391875 0.5968921875000001 0.3509421875 0.589946875 0.3501984375 0.5644843749999999 0.3697921875 0.556546875 0.377728125 0.5486109375 0.390625 0.5499343750000001 0.3938484375 0.5582015625000001 0.396578125 0.5707671875 0.40352187500000003 0.5839953125 0.408234375 0.6018515625 0.4171625 0.6038359375 0.41914687500000003 0.6091265625 0.42088281250000004 0.62830625 0.43452343750000005 0.6352515624999999 0.4360125 0.6425265625 0.43973281249999996 0.6547625 0.44146875 0.656415625 0.4432046875 0.6537703125000001 0.45585312499999997 0.6550921875 0.4595734375 0.660384375 0.4595734375 0.663359375 0.45858125000000005 0.6789015625 0.44866093749999997 0.69080625 0.44444375 0.700728125 0.4379953125 0.7063484375 0.4322921875 0.709325 0.4236109375 0.703703125 0.42113125 0.7017203125 0.41914687500000003 0.7030421875 0.40625 0.7050265625 0.40228125 0.707340625 0.40252968750000007 0.7129624999999999 0.40699375 0.7179234375 0.40922656249999995 0.72056875 0.40897812499999997 0.722221875 0.4064984375 0.726521875 0.4045140625 0.7311515625 0.4045140625 0.7390875 0.407490625 0.7529765625 0.41641874999999995 0.76124375 0.4233625 0.7681875 0.431546875 0.7695109375 0.4379953125 0.77215625 0.44146875 0.7817453125 0.443453125 0.7939812500000001 0.44146875 0.81646875 0.42584375 0.8432546875 0.41245000000000004 0.8465609374999999 0.40997031249999993 0.8505296875000001 0.40401718750000004 0.850859375 0.4010421875 0.8485453125 0.3990578125 0.8181218749999999 0.3812 0.8148140625 0.376240625 0.81580625 0.3747515625 0.8197749999999999 0.37425625 0.8296953125 0.3794640625 0.8382937500000001 0.381696875 0.8541671875000001 0.38864062499999996 0.862434375 0.3908734375 0.8693781250000001 0.39161718749999996 0.875 0.3908734375 0.880290625 0.3874015625 0.8819437499999999 0.383928125 0.8812828125 0.36954375 0.8756609375 0.3578875 0.873346875 0.347221875 0.8809531249999999 0.341021875 0.88260625 0.337796875 0.880290625 0.334821875 0.8687171875 0.3303578125 0.858465625 0.3234125
0 0.34788437499999997 0.52430625 0.3452375 0.5193453124999999 0.3313484375 0.5079359375 0.325065625 0.49925625 0.31679843750000003 0.49702343750000005 0.3095234375 0.49702343750000005 0.3042328125 0.49925625 0.2933203125 0.507440625 0.2820765625 0.5178578125 0.277446875 0.5267859374999999 0.2728171875 0.53199375 0.2748015625 0.537946875 0.2807546875 0.5424109374999999 0.2824078125 0.5451390625 0.281415625 0.5488593749999999 0.2784390625 0.5525796875 0.2728171875 0.55233125 0.24338593749999998 0.5314984375 0.223875 0.514384375 0.2156078125 0.5037203124999999 0.2103171875 0.5024796874999999 0.200065625 0.505953125 0.1901453125 0.5116562499999999 0.180225 0.519096875 0.1716265625 0.5307546875 0.1716265625 0.53819375 0.1765875 0.5567953125 0.174934375 0.5615078125 0.1620375 0.5607640625 0.13988125 0.565228125 0.13161406250000002 0.5689484375 0.12268593750000001 0.5763890625 0.116071875 0.5803578125 0.1111109375 0.5825890625000001 0.10317499999999999 0.584325 0.0949078125 0.5920140625 0.09622968750000001 0.5982140625000001 0.1018515625 0.597965625 0.10482812500000001 0.5952375 0.1071421875 0.5947421875 0.1127640625 0.601190625 0.11706406250000001 0.603421875 0.12830625 0.612846875 0.13624375 0.6165671875000001 0.1464953125 0.6240078125 0.161375 0.6369046875000001 0.165675 0.6428578125 0.164021875 0.6458328125 0.1584 0.6463296875 0.145171875 0.63516875 0.1349203125 0.628471875 0.1279765625 0.626240625 0.1220234375 0.6272328125 0.0995375 0.6619546875 0.0995375 0.669146875 0.10152187500000001 0.674603125 0.10648125 0.6790671875000001 0.112434375 0.678571875 0.11739375 0.6765875 0.12103124999999999 0.68824375 0.1273140625 0.6937 0.1630296875 0.7046125 0.181878125 0.7137890625 0.204034375 0.728421875 0.22056874999999998 0.74131875 0.2291671875 0.7497515625 0.24007968750000003 0.76636875 0.24933906249999999 0.78745 0.2526453125 0.8018359374999999 0.25396874999999997 0.821925 0.2579359375 0.831596875 0.2609125 0.8544140625000001 0.262565625 0.8591265625 0.2671953125 0.8618546874999999 0.270503125 0.8608625 0.2824078125 0.853175 0.292328125 0.8447421875 0.2946421875 0.8412703125000001 0.295965625 0.8350687499999999 0.295965625 0.8053078125 0.2972890625 0.7998515625 0.3009265625 0.7931546875000001 0.3025796875 0.7817453125 0.3045640625 0.777034375 0.3101859375 0.774553125 0.31977500000000003 0.777778125 0.325396875 0.778521875 0.33366406249999997 0.771578125 0.340278125 0.7681046874999999 0.3518515625 0.766865625 0.36045 0.7641375 0.362434375 0.761409375 0.36177187499999997 0.7552078125 0.36375625 0.7502484375 0.3667328125 0.747271875 0.3703703125 0.7462796875000001 0.373346875 0.7438 0.375 0.737103125 0.37400781250000004 0.7348703125 0.362434375 0.7232140625000001 0.338625 0.703125 0.314153125 0.68675625 0.31216875 0.6835312499999999 0.314153125 0.6763390625000001 0.3101859375 0.6713796875 0.3042328125 0.671875 0.2986109375 0.6738593749999999 0.2900125 0.6795640625 0.270171875 0.6875 0.26488125 0.6907234375 0.26223593749999996 0.6912203124999999 0.2609125 0.6899796874999999 0.26322812500000003 0.6830359374999999 0.2708328125 0.674603125 0.295965625 0.653521875 0.310846875 0.6445937500000001 0.328703125 0.63194375 0.3356484375 0.6235125 0.3376328125 0.618303125 0.338625 0.6088796875 0.3373015625 0.60391875 0.33101875000000003 0.5969734375 0.32572812500000003 0.59375 0.3234125 0.5900296875000001 0.32275156250000003 0.5838296875 0.325396875 0.57886875 0.3263890625 0.5734125 0.3260578125 0.5709328124999999 0.32374375 0.569196875 0.31944374999999997 0.5687 0.3148140625 0.5704359375 0.3039015625 0.579365625 0.2824078125 0.5885421875 0.27943125 0.5917656250000001 0.273478125 0.5952375 0.270503125 0.594990625 0.2691796875 0.5927578125 0.2695109375 0.5907734375 0.2807546875 0.5818453124999999 0.2840609375 0.5778765625 0.322090625 0.5498515625 0.33961562500000003 0.5391859375 0.347553125 0.5267859374999999 0.34788437499999997 0.52430625
0 0.055556249999999995 0.9290671875 0.054564062499999996 0.92584375 0.0443125 0.9188984375 0.041335937499999996 0.9151781250000001 0.0410046875 0.9129468749999999 0.038359375 0.9136906249999999 0.035053125000000004 0.9166671875000001 0.025793749999999997 0.9161703125 0.0109125 0.9201390625 0.00396875 0.9273312499999999 0.0036374999999999997 0.9315468750000001 0.0079359375 0.9439484374999999 0.0079359375 0.9471718750000001 0.0102515625 0.94915625 0.0109125 0.951884375 0.015542187499999999 0.9551093749999999 0.016203125 0.9575890625 0.0214953125 0.9608140625000001 0.02215625 0.9640375000000001 0.0231484375 0.9623015625000001 0.0300921875 0.96255 0.0410046875 0.959325 0.0472890625 0.9474203125 0.04761875 0.934028125 0.051587499999999994 0.9355156250000001 0.054564062499999996 0.9327875000000001 0.055556249999999995 0.9290671875
0 0.18144218750000002 0.7478390625 0.17135 0.7436578125 0.1630203125 0.7435703124999999 0.1681421875 0.7481734375 0.17052499999999998 0.7502484375 0.16396875 0.75310625 0.1610265625 0.754659375 0.1584109375 0.7580843749999999 0.155340625 0.761203125 0.153475 0.7636375 0.1555625 0.7670625 0.159096875 0.7690015625 0.16595625 0.769903125 0.1678875 0.774034375 0.17422500000000002 0.7753921874999999 0.184153125 0.7747531249999999 0.1889921875 0.7730140624999999 0.189921875 0.7664984375 0.1930125 0.76858125 0.188928125 0.75178125 0.18564843749999999 0.748334375 0.18144218750000002 0.7478390625
0 0.0389578125 0.7697140625000001 0.0308953125 0.77581875 0.025709375 0.7818328125 0.021692187499999998 0.7844703125 0.039281250000000004 0.7851765625 0.058459375 0.7906921875 0.075403125 0.7938546875 0.09204375000000001 0.7979234374999999 0.1041609375 0.8003390625 0.11232968750000001 0.78896875 0.12315156249999999 0.7877203125000001 0.10763437499999999 0.7732890625 0.0986234375 0.7648484375 0.08604062500000001 0.761240625 0.06624218750000001 0.7631015624999999 0.046573437499999995 0.766765625 0.0389578125 0.7697140625000001
0 0.534453125 0.9818265625 0.5274281249999999 0.9796859375 0.5216671875000001 0.9694625 0.522321875 0.9633968749999999 0.50900625 0.9585375 0.49952031249999995 0.9493171874999999 0.492284375 0.95740625 0.479528125 0.9448812500000001 0.4713640625 0.9460546875 0.4716765625 0.94855 0.4857609375 0.9627046874999999 0.494403125 0.9592453125 0.4969 0.9666499999999999 0.5042765625000001 0.977096875 0.511428125 0.9915156250000001 0.542165625 0.9985781250000001 0.5566 0.98846875 0.549540625 0.9862265625 0.534453125 0.9818265625
0 0.551540625 0.9203453125 0.526940625 0.936796875 0.5359171875000001 0.9389843750000001 0.5525640625 0.9244828125 0.551540625 0.9203453125
0 0.548059375 0.917659375 0.5435125000000001 0.9141609374999999 0.5270109374999999 0.9266984375 0.52339375 0.9332125 0.5251750000000001 0.9360640625000001 0.548059375 0.917659375
0 0.0943625 1 0.09525937500000001 0.9911468749999999 0.09596249999999999 0.983528125 0.09471874999999999 0.9756562499999999 0.096190625 0.9717453125000001 0.098875 0.9614750000000001 0.0992765625 0.9563593750000001 0.0951078125 0.9548921874999999 0.09389375 0.9590515625 0.09228125000000001 0.9648734375 0.0861296875 0.9650359375 0.083621875 0.9679671875 0.0768625 0.9728203125 0.074959375 0.977771875 0.07437812499999999 0.9822484375 0.07495468749999999 0.9850609374999999 0.07922812500000001 0.9900328125 0.0781453125 0.9940312499999999 0.078509375 0.9997718750000001 0.0943625 1
0 0.42395468750000004 0.1435828125 0.42826250000000005 0.13876875 0.42924843749999997 0.1283109375 0.4243640625 0.12644375000000002 0.4211203125 0.127084375 0.4101125 0.1259109375 0.4073296875 0.1247828125 0.3985078125 0.1269859375 0.3885265625 0.1326359375 0.3902234375 0.1349359375 0.39558593750000004 0.14095156250000002 0.39944375 0.14560625 0.4084515625 0.1481671875 0.41647968750000003 0.147665625 0.42395468750000004 0.1435828125
0 0.8740796874999999 0.8649765625000001 0.8822390625000001 0.86666875 0.8868890625000001 0.8608593750000001 0.8848140624999999 0.8505703125 0.8772859375 0.847415625 0.86900625 0.8589359375000001 0.8740796874999999 0.8649765625000001
0 0.7373984375 0.908128125 0.7440609375 0.91234375 0.7457374999999999 0.90870625 0.7472218749999999 0.90401875 0.74425 0.8979453124999999 0.739540625 0.8965921874999999 0.7414031249999999 0.8947156250000001 0.7359921875000001 0.895940625 0.733796875 0.900659375 0.7373984375 0.908128125
0 0.4818203125 0.7030953125 0.481471875 0.698746875 0.475340625 0.6951125 0.4712890625 0.6935 0.47047812499999997 0.6962328125 0.47047812499999997 0.7005609374999999 0.4727203125 0.705021875 0.478425 0.70579375 0.4818203125 0.7030953125
0 0.5294125000000001 0.667721875 0.5347546875 0.6683046874999999 0.5378125 0.6641640625 0.5381296875 0.661209375 0.53703125 0.65759375 0.5305328125 0.6601609374999999 0.5263296875 0.6624828125 0.5275109375 0.6666265625000001 0.5294125000000001 0.667721875
0 0 0.7130578125 0.011542187499999999 0.70685 0.0005890625 0.6979609375 0 0.7130578125