0 1 0.15598050937500002 0.9949680781250001 0.15024662187499999 0.9824054921875 0.1436548328125 0.9763599125000001 0.14264075781250002 0.9707026125 0.1436262109375 0.9625492671875 0.140725578125 0.9563141890625 0.139796040625 0.9467443078125 0.1422948296875 0.944884775 0.14593866718749998 0.948347928125 0.1500464265625 0.953613484375 0.16398985 0.9528324828124999 0.1673727421875 0.9511876796875001 0.1678846109375 0.9488555515625 0.1669629359375 0.947015009375 0.161703159375 0.9402870156249999 0.155566790625 0.9356916671875 0.14827107343749998 0.9324823625 0.146001915625 0.921638209375 0.1429900046875 0.91690211875 0.1466047609375 0.9181526765625 0.1514749609375 0.9167273249999999 0.154710696875 0.9113238734375001 0.15753475156250002 0.905306375 0.1630185328125 0.9016928406250001 0.1639658828125 0.9030563421875 0.16835381562500001 0.9016313421875 0.17158802812500001 0.88974555625 0.177498609375 0.8866523921875 0.1806026671875 0.878615540625 0.183073728125 0.8749342656250001 0.1857870375 0.8757096546875 0.1897842234375 0.8805637624999999 0.1915415109375 0.8905341296874999 0.18951683749999998 0.8938115265625 0.1900185125 0.9044324843749999 0.19399718125 0.9106098046875 0.19516995937499998 0.9156667875 0.19531916875 0.9216587015625001 0.19288434062499998 0.9283008562499999 0.19645437500000001 0.9308190921874999 0.2009806109375 0.9341064749999999 0.2036478484375 0.93534010625 0.2041876265625 0.9376641234375 0.20294256875 0.9410529421874999 0.202961625 0.9771647968750001 0.1854631015625 0.9802398640625001 0.1780267484375 0.9816526578125 0.17631794843749998 0.9859645531250001 0.17527685625 0.9871242015625 0.171726409375 1 0.1685032890625 1 0.15598050937500002
0 0.6068642609375 0.8750453671875 0.6083332921875 0.8730929749999999 0.6078803109375001 0.8691718265624999 0.604863896875 0.8631290296874999 0.589213953125 0.8427166406250001 0.584770665625 0.8399092265625001 0.5780252 0.83898854375 0.5753462515625001 0.84104165625 0.5767266796875 0.8497600109375 0.576662765625 0.870617715625 0.57860439375 0.8732308359375001 0.5855137734375 0.8771159328125 0.5919583171875 0.8786037734375001 0.598470603125 0.878325653125 0.6068642609375 0.8750453671875
0 0.53154485 0.9102193171874999 0.5293141578125 0.9066494625000001 0.5147528140625 0.9109240562500001 0.507539121875 0.9112952156249999 0.5083703984375 0.91505033125 0.5121800203125 0.9161848234375001 0.5164934390625 0.9151440828125 0.52884878125 0.9174865921875 0.534995796875 0.9158524890624999 0.53154485 0.9102193171874999
0 0.5632528140625 0.9081217328125 0.5679130531250001 0.904106203125 0.5567661109375 0.9053509015625 0.5473279703125 0.9080083921875 0.5526384484375 0.9099977265625 0.5632528140625 0.9081217328125
0 0.5734547531249999 0.8845131468749999 0.5676542062500001 0.883173984375 0.5646062453125 0.8875617374999999 0.5624361578125 0.889605646875 0.561989771875 0.8915391625 0.5641090421875 0.8955916343749999 0.568396878125 0.8975998453124999 0.5707208953125 0.8963547875 0.5682670078125 0.893751690625 0.57147159375 0.8901650140624999 0.5755299921875 0.887283796875 0.5836895796875 0.8960406171875 0.5896018984375 0.8968956390624999 0.5796576546875001 0.882636971875 0.584168684375 0.8836784249999999 0.5834625578125 0.8779156312499999 0.57599536875 0.8764466671875001 0.5734547531249999 0.8845131468749999
0 0.510083396875 0.876755746875 0.5082931281249999 0.878633975 0.508483603125 0.8880958937500001 0.5082973078124999 0.8977241953125 0.511574353125 0.8982273921875 0.5166990765625 0.8966106421875001 0.5191230109375 0.896405334375 0.5236022140625 0.8946395546874999 0.527352753125 0.890160634375 0.5262002390625 0.88633135625 0.525090234375 0.883783546875 0.5209200625 0.8871489046875001 0.515288346875 0.88508540625 0.5106777515625 0.8830026796875 0.5151706828125 0.8797118390625001 0.510083396875 0.876755746875
0 0.5445493 0.80096961875 0.5602500578125 0.8152856265624999 0.5728457984374999 0.8342295843749999 0.5753181328125 0.841163453125 0.5801831171875 0.8318503937499999 0.5749166703124999 0.8311428796874999 0.581087746875 0.826459471875 0.5705667062499999 0.8235205531249999 0.56054134375 0.8125513859375 0.548260878125 0.801063190625 0.554984503125 0.801342203125 0.5423210218750001 0.78416420625 0.531128878125 0.784125209375 0.516239703125 0.7824709765625 0.5215249515625 0.787507740625 0.5445493 0.80096961875
0 0.3636623859375 0.774481271875 0.3479422875 0.7690704015625001 0.328387334375 0.7655724671875 0.3359332265625 0.776987490625 0.3487474390625 0.78910885625 0.369801728125 0.7934612796875 0.3687627140625 0.7907101671875 0.37094799843750004 0.7914343734375 0.3763395953125 0.7901342078125 0.376097953125 0.78677019375 0.3700439109375 0.7835909078125 0.3636623859375 0.774481271875
0 0.41471529843750005 0.78855770625 0.41402726875000007 0.7871272078125 0.4085935140625 0.78714438125 0.41254638281249995 0.790603490625 0.41471529843750005 0.78855770625
0 0.3753277109375 0.644484528125 0.378747928125 0.644374528125 0.37789112343750003 0.6368402484375 0.3751730765625 0.6287271328124999 0.3755749359375 0.618338778125 0.3681753765625 0.617528471875 0.3632979984375 0.6179002031249999 0.3474240015625 0.620074109375 0.3498624171875 0.624043109375 0.351070465625 0.627631840625 0.34892222031250003 0.630317421875 0.33041050781250003 0.6107565359375 0.33000619375 0.6211138546875 0.3208215484375 0.6256114703125 0.31233358906249997 0.6241602109375 0.3070534125 0.624977759375 0.3017310796875 0.6245123140625 0.29652577812500003 0.6161841765625 0.2874734171875 0.6112943890625 0.26471352812500004 0.6113846546875 0.2552413390625 0.6149258875 0.25199424531250003 0.61723109375 0.250934515625 0.621821290625 0.2529894375 0.6239506218749999 0.2630204109375 0.6275397140625001 0.2787523640625 0.63142669375 0.290005465625 0.63707793125 0.30493235625000004 0.64739710625 0.314435825 0.6562092125000001 0.322284159375 0.6670574296875 0.3289494828125 0.680814071875 0.3299346890625 0.6853680375 0.3284088796875 0.700798409375 0.326524115625 0.7074896765625 0.3208103875 0.7219515875 0.315783709375 0.724609259375 0.31419104999999997 0.72856968125 0.30359478281249996 0.7347779703125 0.2828948859375 0.742851878125 0.26239943593750004 0.7438305515625 0.2523615078125 0.743209721875 0.24465769843750002 0.7422794625 0.24290096249999998 0.7449848718750001 0.24895918749999998 0.7497783453125 0.247974740625 0.7458740125000001 0.263665703125 0.7497787890625001 0.27108525 0.7509817828124999 0.27549518906250003 0.75349605625 0.2776136375 0.753836003125 0.280085015625 0.75350855 0.28820201875 0.7555316421875 0.2934174 0.7562867 0.31346040625 0.7618729453124999 0.33341710468749997 0.7661660078125 0.3478249390625 0.7703149640625 0.3549040390625 0.7727286531249999 0.355094165625 0.7697032562499999 0.36696936406249997 0.76802694375 0.373259409375 0.7623142296875 0.379881221875 0.76052675 0.3782629 0.7571592093749999 0.37545650468749997 0.75201961875 0.36579044843749997 0.7497880328125001 0.3584271203125 0.7522798859375001 0.350838571875 0.74364046875 0.3310527859375 0.7488801781250001 0.32667536875000003 0.74799625625 0.3273568046875 0.74357209375 0.338581271875 0.744853325 0.34795992187499997 0.7396820859375 0.35402198125 0.729851609375 0.3798294515625 0.7244305875 0.378160328125 0.71955355625 0.374974840625 0.71432644375 0.3699240828125 0.7164910625 0.3702369671875 0.7132326203125 0.37293634375 0.7006790374999999 0.3748778875 0.6991805078125 0.37671973125 0.698079103125 0.3811812609375 0.6986889859375001 0.3895145296875 0.693725409375 0.389352825 0.6896678515625 0.3947478203125 0.6883460203125 0.390050828125 0.6784274 0.3876823734375 0.6739886625 0.3729174078125 0.6566542375 0.3719491375 0.6513392640625 0.3669133 0.6442705906249999 0.37350603125 0.642866071875 0.3753277109375 0.644484528125
0 0.3710049234375 0.7738993187500001 0.36948016093749997 0.77444691875 0.366826525 0.773834278125 0.3638595265625 0.7728494203125 0.3622628609375 0.77457670625 0.3666888953125 0.7752986640625 0.3704140765625 0.7764585625 0.37290356875 0.7777821874999999 0.3769159484375 0.778559384375 0.3779616828125 0.7783502 0.3751584765625 0.7766558765625 0.3748927265625 0.7743478796875001 0.37569164375 0.7734851734375 0.3729395921875 0.7732988203125 0.3710049234375 0.7738993187500001
0 0.27480734687499997 0.6727836078125 0.278137340625 0.675648303125 0.287862246875 0.6784932203125 0.29587729375 0.677498853125 0.29984842343749996 0.67482199375 0.2858797609375 0.6732439703125 0.282989728125 0.674523525 0.27480734687499997 0.6727836078125
0 0.2786270515625 0.7124453187500001 0.275051090625 0.7123686250000001 0.27354479375 0.7145657828124999 0.2759358703125 0.7163156953125001 0.278738725 0.7180115390624999 0.28167303593750004 0.7191379859375 0.28310555625 0.7181216859374999 0.2843888578125 0.71602218125 0.2786270515625 0.7124453187500001
0 0.2794863109375 0.604089584375 0.2868333984375 0.611177096875 0.3033987375 0.6250336296875 0.30254380937500003 0.6174981796875 0.2996160234375 0.6154752234374999 0.2834919609375 0.5979777640624999 0.2794863109375 0.604089584375
0 0.20786005312500003 0.6011230249999999 0.20518000937499997 0.599867659375 0.1971312828125 0.6053282953125 0.189323553125 0.6060706515625001 0.1821349796875 0.6133206421875 0.192956609375 0.6142282406249999 0.200724734375 0.6099760812499999 0.2049078546875 0.6083953125 0.20910696562500003 0.60491155625 0.20786005312500003 0.6011230249999999
0 0.219151884375 0.6183660078125001 0.2123517421875 0.6110696156250001 0.208222225 0.6142519265625 0.21094070468749998 0.619015221875 0.20875697031249998 0.6229658687499999 0.2238131015625 0.6238969359375 0.219151884375 0.6183660078125001
0 0.4431328671875 0.6974399265625 0.43296225625 0.699227540625 0.438098390625 0.7045489953125 0.4434037015625 0.7054563093749999 0.4511418390625 0.7050153984375 0.44661863906250004 0.69887970625 0.4431328671875 0.6974399265625
0 0.2177613953125 0.4325485390625 0.21261822343749998 0.4298345171875 0.19666396875 0.413678384375 0.1923695390625 0.4058155109375 0.1867063484375 0.40094325781249995 0.1783635046875 0.3981271625 0.1716739265625 0.3969644078125 0.1564367609375 0.3982830890625 0.15306264687499999 0.406285428125 0.149247759375 0.4088412078125 0.1458152609375 0.4075388078125 0.14337475156249999 0.403412171875 0.138720125 0.400047625 0.1313931421875 0.40459085625 0.1301776078125 0.408383371875 0.12622251874999998 0.4086152390625 0.11711560000000001 0.4135124546875 0.11093079374999999 0.419720925 0.10652744375 0.42188747656250003 0.10173768593750002 0.4220533296875 0.095913078125 0.42376347187499996 0.09033724843749999 0.42145790312500003 0.0855678078125 0.422265075 0.085320553125 0.4262811359375 0.0936340703125 0.4358368078125 0.09333128125 0.440093415625 0.0920077171875 0.4406794484375 0.085241934375 0.4391174453125 0.07708706875 0.43621645937500003 0.061511545312500006 0.4426751390625 0.0521914171875 0.45070467656249996 0.0744385078125 0.463858821875 0.07472382968749999 0.46850617968749997 0.07814734062499999 0.4757237890625 0.08608636562500001 0.4836022296875 0.093267453125 0.4837334875 0.101204196875 0.49345554218750004 0.109161453125 0.4942743328125 0.112721503125 0.5078881546875 0.121326515625 0.5000110328125 0.13556397343749998 0.5026613796875 0.140622065625 0.500965103125 0.149954265625 0.5028020984375 0.1389221734375 0.4932554234375 0.1360793078125 0.49234412499999997 0.1344926140625 0.4889229484375 0.1297617828125 0.485159153125 0.1278101703125 0.48038047031250003 0.128545271875 0.47940521093750005 0.1308559109375 0.4796836921875 0.1336747140625 0.4836442953125 0.1378511296875 0.48613512343750004 0.14420234999999998 0.4924378765625 0.14829729375 0.4982197265625 0.155902815625 0.50570205625 0.156879559375 0.5080908125 0.164160990625 0.505953690625 0.1682493421875 0.5058808781249999 0.17062078281249998 0.502228540625 0.18047009375 0.4985194 0.1863346390625 0.5017832249999999 0.1852527171875 0.5057332734375 0.1902978453125 0.5074063734375 0.1945538546875 0.5066073515625 0.1995415734375 0.5085221703125 0.2045729734375 0.5117203328125 0.2084581015625 0.5169454015625 0.2233668953125 0.52293228125 0.23654406875 0.5136299578125 0.23523645312500002 0.5089999546875 0.24061958749999998 0.505534578125 0.24342029375 0.5051628859374999 0.2480733984375 0.50852708125 0.25532550625 0.5131295359375 0.2598888109375 0.5062275984375 0.26100331718750003 0.5032408187499999 0.26604068125 0.4990573828125 0.2786492640625 0.49846924843749996 0.2719738421875 0.49247330468749995 0.2654630953125 0.48759780937499997 0.2587772609375 0.48274443125 0.255669390625 0.47782709375000004 0.250174678125 0.4722320265625 0.24830418281250002 0.4641638453125 0.24248553906249998 0.45849238750000004 0.242733965625 0.45447820156249996 0.2452474796875 0.453148603125 0.25063755468750004 0.4518480875 0.271907240625 0.45968515156249995 0.272162703125 0.45306353125000004 0.263851625 0.45120730781249996 0.26590369687500004 0.44379135312500007 0.26994913125000003 0.4442795140625 0.2582075203125 0.432659146875 0.24617109843749999 0.4388540671875 0.2417344046875 0.44190131718750003 0.2370120359375 0.44030273124999997 0.2267881734375 0.4404872796875 0.2214218078125 0.438740015625 0.21925698593749998 0.437093653125 0.2177613953125 0.4325485390625
0 0 0.4611939890625 0.000050079687500000003 0.461194275 0.00451040625 0.45840585 0.0088494078125 0.4543161578125 0.0062852875 0.4470435859375 0.0081070515625 0.4465084265625 0.022426078125000002 0.4634961515625 0.024106428125000003 0.463566578125 0.0239288046875 0.46066154062500003 0.0166338734375 0.4481594859375 0.019205887499999998 0.44620836875 0.030398285937500002 0.45101813437500005 0.042968337499999995 0.45169436249999995 0.0592434140625 0.443678128125 0.06681874531250001 0.438427315625 0.060986784375000005 0.436126759375 0.052637587500000006 0.4373807390625 0.04786681875 0.428642975 0.039671978125 0.42738767656250004 0.027689371875 0.4204855890625 0.0192853984375 0.42013615 0.0055061671875 0.41918236562500005 0 0.44303219687500006 0 0.4611939890625
0 0.0234861796875 0.40010683281250004 0.0237571640625 0.3915773046875 0.0321611375 0.39192674375 0.029636975 0.388162453125 0.022697292187500002 0.38147047343749996 0.012759081250000002 0.3877665421875 0.009899742187500001 0.4001517 0.0234861796875 0.40010683281250004
0 0.0808181984375 0.41270634375000004 0.08585994999999999 0.412914578125 0.085806696875 0.41131151250000003 0.0914458625 0.412613415625 0.0979584796875 0.413799459375 0.1164786390625 0.41075634375 0.1012045765625 0.40341347968749997 0.0964570734375 0.4000900328125 0.08505589218750001 0.396184603125 0.0766367484375 0.39774155 0.06521098125 0.40496584531249996 0.0808181984375 0.41270634375000004
0 0.637399240625 0.06362220625000001 0.63872434375 0.0578825578125 0.643287296875 0.0509821421875 0.6463859609375 0.0504242671875 0.64727575 0.048403893749999996 0.644658728125 0.0395267328125 0.639788378125 0.034901665625 0.622583553125 0.0414299921875 0.6335132125 0.045544075 0.640025828125 0.046730117187499996 0.6348366421875 0.0563499859375 0.6287792078125001 0.0568598015625 0.6350596265624999 0.0700817796875 0.637158596875 0.0683389640625 0.637399240625 0.06362220625000001
0 0 0.60711219375 0.0031871859375 0.611141546875 0.02403704375 0.62740963125 0.0298390171875 0.6335214375 0.055779796874999996 0.627738309375 0.0538982078125 0.619350053125 0.041249762499999995 0.611657615625 0.028291079687499998 0.6089833812500001 0.019136503125000003 0.6100514234375 0.049919318750000004 0.5961590515624999 0.0620481875 0.5932311625 0.0639011109375 0.588886628125 0.055279554687499996 0.582123871875 0.053661875000000005 0.5744331734375 0.0421526640625 0.5673212609375 0.0242820015625 0.5730592375 0.014423503125 0.569827478125 0.0130984015625 0.575567128125 0.0227710296875 0.5851190609375 0.026279717187500003 0.5919746781249999 0.01184289375 0.5810053296875 0.0048107015625 0.569198959375 0.0082029109375 0.5655289156250001 0 0.5616269125 0 0.60711219375
0 0.37460083125 0.635227509375 0.3763570546875 0.6342330234375 0.36951354531249997 0.6322714171875 0.3651820296875 0.6289798640625001 0.35541793125 0.6257073578125001 0.35123153125 0.6210509671875 0.34764982187500004 0.62480555 0.3448709546875 0.6258189140625 0.33462864375 0.6216726890625 0.32342464375 0.6231575828125 0.3185908546875 0.6220416156249999 0.308844853125 0.6231014046875 0.3024561953125 0.62137149375 0.30090319375 0.6170680984375 0.2982616828125 0.6145483703125 0.28741753124999997 0.611536459375 0.2814512 0.6109223359375 0.26217969375 0.61207293125 0.25567587187499996 0.6145162609375 0.2518269375 0.6179557828125 0.2538684828125 0.621608653125 0.25940215625 0.6226312296875001 0.263522684375 0.625364128125 0.26926734375 0.626945359375 0.273764996875 0.6295103515625 0.2793664109375 0.6287669671875 0.28218521406249997 0.6327275703125 0.293828465625 0.6366888859375 0.307089065625 0.6468767359375 0.31615328125 0.6502426328124999 0.31620542500000004 0.6536911875 0.31790389218750004 0.6566282218749999 0.32425359062500003 0.6629306234375 0.3254061046875 0.6667599015625 0.328314840625 0.6695946937499999 0.32992711875 0.6699669171875 0.33457362968750004 0.6674764484375 0.33759530937500004 0.6698289734375 0.3386348796875 0.67414051875 0.33349795000000004 0.67728268125 0.331827915625 0.6808419812500001 0.337082509375 0.6830733859375 0.347808646875 0.6807132515625 0.3489863921875 0.6814951 0.34990572656249996 0.6841255734375 0.34831341875 0.6880844734375 0.33795594375000004 0.688111490625 0.334463815625 0.6907417859375 0.3324554234375 0.6994410828125 0.336073678125 0.7043495671875 0.335911090625 0.7109300890625 0.340633459375 0.712528675 0.340626325 0.7199083984375 0.3428907109375 0.722596034375 0.34841252968749997 0.7251425015625 0.353691184375 0.724324603125 0.3587344375 0.7259988749999999 0.3631374375 0.72383384375 0.3649229859375 0.71609978125 0.367904378125 0.7134798625000001 0.3653087671875 0.7085525015624999 0.3700435296875 0.6953928109375 0.371701709375 0.6933574015625 0.3735104265625 0.6958099453125 0.376432540625 0.6971211984375 0.37897975 0.6949093828125 0.381620284375 0.687882653125 0.3812353953125 0.6821940234375 0.374937840625 0.679340175 0.3741720859375 0.677510075 0.3741539875 0.6731777796875 0.377005509375 0.66670970625 0.37308633593749996 0.6623683781249999 0.3673975609375 0.6605450765625 0.36525797187500003 0.655851284375 0.365449340625 0.65207729375 0.370874984375 0.6498933874999999 0.3756391578125 0.6527764859375 0.3768209984375 0.6498661890624999 0.3758320484375 0.649002846875 0.3707765890625 0.6488539875 0.368400428125 0.6466504921875 0.369906896875 0.6401252578125 0.36515422656249996 0.635719790625 0.3692903515625 0.633238175 0.37460083125 0.635227509375
0 0.5670171953125 0.3162953765625 0.5703344453125 0.29898864999999997 0.58251295 0.26387353125 0.587615396875 0.238834265625 0.593603484375 0.21730769218749998 0.5931764375 0.21033607031249998 0.5864187671875001 0.21094079843750002 0.5723004203125 0.216970978125 0.571140771875 0.2205214234375 0.5726145218750001 0.224424865625 0.570734671875 0.22742738281250002 0.5626793718750001 0.22556767031249997 0.5549705421875 0.22073469218750003 0.5490416484375 0.2155477265625 0.5374808437499999 0.217841846875 0.5275351671874999 0.23005347812500002 0.5284086 0.23509158437500002 0.5227379234375 0.2376005765625 0.5155304734375 0.24382792343749998 0.5062056265625 0.24600162499999997 0.49534248593749997 0.2518933296875 0.49332750000000003 0.2547379640625 0.491304403125 0.25541586562499996 0.4862086546875 0.25029456250000004 0.482739259375 0.24033061875 0.4778873734375 0.23488235624999998 0.47746032656250004 0.22791073437499998 0.490215803125 0.23072888281249998 0.484949896875 0.21678698125 0.47608921875 0.2147413328125 0.45284581875 0.22795608750000002 0.4319245984375 0.23330730000000002 0.42490532031250006 0.22990517187499998 0.42310880781250004 0.225927215625 0.4181195671875 0.22401204375 0.41409236250000003 0.2164642328125 0.4057289234375 0.199769034375 0.3860232015625 0.20794738437500002 0.387901496875 0.21525245 0.3804646109375 0.21659036718750002 0.376384371875 0.2188299125 0.3760934375 0.22156263125 0.380230540625 0.2286274734375 0.3775512390625 0.230682109375 0.368095 0.22900730625 0.3638630515625 0.226757025 0.35869581875 0.22709230625000001 0.35181709375 0.22601256875 0.34717869375 0.23066977031250002 0.34049910156249996 0.23167257812500003 0.3368481296875 0.2371927703125 0.3342806015625 0.238763265625 0.3284896890625 0.2395911890625 0.3219602828125 0.245083471875 0.316749721875 0.2441338875 0.3112463515625 0.2459181921875 0.305447328125 0.24457938281249997 0.3042919625 0.2312048171875 0.3060568796875 0.2162113046875 0.304261575 0.20561556875 0.2899462796875 0.2124918796875 0.2752138859375 0.221181784375 0.26254085625 0.2246190703125 0.267172084375 0.233961246875 0.28275385000000003 0.23335875156250002 0.283569875 0.2386385765625 0.2856251484375 0.2407663859375 0.3004003296875 0.246595734375 0.3009994046875 0.25869850156249996 0.297630903125 0.259320765625 0.2919436515625 0.2574978140625 0.2890870578125 0.2581115765625 0.2803147546875 0.26155941875 0.27574105625 0.2681382375 0.27567955781250003 0.27576038281250004 0.2728158296875 0.28375386874999997 0.27374515 0.28854990625 0.27075155156249997 0.2926952375 0.2729991703125 0.3005955125 0.2717851578125 0.3043883796875 0.2611536734375 0.31147853593749997 0.24481052499999997 0.31979656875 0.26464740781249996 0.3316309609375 0.26985832187500003 0.3325790234375 0.2791216703125 0.338027465625 0.2816327703125 0.349933428125 0.2872101234375 0.35223934687499997 0.281487303125 0.3512997859375 0.2755934328125 0.3547755375 0.268058503125 0.35507253437499997 0.25797449375000003 0.3612708 0.24954526875 0.3654344765625 0.25939739375 0.37789027656249996 0.2721919515625 0.3922986484375 0.2767697453125 0.3820276828125 0.2801064203125 0.3785981875 0.2815835625 0.378812528125 0.2828915296875 0.383441009375 0.2899241859375 0.3853195984375 0.29214017187499997 0.38086805625000003 0.2971350265625 0.3754031515625 0.3074791265625 0.37689967343749997 0.317104 0.38739472343750003 0.318290209375 0.3903417828125 0.320834028125 0.39181906718750004 0.322076121875 0.39452405625 0.325930946875 0.39694224375 0.3297945875 0.4015241203125 0.33277730625 0.4084491359375 0.337653253125 0.41084809531250005 0.339617071875 0.41410136406250003 0.34635879375 0.418712671875 0.348529 0.4328314765625 0.36942685937499997 0.426838240625 0.3785666171875 0.4276750609375 0.38345005 0.4226927734375 0.39035907812500004 0.42657939375 0.392585171875 0.440456128125 0.41105040625000006 0.4523555078125 0.42984611250000004 0.43709563749999997 0.4342491125 0.43493060625 0.4410426625 0.43637233750000004 0.4567185046875 0.46035390468750004 0.46180204687500004 0.4670006203125 0.4432707140625 0.4730302671875 0.44025527656249996 0.476533928125 0.435211671875 0.474861178125 0.4314379640625 0.469153490625 0.42804914531250005 0.469134434375 0.4254800953125 0.47070457968749996 0.423763809375 0.4766730328125 0.42044780312499996 0.48074232656250004 0.408815515625 0.48849303125 0.400666890625 0.49144823125 0.395157909375 0.5006126125 0.392770871875 0.509479465625 0.3949119828125 0.5141736078125 0.4038104140625 0.5182645453125 0.40618505000000005 0.5204676890625 0.40502692500000004 0.5240184859375 0.3995235546875 0.5258027921874999 0.396031778125 0.5284315625 0.389696434375 0.5301520796875 0.384335140625 0.5342591265625 0.37732058125 0.5367128328125 0.37161246718749996 0.54379466875 0.3718300484375 0.5502079859375 0.3790350828125 0.5572161999999999 0.380565890625 0.5608794453125 0.3810235921875 0.5706564265625 0.3862123140625 0.5709643390625 0.3898746 0.5771546437499999 0.3959708015625 0.5816169203125 0.40704910937500005 0.59537409375 0.4123136875 0.599771059375 0.4149699046875 0.610312184375 0.4185629265625 0.6182680984375 0.41830229531249996 0.6238076984375 0.41181185 0.624727490625 0.4075639515625 0.6276932453125 0.404458934375 0.6323211953125 0.40388891875 0.636262740625 0.40658292500000004 0.6422295015625 0.4110683703125 0.64631990625 0.41257769062499994 0.6493399578125 0.416221528125 0.651199490625 0.4218784765625 0.6502155593750001 0.423387796875 0.6532356109374999 0.420149165625 0.657706028125 0.41257055625000005 0.6567196828124999 0.40907842812500006 0.6593499765625 0.40287669687500005 0.661228025 0.396078196875 0.670094696875 0.3890876984375 0.6694991 0.3894407625 0.672380496875 0.39419343281249997 0.6767859640625 0.394624221875 0.6800669625 0.40319989375 0.6840833843749999 0.408620271875 0.68558975 0.42061034375000006 0.6865762765625 0.431694809375 0.6834072671875 0.43573101718749996 0.6798859015625001 0.44249832187499993 0.68144825625 0.45111178125 0.6808903125 0.45684306562500004 0.683995084375 0.459532 0.6841075328125 0.4626895125 0.6829266140625 0.4641145125 0.6796924015625 0.466922353125 0.671940984375 0.4681753265625 0.6635756265625 0.4711130375 0.6596723640625 0.4792696875 0.6361015296875 0.48370103281250004 0.6139621859375 0.51096314375 0.5179304140625 0.5166171578125 0.484618828125 0.519927271875 0.47469182656250003 0.5227532109374999 0.4712727046875 0.5267026046875001 0.4556385484375 0.5240629625000001 0.4494293671875 0.51773358125 0.4437682859375 0.5170795984375001 0.44145404531250004 0.5198319046875 0.43394317656250003 0.5231226796875 0.43292131093749997 0.527150775 0.4272332125 0.5254656859375 0.42277263749999994 0.525603040625 0.4192395453125 0.5193329390625 0.40964729375 0.5240353359375 0.40691475468749994 0.52240613125 0.4022121109375 0.52906540625 0.40056798281250006 0.5344473703125 0.39710073281249997 0.5376807359375 0.3963205875 0.5445110609375 0.3902611484375 0.5477837390625 0.3849069890625 0.5565915218749999 0.35410510781250004 0.5566848453125 0.3492901953125 0.5670171953125 0.3162953765625