0 0.344262878125 0.5916953406250001 0.34599531875 0.589687628125 0.344475409375 0.5965575734375 0.34117266874999996 0.6091561953125 0.3410220078125 0.6139262000000001 0.3431833875 0.615177440625 0.3514604875 0.6190239453124999 0.3607475296875 0.6256032890625 0.36503839375 0.6234225125 0.3731990375 0.61631021875 0.378574559375 0.6061677624999999 0.3800020890625 0.60686455 0.3824389375 0.606446603125 0.384879178125 0.60319088125 0.385871621875 0.5991352375 0.3870151578125 0.5948578984374999 0.3904610515625 0.594563278125 0.39463434531249997 0.59006805 0.3963332046875 0.5883686609375001 0.3995440765625 0.5873776046875 0.4044846953125 0.583815090625 0.40843749531249995 0.582453828125 0.4146169125 0.5835624140625 0.419372846875 0.5847750515625 0.42153438593750003 0.5871040546875 0.42373896093749996 0.590873953125 0.4150481984375 0.6062462843749999 0.4134979515625 0.6146512484375 0.41501048906250004 0.61721814375 0.431019890625 0.591266603125 0.43756812500000003 0.5853010078125 0.4401428890625 0.5836839515625 0.44347431875 0.576395796875 0.44486121250000005 0.5718179359375 0.4477000203125 0.56940956875 0.45102576406250006 0.5722917859375001 0.45666997968749995 0.574960171875 0.45361266875000006 0.56522956875 0.4504966453125 0.555448575 0.4559657625 0.5502924 0.45883284375000005 0.5444010609375 0.46674903125 0.539372609375 0.4739806640625 0.5281898125 0.4750072578125 0.534250078125 0.4764288671875 0.53722245 0.48190744218750003 0.5411101421875 0.4847277671875 0.5439072234375 0.48845361875000004 0.5513585859375 0.492910803125 0.549384996875 0.4991644703125 0.5484794749999999 0.5055898734375 0.5440209125 0.519195846875 0.5176244109375 0.5224841312499999 0.510105125 0.5221578625000001 0.518092359375 0.5230342609374999 0.5233514359375 0.5219335640625 0.5334625046875 0.5303813374999999 0.5399792328124999 0.5433198 0.5394897390625 0.5465568515625 0.5358329046875 0.550898290625 0.5308596703124999 0.5550573984375 0.5328514609375 0.573526359375 0.5024826906250001 0.5784677765625 0.49904735312500004 0.5703035062499999 0.5188310031250001 0.5738988484374999 0.5235607859375 0.578776328125 0.526243771875 0.5830806328125 0.5306633734374999 0.588236775 0.5347719171875001 0.593069828125 0.539648125 0.5980699890625 0.5454415781249999 0.60350848125 0.54988965625 0.6077074953125 0.5539951046875 0.6115743796875 0.5601873265624999 0.6164190984375 0.5657724484375 0.6183443015625001 0.5700383296875 0.6219604265625 0.5778358703124999 0.6237720062500001 0.5785991265625 0.630843315625 0.5696578671875 0.63480643125 0.566675709375 0.6368929609375 0.56283500625 0.641491025 0.5616038828125001 0.64199975 0.5682229046875 0.6418192640625 0.5733369734375 0.64005556875 0.581161065625 0.64129566875 0.58535126875 0.644104215625 0.5886790515625 0.647062959375 0.594870884375 0.646762215625 0.59707690625 0.6437826515625 0.6005527093749999 0.6444759390625 0.604742253125 0.6483702546875 0.6086393484375 0.663292575 0.6253209234375 0.6663566765625 0.6277467390625 0.6705216546874999 0.6314237109375 0.6705765828125 0.636819403125 0.672675209375 0.638235921875 0.678062140625 0.6392785453125 0.676406759375 0.6458610765625 0.6739439875000001 0.6519817234375 0.672952515625 0.65816925625 0.6732641265625 0.6622700874999999 0.6736737749999999 0.6665114390625 0.6750737515624999 0.6702794937500001 0.6770963640625001 0.6724377078125 0.681905915625 0.6738615234374999 0.6819978875 0.6792957421875 0.6824752828125 0.6901160515625 0.6676193703125 0.6744848515624999 0.6603206546875 0.671217375 0.65428083125 0.6644711265625001 0.6473184359374999 0.65899231875 0.6431376828125 0.658902271875 0.64500880625 0.6679751375 0.64236784375 0.6703375734375 0.6399695765625 0.6698370812500001 0.6371699734375 0.6694494703125 0.63555179375 0.6703768218749999 0.6338368109375 0.6726702125 0.6321686390625 0.673734790625 0.63163983125 0.675729115625 0.6317551765625 0.6828356765625 0.6321055734375001 0.6873204937499999 0.63313925625 0.6940760140625 0.6309460328125 0.6961243015624999 0.6169245390625 0.6817502671875 0.61083656875 0.6826478 0.6067679078125 0.6843417453125 0.6163443328125 0.696469675 0.6179889828125 0.70299915625 0.615299765625 0.7038112671875 0.6113352703125 0.704642725 0.6057809187500001 0.7104080203125 0.6053748765625 0.7061113 0.5988797171875 0.7141813124999999 0.5983317875 0.7243945359375 0.5990587703125 0.7296221828125 0.5976297046875 0.7355776234375 0.604301878125 0.7450068453124999 0.6097642921875 0.7544061078125 0.60911016875 0.758616296875 0.6082455859375 0.762991575 0.60824988125 0.7653195046875 0.6024783953124999 0.7736528140625001 0.591188534375 0.7940430640625 0.5906714515625 0.7984509484375 0.606596634375 0.7817432234374999 0.6111106937499999 0.7774557015625 0.6032576265625 0.7930102171875 0.602458409375 0.80090733125 0.6053756515625001 0.7990060437500001 0.61438283125 0.8086627500000001 0.62446318125 0.8194415515625 0.6407165796875 0.8375166265624999 0.6394707578125 0.8270535953125 0.6429959703125 0.8226704734375 0.64590105 0.8227013546874999 0.650423325 0.8332756375000001 0.6532846015625 0.8372546 0.65672555625 0.84392364375 0.6569829453125 0.8500946062500001 0.6559425921875001 0.8571623828125 0.651496334375 0.8640382484375 0.6518977046875001 0.8683951609375 0.6560937640625 0.8720390140625 0.6640409390625 0.8639420781249999 0.669836275 0.8573753265624999 0.6743588046875 0.8475927546875001 0.6750632921874999 0.8398407109375 0.6739329078125 0.8369335671875 0.6686827265625 0.8384626125000001 0.6643853515625 0.8445875515625 0.6637568609375 0.8433762984375001 0.66308093125 0.8364669140625001 0.65936546875 0.8321189671875 0.6568400484375 0.8278376171874999 0.658714853125 0.8270199796875 0.6632556625 0.8268585140625 0.6706874593750001 0.8258464484375001 0.6736408 0.8263514437499999 0.6765530859375 0.8310100468750001 0.6790604046875 0.8349398015625 0.682727190625 0.833652590625 0.685429975 0.837588509375 0.68573719375 0.8430975125 0.6892235171875 0.8436658937500001 0.69467014375 0.847354271875 0.70052861875 0.849101465625 0.7067373265625 0.852222703125 0.7098535781249999 0.8532761750000001 0.7131144234375 0.8621479859375001 0.721754125 0.8531958515625 0.7297510171875 0.8389051000000001 0.71795810625 0.8467510875 0.7055435015625 0.843435290625 0.7035645875000001 0.8244726390625001 0.6976147187499999 0.8182982453125 0.7003081718749999 0.8144770203125 0.7053203203125 0.8085157640625 0.7112967828125 0.79951675625 0.7179432328125 0.8034843734375 0.7213917999999999 0.81012119375 0.7232257343749999 0.819557753125 0.7379372734375 0.8275371281250001 0.7394985453125 0.826516778125 0.735147471875 0.8131766359375 0.7270941953125 0.8047928171875001 0.7169138765625 0.7915830234375 0.71857674375 0.7899298375 0.7237622781249999 0.7818812109375 0.7270352359375 0.771450703125 0.7285240875000001 0.76652748125 0.7271903546875 0.7591294921875 0.72850396875 0.75715794375 0.7356514546875 0.7630823453125 0.7435680484375 0.7679533953125001 0.7462112249999999 0.769199559375 0.7499107015625001 0.7670275234374999 0.7434910703125001 0.7555764515625001 0.7362046515625 0.7474482499999999 0.732523553125 0.7435318890625 0.7364465124999999 0.7405413828125 0.7426478640624999 0.7399901453125 0.750338665625 0.7327874046875 0.7499556609375 0.726064046875 0.7506301171875001 0.7204927140625 0.7559035140625 0.715402671875 0.7588865796875 0.7109885515625 0.7626123015624999 0.7015772390625 0.7614389 0.701265371875 0.7536165234375 0.7062745359375 0.7494616140625 0.7113931328125 0.745237815625 0.7234349812499999 0.7424554484375 0.7148553796875 0.7416500609375001 0.70894154375 0.740768921875 0.706253296875 0.737788809375 0.7017715015625 0.7417348609375 0.7017212515625 0.741993315625 0.700592740625 0.7419950625 0.6931203734375 0.7393169796875 0.6870875734374999 0.7351634609375 0.681800584375 0.7351863796875 0.67959705625 0.7371015375 0.6754412890625 0.7356724531250001 0.6664335109375 0.7403705890625 0.660205178125 0.7396404390625 0.6574287890625 0.7415678156250001 0.6515058140625001 0.7451435125 0.6454205921875 0.7469953125 0.6379863 0.75162753125 0.6400697656250001 0.758098775 0.6332670078125 0.7619807703125 0.6276146390624999 0.7598718812499999 0.617609959375 0.7560967140625 0.6205566515625 0.7517369 0.6243236359375001 0.748626346875 0.6275995359375 0.7463090921875 0.63097901875 0.74382910625 0.63683124375 0.7408069375 0.6345502765625 0.7386706656250001 0.62808189375 0.7352703921875 0.61860100625 0.7292995921875 0.6144696796875 0.7241607875 0.6129626390625 0.72203903125 0.615616146875 0.71029991875 0.6032709015625 0.7057596312500001 0.5975029562499999 0.707901925 0.5942675515625 0.716574984375 0.595274296875 0.721755790625 0.5923228375 0.727206434375 0.5876336515625 0.73135689375 0.5806490484375 0.734607590625 0.571352078125 0.730052709375 0.5730986984374999 0.7287431109375 0.563060284375 0.7194048125 0.5511351375 0.712750371875 0.547525003125 0.70816135625 0.54894685 0.7060761796875 0.54677635625 0.704367978125 0.54859613125 0.7025059859375 0.5527196015625 0.6994385515625 0.549634271875 0.6935728937500001 0.5602854359375 0.68796286875 0.5679874734375 0.6851482484375 0.5746918453125 0.6807273015625 0.5797457078125 0.67455278125 0.587547925 0.671763684375 0.5905637984375 0.6738605796875 0.5847738328125 0.6968675531249999 0.5522737234374999 0.6998940828125 0.5460608296875 0.6979525546875001 0.5389938109375 0.6973817578125 0.5313208171875 0.6965825875 0.5269460125000001 0.69459955625 0.525851990625 0.6883965 0.5169547703124999 0.6978060546875 0.524580165625 0.7099871140625 0.53808085625 0.7144264687499999 0.5454745078125 0.717048653125 0.543426696875 0.7139776 0.533191640625 0.7132444140625 0.5294446265625 0.714397725 0.5259329609375001 0.7176951468749999 0.5232391546875 0.72351696875 0.5167450328125 0.722407784375 0.5085237499999999 0.7342583125 0.4900148890625 0.7395720859375 0.488732109375 0.746712590625 0.47819204531250004 0.751064053125 0.47292553125000003 0.7520553953125 0.46911352500000003 0.753261734375 0.45760092343750003 0.7573795062500001 0.45928912187500004 0.7676041890625 0.46758454531250004 0.7752261953125 0.479204609375 0.7771679109375 0.4845543890625 0.7761539859375 0.48946697187500005 0.777935925 0.4972279109375 0.7741797734375 0.5113573140625001 0.7903803125 0.48744854687499994 0.795987540625 0.4819322125 0.8055546015624999 0.4755849109375 0.806286525 0.4811136921875 0.829973825 0.4764622125 0.8396951140625 0.4738693578125 0.8416527874999999 0.481762653125 0.840415546875 0.48798858593750005 0.845490421875 0.489335809375 0.8531238515625 0.48394901562500003 0.8642291765625 0.463223090625 0.867730890625 0.4579736171875 0.8761128062499999 0.4531758734375 0.8860211343750001 0.460494325 0.8907417437499999 0.45489835625 0.8991588015625 0.45755025 0.9045184328125 0.4605753375 0.910890153125 0.45995591874999997 0.9125701875000001 0.45782331093749995 0.9169248109374999 0.4506585671875 0.9187954312500001 0.44731974374999994 0.9214600265625 0.4387395265625 0.9204307484375001 0.42894659375 0.9180788828124999 0.43086072968750005 0.9150259000000001 0.4305437421875 0.9092737765625 0.4202715421875 0.9027180640625 0.41241375625 0.8989560484375 0.407129609375 0.91204268125 0.39118841875 0.919451625 0.3810349125 0.9262809000000001 0.3738567359375 0.9346986812500001 0.37659025156250003 0.9356950578125 0.3740518828125 0.9186586078125 0.35208421093750003 0.9126831296875 0.3465032453125 0.9121381109375 0.341317746875 0.9104670046875001 0.3355530328125 0.9086405 0.33451325781249996 0.9063891234374999 0.3308661109375 0.9039807375000001 0.32399113125 0.903020503125 0.3208492921875 0.8907533203125 0.32089430937499996 0.8674645125 0.32323836875 0.8541885171875 0.324806553125 0.8500690390625 0.321487725 0.8483582828125 0.319785346875 0.8434357312499999 0.3192296625 0.8397766703125 0.3218310765625 0.8393745078125001 0.3282441828125 0.8178274421875 0.3318380265625 0.7192994781250001 0.34766118437500004 0.6930882546875 0.3510052609375 0.6855483703125 0.34243865156250003 0.6747157671874999 0.3337106546875 0.670736934375 0.32637857656249997 0.6773446234375 0.33292216875 0.6820492546875 0.33271991875 0.68110103125 0.3249687609375 0.6781267984375 0.32106608593749997 0.674451196875 0.315991240625 0.6765913046875001 0.31521641875 0.6834306390625 0.3095988640625 0.6890230671875 0.300937159375 0.695380746875 0.289227203125 0.6995784828125 0.28689281875 0.7009193453125 0.2947174 0.7036166703125 0.2980034546875 0.7075589625 0.301056534375 0.711716615625 0.3024216078125 0.725625571875 0.3058741390625 0.729856878125 0.3053838484375 0.736288859375 0.3017352859375 0.7431469875000001 0.294667196875 0.751381034375 0.28207973750000004 0.75947738125 0.26931821718750004 0.7660006890625 0.2570016859375 0.7565872484375 0.2584875484375 0.7514172968749999 0.260540765625 0.74996309375 0.26096541093750003 0.74405099375 0.2621759625 0.7415222140625 0.2620929625 0.735932846875 0.2606489875 0.7331812906249999 0.2584464125 0.7290297375 0.2567806171875 0.7235383875 0.24623905937499999 0.7265938984375 0.24348583906250001 0.7292654625 0.23791670156250003 0.7339386046875 0.22837124687500002 0.7406403187499999 0.2179165796875 0.7440599999999999 0.2121556921875 0.7472238046874999 0.20621745468750002 0.7497651640624999 0.20066514375 0.7569857296875 0.19381662187499998 0.760858459375 0.1909162359375 0.7650353453125 0.1885479078125 0.7681003750000001 0.1861094796875 0.767875490625 0.17815503593749998 0.7735793625 0.1821683046875 0.7840967890625 0.188674890625 0.790247065625 0.18786193281250002 0.7914159125 0.18437848437499998 0.7877981296875001 0.1782841984375 0.7821559015624999 0.17545535 0.774817978125 0.172397809375 0.7691677765625 0.1677441734375 0.7600344890625 0.156484053125 0.751142215625 0.1473525875 0.747567525 0.146003228125 0.7438624890625001 0.14972181874999999 0.7462855734375 0.153104253125 0.7444697062500001 0.1546321203125 0.7438494312499999 0.160988025 0.7387385656250001 0.1596870046875 0.7375904734375001 0.15496709375 0.737693396875 0.14483992031249998 0.7492226984375 0.1251283609375 0.7454146765624999 0.120647171875 0.738341234375 0.1254723546875 0.7273775984374999 0.14596186093750002 0.7347087203125 0.15638389375 0.7349952234375 0.16256279375 0.7354063828124999 0.167595825 0.737792934375 0.1755037453125 0.7458666890625001 0.171197153125 0.749964003125 0.17973124375 0.7439323734375 0.18953574374999999 0.7416451093750001 0.1826621734375 0.7353676203124999 0.1868239609375 0.7322675234375 0.192262175 0.725533346875 0.18290074218750002 0.71871959375 0.1787464671875 0.7206061703125 0.183676271875 0.7103408453125 0.17743070156250002 0.6917195078125 0.160518890625 0.6892923 0.160475490625 0.689978265625 0.164939178125 0.69219550625 0.1693079078125 0.6979588109375 0.172959859375 0.7035316359375 0.1797473359375 0.697412296875 0.187177684375 0.6980075171875 0.19192899531250002 0.697877925 0.1968994578125 0.6953700234375 0.20239640625000002 0.6914810859375 0.20590494218750002 0.6876854734375 0.2104060375 0.6860614328125 0.2158367953125 0.683291478125 0.21987187656249998 0.6780820671875001 0.225809875 0.669050234375 0.23251098125 0.664469978125 0.23856038750000003 0.6629758859375 0.24247708124999998 0.6561711875 0.24679483124999999 0.6608125359375 0.2521939421875 0.680553278125 0.27214759375 0.6748049375 0.269549853125 0.646391365625 0.24401751093750002 0.6421329499999999 0.24268031250000002 0.6435003953125 0.2473645984375 0.6483912109375 0.251579584375 0.6547246343750001 0.2615078875 0.6554721296875 0.2673492515625 0.653631715625 0.26998890000000003 0.6493464734375001 0.2733442734375 0.647123115625 0.279799540625 0.64347209375 0.284331 0.6383561390625 0.2904257125 0.632672134375 0.2781259109375 0.6289804359375 0.275558671875 0.6268694765625 0.2808112265625 0.610416903125 0.2634420890625 0.6011102796875 0.2586495796875 0.5967912906249999 0.25347739062499997 0.5902482421874999 0.25766866093749996 0.5925617437499999 0.26099505624999997 0.5998264578125 0.2755686484375 0.6007339968750001 0.2804363875 0.59301331875 0.283109625 0.5920016718750001 0.281855375 0.588948225 0.26731835 0.5830412109374999 0.26895099375 0.580172659375 0.2753515265625 0.577835725 0.285300303125 0.5747931828125 0.2877583640625 0.57043915625 0.28436049531249996 0.5613922125 0.27532698437500003 0.5530163296875 0.26983805781250003 0.5480200390625 0.2644102671875 0.5518379546875 0.25225867968750004 0.55150713125 0.24810959375000002 0.5464672453125 0.24894881562500001 0.5404473656250001 0.2485210328125 0.5404216390625 0.2482912140625 0.540747125 0.23851771249999998 0.538575778125 0.23563199687499997 0.5345978109375 0.2378898640625 0.53044873125 0.24130005625 0.527487359375 0.2466231390625 0.5256264515625 0.253731596875 0.5221988734375 0.26134565 0.5196699234375 0.269631953125 0.516722453125 0.27549089375 0.5133189312499999 0.281988503125 0.5138188546875 0.2894505625 0.51237789375 0.2951134546875 0.508494675 0.2919049109375 0.5027228125 0.28181860625 0.500143040625 0.2788736953125 0.49113107031250003 0.276794940625 0.4946746828125 0.2849190359375 0.49745857656250003 0.29158486875 0.4978693234375 0.2997680125 0.495785084375 0.3036006203125 0.4929612671875 0.31002315937499997 0.49117509375 0.315152025 0.4882683734375 0.318274528125 0.4816696828125 0.31068049062499997 0.47542927968750004 0.30836385 0.47074100156250004 0.3111881296875 0.45662050781249997 0.30174677656250004 0.45413305312499996 0.3041197859375 0.455457840625 0.3101471390625 0.4576010140625 0.3143194109375 0.45873203125 0.319444890625 0.4537473203125 0.332438678125 0.450346690625 0.34603424375 0.4475327078125 0.3528343875 0.45345921093749997 0.3604158046875 0.4603853 0.3710500875 0.45526237500000005 0.3705013234375 0.4498335328125 0.3707341296875 0.4467600140625 0.36681360937499996 0.44527512812500003 0.361594921875 0.437003159375 0.3604878890625 0.4295724328125 0.3604189203125 0.4242474984375 0.361431071875 0.42172163124999995 0.3662339078125 0.42583758281249995 0.374825740625 0.42603986718750003 0.3829538109375 0.40759636875 0.36163520781249997 0.40149269375 0.35474484375 0.3953388859375 0.352519653125 0.3956190953125 0.351912034375 0.39889487031250004 0.341762459375 0.4042625484375 0.3331448015625 0.407074240625 0.3289387953125 0.40979699218750004 0.3177130078125 0.4139384078125 0.321434875 0.42407208125 0.3275340296875 0.42965799843749997 0.3270019140625 0.40047820312500004 0.2950912859375 0.3951940921875 0.28978015625000003 0.39040335625 0.2888492625 0.39161736875000003 0.28054876875 0.3926811390625 0.2712224203125 0.3836351203125 0.282841009375 0.38307902031249996 0.2831256984375 0.379134909375 0.28331400156250003 0.3781675140625 0.288265684375 0.3763366875 0.2928650671875 0.3769356828125 0.29910224687500003 0.3780620046875 0.299758421875 0.3829862328125 0.29224315624999997 0.38322702343750004 0.296821190625 0.38169273125 0.30102805 0.378116084375 0.304308946875 0.376279365625 0.30789558437500003 0.374988621875 0.312147546875 0.3749967578125 0.3150202453125 0.37854789218749996 0.3226329421875 0.36285121875000004 0.306028040625 0.35482733906249997 0.2989702890625 0.3496153703125 0.295690871875 0.3494216390625 0.2872555375 0.34945239375 0.274229403125 0.35238826562500003 0.26619726875 0.35439379375 0.25737053125 0.36342348750000003 0.259079784375 0.3429606 0.2369490671875 0.3474956109375 0.250783628125 0.347926715625 0.2657675234375 0.344817025 0.2703222140625 0.33978196562499996 0.2643910296875 0.33543765 0.261653575 0.3317843859375 0.2632787234375 0.3299113109375 0.27130284531250004 0.3309145609375 0.2760348359375 0.3221684 0.267142534375 0.30761082968750003 0.250523171875 0.2984411 0.24374453593749998 0.2970463 0.24866572812499999 0.303933971875 0.259173646875 0.3054752453125 0.26675249375 0.304333234375 0.2722551359375 0.29843169375 0.27340173437500004 0.297276571875 0.2769858609375 0.2960027515625 0.2833570390625 0.2889540078125 0.282976121875 0.2851375578125 0.27904256250000004 0.27655675468749996 0.2686591828125 0.2709033828125 0.2753209890625 0.2699673109375 0.2781939484375 0.265975821875 0.2826999203125 0.2619702046875 0.286563221875 0.257179396875 0.292851571875 0.2546653828125 0.297169259375 0.2523309484375 0.303703759375 0.2444277234375 0.2949538125 0.23633455468750003 0.28852235937500004 0.2326441359375 0.2804215484375 0.23468186562499999 0.32324784218749997 0.2367527578125 0.3309627 0.2383603671875 0.3364072984375 0.238086165625 0.3450992 0.23883329375 0.3512061203125 0.23950458125 0.3616289875 0.24029776875 0.366604584375 0.24034883125 0.374743834375 0.240523071875 0.38178293124999996 0.241637446875 0.3892463953125 0.2456682640625 0.41705866875000003 0.2459708546875 0.420789665625 0.249208178125 0.4221729140625 0.2535799265625 0.420522525 0.25333443906249997 0.42344859062499995 0.24903091875 0.4254940109375 0.25118795625 0.4460467546875 0.25418705625000004 0.4743869515625 0.255987765625 0.49540605781249997 0.260994721875 0.5422518140625 0.26217328125 0.561776203125 0.26511186875 0.5656087828125 0.2689264453125 0.5663704734375 0.27301485 0.5649839609375 0.2760524296875 0.5654832437499999 0.2796364890625 0.5639470671875 0.282162634375 0.5610153906249999 0.286732684375 0.554330759375 0.29607407812500003 0.5595736640625 0.29687587031249996 0.5644368078124999 0.3012371984375 0.568726296875 0.3072913078125 0.573560578125 0.310050346875 0.5781064578125 0.31222037343750003 0.5852248734375001 0.318781878125 0.5869343125 0.32286869687499997 0.5904356796875 0.325549915625 0.5962890437499999 0.32691858125 0.6015230890625001 0.3298456796875 0.6056051109375 0.3297130921875 0.6082899265624999 0.326740196875 0.61668730625 0.328321275 0.61921871875 0.33408170937500004 0.608358659375 0.344262878125 0.5916953406250001
0 0.34770589531249996 0.658609825 0.34949635 0.6564216218750001 0.3523175390625 0.651633309375 0.3528414625 0.648456453125 0.351254809375 0.643405571875 0.350529603125 0.639883959375 0.34782541093749997 0.6402247421875 0.34630470625 0.6453979750000001 0.342913609375 0.64829173125 0.341433159375 0.6491841828125 0.3382234953125 0.6482285109375 0.3347155328125 0.6484856640625 0.3345079734375 0.652056609375 0.335459296875 0.6588207859375 0.33716884375 0.6604070296875 0.33831869375 0.66122726875 0.3408420515625 0.6651003484375 0.3441735828125 0.6649732875 0.3448827171875 0.6635586 0.34619647656249997 0.6606616546875 0.34770589531249996 0.658609825
0 0.35044489375 0.8499655374999999 0.35082780625 0.8447893453124999 0.3478696234375 0.838677578125 0.3469283875 0.8332949140625001 0.3474369796875 0.82775986875 0.3479020046875 0.8210180781249999 0.348492203125 0.8155718625 0.350228234375 0.8110122953125 0.36523134218750003 0.7882521734375 0.36632678125 0.7829790953125 0.36618623281249996 0.775438415625 0.3636681515625 0.7744257671875 0.35286588281250003 0.7782288703125 0.3473316921875 0.77487334375 0.3426159921875 0.7700523578125 0.335015540625 0.7638692 0.3358869578125 0.7607548015625001 0.3409612171875 0.75560870625 0.3425481828125 0.7487788453124999 0.3431485546875 0.74260728125 0.3454923484375 0.7384488828125 0.34995215 0.7307451921875 0.349810240625 0.72665951875 0.344929434375 0.7227639875 0.33209545 0.7068778531250001 0.323483265625 0.7020704859375 0.3174287765625 0.6980846421875 0.3133733015625 0.696540721875 0.301025903125 0.7063758796874999 0.3006513109375 0.6893137546875 0.298350371875 0.6908753234375 0.2947365234375 0.683159240625 0.304485603125 0.66870789375 0.307061821875 0.66408515625 0.30566386875 0.657854965625 0.3021214046875 0.6554370078125 0.297250465625 0.6595279453125 0.2934772546875 0.66563235625 0.2869915984375 0.6709974953125 0.2845760421875 0.6712293859375 0.283045 0.6661993671875 0.28287056875 0.658814646875 0.2798817390625 0.6525458484375 0.27752361875 0.6474346515625 0.2722573890625 0.641785425 0.27074902343749996 0.6407829140625 0.269291996875 0.6404332984375001 0.27010538125 0.644390265625 0.2713884375 0.654191090625 0.27176621875 0.6629275859375 0.2751616828125 0.6946951265625 0.274538096875 0.698179396875 0.275304809375 0.704039165625 0.27636171875 0.7076673140625 0.292860575 0.881176025 0.29589964375 0.8815698890625001 0.2989955796875 0.87918634375 0.305333003125 0.8771942390625 0.307726484375 0.8748389624999999 0.3108363703125 0.8763251578125001 0.316208640625 0.8748964000000001 0.319294809375 0.8691014375 0.323770703125 0.8641219250000001 0.325763053125 0.8600428859375 0.32820154218750003 0.853362334375 0.3306434921875 0.8465054562500001 0.3324084171875 0.842310490625 0.3354649 0.838579940625 0.3406195359375 0.84239013125 0.3438174 0.8481813390624999 0.3484417296875 0.8551973359374999 0.35044489375 0.8499655374999999
0 0.36560465625 0.7619377484375 0.368121096875 0.766626959375 0.369666896875 0.7693458984375 0.3733568671875 0.772494628125 0.37954503906250003 0.7746282265625 0.3735243453125 0.765328490625 0.3706890203125 0.760146475 0.367874040625 0.755083296875 0.36320606093749996 0.7484442390625 0.3588057890625 0.745279040625 0.3561533640625 0.7440794109375 0.3564971125 0.748202 0.358801690625 0.7531475734375 0.3612142703125 0.757282103125 0.36560465625 0.7619377484375
0 0.32431888125 0.928292721875 0.325518421875 0.931409409375 0.3271299828125 0.9377286984375001 0.3252945375 0.9431062640625001 0.32144897656250004 0.944860028125 0.320276340625 0.943837940625 0.315547240625 0.941535278125 0.3122424125 0.9439941968750001 0.313341296875 0.9480217078125 0.31435702499999996 0.9519306984375 0.3161958421875 0.9599637453125001 0.320634134375 0.970994621875 0.3217297234375 0.981418453125 0.322253721875 0.9886910203125 0.3226359875 0.9975150265625 0.3254289203125 0.9992293515625 0.328119271875 0.999534178125 0.32993838593749997 0.9934780406250001 0.3387726953125 0.9884253624999999 0.34327681718749997 0.9776455000000001 0.34604141718750003 0.9707342859375 0.348332278125 0.9620063875 0.3466844421875 0.9538919953124999 0.34453935156250004 0.9468165203125001 0.339372478125 0.9396910093749999 0.3332147890625 0.9325109546875 0.332472071875 0.931647925 0.33174574687499997 0.9258734625 0.33780101406249996 0.9150232640624999 0.3357112921875 0.9079513968749999 0.3278395328125 0.9102634484375001 0.3252526328125 0.9141567421874999 0.32392100625000003 0.9173022296875001 0.3230562375 0.9207788546875 0.3282496171875 0.9164073640625 0.3291839640625 0.9182714734375 0.32589970468749996 0.9225554265625 0.32431888125 0.928292721875
0 0.3841525421875 0.942280653125 0.38375966093749997 0.9385575765624999 0.3824554171875 0.9360740515625 0.379683484375 0.9375939984375 0.3796299984375 0.94070255625 0.3810088046875 0.9423109921874999 0.38362128906250004 0.943698640625 0.3841525421875 0.942280653125
0 0.7817591375 0.9191442671875001 0.7792083953125 0.922469734375 0.7773724515625 0.925286446875 0.7737485484375 0.9222281828125001 0.7734713625 0.9285747359375 0.7746240906249999 0.9308573718750001 0.7749475593749999 0.9339200265625 0.7736400546875 0.9365775046874999 0.7711778953125 0.9403571390625001 0.769978875 0.9459003375 0.771258325 0.9479387015625 0.773945578125 0.9476609734375 0.7787113515625 0.9414333859375 0.7833323140624999 0.9454127890624999 0.7857445296875001 0.9482134859375 0.7888481890625 0.947173996875 0.7887464843750001 0.944337840625 0.786607446875 0.9393528718749999 0.7848723328125 0.9349523218750001 0.786273865625 0.9309023859375 0.790952721875 0.9276596109374999 0.7935731859375 0.924593903125 0.79765623125 0.9187915734375001 0.80077381875 0.9139532546875 0.7999625765625 0.9093739031249999 0.796681934375 0.9078176734375001 0.7939705125 0.90992828125 0.7906631515625 0.9118548609375001 0.787387215625 0.9136618765625 0.7869867328125 0.9140668953125 0.78102209375 0.9082004203125 0.7774002015625 0.9058787921875 0.775950015625 0.9062370281250001 0.7766878765625 0.9104171750000001 0.78068671875 0.9179246843750001 0.7817591375 0.9191442671875001
0 0.8851430312499999 0.9109412078125001 0.8825321625000001 0.9075957906250001 0.878083440625 0.9041340328125 0.8767453140624999 0.9064852218749999 0.8742302734375 0.9110921031249999 0.87672274375 0.915314071875 0.8793651265625 0.917449565625 0.8846862859375 0.9206766562500001 0.8866371 0.9175776390625 0.8862108328125 0.9144786578125 0.8851430312499999 0.9109412078125001
0 0.23279183906249998 0.05929475468749999 0.2313112296875 0.056000221875 0.233421953125 0.0491310234375 0.23319102187500002 0.0453045125 0.2325506296875 0.0464464578125 0.2299614078125 0.049510453125 0.226622415625 0.0544396 0.22371229375 0.056304003125 0.22143510156250001 0.0597656859375 0.2212208734375 0.0630938109375 0.21999153906250002 0.0689764125 0.220128346875 0.072729546875 0.22306365781249998 0.07191199375 0.22562680937500001 0.0718436984375 0.22880951875000002 0.0705099578125 0.23225457343749997 0.0677409328125 0.2341461578125 0.062673259375 0.23279183906249998 0.05929475468749999
0 0.2417847359375 0.11663447812500001 0.24263727343750002 0.11344507968749999 0.2412921171875 0.111603725 0.23881555625 0.112839678125 0.23765604218749997 0.11730880156250001 0.23856769375 0.12046674375 0.23865134999999998 0.12000704375 0.2417847359375 0.11663447812500001
0 0.2450192484375 0.174405040625 0.2453326703125 0.1773870515625 0.2470774234375 0.17769385625 0.2486963625 0.17713249375 0.24958390625 0.176010134375 0.250368596875 0.17311695 0.24918384374999997 0.1711424734375 0.24610100468749999 0.17033215468750001 0.2450192484375 0.174405040625
0 0.243239009375 0.08455045624999999 0.24361370781249997 0.08584337187499999 0.2458382515625 0.0895341875 0.249268028125 0.088757359375 0.24831405625 0.0853163515625 0.2469707265625 0.08226662343749999 0.2441587921875 0.0791607234375 0.2405398859375 0.077614909375 0.2392842828125 0.07786628281249999 0.243239009375 0.08455045624999999
0 0.2883783484375 0.2406670203125 0.2826370296875 0.25115586093750003 0.2840943671875 0.2531676734375 0.2902067625 0.2415306296875 0.2883783484375 0.2406670203125
0 0.29530542187500003 0.2257942828125 0.29001929843749996 0.23744503125 0.2923443515625 0.23856437968750002 0.2973083359375 0.22839290625 0.29530542187500003 0.2257942828125
0 0.7385761078125 0.9611821609375 0.7321970203125 0.9602815234375001 0.735426221875 0.9685832062499999 0.7385761078125 0.9611821609375
0 0.85724956875 0.9392824375 0.8534883843750001 0.9333933265625 0.8505018249999999 0.9423483125000001 0.85724956875 0.9392824375