0 0.5242736109374999 0.3861675046875 0.5210931140625 0.3875028796875 0.5194088375 0.3911290765625 0.51727061875 0.392699009375 0.5096830296875 0.3857846171875 0.536035646875 0.42565438437500003 0.534457996875 0.4183790328125 0.5339747406249999 0.4130307875 0.5336803328124999 0.40458661874999996 0.5335877078125 0.397636309375 0.53290763125 0.3927893859375 0.5301780578125 0.394059209375 0.5270601546875 0.3950958890625 0.525773246875 0.39051288125 0.5242736109374999 0.3861675046875
0 0.4605948671875 0.532892146875 0.4622128140625 0.5345321968750001 0.46500281250000003 0.5342888171875 0.4655093734375 0.5314598890625 0.46580048593749995 0.5280845625 0.4595816609375 0.527505175 0.4605948671875 0.532892146875
0 0.49570137968749994 0.1910688359375 0.4981253859375 0.1902257921875 0.4994937140625 0.1898218515625 0.5016818515625 0.1859858 0.5002098484374999 0.1821879328125 0.491899796875 0.1836253 0.49264761718749994 0.1880752234375 0.4930758796875 0.1902334078125 0.49570137968749994 0.1910688359375
0 0.28948198125 0.139704190625 0.285661509375 0.144772125 0.283101846875 0.1467705890625 0.27848296562499997 0.152533628125 0.27659487656250004 0.1536597953125 0.2702390515625 0.160351953125 0.2663000859375 0.16803915 0.26380544375000003 0.1728871109375 0.26279333125000004 0.1771822140625 0.2620593625 0.1829172859375 0.2606912359375 0.1904826140625 0.259698675 0.195539159375 0.25313992500000004 0.1878916703125 0.249147390625 0.1829572046875 0.2439734234375 0.1772489109375 0.24060727499999998 0.175767584375 0.23789879531250002 0.17956071875 0.237915840625 0.1812357828125 0.235881090625 0.1835183578125 0.238604353125 0.1892953609375 0.242239125 0.1948165953125 0.24938788125000003 0.203715428125 0.2551221390625 0.21515308593750002 0.25720467343750003 0.22201992499999998 0.2513345796875 0.225653625 0.24652579375 0.2264718234375 0.240783078125 0.22313701562500002 0.24204852500000001 0.21950138749999998 0.24199947656249998 0.21315261875 0.2394322125 0.210161034375 0.232329334375 0.2092239515625 0.2311666234375 0.2099140453125 0.2225602046875 0.2162003609375 0.2256582828125 0.22127414218750002 0.22453899375000003 0.22370326718750003 0.21821633125 0.22812060625 0.208420971875 0.24231490937500003 0.21034315625 0.24346395781250002 0.21851029375 0.24009615312500002 0.22034044531250002 0.23915001406249997 0.2181745796875 0.247845453125 0.2165878234375 0.2523873828125 0.216304509375 0.2608982828125 0.2178551765625 0.2694348875 0.2192905546875 0.27434955625 0.22103221093749997 0.2794508234375 0.226265721875 0.29327804999999996 0.2231905796875 0.29935043125 0.216679475 0.30464661249999997 0.21446821875 0.309759765625 0.21374046406249997 0.3186901671875 0.2116410046875 0.3231927109375 0.2128382796875 0.3250375875 0.22058742968749998 0.318808046875 0.22481904843749997 0.31428425 0.22366496875 0.319795465625 0.221348915625 0.32598273125 0.21815805937500002 0.3335166859375 0.21681309375 0.3374157015625 0.22781484062500001 0.3349834671875 0.23380559218750002 0.33474980468750004 0.2390574875 0.334910825 0.2445599609375 0.3325893703125 0.2483701296875 0.33986906875 0.24287789062499998 0.336531740625 0.2417131421875 0.336185934375 0.239684934375 0.3453298171875 0.239092684375 0.3491071234375 0.2379007734375 0.3569523703125 0.2340510015625 0.36466927656250003 0.2264146390625 0.3508037421875 0.21736037343749998 0.3462893171875 0.2118645421875 0.35078284531250004 0.21122316875 0.360752003125 0.21975655781249998 0.372757246875 0.2200113171875 0.3639851203125 0.2162528671875 0.3584652296875 0.2224625359375 0.36107035 0.22416780468750003 0.3654030359375 0.22536291406250003 0.3693193875 0.23018975625000002 0.377650609375 0.2346656515625 0.3865580046875 0.239361315625 0.39586964375 0.247173175 0.406058071875 0.24525249218749998 0.4101647421875 0.2469467875 0.41721463906249995 0.2519995671875 0.42120486250000005 0.25618489843750003 0.42159475156250004 0.260594121875 0.41768265156249995 0.262641740625 0.41345276875000003 0.26652113125 0.40487216562499995 0.2667601140625 0.402312415625 0.2737086484375 0.4005220578125 0.2773469859375 0.400302796875 0.2733259671875 0.40940639218749997 0.273330396875 0.41821870156249996 0.278014784375 0.419684621875 0.28132284531249996 0.41663169375000003 0.2865252484375 0.4139753265625 0.29028901875 0.41279568906249997 0.2936524578125 0.41170146875 0.2982670796875 0.41297597656249996 0.30623853125 0.41886530312500003 0.3112011421875 0.42433721249999995 0.31837845625 0.4316760265625 0.324081640625 0.4356158453125 0.33215971718750004 0.435380484375 0.33509674375 0.4260620515625 0.33671969062499996 0.4166199875 0.340925890625 0.41485019687499997 0.344687934375 0.42101804062500003 0.3485051546875 0.4216249 0.3488350703125 0.4151207515625 0.349204753125 0.4116494046875 0.3561596828125 0.40024307812500004 0.3567639640625 0.40032638125000003 0.36300418125 0.40255758906250005 0.363485290625 0.395706190625 0.356794303125 0.38944743437499996 0.35700865937500004 0.386939590625 0.3629505296875 0.38662356875000004 0.3703240875 0.3919793109375 0.3686309046875 0.3866099 0.36382535 0.37357334375 0.3680034375 0.37278780624999996 0.3629822359375 0.3579546890625 0.3609061734375 0.34917306406250004 0.363205346875 0.34572616875 0.374889725 0.3434048140625 0.3856364359375 0.341151665625 0.38839445625 0.340025715625 0.405914884375 0.33424255 0.393050459375 0.3114614953125 0.392689103125 0.3047724796875 0.3954466921875 0.30281881093749996 0.39192761875 0.290253353125 0.3892229375 0.28015108125 0.3903864390625 0.2657124984375 0.392151159375 0.25861075 0.38855698125 0.2557781375 0.4155113703125 0.240696278125 0.40321764375 0.2253865796875 0.3995593171875 0.21625447812499998 0.39479146875 0.2146793515625 0.3940705953125 0.209177834375 0.3902813421875 0.1966326390625 0.3769737890625 0.18197859375 0.3785265953125 0.17214325625 0.374340940625 0.16698275 0.371121 0.1601141921875 0.363409 0.16390327031250002 0.365573978125 0.158956671875 0.3704843453125 0.1555433578125 0.37726622656250003 0.14958857187500002 0.36843097812500003 0.140268084375 0.364757171875 0.1445676421875 0.365755709375 0.1530408890625 0.359381521875 0.160620803125 0.3578247140625 0.15805299374999998 0.3634400859375 0.147904846875 0.3559725921875 0.1484913953125 0.35373194375 0.15070215781250001 0.3523607390625 0.15587811406250002 0.3496997703125 0.15986931875 0.344554228125 0.162664790625 0.340814384375 0.1632385984375 0.3365316375 0.163871575 0.3370656515625 0.1552642890625 0.3352742625 0.1521569015625 0.3330337796875 0.14627376875 0.32975707656250003 0.14117497968749998 0.328084365625 0.1465807828125 0.3277572296875 0.1508226 0.3216275984375 0.1502729203125 0.3180128484375 0.15204241406250002 0.3127777390625 0.1535016796875 0.3103979453125 0.15484459687500002 0.3071954046875 0.1552869703125 0.3031912796875 0.151409596875 0.304579578125 0.1466538625 0.30553293125000003 0.144375634375 0.3078089390625 0.138325521875 0.3145903390625 0.129483940625 0.31909715312500003 0.11944042031249999 0.307443478125 0.12392259375 0.30356920625 0.1278376953125 0.295872396875 0.132352 0.29197403906249997 0.1372640828125 0.28948198125 0.139704190625
0 0.8255718312500001 0.1261110859375 0.8204609421875 0.11896036562500001 0.8138355171875 0.118347153125 0.81005925625 0.1220639875 0.8099865140625001 0.12398938125 0.81407846875 0.1343114328125 0.8203401265625001 0.1369396203125 0.822097675 0.140752453125 0.8234281953125 0.1479366203125 0.8287176546874999 0.15045596562500002 0.831272496875 0.151146871875 0.8343556984375 0.1602065875 0.8377803703125 0.1685425578125 0.8404025953125001 0.17603850468749999 0.8468754296875 0.1825189609375 0.8493411328124999 0.1834179875 0.8538515296875 0.1846510453125 0.8524620687500001 0.1981765515625 0.8506142562499999 0.2094014765625 0.8447883078125 0.22353781874999998 0.8468995937500001 0.226392853125 0.859004703125 0.21272953593750002 0.8626626921874999 0.21004542656249997 0.868994353125 0.207307421875 0.8762471234375001 0.1998611734375 0.8817870640625 0.199093809375 0.8896068046875 0.1938161421875 0.8973208312500001 0.181449790625 0.8963814078125001 0.167758425 0.8978026968749999 0.1643734828125 0.904325109375 0.17883465781250002 0.9084168781249999 0.18501039375 0.9153782500000001 0.1947380546875 0.92461753125 0.1981105984375 0.9277694640625 0.19573793125 0.9192996640625 0.1856840015625 0.9125892421874999 0.175138665625 0.9123055890625 0.17108701875000001 0.9169165703125 0.171505475 0.914375440625 0.1623427375 0.9099196796875001 0.149080428125 0.9110667671874999 0.14462810937499998 0.9169640625 0.13960956093750002 0.9199655906249999 0.13007545781250002 0.91941229375 0.1225705890625 0.9202185 0.11154611249999999 0.9224497906250001 0.0961089203125 0.9230300234375 0.0807979921875 0.921458828125 0.0744742828125 0.9174012359375 0.066153646875 0.9114817390625 0.0578027125 0.9028354015625 0.049714112500000004 0.8973820203124999 0.0453367671875 0.8991762812499999 0.052479523437499995 0.9031620578125 0.06172266562499999 0.9057632296874999 0.06762000781250001 0.9026201781250001 0.075197146875 0.8962222453124999 0.077945759375 0.8840414078125001 0.08824738125 0.8748531546875 0.0960522015625 0.8621400124999999 0.1068078375 0.8520912375 0.12180716875 0.8476404499999999 0.12457177187499999 0.8423014312499999 0.12004239218749999 0.8375023296874999 0.1182575296875 0.830385678125 0.1188968875 0.8255718312500001 0.1261110859375
0 0.76152178125 0.1406163453125 0.7640690140624999 0.13076427968749998 0.7602606953125 0.1284649421875 0.7548588265625 0.12749339843750002 0.7519755890625001 0.12870979375 0.76152178125 0.1406163453125
0 0.8851721140625 0.5630744796875 0.88400380625 0.5563478671875 0.8813924906249999 0.5491513390625 0.87839494375 0.5437714609375 0.8747256046875 0.5393874765625 0.8680934671875 0.528930734375 0.8675730734375 0.5316056031249999 0.8672527546875 0.5376877984374999 0.8647472484375 0.5398471296875 0.8567323046875 0.542938146875 0.847317425 0.5486782765625 0.8422099781249999 0.5525381375 0.8335019484374999 0.5568820984375 0.827828996875 0.5552016453124999 0.8254188093750001 0.5469438765625 0.8219537750000001 0.543945921875 0.8179056484375 0.538669015625 0.814762759375 0.5396152015625 0.8162873546875 0.547246075 0.8129344296875001 0.554976503125 0.8187877578125 0.567844228125 0.8235881031250001 0.5748300328125 0.810956775 0.5727989890625 0.809703865625 0.5777777390625001 0.8039940828125 0.5957879703125 0.8004562421875001 0.5951644593750001 0.790402190625 0.592411059375 0.7866780484375 0.5753990890625 0.7840265515625 0.575089584375 0.7851790203125 0.5925378734375 0.7759321203125 0.590355625 0.774905321875 0.590303378125 0.7725995078125 0.593429171875 0.77259415625 0.604040309375 0.7780992984374999 0.6147743875 0.7858644890625001 0.625226359375 0.7922830265624999 0.6382660875 0.7975024234375 0.651407259375 0.8022824156249999 0.6595576578125 0.8066299906250001 0.6631213265625 0.8151589609375 0.6652690781249999 0.8249962015625 0.6606353828125 0.8231058015625001 0.664283634375 0.812076621875 0.6817788250000001 0.80581119375 0.693164959375 0.80480045625 0.7010463 0.8069335890625 0.70097659375 0.8158153890625 0.6958844531249999 0.8215289421874999 0.6888785640624999 0.82970009375 0.6817918093750001 0.842029775 0.6745912890625 0.8487901921875001 0.66776230625 0.8568640234375 0.6584423968750001 0.8610325359375001 0.6544957765625 0.8685582609375 0.6561418984375 0.8794882296875001 0.66400595625 0.8853936625 0.66417619375 0.8760684546874999 0.6456048859375 0.8765046921874999 0.640445646875 0.88141163125 0.632709040625 0.8842971046875 0.6212693765624999 0.8853310421874999 0.6102583984375001 0.888198575 0.6008627843750001 0.8871264859375 0.5917926828125 0.8880086265625 0.5839468484375 0.8875365671875001 0.57247360625 0.8851721140625 0.5630744796875
0 0.8600251828125 0.8552666421874999 0.8553441062499999 0.8550213187500001 0.85493523125 0.8628231109375 0.8596163078125001 0.8630684359374999 0.8600251828125 0.8552666421874999
0 0.5675244234375 1 0.5623382734375 0.9896007015625001 0.561010065625 0.9843130046875 0.5630114749999999 0.9787257171875 0.5624801671874999 0.9700250499999999 0.5599472671875 0.9598394671875001 0.5552509406249999 0.9508688859375001 0.549161684375 0.95056384375 0.5476885390625 0.95562493125 0.5491688140625001 0.9604293 0.5533748203125 0.9603649609374999 0.552471421875 0.964585965625 0.5479265343749999 0.9652052031249999 0.5414397125 0.961917453125 0.53731615 0.959005465625 0.5431364734375 0.9704429390625 0.5405445265625 0.976072815625 0.5449791546875 0.984065859375 0.54863418125 0.9912904875 0.5564740359375 0.99739196875 0.561435221875 1 0.5675244234375 1
0 0.4368946078125 0.8633108484375001 0.440664434375 0.8635084171875 0.4438862171875 0.8620719390625 0.44693771406250005 0.8586003218749999 0.4455202765625 0.8538508796875 0.43919560625000004 0.8566346250000001 0.43562013437499997 0.8588786984375 0.4359913171875 0.8621260124999999 0.4368946078125 0.8633108484375001
0 0.563373046875 0.709309790625 0.5556054671874999 0.70765099375 0.5544025125 0.707586384375 0.5444138328125 0.7158859296875 0.538583509375 0.7210894875 0.531191425 0.731701534375 0.5204214234375 0.743295953125 0.5120544609375 0.7517305578125 0.50661246875 0.7637950921875001 0.5048157078125 0.77930043125 0.507833775 0.79530531875 0.5121099890624999 0.8033057078124999 0.5180520734375 0.803582696875 0.5279760796875 0.7980397953125 0.5345244625000001 0.7960328859375 0.533767471875 0.8071632093750001 0.527749784375 0.819912615625 0.52561945 0.82810923125 0.53256449375 0.8290724640624999 0.5405975015625 0.8211883234374999 0.544918646875 0.8189270015625001 0.54661048125 0.8230383671875 0.554265996875 0.824476934375 0.5633794734375 0.8304589703125 0.5678706734375 0.8391340359375 0.577220928125 0.8418818437500001 0.5763565046875 0.8540470250000001 0.571273425 0.8622187578125 0.5703796484375 0.8731228625 0.5791102359375 0.8727073421875 0.5833236796875 0.8673361203125 0.5857296109375 0.8638823046875 0.592094034375 0.8607579859375001 0.6018071515625001 0.8511782015625 0.604059815625 0.848350034375 0.6085930562499999 0.841175890625 0.614352303125 0.8339549109375 0.61741791875 0.8282434625 0.6236492046875 0.8176879296875 0.6318959937499999 0.8135466703124999 0.6451091515625 0.817731428125 0.64322383125 0.80035425625 0.6401554515625001 0.7933105796875 0.6307266703125001 0.78313441875 0.6270368609375 0.786007746875 0.6190621046875 0.7756136359375 0.611401678125 0.7613713265625 0.6071324953125 0.755804328125 0.6083228968750001 0.7459875499999999 0.6170559921875001 0.735104690625 0.6199200671875 0.7264020328125 0.6105785046875 0.7353707359375 0.606011778125 0.7382278359375001 0.6020467859374999 0.7367385953125 0.5934431890625 0.7177732640625 0.5871898015625 0.7131959640625001 0.587752690625 0.71842790625 0.585104746875 0.71969261875 0.580734403125 0.7145631140625001 0.5769839718750001 0.7048597828125 0.5655443984375 0.691344121875 0.561412334375 0.6893407453125 0.5672895484375 0.70031963125 0.569542515625 0.7106219734375 0.5759248968749999 0.72282898125 0.5738520015625 0.7300788671875 0.5675231593750001 0.7241050796875 0.5647408796875 0.7188272328124999 0.563373046875 0.709309790625
0 0.5539285796875 0.9338857796875001 0.5492475046874999 0.9336404546875 0.5488386296875001 0.9414422468750001 0.5535197046875 0.941687571875 0.5539285796875 0.9338857796875001
0 0.63609936875 0.9632264765624999 0.629857934375 0.9628993765624999 0.629449059375 0.9707011703124999 0.6356904937500001 0.9710282703124999 0.63609936875 0.9632264765624999
0 0.5777305578124999 0.13638227812499998 0.574609840625 0.136218728125 0.574282740625 0.1424601625 0.5774034578125 0.1426237125 0.5777305578124999 0.13638227812499998