0 0.3207969390625 0.5558817828125 0.325114171875 0.5506440718750001 0.3299900375 0.54727353125 0.3333798125 0.5478095125 0.3369692359375 0.551239121875 0.3464877046875 0.539982478125 0.3548797078125 0.5356141796875 0.36085578281249997 0.5359688968749999 0.364959984375 0.5360356515625 0.36807743125000003 0.5356035578125 0.3733689765625 0.5345637484375 0.38017051562500004 0.5350502015624999 0.385294890625 0.536327853125 0.3885726703125 0.5371450953125 0.3892172046875 0.5316277578124999 0.39177087187500004 0.5319778203125 0.39244205 0.535628315625 0.3930537578125 0.536326734375 0.39815748125 0.5385074640624999 0.40541857343750004 0.542388746875 0.4070596421875 0.5402503624999999 0.410953934375 0.53678001875 0.412834928125 0.5377031171875 0.41598898906250004 0.535244690625 0.4209052875 0.528095115625 0.4223551953125 0.5179073203125 0.4206291765625 0.5079663437499999 0.41500511093750003 0.50334505 0.40679126875 0.49940335625000004 0.40272210468749997 0.499008778125 0.397081871875 0.49878610625 0.3947656671875 0.4970056921875 0.3983486265625 0.49021773125 0.40175451874999996 0.48388160625000004 0.39777679843749997 0.4776755890625 0.387766021875 0.4774920609375 0.382404815625 0.4780426734375 0.37653859375 0.48001168125 0.3678766390625 0.48297609531249996 0.3598559546875 0.48185072656249994 0.3514825265625 0.48083547812500005 0.34588550156250003 0.4812210125 0.341128309375 0.47989159062500003 0.341289875 0.4842878265625 0.34000426875 0.49600614531250004 0.335272434375 0.49642220625 0.33017104375 0.49253993593749995 0.329031596875 0.48908831406250003 0.3294233078125 0.484681875 0.328241934375 0.48145007656249994 0.3235453578125 0.476499634375 0.3210760109375 0.469262265625 0.319260040625 0.4644937984375 0.3157997390625 0.460300878125 0.309845853125 0.457880803125 0.29067919999999997 0.458050575 0.285714690625 0.46267440000000004 0.28278489218749997 0.4727911265625 0.28256095625 0.4836227609375 0.2807396609375 0.49380169531250007 0.27977109843750003 0.5064831328125 0.28119550625 0.5170912734375 0.28888522499999997 0.5240005703125 0.2977866109375 0.53050664375 0.306564146875 0.5389239 0.308895934375 0.546764665625 0.312173584375 0.5557655921875 0.3150879765625 0.556638771875 0.3207969390625 0.5558817828125
0 0.31955376874999997 0.5927479921875001 0.321932128125 0.596332984375 0.3241752703125 0.597637846875 0.32619684375 0.5949421484374999 0.32620629375 0.59011189375 0.3258565671875 0.5884014796875 0.3204727734375 0.5837982234375 0.3181765328125 0.5860196359375001 0.3181215046875 0.5894890671875 0.31955376874999997 0.5927479921875001
0 0.3484473453125 0.593945425 0.3463696984375 0.5942631734375 0.3455983984375 0.5958841015624999 0.34547306718750004 0.597846446875 0.346916653125 0.5998328093749999 0.34760344062500004 0.6000040453125 0.34944703593750004 0.5987197140625 0.3501179875 0.596622871875 0.34960424843750004 0.5956348640625 0.3484473453125 0.593945425
0 0.21610518750000002 0.6060623203125 0.2137913515625 0.6086255671874999 0.21285141406250002 0.6180338937500001 0.2156223484375 0.6227699234374999 0.215302884375 0.6269640984375 0.2258250765625 0.6196711390625 0.2312722515625 0.6166378921875 0.236531675 0.61214235 0.240547784375 0.605348053125 0.24124835 0.597946103125 0.22741773125 0.599707171875 0.22545052187499998 0.5978833359375 0.22439097343749997 0.593135990625 0.2204217984375 0.6028357609375 0.21610518750000002 0.6060623203125
0 0.24474062968750002 0.49513226406250005 0.24160812968749998 0.49153638125 0.2373617328125 0.49133594374999995 0.236285378125 0.4971643015625 0.236624084375 0.5024195328125 0.2407894671875 0.5009556203125001 0.24411105000000002 0.49852929843749993 0.24474062968750002 0.49513226406250005
0 0.2174963359375 0.5161644562500001 0.2139891765625 0.518773175 0.2138182359375 0.525917475 0.214896484375 0.526675853125 0.21974374375 0.5278055046875 0.2220602015625 0.522796815625 0.2222468578125 0.5195292859375 0.2205233296875 0.5159207640625 0.2174963359375 0.5161644562500001
0 0.26424191406249997 0.50156455625 0.260712290625 0.5070018609375 0.25723627968749996 0.5121208046875 0.252636790625 0.5174701109375001 0.24979522968749998 0.5220982765625 0.24484099062500003 0.5309759421875 0.24346042968749998 0.5363645171875 0.2477266984375 0.539223740625 0.24910345625 0.5374091562500001 0.2510365359375 0.5356044546875001 0.252080628125 0.54047838125 0.2547863171875 0.5427182296875 0.257182184375 0.5416279562499999 0.258589184375 0.53610104375 0.2575219765625 0.5306287484375 0.259688040625 0.5257065578125 0.262640403125 0.53089040625 0.2678450484375 0.5272668890625 0.2695002265625 0.523470159375 0.269459234375 0.52276910625 0.2638068390625 0.521891215625 0.2599727921875 0.5229498078125 0.2597971359375 0.5190428203125 0.260986678125 0.5118239796874999 0.26242044999999997 0.5096773890625 0.27011085625 0.506889428125 0.2719889546875 0.5050339796875 0.27337146562500003 0.499133803125 0.271714671875 0.49618122187499997 0.2681577859375 0.4962638109375 0.26424191406249997 0.50156455625
0 0.302254115625 0.6711688234375 0.2980842453125 0.671526928125 0.29713160156249996 0.6716340187500001 0.2962320546875 0.6742020546874999 0.2982244 0.6768228328125 0.299916828125 0.6744009531249999 0.3033434953125 0.6733486828124999 0.302254115625 0.6711688234375
0 0.209322690625 0.6710229703125 0.2038308265625 0.6699081265625 0.2024015234375 0.6725276578125 0.2025675765625 0.6774290484375001 0.20363311562500003 0.6790651109375 0.208533171875 0.676191753125 0.209868878125 0.6747807906250001 0.209322690625 0.6710229703125
0 0.439299725 0.269890990625 0.43680750625 0.272026503125 0.43489717812500006 0.27804790156250003 0.435827284375 0.2812540890625 0.4388768703125 0.2813783546875 0.4423100171875 0.2815853703125 0.4446714140625 0.2799228859375 0.44613941874999996 0.276179328125 0.4450209390625 0.271726475 0.440926521875 0.269153259375 0.439299725 0.269890990625
0 0.3365512859375 0.018723134375 0.334507278125 0.02010081875 0.33419276875000004 0.024339706250000002 0.33534476406249997 0.02725660625 0.3379339078125 0.028575271875000002 0.3428621609375 0.0235478765625 0.3435077796875 0.01974420625 0.34042775937499997 0.018237128124999998 0.3365512859375 0.018723134375
0 0.879506725 0.22048958281250003 0.8804565078125 0.219457446875 0.8846869640625 0.21602743906250002 0.8846860484375 0.2103862109375 0.8805508468750001 0.20983667968750003 0.8772113906250001 0.2109654453125 0.8755459734375 0.2123553953125 0.8723747984375001 0.215915853125 0.8733345546875 0.21926792343749998 0.875193478125 0.22064768437499999 0.879506725 0.22048958281250003
0 0.72468515625 0.18684966875 0.721625175 0.18766485625 0.7195996578125 0.19191354375 0.7199733015625001 0.1966863328125 0.72233040625 0.1990196265625 0.7249884765625 0.19787234375 0.728166209375 0.19449226718749998 0.7278291578125 0.1888557984375 0.72468515625 0.18684966875
0 0.7191397328125 0.0627241765625 0.716175528125 0.0651767984375 0.7150016015625 0.0707247875 0.7159236 0.0742928890625 0.7214482375 0.07269926875 0.723408853125 0.0694923890625 0.7237235531249999 0.0649556359375 0.722430778125 0.0629456828125 0.7191397328125 0.0627241765625
0 0.56516664375 0.5322884046875 0.560576459375 0.533176184375 0.5591453046875 0.5370625859375 0.55929455625 0.542360759375 0.5610721234375 0.5439311906250001 0.5653039468750001 0.543260025 0.567708603125 0.5410881875 0.568659271875 0.5372623453125 0.56516664375 0.5322884046875
0 0.5551860890625 0.6194214890625 0.5549656828125 0.6232506609375 0.5575463625 0.6285624546874999 0.564196409375 0.630392803125 0.569276759375 0.629173121875 0.5621353203125 0.60117310625 0.5606091546874999 0.599240228125 0.5569355078125 0.5998557124999999 0.55262095625 0.6021439609375 0.5527490703125 0.605776609375 0.553546390625 0.6087467890625 0.5527469125 0.6113526578124999 0.55351083125 0.615438521875 0.5551860890625 0.6194214890625
0 0.6725459453125 0.8522690374999999 0.6763963640624999 0.843542896875 0.671571178125 0.8239884796875 0.6612382046875 0.7901298359375 0.649120796875 0.7714046515625 0.6320260906249999 0.7406782375 0.629427296875 0.7360849671875 0.621699515625 0.7361034984375 0.6147566109375 0.743385475 0.607666146875 0.74804285625 0.6025250234375 0.7448495640624999 0.5897075218750001 0.7504462249999999 0.5807438609375 0.7551244953125 0.5696053390625 0.763998115625 0.5636811203125001 0.77672740625 0.5626381140625 0.7867493375 0.5684163453125 0.7984446171874999 0.570482190625 0.8088245953125 0.5657082265625 0.80973901875 0.5642328984375 0.8138865546874999 0.5629073171875 0.8277092734375 0.558039325 0.8291493765625001 0.5523177984375 0.8298146640624999 0.54631793125 0.8331851578125 0.539047271875 0.850126325 0.5305372421875 0.8626150953125 0.52329456875 0.8602939875000001 0.513616290625 0.851956503125 0.5067830328125 0.8498534187500001 0.5057787015625 0.8551151828125001 0.506349528125 0.8582833234375 0.5082208640625 0.8625132499999999 0.5096325796875 0.8686318359375 0.5084063578125 0.8759784093749999 0.5080514265625 0.8828143515625 0.510402209375 0.8877370953125 0.5151474546875 0.89534061875 0.5178816359375 0.9018839421875 0.519614865625 0.9076495109374999 0.5218200484375 0.9130464296874999 0.5234901875 0.9209186875 0.5263675671875 0.927384990625 0.532273796875 0.9317465171875 0.5328530203125 0.939802503125 0.5406988593750001 0.9514851078125 0.5452067390625001 0.952884415625 0.5485648859375 0.9471531437499999 0.5416847359375 0.9422090109375001 0.54535014375 0.9345607546875 0.5606575578124999 0.942351625 0.5768874984375 0.941966565625 0.573654615625 0.94682728125 0.5661306453125 0.9545215593749999 0.5549631484375 0.963718071875 0.545841684375 0.9711477078125 0.53966328125 0.975046965625 0.5375107921875 0.979863040625 0.5465977609375 0.9838034234374999 0.5490602609375 0.9874061734374999 0.5616562625 0.9779184703125001 0.5739587453125 0.96511920625 0.572825965625 0.9626225625 0.5586668875 0.97652578125 0.5561183421875 0.97468905 0.5747357234375 0.9562998890625 0.5857056109375 0.9450347484374999 0.5930147953125 0.9458619453124999 0.6000835515625 0.9416339421875 0.6058385625 0.9345952515624999 0.602134825 0.91759584375 0.6065274578125 0.9237201234375 0.6120855171875 0.9264360390625 0.6205350734375 0.926784265625 0.624936140625 0.9402505484375 0.62797905 0.9418031250000001 0.6302452546875 0.9424212953125 0.62587324375 0.9251634781250001 0.64333209375 0.908501603125 0.654278634375 0.90226454375 0.6548497515625 0.8975066937499999 0.6576810156249999 0.88918024375 0.67094003125 0.8788288468750001 0.6793345171875 0.8711954109375 0.6900436640625001 0.8641020484374999 0.6976388859375 0.8534222625 0.7024644109375 0.8417604453124999 0.6969452 0.8477371343750001 0.6892449640625 0.8523600374999999 0.6827167671875001 0.85684198125 0.6713778546875 0.86644181875 0.663092028125 0.8691183625000001 0.6546506 0.8660442578125 0.66647006875 0.8493048515625 0.6725459453125 0.8522690374999999
0 0.4433209890625 0.8044310078124999 0.44156936093750004 0.799533653125 0.4371109890625 0.8045107296875 0.4382356109375 0.810883021875 0.440795015625 0.8101185515625 0.4433209890625 0.8044310078124999
0 0.41363453281250007 0.7869148375 0.4090539890625 0.78746685 0.40488025937499994 0.784120225 0.397974390625 0.7810553796875 0.3937343609375 0.786726196875 0.3753428328125 0.8057014671875 0.3757936 0.8083823375 0.37615700625000004 0.8143458328125 0.3742237421875 0.81825680625 0.3713443421875 0.8241734671875 0.3720961234375 0.8246459359375 0.378621040625 0.8233677374999999 0.3847507984375 0.819250228125 0.389195309375 0.8169251375 0.39202485 0.8184551125 0.3971191515625 0.8183226640625 0.4005742484375 0.8136880468750001 0.4017473359375 0.812806596875 0.4028561328125 0.8187256609375 0.4040765421875 0.8237578828125001 0.4061378015625 0.8232927296874999 0.4120843359375 0.8158863249999999 0.41520590156250003 0.8117820859375 0.41477541562500003 0.8076118828125001 0.41201007343749996 0.8045262281250001 0.4078258578125 0.799581146875 0.4104267078125 0.7954404796875 0.41363453281250007 0.7869148375
0 0.42524932812499994 0.7940861671875 0.4208442671875 0.7964726234375 0.4189920765625 0.80333945 0.4204094890625 0.8070842140625001 0.4220668703125 0.8103638390624999 0.42701417499999994 0.8090964921875001 0.4288135875 0.8074597546875 0.42933759531250004 0.8013149328125 0.42857316250000005 0.7970179875000001 0.42524932812499994 0.7940861671875
0 0.89118511875 0.6858569921875 0.8890594937499999 0.6912047328125001 0.8934769812500001 0.6898922453125 0.901633784375 0.688734284375 0.89953804375 0.68800724375 0.9004176765624999 0.6791185140625 0.8963364281249999 0.6793924312499999 0.89118511875 0.6858569921875
0 0.71356766875 0.5968143703125001 0.7106144249999999 0.5962261953125 0.7091556359375 0.6001588484375 0.7097844765625 0.6021836234375 0.7124261781250001 0.6021160125 0.71423725625 0.6003485265624999 0.71356766875 0.5968143703125001
0 0.688428653125 0.6618086109375 0.6870482203125 0.6656013781250001 0.6875852671875 0.670487375 0.688807428125 0.6722961453125 0.6898365609375 0.6744915781249999 0.6926006359375 0.670180653125 0.693877528125 0.6638580015625 0.6927781125 0.658992825 0.688428653125 0.6618086109375
0 0.863493515625 0.6713326015625001 0.8624540640625 0.674991378125 0.8628871 0.6778014859375 0.8643252453124999 0.6807720171875 0.8677859140624999 0.683749228125 0.8679683109375 0.677941140625 0.8685264453125001 0.672428028125 0.8666043890624999 0.6700937015624999 0.863493515625 0.6713326015625001
0 0.8413655953125 0.203524084375 0.8360968921874999 0.2023344453125 0.83110764375 0.20559136875 0.8282721671875001 0.21025325781249998 0.8285668703125 0.2160402 0.838188209375 0.2074517625 0.8413655953125 0.203524084375
0 0.3822607 0.9415606484374999 0.37855027343750003 0.947535815625 0.37841342031249997 0.953451878125 0.3798375765625 0.954676540625 0.3849108078125 0.951786778125 0.386609271875 0.9445289593749999 0.3822607 0.9415606484374999
0 0.1629664359375 0.7565214859375 0.15907467343749998 0.7609956984374999 0.1591439984375 0.767544496875 0.1629535453125 0.7702914562500001 0.1668057328125 0.76915365 0.172300028125 0.7627279062500001 0.1771874046875 0.754189453125 0.1796197375 0.7484447453125 0.179599375 0.736022384375 0.17289753593749999 0.728399634375 0.17189843437500002 0.7281505312500001 0.164485825 0.7285713203124999 0.15937811562499998 0.7368632078124999 0.15274762343749998 0.7395853171875 0.1471994109375 0.7422487609374999 0.1467143171875 0.7529975671875 0.150635825 0.7566065937500001 0.15744037500000002 0.7516685828125 0.1624340515625 0.7500214875 0.1650806 0.7510259578125 0.1629664359375 0.7565214859375
0 0.22770288593750002 0.8683755046874999 0.225186546875 0.87251953125 0.2222738203125 0.8772716624999999 0.22134458437500001 0.8814313578125 0.22220314375 0.8835617171875001 0.2274496171875 0.8819599374999999 0.23340649375 0.8789233359375 0.2356782390625 0.87452025625 0.2361465171875 0.8713374359375001 0.23370305624999999 0.8684785765624999 0.2309987359375 0.86600718125 0.2298518703125 0.8622107078125 0.229294346875 0.8609009890625 0.22129399374999997 0.8505808515625001 0.21598378281250002 0.85626181875 0.213886940625 0.8603832203125 0.21751705000000002 0.8616345296875 0.2217238859375 0.8622003125000001 0.22786408749999998 0.8608117015625 0.2294575875 0.8631526781250001 0.22770288593750002 0.8683755046874999
0 0.2443082359375 0.834217115625 0.24508685937500002 0.8399813921874999 0.2463662640625 0.841224715625 0.24950369687500001 0.841235615625 0.24858964218750002 0.832849765625 0.24902652500000003 0.8345529234375 0.2534708921875 0.8361940484374999 0.256545640625 0.8329622109375 0.2570762375 0.8246531328125 0.2562976140625 0.8218856875 0.2533320984375 0.82046835 0.2504256546875 0.8225730499999999 0.2459283625 0.82892691875 0.2443082359375 0.834217115625
0 0.2218645796875 0.757515384375 0.22616774374999998 0.7516042656249999 0.223973196875 0.7486448234374999 0.21904170781249999 0.749751859375 0.216380896875 0.75435906875 0.2171455 0.7583259375 0.21950102187499998 0.7581595984375 0.2218645796875 0.757515384375
0 0.10177506875 0.628324003125 0.1059138828125 0.6303897593750001 0.11282871406249999 0.6290525765625 0.11602318281249999 0.626968159375 0.11804165625 0.6235679734375 0.11347274062499998 0.6161420718749999 0.1068344265625 0.6178815375 0.10271510156250001 0.6226613375000001 0.10177506875 0.628324003125
0 0.0574200890625 0.6814336453125 0.050597615625 0.68499679375 0.05090327343749999 0.6883307078125 0.053827515625 0.68860246875 0.057425884375 0.691195325 0.060780025 0.68692040625 0.0596673875 0.6839166999999999 0.0574200890625 0.6814336453125
0 0.035877798437500004 0.822507915625 0.030696693749999997 0.830396634375 0.029655553125 0.8355799765624999 0.0305235578125 0.8394615140624999 0.0361413703125 0.83719063125 0.042959559375 0.829853403125 0.044868692187499996 0.825535440625 0.0405859890625 0.8194611140625 0.035877798437500004 0.822507915625
0 0.039269540625 0.4319555015625 0.046584771875 0.4327584421875 0.0491671296875 0.42933781406250004 0.052404990625 0.4197681125 0.04714355 0.41508102812500003 0.039513895312500005 0.41805805312500005 0.037825393750000005 0.4200960421875 0.03660549375 0.427849996875 0.039269540625 0.4319555015625
0 0.14296848906249998 0.40346661875 0.1441375046875 0.409925665625 0.1473654109375 0.41756956093750003 0.14964389375 0.42022464218750005 0.15308147656249999 0.42085306093749997 0.1555331578125 0.415140553125 0.1561889859375 0.408305559375 0.154564659375 0.40036581718750003 0.1493695953125 0.39696905625 0.1437257078125 0.3987567796875 0.14296848906249998 0.40346661875
0 0.27015905 0.4602645671875 0.26582739375000003 0.46127155625 0.26169937499999996 0.46369005 0.261796746875 0.4666515765625 0.2641879265625 0.47073413750000004 0.2694227984375 0.4657686984375 0.2710367765625 0.46393918593750005 0.27015905 0.4602645671875
0 0.1715279171875 0.5396088375 0.16846061875 0.546828109375 0.16976311875 0.5510337640625 0.1735216671875 0.550439446875 0.1766686375 0.5493528671875 0.1795209875 0.5456050234375 0.179360421875 0.5391961203125 0.176426959375 0.535131334375 0.1715279171875 0.5396088375
0 0.30926452968749996 0.06488849218750001 0.30482414062499996 0.065343403125 0.30223106718750004 0.06979519375 0.3023349640625 0.07348621718750001 0.30281499843750004 0.07630804375 0.30869795624999996 0.07743021875 0.31267586718749996 0.0749485328125 0.31336770937499997 0.069331878125 0.30926452968749996 0.06488849218750001
0 0.2821647703125 0.0753752171875 0.274484315625 0.07472598750000001 0.2700974609375 0.07773696249999999 0.2654462015625 0.0851152625 0.272765959375 0.0864813390625 0.27669398749999996 0.08841724375 0.28305245 0.0881941828125 0.2902770875 0.0823721671875 0.2875762375 0.07879533749999999 0.2821647703125 0.0753752171875
0 0.169171178125 0.090932975 0.1648109328125 0.10066406718750001 0.16800815156249999 0.11251294375000001 0.1694332734375 0.112868265625 0.1745662 0.11448621875000001 0.17640109843750001 0.10424626249999999 0.1739648375 0.09240031562499999 0.169171178125 0.090932975
0 0.20809019687500002 0.2772515453125 0.2077800140625 0.282939203125 0.2091350625 0.28514504218750003 0.211319528125 0.2853483 0.21399090781250002 0.28307549062500004 0.2149193671875 0.27768530625 0.2121506234375 0.27581460625 0.20809019687500002 0.2772515453125
0 0.08758180625 0.3000275984375 0.08946839375 0.2990100296875 0.0927434984375 0.29679595625 0.095148603125 0.290540425 0.0918171390625 0.28813006093750004 0.08539188125 0.2935877671875 0.0851005140625 0.297268809375 0.08758180625 0.3000275984375
0 0.1010934984375 0.34464675312500004 0.1049068765625 0.337871153125 0.104284271875 0.32953059375 0.0992645578125 0.32955764374999996 0.09442977031250001 0.3319690046875 0.0872560703125 0.3434318375 0.0902536296875 0.3439843625 0.0930660515625 0.3436130953125 0.0977400515625 0.345825171875 0.1010934984375 0.34464675312500004
0 0.080504978125 0.3897429890625 0.0771628734375 0.3980708984375 0.0787156421875 0.40970783906249997 0.077158603125 0.42067408906250003 0.0816871609375 0.420614759375 0.0858636375 0.4175175140625 0.0884666953125 0.4096800703125 0.0862362953125 0.4063541953125 0.08965027656249999 0.400825253125 0.085055578125 0.39217873124999997 0.080504978125 0.3897429890625
0 0.156962921875 0.9140821406249999 0.1562355359375 0.9084417515625001 0.1523665578125 0.906398184375 0.1486369109375 0.91314151875 0.149618153125 0.9211028890625 0.155952303125 0.9249817281249999 0.157130021875 0.9224347375 0.15888306875 0.9199893234375001 0.1591337984375 0.9143721906250001 0.156962921875 0.9140821406249999
0 0.0070170453125 0.8821876734374999 0.008008253125 0.8897280109375 0.010843234375 0.8902738187500001 0.013944443749999999 0.8875365093750001 0.01464213125 0.8869664875 0.0148353203125 0.882045165625 0.00832370625 0.8809900859375001 0.0070170453125 0.8821876734374999
0 0.2523585765625 0.7276604171875001 0.2484261640625 0.7343709109375001 0.2496122609375 0.7396763859375 0.25290960625 0.73967240625 0.255699284375 0.738094159375 0.2596920859375 0.734590403125 0.259243484375 0.72634636875 0.2523585765625 0.7276604171875001
0 0.14984353749999998 0.7807621328125001 0.1506168296875 0.7876845203125 0.15228668437499998 0.7909141156249999 0.15489054687499998 0.790339478125 0.1559141984375 0.7904578250000001 0.15839470625000002 0.7871808875 0.15812652031250002 0.781978665625 0.1552100375 0.7795960828124999 0.14984353749999998 0.7807621328125001
0 0.1596131859375 0.566902775 0.1568359125 0.56592529375 0.15257810624999998 0.5698525171875 0.151302821875 0.5727262359374999 0.1519231703125 0.5757022109375 0.1581730421875 0.574551896875 0.1608448109375 0.5728911109375 0.1596131859375 0.566902775
0 0.641843596875 0.2394280984375 0.6404902124999999 0.24464309218750002 0.6445167125 0.24888378281249998 0.646252578125 0.24863219062500003 0.649159046875 0.2465661453125 0.6505680625 0.23763387812499998 0.6450809890625 0.233309225 0.641843596875 0.2394280984375
0 0.5915342234375001 0.2371971390625 0.590599109375 0.23326183281250001 0.589428475 0.2284368703125 0.5885280125000001 0.2301560328125 0.588235128125 0.233836696875 0.5915342234375001 0.2371971390625
0 0.567429590625 0.1407476125 0.5637323140625 0.13516064218749999 0.55879755 0.1424746984375 0.5611004171875 0.14354001875 0.567429590625 0.1407476125
0 0.5964843515625 0.40154527656249994 0.593439109375 0.40110002656250004 0.5912251375 0.4069700328125 0.5918672671875 0.4096325921875 0.59543906875 0.4091672421875 0.5977695671875 0.4053875171875 0.5964843515625 0.40154527656249994
0 0.49843244999999997 0.44462592812499996 0.5003041921875 0.44350642812499996 0.5019393734375 0.43984803125000005 0.49997038906249996 0.4382121609375 0.49553899531249995 0.4409044578125 0.49843244999999997 0.44462592812499996
0 0.5105963953125 0.41890301093750004 0.507072090625 0.42495839999999996 0.5078227109375 0.4295884609375 0.510900828125 0.43108379374999994 0.5147184859375 0.429277140625 0.5154125953124999 0.4236513890625 0.5128297828124999 0.4197626 0.5105963953125 0.41890301093750004