0 0.3732228875 0.5957862296875 0.37475633125 0.587319575 0.3745283828125 0.5796918953125 0.375354265625 0.5715895484375 0.37556812968750003 0.56606899375 0.372731478125 0.55408455 0.37480411406249997 0.544167375 0.37590659843749996 0.5313968625000001 0.3735213375 0.5156310953125 0.37074298125 0.5023300015625 0.3682329078125 0.48858724374999996 0.3613912140625 0.47508003125 0.354000484375 0.4599258546875 0.34952264843749997 0.450880240625 0.35040958125 0.44327014687500005 0.3548528421875 0.4354473953125 0.35265666875 0.427313590625 0.3480819296875 0.426200309375 0.34809860000000004 0.41772537656250003 0.3390071671875 0.4242582890625 0.334195971875 0.43067202499999996 0.325683596875 0.44461227656249996 0.31807504531249997 0.45505909375 0.3173161484375 0.45148614218749994 0.3252247375 0.43581034374999994 0.3304818125 0.42721644375 0.32607445 0.41339960312499996 0.318825696875 0.40321011718750005 0.3094623671875 0.39219111562500003 0.30083733281249997 0.3816953265625 0.29418977812499997 0.38138014375 0.2930094546875 0.38515291875 0.289069259375 0.385901471875 0.2843564515625 0.3775050796875 0.27977050000000003 0.37495470468750003 0.273037153125 0.3778924921875 0.27119704218749996 0.3854455015625 0.2700811640625 0.3971957140625 0.2677848515625 0.40333178125 0.2658863671875 0.4055477359375 0.2628854546875 0.409469746875 0.26081600312500003 0.411816696875 0.26028349375 0.4163194984375 0.25776707499999996 0.419711109375 0.2519614375 0.418220271875 0.24795617343749998 0.4146111859375 0.243592725 0.4082093453125 0.2361912453125 0.403899521875 0.22708693593749998 0.40124376249999993 0.22511279687500002 0.3956804203125 0.21637331406250002 0.3986002921875 0.2109222203125 0.41008664687499996 0.20528577499999998 0.42447738125 0.20471526875 0.431684734375 0.1933312609375 0.44803586093750003 0.20195945625 0.46863416406249997 0.2091123109375 0.49219102656249997 0.203579790625 0.50475286875 0.2014832171875 0.5084142875000001 0.20747306875 0.5117107359374999 0.20614996562500001 0.5189519203125 0.2033213109375 0.5247101390625 0.1959531296875 0.5340249328125 0.1910553484375 0.545785859375 0.2016204359375 0.5487467125000001 0.210763934375 0.5571371468749999 0.22024071093750003 0.5680761640624999 0.2213420609375 0.5726041171875 0.21648435781250003 0.5682730484375 0.21719111875000002 0.579320971875 0.2216002890625 0.600421053125 0.22696133437500002 0.6234187312499999 0.23174935312499997 0.6482342484375 0.237425825 0.6300032421874999 0.2446080203125 0.6275932421875 0.2542998875 0.6347987859375 0.25792369531250003 0.6422485250000001 0.25690265624999997 0.64789600625 0.2491720140625 0.658545584375 0.2464616328125 0.6681455359374999 0.250480928125 0.6806910375 0.2543362609375 0.6785497 0.2526666671875 0.6694345859374999 0.252900896875 0.66272690625 0.266774396875 0.647594153125 0.276892753125 0.6327427796875 0.28021091875000004 0.628609059375 0.2902057859375 0.6348614578125 0.302191278125 0.631323021875 0.3112556265625 0.6379991765625 0.319117690625 0.6439229890625 0.32319130625 0.6412745640625 0.33087628593749996 0.6343622734375 0.3350306453125 0.6361612375 0.3425025515625 0.6267170171875 0.3443378 0.629644565625 0.352304771875 0.6232482375 0.3570916 0.615186875 0.359789071875 0.619961903125 0.363673371875 0.622647490625 0.3654881609375 0.6190778265625 0.3648206140625 0.6125553796875 0.3706361859375 0.6024062328124999 0.3732228875 0.5957862296875
0 0.186981546875 0.6663418265625001 0.1846363109375 0.670277509375 0.1851163203125 0.67461083125 0.187108209375 0.6748505921875 0.1906533265625 0.673424825 0.1928485015625 0.673211803125 0.1940457375 0.671159225 0.193720653125 0.6688622453125 0.190258290625 0.6663868 0.186981546875 0.6663418265625001
0 0.2010816890625 0.74910986875 0.201640034375 0.7436325781249999 0.1988825625 0.7408666296875001 0.1970517203125 0.743557146875 0.19459318125 0.746880490625 0.1915443828125 0.75170805 0.19104842500000002 0.7549192171875 0.188024396875 0.7582194531249999 0.1893486109375 0.7611858687499999 0.193763625 0.7583350109375 0.1969100265625 0.7552392375 0.199510884375 0.7528535625 0.2010816890625 0.74910986875
0 0.1268388875 0.4489216046875 0.12540235 0.4554141890625 0.12283871718749999 0.4611993 0.121348153125 0.46965199062499996 0.12581576562500002 0.46840449531250006 0.12823654843750001 0.4676995375 0.1285916125 0.4649822125 0.1298877359375 0.4620142578125 0.1334288515625 0.4607328703125 0.13792025937500002 0.4627823703125 0.141248621875 0.46739580937499997 0.1430378484375 0.4674476875 0.1438468921875 0.4592165140625 0.1416051171875 0.4531409046875 0.1355591 0.44586054375 0.13280893124999998 0.44297504375 0.1286173984375 0.4426604140625 0.1268388875 0.4489216046875
0 0.116544046875 0.4044219625 0.11500979062500001 0.411197053125 0.1175683703125 0.41423221874999994 0.1203007609375 0.4140411515625 0.123802090625 0.40988365781249997 0.122858465625 0.4044753703125 0.11856879375 0.4027124953125 0.116544046875 0.4044219625
0 0.1945749546875 0.23974484375 0.19149902968750002 0.24060055625 0.1892181921875 0.2437548421875 0.1845262796875 0.24871609375 0.182208609375 0.2527547921875 0.179805496875 0.25951389062499997 0.1855245390625 0.2596543546875 0.1915949390625 0.25702449843749997 0.194656046875 0.254388921875 0.19634308281249999 0.24914909999999998 0.1945749546875 0.23974484375
0 0.13189962187499998 0.275438175 0.128456253125 0.277983009375 0.13613610625 0.28582576875 0.144388396875 0.292469428125 0.1498062078125 0.299456959375 0.1646319578125 0.318975 0.1678227 0.322561159375 0.170898728125 0.32737393593749997 0.1738892578125 0.33181520781249996 0.17447033437499998 0.33161324531249997 0.178399234375 0.32478974374999997 0.1790641578125 0.31660310625 0.176228125 0.3121760921875 0.1710351640625 0.31362310937500004 0.16671474687500001 0.3175355796875 0.165623796875 0.31252917343750003 0.1629516828125 0.306280034375 0.16107670624999998 0.302896334375 0.1590961734375 0.299302296875 0.1566533484375 0.2972505140625 0.15320635625 0.29752601093750003 0.15093498125 0.2940509890625 0.1503949484375 0.29226399375 0.14753088281249999 0.2836506109375 0.14715691250000001 0.2745843 0.1410505046875 0.2787375671875 0.137529953125 0.2780282953125 0.13189962187499998 0.275438175
0 0.284862253125 0.3136204265625 0.2879318671875 0.3131896265625 0.2889215375 0.3106550421875 0.2883618375 0.3066828453125 0.2861345140625 0.301441071875 0.28193923125000003 0.304455125 0.280248690625 0.3081664671875 0.284862253125 0.3136204265625
0 0.211703971875 0.17926359218750001 0.208446659375 0.18037006875 0.2118941484375 0.1880310578125 0.21376166406250002 0.1896281140625 0.21530226562500002 0.18560929531249998 0.214635953125 0.1818372109375 0.211703971875 0.17926359218750001
0 0.190316175 0.17402558125 0.1951918046875 0.1796209796875 0.20014615624999998 0.184236625 0.20226220156250002 0.1860951078125 0.2043188890625 0.18394640625 0.2036522171875 0.1797436109375 0.200907065625 0.176033878125 0.19498072187499998 0.174340028125 0.19078076875 0.17258341093750001 0.190316175 0.17402558125
0 0.2913930765625 0.28462547968749996 0.295190096875 0.2917075515625 0.299544890625 0.2947377203125 0.3039250578125 0.291814115625 0.30573096718750004 0.2871094953125 0.30558896406249997 0.2797029203125 0.30937842031249996 0.276350728125 0.3120206109375 0.273570584375 0.3155046546875 0.269210678125 0.31693054374999996 0.2655225421875 0.31325741875 0.26343774999999997 0.30888432187500003 0.267515234375 0.306321128125 0.2719626796875 0.3007512609375 0.27576986406250004 0.3000123140625 0.281419546875 0.296510621875 0.2828391453125 0.291491375 0.2804537734375 0.2913930765625 0.28462547968749996
0 0.3639810453125 0.2662610140625 0.36664679375000003 0.2691712125 0.3711375078125 0.2663949421875 0.373346265625 0.2654354046875 0.37542048281249996 0.2659341171875 0.37802780937499997 0.2613786421875 0.377912765625 0.256418334375 0.3758147125 0.25578032031250003 0.37235405 0.2569354765625 0.3694172703125 0.258392321875 0.36514891562499996 0.2577854640625 0.3629680421875 0.261092525 0.3639810453125 0.2662610140625
0 0.39847356562499997 0.2705043359375 0.3977924078125 0.2634064359375 0.3944748765625 0.2598886609375 0.3911964140625 0.2586095515625 0.3887956078125 0.259801803125 0.3863024265625 0.26366011718750004 0.3883445 0.26696948125 0.3903294828125 0.266393675 0.3939902609375 0.2710794140625 0.39847356562499997 0.2705043359375
0 0.4340863203125 0.3953727265625 0.43573187031250005 0.4005377078125 0.4374532953125 0.40208389375 0.43918959375 0.40164764999999997 0.44085392343749996 0.3999806171875 0.44293243125000004 0.394627275 0.4426683984375 0.389171465625 0.441192321875 0.383607753125 0.4392744640625 0.380238015625 0.43586800156249994 0.376187646875 0.4306445140625 0.37303183125 0.4280185859375 0.372527840625 0.42587442812500004 0.3778607140625 0.426126221875 0.3831638796875 0.4279538546875 0.388356853125 0.43118416406250004 0.392060853125 0.4340863203125 0.3953727265625
0 0.40627090312499997 0.40131970624999996 0.4044586484375 0.40349203906250003 0.40618240625 0.408095509375 0.407706084375 0.4098152875 0.40947682187499995 0.41076752499999997 0.4128988234375 0.40605797031249996 0.409767725 0.4027871671875 0.40627090312499997 0.40131970624999996
0 0.4934632984375 0.34519137187500004 0.4948565359375 0.34659134375 0.5016479515625 0.3527717171875 0.5069600984375 0.35932336875000004 0.5111651765625 0.36390839375 0.507237603125 0.3688021015625 0.50865186875 0.3731907 0.5109223546874999 0.375398634375 0.5139872765625 0.3762447109375 0.518723478125 0.3707744421875 0.5214275859375 0.373046034375 0.52396783125 0.37955970156249996 0.5265889968749999 0.38340027656250003 0.5305283921874999 0.3835586765625 0.5294643828125001 0.37676478593749996 0.522104121875 0.3669966046875 0.51279304375 0.3565456546875 0.5064486140625 0.3473721234375 0.500297146875 0.34420601562500003 0.4934632984375 0.34519137187500004
0 0.1295378484375 0.394292446875 0.1348454953125 0.3973750265625 0.1378722296875 0.39673420625 0.13894305 0.393904178125 0.13860811875 0.39350469375 0.1374369609375 0.38719445625 0.13412742187499999 0.3824246359375 0.1306566203125 0.3777005515625 0.12694159375 0.3760917171875 0.123224715625 0.38063863124999997 0.1255940203125 0.3897251796875 0.1295378484375 0.394292446875
0 0.16804226093750002 0.395475021875 0.1648688921875 0.3921821125 0.15858494218750002 0.39386361718749996 0.1570409953125 0.3978121859375 0.1590512 0.40017302499999996 0.16475290781250002 0.4050606375 0.16719082031250002 0.40287587968749994 0.16804226093750002 0.395475021875
0 0.147577090625 0.44426519999999997 0.15027399531250002 0.44226751875000003 0.1494949375 0.437510275 0.1507886625 0.43450802812499995 0.15017354375 0.4314904609375 0.1482166640625 0.42503154531250004 0.14206525 0.42265015781250004 0.13898570625 0.42287176562499995 0.1397679546875 0.42877219687499996 0.1432674671875 0.43372765468749996 0.14410724531250002 0.43666529374999996 0.144834665625 0.4431256 0.147577090625 0.44426519999999997
0 0.1755484078125 0.1761233390625 0.17575742968750002 0.171384715625 0.170533609375 0.170240071875 0.1661453734375 0.17416825 0.16366005781249998 0.17939340625 0.158301840625 0.184524990625 0.156307715625 0.18824033125 0.15261811249999999 0.1917437390625 0.15252143437500001 0.1903611765625 0.1549887421875 0.181988984375 0.160006740625 0.17284323125 0.165263653125 0.16435898437500002 0.1704154953125 0.157351290625 0.1704918296875 0.14999836718749998 0.165613946875 0.147103453125 0.16175857656249998 0.14740750625000001 0.1578571953125 0.1519814203125 0.157351446875 0.1595100390625 0.15328485625 0.16006380781250001 0.15086354375 0.155609359375 0.1466743234375 0.1481600015625 0.14504935937500002 0.1543994890625 0.149819496875 0.1610845890625 0.1524763828125 0.167765528125 0.1531467890625 0.17267133750000002 0.15284279375 0.1746630203125 0.1521465984375 0.17971451562500002 0.1505585765625 0.18507115000000002 0.146754125 0.1875817140625 0.144195753125 0.1908885453125 0.1453422953125 0.195122003125 0.14859129531249998 0.1964501625 0.153332903125 0.19741863906249998 0.1573883640625 0.19663853125 0.1629605046875 0.194140628125 0.170092971875 0.1892499296875 0.17446105625 0.184652778125 0.1755484078125 0.1761233390625
0 0.1171988453125 0.2478292078125 0.11602066874999999 0.251207121875 0.11828967812499999 0.25529787187499997 0.11960027343749999 0.2562775859375 0.12186104687499999 0.2557482796875 0.12369279531249999 0.25215236875 0.12203051093749999 0.2479800359375 0.1171988453125 0.2478292078125
0 0.1183583203125 0.169728390625 0.1190308390625 0.1790322671875 0.12168821562500001 0.1821811296875 0.1262755828125 0.1783455390625 0.1294340234375 0.1768778921875 0.12984919374999998 0.1764760765625 0.12106596249999999 0.1709753640625 0.1183583203125 0.169728390625
0 0.122192575 0.0957197078125 0.129389509375 0.10259222812499999 0.1355138796875 0.1083947734375 0.1400423 0.1150278578125 0.1400574265625 0.11920886093750001 0.1426876078125 0.1257319046875 0.14535105937499998 0.1276460859375 0.1475490765625 0.1250097765625 0.1519848453125 0.12503165624999998 0.1535940453125 0.12293460781250001 0.15171761875 0.11292236093750001 0.14356464062500002 0.10850532500000001 0.137796540625 0.097314803125 0.13205248125 0.09439744375 0.11959808125 0.092058959375 0.122192575 0.0957197078125
0 0.092662278125 0.10184925468749999 0.091078846875 0.10368762499999999 0.092984125 0.111155725 0.09858893125 0.11257445937499999 0.099371771875 0.110777975 0.1016107484375 0.10538991718749999 0.1040821296875 0.10121986406250001 0.1046901203125 0.0972364984375 0.10126817968749999 0.0936367453125 0.092662278125 0.10184925468749999
0 0.044454853125 0.270480625 0.050081807812500004 0.2785327234375 0.0750015515625 0.30009850625 0.0848497328125 0.311465784375 0.0848709828125 0.316092759375 0.0967428453125 0.32884881875 0.0991822140625 0.3347038578125 0.102756246875 0.330466096875 0.1013047515625 0.3246939125 0.099043803125 0.31588015937499997 0.09274107499999999 0.3068102203125 0.084906425 0.3009424453125 0.07852092968749999 0.2966023015625 0.071082753125 0.2908493359375 0.06908848906250001 0.28705890312500004 0.0640370515625 0.271871153125 0.057686632812500006 0.27750755312500003 0.055535571875 0.27382676250000004 0.047825759375 0.2642788125 0.044454853125 0.270480625
0 0.082555125 0.3327010125 0.0854790828125 0.3393037578125 0.08744022343749999 0.3394845828125 0.09186890156250001 0.337993896875 0.0915300546875 0.33462651875 0.09059214531250001 0.3282247875 0.0878121 0.3248448546875 0.08402364531249999 0.325590628125 0.082555125 0.3327010125
0 0.046630171875 0.185067696875 0.05842842031249999 0.19627825000000002 0.06965360625 0.20679740781249997 0.0783309703125 0.2178847390625 0.0826772375 0.22155456093749998 0.08779423593749999 0.22706259687500002 0.09095788593750001 0.2230039 0.0849486703125 0.214189109375 0.078146296875 0.20975594375 0.07782278125 0.20454707343749998 0.0777060828125 0.19853274999999998 0.076656409375 0.198014084375 0.0705884546875 0.1993797515625 0.06924984687499999 0.194348371875 0.068650790625 0.18587107187500002 0.063484778125 0.186493890625 0.0616833890625 0.1888440234375 0.053470276562499995 0.1876437046875 0.0496178390625 0.18174024375 0.046630171875 0.185067696875
0 0.016525429687500003 0.163494834375 0.0155320609375 0.1705907890625 0.0104922125 0.18184319843750002 0.0109145 0.1879269984375 0.0129331671875 0.19244719375 0.014550567187499999 0.1995391453125 0.019250853125 0.1973183609375 0.02604634375 0.18989343125 0.027150857812500002 0.1869404421875 0.02636754375 0.1834663078125 0.024144704687499997 0.1802150078125 0.0208734234375 0.1794193875 0.0191858703125 0.1761400546875 0.022410223437499998 0.16788721874999998 0.0303428703125 0.158312103125 0.038547753125 0.146022321875 0.042748975 0.14022607812500001 0.039208429687500004 0.1366549796875 0.029492973437499997 0.14002058125 0.0178184078125 0.1452727515625 0.0157238875 0.15433938281249998 0.016525429687500003 0.163494834375
0 0.015398303125000002 0.21883012812499997 0.008007990625 0.21956305937499998 0.007064221875 0.22147730625 0.0093274203125 0.22893447500000003 0.012383860937500001 0.2338927203125 0.0189737609375 0.23911763593750002 0.0206273328125 0.2338472625 0.0213316671875 0.23050248281250002 0.021413426562499997 0.22398872500000003 0.015398303125000002 0.21883012812499997
0 0.1360086421875 0.050780853125000004 0.136116303125 0.04667584375 0.13840223125 0.0431687796875 0.14623214843750001 0.046392946875 0.1441425078125 0.042806539062499996 0.151123996875 0.042028576562499996 0.1514418703125 0.0356659046875 0.1448031578125 0.028242164062500002 0.136714325 0.024182459375 0.137796303125 0.03295805 0.132617346875 0.031738218750000005 0.12452534062500001 0.025034796874999998 0.1194917328125 0.0274167265625 0.11469261093750001 0.0315615921875 0.11921521718750001 0.042681009375 0.11078128437500001 0.0511352375 0.1109047578125 0.061927915624999996 0.122659053125 0.0611310359375 0.1258514796875 0.056139935937499996 0.1224663734375 0.037947378125 0.126251803125 0.0357247796875 0.13420075781250002 0.0425776078125 0.12676593593750002 0.0481394703125 0.1321584296875 0.054115365625 0.1360086421875 0.050780853125000004
0 0.1560093609375 0.10100645781249999 0.159217534375 0.10089959531249999 0.1610493765625 0.0951546921875 0.16364274375 0.0864572890625 0.1616291609375 0.083600165625 0.153343384375 0.0943747109375 0.1538297015625 0.09962701874999999 0.1560093609375 0.10100645781249999
0 0 0.1275507453125 0.0008483234375000001 0.1283747375 0.0047371015625 0.1311915828125 0.008861523437500001 0.1284409265625 0.011116932812499999 0.1242734453125 0.012396395312499999 0.12001444531250001 0.0150959875 0.11301533125 0.017467364062499997 0.10842310156249998 0.016240365625 0.095378478125 0.0100105234375 0.10040968125000001 0.006746015625 0.10528834843749998 0 0.1141485578125 0 0.1275507453125
0 0.043411046875 0.093718165625 0.04830300625 0.098516734375 0.05194819375 0.1011203640625 0.0569911375 0.1066445421875 0.0602122515625 0.10562517812500001 0.0578755265625 0.096937328125 0.057817303125 0.0920952203125 0.054001521875 0.0963028953125 0.050387159375000004 0.0937816921875 0.0453744953125 0.0913112765625 0.043411046875 0.093718165625
0 0.049988490625 0.11480289531250001 0.05305425625 0.1243967828125 0.0544302859375 0.12539385 0.056774790625 0.1250764078125 0.0586557046875 0.12292276875000001 0.056541001562500005 0.1171859953125 0.0538895359375 0.112912103125 0.051086789062500006 0.11198504218750001 0.049988490625 0.11480289531250001
0 0.0336084734375 0.0983914671875 0.0299493 0.09970930312500001 0.02544741875 0.1042970140625 0.02487041875 0.107805184375 0.028122703125 0.10790355625 0.0366858296875 0.10380561562499999 0.0359414015625 0.0984460515625 0.0336084734375 0.0983914671875
0 0.21634742187499997 0.0803831875 0.2133855609375 0.08551323125 0.21116562343749998 0.09849815468749999 0.21399205625 0.10592376875000001 0.21990865468749998 0.104230359375 0.22746477812500002 0.0964609078125 0.23260936562499998 0.09855557968749999 0.23621201093750002 0.0975941171875 0.2388046875 0.0932323234375 0.23894456718749998 0.086564134375 0.2401967828125 0.0807955453125 0.2405106328125 0.075338484375 0.24242715937499998 0.0689454703125 0.242190246875 0.06605025625 0.235844575 0.069850603125 0.22834859999999998 0.07357475625 0.2218534359375 0.076917228125 0.21634742187499997 0.0803831875
0 0.1144316859375 0.0994185265625 0.11236924374999999 0.10161931875 0.114501925 0.10642600937499999 0.115955134375 0.10814601718750001 0.1166178046875 0.1090660953125 0.1201398015625 0.1079144828125 0.1217484546875 0.1062576078125 0.11955388125 0.10249214531249999 0.116694953125 0.0995296703125 0.1144316859375 0.0994185265625
0 0.0915602515625 0.081161671875 0.0903449640625 0.08344889375 0.087916403125 0.089284078125 0.0845480203125 0.09334925937500001 0.08129303125000001 0.0972216859375 0.07659314375000001 0.104241634375 0.07645095156250001 0.1082112234375 0.0785299078125 0.10911371249999999 0.0792647953125 0.102308371875 0.084575140625 0.096357821875 0.088728871875 0.09693823593749999 0.0916294 0.09478378125 0.09587792656250001 0.092419159375 0.0982324765625 0.0900726359375 0.0980903328125 0.07948331875 0.09652166250000001 0.07703051875 0.094477646875 0.07747888124999999 0.0915602515625 0.081161671875
0 0.07275590937500001 0.09181340625 0.071070428125 0.09176680312499999 0.070838121875 0.0939101046875 0.07173494999999999 0.096812428125 0.07310781093749999 0.099780140625 0.07605050468749999 0.0960783515625 0.07671416875 0.0934287265625 0.0767985765625 0.090581528125 0.0742972609375 0.0918371953125 0.07275590937500001 0.09181340625
0 0.21186120156250002 0.2102280515625 0.21068414062500002 0.209209240625 0.2067309984375 0.20945904375 0.2052230421875 0.21338473281249998 0.2063473125 0.21523894999999998 0.2094354953125 0.216462446875 0.2109336296875 0.215756221875 0.21175793281250002 0.2145974609375 0.21186120156250002 0.2102280515625
0 0.10105578906249998 0.2058217125 0.10225894218750001 0.2077064390625 0.1035213984375 0.20730332968749998 0.103599553125 0.20662904843750002 0.1042351078125 0.20639977968749998 0.1051158421875 0.204502471875 0.10385363437499999 0.20235560156250001 0.101477209375 0.2041429140625 0.10105578906249998 0.2058217125
0 0.27818729375 0.082222375 0.2721967328125 0.0822309 0.2674938765625 0.08401173125 0.268710321875 0.0876545 0.272001009375 0.0905867828125 0.284997703125 0.1064594703125 0.288213365625 0.11244035 0.291067375 0.1134061171875 0.29575516875 0.1181296828125 0.29643300156249996 0.118885803125 0.296939909375 0.1138600765625 0.2963790765625 0.10960289062499999 0.2932058078125 0.10534825625 0.28847421875 0.1037838796875 0.2851256640625 0.1009872140625 0.28300905625 0.0976423375 0.2769713140625 0.0929442515625 0.2779797859375 0.0871394515625 0.279189815625 0.0859866109375 0.27818729375 0.082222375
0 0.19126845625 0.1048782140625 0.19291160624999998 0.1070297734375 0.1965362171875 0.10857757812499999 0.198603428125 0.1078785484375 0.1976901015625 0.10700262499999999 0.19269935625 0.0985066296875 0.1900507921875 0.09400541875 0.18694896875 0.0908845015625 0.1841684796875 0.0901861328125 0.1843578921875 0.09596355625 0.18803555 0.10194345625000001 0.19126845625 0.1048782140625
0 0.2828220640625 0.041523365625 0.2858294421875 0.0402025515625 0.28787680312499997 0.0402724046875 0.2885911734375 0.037362359375 0.2877594875 0.0365339828125 0.28394650625 0.030522818750000003 0.2790810015625 0.0320832078125 0.2773021484375 0.0364131546875 0.277289503125 0.04033139375 0.278558809375 0.0449541125 0.2828220640625 0.041523365625
0 0.29795235 0.0233752859375 0.29611845468750003 0.0198399125 0.29145580781249997 0.0187014515625 0.2887797359375 0.019272328124999998 0.288414084375 0.023338990625 0.2980857703125 0.0354077890625 0.2998136234375 0.0374939046875 0.29930485 0.0330404203125 0.297953440625 0.0265939875 0.29795235 0.0233752859375
0 0.2180461015625 0.0242169390625 0.2194903203125 0.018394198437500002 0.20875280468750002 0.0191497375 0.21369628281250003 0.02627538125 0.21740612812500001 0.02859411875 0.2188566796875 0.0300073125 0.2180461015625 0.0242169390625
0 0.27540816874999996 0.15823890937500001 0.276438853125 0.15991954375 0.2778107890625 0.15933491718749998 0.28002829687499997 0.1561709625 0.27978956875 0.1550865359375 0.27482485625 0.15233866406250002 0.2740730859375 0.1521155609375 0.27320215625 0.1527419015625 0.27332818593749997 0.15496978749999998 0.27403916562499997 0.1553711703125 0.27540816874999996 0.15823890937500001
0 0.33773062343750004 0.1404137171875 0.3375110296875 0.13494383593749998 0.3378617046875 0.13084219531250002 0.34049196406250004 0.1271074328125 0.338984328125 0.12299633593749999 0.3301844203125 0.13759575 0.32927122343750004 0.1407311515625 0.32774611249999996 0.143918740625 0.328289884375 0.148939915625 0.33048804375 0.1494863484375 0.33188888125 0.1471422953125 0.332202828125 0.1416194421875 0.335767875 0.141979446875 0.33773062343750004 0.1404137171875
0 0.30434838124999997 0.186946321875 0.30509944375 0.1900264328125 0.3070847234375 0.191560434375 0.307874709375 0.191389284375 0.3103233640625 0.1908813 0.3115261171875 0.1884148296875 0.3089860390625 0.18387470781249998 0.3048751078125 0.184600740625 0.30434838124999997 0.186946321875
0 0.350765403125 0.156203859375 0.350365584375 0.1585499640625 0.3526178828125 0.1628721296875 0.353164471875 0.1628041484375 0.35394347812500004 0.16037044218750002 0.3543970234375 0.15760550625 0.3536900984375 0.1537454171875 0.3521883140625 0.153615484375 0.350765403125 0.156203859375
0 0.3556188234375 0.1870169234375 0.35810693437499996 0.1902763015625 0.36295288281250004 0.1927145171875 0.36397735 0.19222310625 0.3630416796875 0.19125163437499998 0.360920665625 0.1850438421875 0.3602292734375 0.181069890625 0.3579167890625 0.1757526234375 0.3504658875 0.1750143234375 0.34783481250000003 0.17519830625 0.3518938671875 0.182219765625 0.3556188234375 0.1870169234375
0 0.39038932656249997 0.161009353125 0.395106515625 0.15932149843750001 0.396618821875 0.15539080624999999 0.392875175 0.14954239062500002 0.3899581578125 0.1505874796875 0.38692305312499997 0.1546700796875 0.38495253125 0.1565950390625 0.38350844375 0.16188208906249998 0.3857863703125 0.165294 0.39038932656249997 0.161009353125
0 0.3952218953125 0.15176535625 0.3969281890625 0.153901534375 0.400209875 0.1526508203125 0.40122117968750004 0.15031364375 0.401086309375 0.14856410312499999 0.40117247968749997 0.1467724765625 0.4021636234375 0.14347499375 0.40695077968750004 0.145027653125 0.4102786640625 0.145714371875 0.412139009375 0.140489059375 0.4137842625 0.13601808906249999 0.41280543437499995 0.13010634375000002 0.412191265625 0.12667676875 0.41062034374999995 0.126028521875 0.4091311859375 0.12437681406250001 0.406193825 0.12741567812500001 0.4020867078125 0.1350504625 0.39895351093750003 0.1400374203125 0.39518850781250003 0.1453520625 0.3952218953125 0.15176535625
0 0.44141536718749996 0.1418157015625 0.4442477046875 0.15013213593750002 0.44640743125000004 0.1538248515625 0.4496889890625 0.151765925 0.4496512453125 0.151024565625 0.45458127656249997 0.143084759375 0.46307078749999997 0.13148305 0.4639609875 0.12779478125 0.4578015578125 0.12995783593750002 0.4546693171875 0.1325169390625 0.44906763125 0.13660828281249998 0.4458957 0.14054851875000002 0.4425998796875 0.1374756265625 0.44141536718749996 0.1418157015625
0 0.44865880156250004 0.124870709375 0.44589920312500003 0.1258374390625 0.442067396875 0.12020664218749999 0.43942785625 0.11570010156249999 0.433899821875 0.1165440234375 0.435478353125 0.1267760234375 0.4368166109375 0.1250378109375 0.4384538375 0.12869501249999998 0.43984645625 0.133042834375 0.442985978125 0.13410454375 0.443139121875 0.12742446406250002 0.4440815734375 0.127955328125 0.447312396875 0.1312410859375 0.44983772968749997 0.12806656875 0.45389965156249995 0.124825328125 0.4537362625 0.121077596875 0.4484818125 0.11353669687500001 0.4462042734375 0.1114295 0.443044271875 0.11356920468750001 0.44774097187499995 0.12097367968749999 0.44865880156250004 0.124870709375
0 0.39880559375 0.1147611671875 0.4018800765625 0.115318371875 0.404985684375 0.1139687609375 0.41066263281250004 0.11679996562499999 0.41298124999999997 0.11324519375 0.41852491562500005 0.10238829062499999 0.42314077812499995 0.10406726875000001 0.4054378578125 0.07718198281250001 0.410108340625 0.0788132859375 0.421245753125 0.0915267234375 0.4294900078125 0.09870505625 0.441744946875 0.112347490625 0.44630936875 0.1153739640625 0.44857964062500005 0.1132557515625 0.4471981859375 0.1079924203125 0.44312374375 0.1001685171875 0.43762257968749996 0.093310553125 0.4363590984375 0.090899065625 0.434052371875 0.0844097921875 0.4311532953125 0.082911496875 0.42365405312500004 0.0820418734375 0.424006103125 0.080670225 0.42652326562500004 0.0767068578125 0.4288927953125 0.0732753953125 0.4292763296875 0.0704276421875 0.42318545625 0.06761285156249999 0.41675477031249997 0.0663223515625 0.4143588203125 0.0656801078125 0.40748200625 0.0622655546875 0.4053015984375 0.0598226390625 0.40444556875000004 0.05383025625 0.40569440781250005 0.0475653796875 0.40994395 0.0447448890625 0.4157896671875 0.0461593078125 0.41632870312500003 0.046005707812500005 0.415089484375 0.036818207812499996 0.4163690015625 0.0320000296875 0.41836110312499997 0.030831659374999997 0.42511035937499997 0.029465339062500002 0.429959525 0.031165593749999998 0.437031628125 0.032624260937499996 0.437635046875 0.030210664062499996 0.43139870625 0.0228292703125 0.4123256859375 0.0049098359375 0.40116144687500005 0.0063499343750000005 0.40737116406249996 0.012253021875 0.40569999531249995 0.0185709234375 0.400499440625 0.0187669859375 0.40233300625 0.022969632812499998 0.40519060781249994 0.025330735937499998 0.4046544015625 0.02984789375 0.40242173281250004 0.03317580625 0.39206946875000004 0.0464740875 0.38482261875 0.0576584078125 0.3781599265625 0.0668032640625 0.36885331718750003 0.079957940625 0.365158025 0.0836935609375 0.36229215937500003 0.0822446328125 0.35941727968750004 0.08042041718750001 0.356294090625 0.0781139109375 0.35362956093750003 0.072376428125 0.3520349078125 0.0626530421875 0.348784525 0.057631609375000004 0.3438179 0.059739446875000005 0.3414078484375 0.065032959375 0.3439069390625 0.0705548953125 0.3513017828125 0.07096192343749999 0.3522362171875 0.0732820796875 0.3504135265625 0.0768507296875 0.346560190625 0.07534711250000001 0.34166089374999997 0.07434110625 0.33387191562499996 0.07120962187499999 0.3271086796875 0.0676273640625 0.3256610421875 0.0720124640625 0.33139225156249996 0.074589265625 0.3360372546875 0.0785217 0.342748965625 0.08589178125 0.3499185484375 0.0935603359375 0.356545146875 0.102759559375 0.3623150109375 0.10747950937499999 0.365383034375 0.11004988125 0.3654445734375 0.11431222031249999 0.3674710578125 0.11509150937499998 0.3690106203125 0.115268921875 0.37569756718749997 0.125577575 0.3792811375 0.12821840625 0.3792039453125 0.12444898281250001 0.375720565625 0.1190522625 0.380871021875 0.12295561875000001 0.385396765625 0.124152209375 0.38786263593750003 0.1188281671875 0.3845339828125 0.10986509062500001 0.38211665 0.111537790625 0.378615290625 0.11482128124999999 0.3762248625 0.11584834375 0.3735074671875 0.11390190781250001 0.3739384203125 0.1099403203125 0.3750497875 0.10746614375 0.3777405625 0.10681435624999999 0.380881784375 0.10785558437500001 0.3820559640625 0.11035633281249999 0.38431057812499997 0.1094029859375 0.38692169062500004 0.1108822609375 0.39341759062500004 0.10875989687500001 0.3886730953125 0.11426833750000001 0.39114489531249996 0.1157040984375 0.3956643515625 0.113137271875 0.39880559375 0.1147611671875
0 0.366400371875 0.16700045624999998 0.3678779390625 0.169852771875 0.367161421875 0.1756888453125 0.36953138281250003 0.17062838593750002 0.37919889375000004 0.15613903125 0.39601825156250003 0.12982354375 0.3956872265625 0.1277775890625 0.3902381640625 0.127846928125 0.38968328125 0.1309322125 0.3880931328125 0.133615296875 0.3850527515625 0.1378016421875 0.384018621875 0.1434187125 0.3799530015625 0.1443671265625 0.37563456875 0.14501525625 0.3729098 0.1475552640625 0.3706358640625 0.15056183437499998 0.3688250203125 0.15409832968749998 0.3672923953125 0.1588136015625 0.366400371875 0.16700045624999998
0 0.36386356875 0.137397490625 0.3657516328125 0.13530130468749998 0.36735387343750003 0.131156003125 0.37117943124999997 0.13098560625 0.37214657500000003 0.13063760625 0.3687188 0.124087321875 0.3625344734375 0.11691217812500002 0.3561998296875 0.111171325 0.348538340625 0.10392717968750001 0.3447785796875 0.0995506625 0.3413768140625 0.10248886406249999 0.342488396875 0.10776793437500001 0.34809449375 0.11778408437500001 0.3516269234375 0.12641338124999998 0.3564616625 0.133148784375 0.3604778921875 0.136869878125 0.36386356875 0.137397490625
0 0.32741302499999997 0.09915010937499999 0.329286378125 0.0989266984375 0.3300395078125 0.09630214375 0.33109157499999997 0.095443853125 0.3322614015625 0.0951944546875 0.3338218953125 0.0915720890625 0.33258970312499997 0.0869201484375 0.329441040625 0.0878780578125 0.32825149374999996 0.088808615625 0.3265184375 0.0941518984375 0.32741302499999997 0.09915010937499999
0 0.33095630468750004 0.0456867703125 0.3274139296875 0.044979025 0.3261256515625 0.0489551390625 0.329768503125 0.0523765484375 0.33148966562500004 0.054098179687500005 0.3371374984375 0.047732449999999996 0.336331659375 0.045772951562500004 0.33095630468750004 0.0456867703125
0 0.33243564999999997 0.15872455624999998 0.3321975296875 0.16215107499999998 0.3344155859375 0.16450521093749998 0.33564409375 0.16260864531250002 0.335105946875 0.15762310156249998 0.33243564999999997 0.15872455624999998
0 0.385384584375 0.1997998328125 0.3875825375 0.1967594171875 0.388400046875 0.1929947828125 0.388096103125 0.189140971875 0.3869258640625 0.1886229046875 0.38372595625 0.1875936109375 0.3814528078125 0.1898498609375 0.3803993359375 0.1969374875 0.385384584375 0.1997998328125
0 0.383262609375 0.20809305625 0.3776693703125 0.2060109609375 0.3758077921875 0.2082619265625 0.3775735046875 0.2129501765625 0.3791069453125 0.21566074999999998 0.381032659375 0.219434046875 0.3859136109375 0.220872071875 0.3881012765625 0.2174157375 0.38812151093749997 0.21244127031249999 0.383262609375 0.20809305625
0 0.29985698125 0.24367280937500002 0.3016669953125 0.2431483953125 0.303373565625 0.24107743125 0.3047104890625 0.23755058125 0.30385395625 0.23524690625 0.3009376125 0.2304777859375 0.2959448328125 0.23429473750000002 0.2961963734375 0.2400646828125 0.29985698125 0.24367280937500002
0 0.3841925609375 0.29528746093749997 0.3803798203125 0.2962683140625 0.37969079843750003 0.30061603125 0.3810042515625 0.304526121875 0.3836484203125 0.30690371562499996 0.3874437703125 0.308026075 0.38813434375 0.3059180796875 0.387732640625 0.30118143750000004 0.386207390625 0.296863253125 0.3841925609375 0.29528746093749997
0 0.3787583296875 0.310240459375 0.374722334375 0.31170211875 0.37543937656250004 0.3149005171875 0.378472553125 0.3173981421875 0.3785066171875 0.320528390625 0.377190040625 0.3248166140625 0.377364546875 0.3257442015625 0.3755684015625 0.3277885359375 0.3767116734375 0.331975234375 0.37855931875 0.3337585046875 0.3817992671875 0.33287409375 0.384780384375 0.328937803125 0.385274390625 0.3262138953125 0.38574605625 0.32205053906250003 0.383147925 0.313969903125 0.3787583296875 0.310240459375
0 0.4121529375 0.2555073296875 0.4147765609375 0.2574791171875 0.4189818609375 0.261171328125 0.4236434578125 0.2668866359375 0.4284553953125 0.2704064203125 0.4356821 0.276203934375 0.43608745625 0.2701515390625 0.43418221875 0.26749985781249996 0.4320713953125 0.26542485937500004 0.428303759375 0.2587182140625 0.42257814531250004 0.25530304375 0.41517548125000003 0.253126625 0.4121529375 0.2555073296875
0 0.4480883953125 0.225731190625 0.4532958765625 0.22738132968749997 0.45568346875000004 0.23041278906249998 0.45636972656249997 0.23491807968749998 0.45790437500000003 0.24136423125 0.469862084375 0.22743836874999998 0.474675428125 0.21720267343750002 0.48547939375000004 0.20825848906250002 0.4905515328125 0.20907071562500001 0.4929735359375 0.20576245625 0.48994356406249995 0.1994803890625 0.4814424625 0.1958191640625 0.47707841249999994 0.1998020375 0.4746375875 0.2092249421875 0.4714193171875 0.214227246875 0.4652934453125 0.220454109375 0.46018134999999993 0.222318378125 0.454833365625 0.2220188296875 0.453849659375 0.22078600937499998 0.4479752296875 0.22346324687500002 0.4480883953125 0.225731190625
0 0.4411255359375 0.2264843546875 0.4420256453125 0.2258497078125 0.4426341734375 0.22411396875 0.441396575 0.2228566109375 0.439011540625 0.22407282031250003 0.439411484375 0.22663397343749997 0.4411255359375 0.2264843546875
0 0.40406489062500006 0.23468173124999997 0.4015821578125 0.23676311249999998 0.3984897375 0.24150444062499998 0.39983304999999997 0.24420637968749997 0.4015290828125 0.2440454921875 0.4058633171875 0.2445193046875 0.40665081093750005 0.243483725 0.407667134375 0.23987435000000001 0.4063663234375 0.23636905156250002 0.40406489062500006 0.23468173124999997
0 0.447957434375 0.3091999015625 0.44892614062499997 0.314362090625 0.4496302265625 0.3167704046875 0.4509096828125 0.317506384375 0.4522125 0.3172100953125 0.45447478124999996 0.3152240109375 0.4553257734375 0.312072596875 0.45357054375 0.3083406328125 0.4506940109375 0.305462403125 0.44697238125 0.3033559421875 0.44467488906249997 0.30320333593750004 0.44702411875000003 0.3082173 0.447957434375 0.3091999015625
0 0.45219127812500004 0.360764546875 0.45264054218750005 0.35751278750000004 0.4509354734375 0.35373659062499996 0.4481098515625 0.3521015875 0.444527684375 0.353960684375 0.4440772046875 0.3593677796875 0.4478632953125 0.3617688984375 0.45149508593750004 0.361269028125 0.45219127812500004 0.360764546875
0 0.37523605 0.36149539062499997 0.375440084375 0.358678984375 0.3733820984375 0.35491806875 0.37244605937499997 0.353448534375 0.371082453125 0.353525090625 0.36915193125 0.3560220890625 0.36788615468749997 0.36199994687500003 0.371209146875 0.365886990625 0.373407421875 0.364419134375 0.37523605 0.36149539062499997
0 0.4854994796875 0.3202737015625 0.4830053796875 0.325418025 0.4794226703125 0.329576509375 0.47719576718749995 0.3326956984375 0.473440675 0.3371888984375 0.4704511921875 0.3423271375 0.4729794078125 0.3447488640625 0.47596335156249997 0.346296046875 0.47882545781249997 0.3441521109375 0.4819244328125 0.3416548546875 0.48214740312500004 0.34143877499999997 0.4822805265625 0.3369811296875 0.48234869218750004 0.3311465375 0.485481478125 0.3288192109375 0.4882557890625 0.3289588375 0.49146790781250005 0.328594821875 0.49206444843749997 0.32303654531250003 0.491396009375 0.319122075 0.489245240625 0.31591585625 0.4854994796875 0.3202737015625
0 0.3508091625 0.3018430765625 0.3515607828125 0.30112326718750004 0.35170565625 0.3003503421875 0.3495706375 0.297481346875 0.3484619203125 0.29952303593749996 0.3493022234375 0.301661815625 0.3508091625 0.3018430765625
0 0.3023713828125 0.36768230625 0.3008781921875 0.36642089375000003 0.2984162984375 0.365731571875 0.297383796875 0.36675765781249997 0.2975406640625 0.3680154046875 0.29906312968750004 0.370322634375 0.300636621875 0.371186853125 0.30232468749999997 0.3710688125 0.3034839234375 0.370085553125 0.3023713828125 0.36768230625
0 0.27777434375 0.19147199374999999 0.276280278125 0.194297159375 0.277391528125 0.1977123375 0.279247496875 0.2007794046875 0.2816552796875 0.1994629265625 0.28234169374999996 0.1958171015625 0.282934746875 0.19341206093750002 0.2803798265625 0.1908324375 0.27777434375 0.19147199374999999
0 0.2677601875 0.2279281015625 0.26547720625000004 0.22990936875 0.264831346875 0.2314472296875 0.266013021875 0.2348167578125 0.26829245625000003 0.233568775 0.2691081796875 0.2327129140625 0.2694597796875 0.2294084625 0.2677601875 0.2279281015625
0 0.43129864375000004 0.059992403125 0.4319681734375 0.056620296875 0.427689065625 0.054269315625 0.42532889531249995 0.0554602921875 0.4249652734375 0.0586152171875 0.4270375640625 0.061371125000000006 0.430055334375 0.061811689062499994 0.43129864375000004 0.059992403125
0 0.36796740156249996 0.056492265625 0.3675371 0.057708056249999994 0.3676499828125 0.0602407265625 0.36814043125 0.0622817984375 0.3689424265625 0.06584390625 0.373180503125 0.059521935937500006 0.37454076875000003 0.057359281250000005 0.37353648437500003 0.05596656875 0.37065644375 0.0561068734375 0.36796740156249996 0.056492265625
0 0.43696745156250005 0.052179496874999995 0.43876113281249995 0.056774945312500005 0.440800365625 0.055877384375000005 0.443828128125 0.0539521140625 0.4454021828125 0.052875628125 0.4477648375 0.04860666875 0.44700971562499997 0.04712605 0.442159609375 0.046129134375000005 0.43986818281250006 0.047877610937499995 0.43914733906250003 0.050426290625 0.43696745156250005 0.052179496874999995
0 0.2998824390625 0.0869502015625 0.30097416875 0.0865919234375 0.30187141562500003 0.0845947828125 0.30260492656250004 0.081913646875 0.3028868375 0.0800989359375 0.302128334375 0.0790179640625 0.30099291875 0.079109890625 0.2991118828125 0.082090553125 0.2998824390625 0.0869502015625
0 0.31159908125 0.077528690625 0.3124221859375 0.0759048171875 0.3148337984375 0.0731423625 0.31496162499999997 0.0688777453125 0.3133619390625 0.0681093359375 0.311152165625 0.0695247421875 0.3104390609375 0.0717361234375 0.309759721875 0.0751919296875 0.31159908125 0.077528690625
0 0.5083045265624999 0.60995730625 0.5086068140625 0.603371740625 0.5061416765625 0.601202478125 0.5024103281250001 0.6043328890625 0.5001607171875 0.6084936984375 0.5004337609375 0.611793628125 0.5010806109375 0.6142122109375 0.5040725890625 0.612245584375 0.5083045265624999 0.60995730625
0 0.50030433125 0.794513378125 0.50098615625 0.8012400140624999 0.5066810171875 0.7961068203125 0.51011058125 0.792222184375 0.510013484375 0.788884890625 0.5057262671875 0.7865971296875001 0.502513009375 0.7882440374999999 0.500870853125 0.7919081390625 0.50030433125 0.794513378125
0 0.5279779390625 0.76180955 0.531545725 0.7645830546875 0.5327734046875 0.758844375 0.531631315625 0.7529722390625 0.5229786125 0.744231090625 0.522080284375 0.746503978125 0.5216906046875 0.748771059375 0.52116915 0.752132809375 0.5227900234375 0.7571240890625 0.5244461968749999 0.759573903125 0.5279779390625 0.76180955
0 0.5310069265624999 0.742004703125 0.5284637937500001 0.741519984375 0.5275092406249999 0.741936021875 0.52940956875 0.745637478125 0.53001110625 0.7455264968749999 0.531279496875 0.7466642265625001 0.533642528125 0.7472837109375 0.5331098015625 0.7447052171874999 0.5310069265624999 0.742004703125
0 0.50410541875 0.2896715828125 0.5047489140625 0.2947077125 0.5069291687499999 0.2975516171875 0.5087884 0.2962750640625 0.5097943859375 0.2937722296875 0.5084700343749999 0.2894822875 0.5069414250000001 0.28592243281249996 0.50410541875 0.2896715828125
0 0.4947435609375 0.2952491578125 0.49613541562499996 0.2998100515625 0.49674385781249997 0.3011865875 0.49901143125 0.30079934062499997 0.5003769796875 0.30039215625 0.49915241562499996 0.29607330625 0.49784034374999997 0.292877359375 0.49678133906250005 0.292270065625 0.4947435609375 0.2952491578125
0 0.49723760937500006 0.282913884375 0.500086340625 0.2810042640625 0.5003977046875 0.2788491703125 0.49871916718750003 0.2752731734375 0.49674732187500004 0.2752528609375 0.4905050390625 0.26812249375 0.489520446875 0.26427868593750004 0.488862675 0.26224148281250004 0.4856238609375 0.2593118375 0.48353249531250003 0.2667884359375 0.48482431718749996 0.2725843171875 0.4886603359375 0.276214634375 0.49375855468749996 0.27484629374999997 0.49554047656250005 0.28254386875000004 0.49723760937500006 0.282913884375
0 0.4731076015625 0.2877166203125 0.47342890156250006 0.2903850828125 0.474774784375 0.29397494218750003 0.4765726578125 0.29300811250000003 0.4772790578125 0.29103684687500003 0.4758424546875 0.2875159828125 0.47480921406250004 0.28479079375 0.4731076015625 0.2877166203125
0 0.4817832203125 0.24849245312499998 0.48118597812499997 0.251912759375 0.4846178484375 0.25296655625 0.48665411562500005 0.251892209375 0.489490309375 0.2504752890625 0.49045295468749994 0.24896539843749999 0.4877755953125 0.24667313906250002 0.48411853125000004 0.2466547609375 0.4817832203125 0.24849245312499998
0 0.5270701859375 0.2587302078125 0.52545470625 0.2580271234375 0.5241291828125 0.25891706718749996 0.522259615625 0.261076178125 0.5202795 0.2633119390625 0.5188037390625 0.265211696875 0.5184039796875 0.26930580625 0.520383915625 0.2684562484375 0.5226864578125 0.267538709375 0.524783834375 0.26870461875 0.5267345031249999 0.26799650937499997 0.5274331703125 0.26434669375 0.5281474421875 0.261502440625 0.5270701859375 0.2587302078125
0 0.562343671875 0.27837532187499997 0.5638585796875 0.282164815625 0.5652963125 0.2834395046875 0.5673325203124999 0.283596284375 0.5681879203125 0.28241185468749996 0.5684666468749999 0.277886075 0.56738375625 0.27501085937499997 0.565040396875 0.2720295625 0.5625047515625 0.275101421875 0.562343671875 0.27837532187499997
0 0.5685698390625 0.21017017343750002 0.56659526875 0.21011089374999997 0.5656867078125 0.21185664843750002 0.5653648625 0.212831475 0.5643020765625 0.21490284375000002 0.5679044656250001 0.21575206093750002 0.5682785515625 0.21572590156250002 0.5693087875 0.21435381874999998 0.569625775 0.21268232187499997 0.5685698390625 0.21017017343750002
0 0.4900249609375 0.1840464890625 0.490417021875 0.1803351 0.4905097703125 0.1768232 0.48861330937499997 0.1737370359375 0.48590237187499996 0.1697774328125 0.48070728906250004 0.16675903281249999 0.481128884375 0.1680170640625 0.48221918593749996 0.171222253125 0.48027018750000006 0.1742389953125 0.4832358078125 0.1763528984375 0.4851848921875 0.17685409531250001 0.48652090625 0.18175878437499998 0.4900249609375 0.1840464890625
0 0.48946369062499995 0.09314232812499999 0.4857020578125 0.087708678125 0.48402893125 0.0855764453125 0.4808556796875 0.08302439687499999 0.47842104374999994 0.083240065625 0.47784509531249997 0.09155674999999999 0.47800976562499997 0.097204334375 0.4805761234375 0.1017394859375 0.48270191249999994 0.1037821125 0.4870048890625 0.10327133125000001 0.48907570156249996 0.10127984062499999 0.4901426015625 0.0974977671875 0.48946369062499995 0.09314232812499999
0 0.46994166875000004 0.1086951265625 0.4682527703125 0.11019001718749999 0.4683305015625 0.11255598281250001 0.468814053125 0.11340087343750001 0.47104370624999997 0.11298651875000001 0.46994166875000004 0.1086951265625
0 0.52714324375 0.06866368125 0.528639271875 0.06609055625 0.52814226875 0.061805412500000004 0.525992775 0.0586398296875 0.5235620828124999 0.059270296874999996 0.5221405234375001 0.0621467796875 0.5225844859375 0.0636350609375 0.5233820265625 0.066080696875 0.5257463515625 0.067995434375 0.52714324375 0.06866368125
0 0.494988365625 0 0.5004938625 0.007019360937499999 0.50416418125 0.010385595312499999 0.50510235625 0.0088617515625 0.5063079703125 0 0.494988365625 0
0 0.44481149999999997 0.037305467187500004 0.44560286875 0.04082759375 0.44681521562500004 0.041029453125 0.4483333734375 0.040407976562499996 0.4490307140625 0.0386879546875 0.44685499218749997 0.0365360453125 0.44481149999999997 0.037305467187500004
0 0.6251691687500001 0 0.6252913828125 0.001326621875 0.628730565625 0.0057553171875 0.6311620828125 0.005987831250000001 0.632938125 0.0047311921875 0.6346340234375 0.0025748281250000003 0.6337142203125 0 0.6251691687500001 0
0 0.6589129203125 0.1167139421875 0.663084890625 0.1159648453125 0.6645472015625 0.1140519296875 0.6645518499999999 0.1125056515625 0.660540425 0.1098164234375 0.6583311453125 0.1100069359375 0.6583878234375 0.1108174578125 0.6577030109375 0.1142846109375 0.6589129203125 0.1167139421875
0 0.6251734796874999 0.16553015 0.6295806078124999 0.1710110765625 0.6330439828125 0.1737026015625 0.6364874484375 0.174967040625 0.6382949234375 0.17465269218749999 0.6336354656250001 0.16780322187500002 0.629671959375 0.16120738437499998 0.62589883125 0.15780448281249998 0.6216355828125 0.1553443171875 0.6251734796874999 0.16553015
0 0.6123584390625 0.2146374546875 0.61720769375 0.2127774703125 0.6188496140625 0.21083476562499998 0.615885471875 0.2068380484375 0.6138539078125 0.20625490468750002 0.612494290625 0.2063437125 0.6102121703125001 0.2087180640625 0.6123584390625 0.2146374546875
0 0.6354352296875 0.21258050156250002 0.635983484375 0.2067796890625 0.63542141875 0.19954815625 0.6331629359375001 0.20011019375 0.6318377453124999 0.20517121249999998 0.6308957765625001 0.20722317031249998 0.629571884375 0.2056053296875 0.628925465625 0.2079639796875 0.6273585703125 0.2125923671875 0.6264449609375 0.21540826875 0.6314350453124999 0.2156294671875 0.6354352296875 0.21258050156250002
0 0.7238573390624999 0.1550880625 0.7237437843750001 0.15814562031249998 0.725282190625 0.15902325625 0.7264199515625 0.1586288671875 0.7275641562499999 0.1572738765625 0.7277086484375 0.1534043703125 0.7252024968749999 0.1536501015625 0.7238573390624999 0.1550880625
0 0.6351906203125 0.4022768421875 0.63315975625 0.397425440625 0.630107775 0.39886997968750004 0.6293308296875 0.40104196875 0.6300350578125 0.40320592812499995 0.633141846875 0.404493909375 0.6351906203125 0.4022768421875
0 0.6522631421875 0.482932396875 0.650791028125 0.4861162796875 0.648138821875 0.48814842656249996 0.645993890625 0.4899759375 0.6444893640625 0.49495865156249996 0.6442054046875 0.5000815625 0.64567589375 0.5003687484375 0.64693080625 0.5003953375 0.64858925625 0.50027936875 0.6487676453125 0.50009773125 0.65196955625 0.49181513906249996 0.6528170734375001 0.4875612828125 0.6541867781249999 0.4827336640625 0.6522631421875 0.482932396875
0 0.6003743890625 0.4658885796875 0.603147596875 0.4668412015625 0.6053461375 0.4640779828125 0.6060890718749999 0.46253959843750003 0.605675075 0.46096464062500003 0.6057593734375 0.458115884375 0.603992440625 0.45692686718750003 0.5996925625 0.45983389375000006 0.6003743890625 0.4658885796875
0 0.6620561515625 0.788913375 0.6591633265625 0.792096359375 0.6583064953125 0.79088599375 0.6554335546875001 0.789851065625 0.6563039703125 0.793070065625 0.6563530578125001 0.798139928125 0.6551908484375 0.7986550671875 0.65443130625 0.8022182921875001 0.6552778265625 0.803326003125 0.657873025 0.8013745921875 0.660354284375 0.8000561093749999 0.661699640625 0.7975906312500001 0.66347139375 0.794883884375 0.6656181484375 0.7887817703125 0.6620561515625 0.788913375
0 0.75888290625 0.7426401125 0.7637864578125 0.7462380734375 0.7646549859375 0.74669735625 0.766352290625 0.7447178859375 0.765846909375 0.7429112390625 0.7591701421875 0.73919919375 0.75888290625 0.7426401125
0 0.7837983984375 0.7106554328125 0.782893821875 0.711002190625 0.7786400578125 0.7114327796875 0.7755540390625 0.7156160515625001 0.77372258125 0.7201345015625 0.7699051875 0.7237815484375 0.7690459734374999 0.7246874421875 0.7683784375 0.7282896562500001 0.7699147749999999 0.728465728125 0.7725770078124999 0.7263529984375 0.776112025 0.7234164421875 0.7803957203125 0.7197179921875 0.7848441453125 0.7161129671875 0.7860410171875001 0.7119944453125 0.7837983984375 0.7106554328125
0 0.7789580953125 0.8800337984375 0.7776109203125 0.8817788984374999 0.7789648484375 0.8851254171875 0.7800277671875 0.8852735078125 0.7808881046875 0.8839133046875001 0.7804196453125 0.8808651203125001 0.7789580953125 0.8800337984375
0 0.113176153125 0.86595616875 0.11635708593750001 0.8664229140625 0.1191052953125 0.8617542109375 0.1191347234375 0.862175059375 0.1184860515625 0.8638070953125 0.11980944843750001 0.8634467156250001 0.1276030875 0.857573125 0.133496640625 0.8534222124999999 0.1354243578125 0.848555575 0.13688305 0.8434773890624999 0.137250946875 0.8396220218750001 0.1418270390625 0.8337212484375 0.1356237265625 0.8355255515625 0.1335235484375 0.8379482671874999 0.13275518749999998 0.8350463593749999 0.131796046875 0.8316784984375 0.1320312421875 0.8294645125000001 0.128969040625 0.8295533374999999 0.1257287453125 0.8330535203125 0.118521884375 0.8387842671874999 0.1169951015625 0.83988720625 0.11312620312499999 0.844701628125 0.1140881609375 0.8500585109375001 0.11681402968750002 0.8542316546875 0.11773053281250001 0.8568553640625 0.113176153125 0.86595616875
0 0.217643559375 0.8228435578125 0.22034121406249998 0.8184822546875001 0.2202224046875 0.8185751437500001 0.21471175625 0.8191077203124999 0.21246825625 0.8208920015625001 0.2128468265625 0.826283415625 0.21476513281249998 0.825851675 0.217643559375 0.8228435578125
0 0.1756545 0.615816696875 0.174859771875 0.619683115625 0.1758171765625 0.624213303125 0.1788963671875 0.6249722328125 0.1803979859375 0.622680653125 0.1785507234375 0.6166917984375 0.1756545 0.615816696875
0 0.0999406890625 0.478692321875 0.101822075 0.4758510375 0.1026904640625 0.4722316453125 0.10057620468749999 0.4738706203125 0.09680909374999999 0.4773183625 0.0939540484375 0.48032484374999995 0.093741978125 0.48024882656249995 0.0930434421875 0.48083178593750003 0.0929395859375 0.4847000171875 0.0930748015625 0.48748486875 0.09510343437499999 0.48786929375000004 0.097653003125 0.48665411093750005 0.09751950468750001 0.4819002796875 0.0999406890625 0.478692321875
0 0.052785118750000005 0.45953976093750004 0.053663160937499996 0.463987784375 0.056245143750000004 0.4667080515625 0.0575023578125 0.465938790625 0.058939551562500005 0.4656378046875 0.0602273296875 0.464454465625 0.05780524375 0.4601457390625 0.0559758921875 0.45692174531249996 0.052785118750000005 0.45953976093750004
0 0.0363246359375 0.37986421406250004 0.035370334375 0.386443684375 0.03835095 0.3896232 0.0401808703125 0.388666659375 0.0414573265625 0.38649263437500003 0.0401112671875 0.38063789375 0.0363246359375 0.37986421406250004
0 0.133271315625 0.3359555328125 0.1328644875 0.33248953124999997 0.12936407968750002 0.3312619671875 0.12695559375 0.3343155390625 0.126147634375 0.3377239515625 0.12601964375000002 0.342098221875 0.1266281671875 0.34513347968749997 0.1283915015625 0.34716699218749997 0.13250214375 0.3480495859375 0.1343766609375 0.3453340859375 0.1328625953125 0.34090704375 0.133271315625 0.3359555328125
0 0.1813941640625 0.3572035375 0.1806069375 0.3605948375 0.18104766875 0.3629777109375 0.184832359375 0.3638580359375 0.18357055 0.3630832296875 0.18622542656250002 0.36097727968750004 0.1875347484375 0.35826527812500003 0.1868054953125 0.35556425625 0.183370321875 0.3553815609375 0.1813941640625 0.3572035375
0 0.2281411546875 0.28116208593750003 0.227370875 0.28490775468749996 0.22941600156250003 0.288036778125 0.231679021875 0.286598853125 0.2333642140625 0.2850509671875 0.2309179234375 0.27920894375 0.2281411546875 0.28116208593750003
0 0.2391152828125 0.308160775 0.23865268906249998 0.3046140921875 0.23723474375000003 0.302166415625 0.2333201140625 0.301824590625 0.239044859375 0.31118555468750003 0.2391152828125 0.308160775
0 0.22236117656249998 0.2926714390625 0.22465489375 0.2971379421875 0.226862275 0.2973234765625 0.22771667187500003 0.29621430000000004 0.2265375734375 0.2917168453125 0.2237801984375 0.28910908750000003 0.22236117656249998 0.2926714390625
0 0.19764723906249998 0.39397497812500004 0.2008225171875 0.39375607343749996 0.20117296875 0.39144318125 0.2007315734375 0.3885356390625 0.20004659062500002 0.3877220640625 0.195138796875 0.384802615625 0.19357584375 0.38753861875 0.19488373750000001 0.3920411640625 0.19764723906249998 0.39397497812500004
0 0.1248469984375 0.2870929078125 0.12325482968749998 0.2875519640625 0.1213713109375 0.2895115625 0.121135990625 0.2930005390625 0.125630090625 0.29488695468750004 0.1270161953125 0.294504959375 0.127740678125 0.2927250859375 0.12721704375 0.289649434375 0.1248469984375 0.2870929078125
0 0.11899875625 0.22724726562500003 0.1152233140625 0.22822394375 0.1137127546875 0.2315076265625 0.1145486515625 0.23443457343750002 0.1154678921875 0.2369406171875 0.1210411015625 0.23089650156250002 0.1226166625 0.22925917031249998 0.11899875625 0.22724726562500003
0 0.0203345203125 0.2663499875 0.019716390625 0.2710843265625 0.02153193125 0.2711093046875 0.023561096875 0.2682310578125 0.0243131875 0.27025070156250003 0.0267524984375 0.26727955625 0.027281110937500002 0.26449057656249997 0.028892742187499997 0.2624058890625 0.0307524421875 0.2606656734375 0.03116955625 0.2556102 0.0299473125 0.2556251828125 0.02813699375 0.2588107875 0.026979415624999996 0.259952128125 0.024951471875 0.26208628906250003 0.0220195828125 0.26444185781249996 0.0203345203125 0.2663499875
0 0.032095178125 0.280069275 0.0305944296875 0.276191078125 0.0288721234375 0.274565071875 0.026534270312500004 0.2772847765625 0.026443246875 0.2832180796875 0.02731659375 0.2870837625 0.0294838828125 0.287950315625 0.0302585546875 0.2878961453125 0.0316374265625 0.2857979734375 0.032095178125 0.280069275
0 0.1455541765625 0.3775484796875 0.14477203125 0.38029566875 0.14587548749999998 0.3837113921875 0.148186346875 0.386093496875 0.1514671296875 0.387607390625 0.151774971875 0.385872315625 0.15292982500000002 0.38491599062500004 0.15283696093750002 0.3835879828125 0.1516574921875 0.3792644140625 0.1497270046875 0.37786441718749997 0.1455541765625 0.3775484796875
0 0.0388081921875 0.7927874546875 0.035395418750000004 0.7891619984375 0.031483254687500004 0.7876906890625001 0.03069980625 0.7922783890625 0.032671521875 0.794917590625 0.0366188140625 0.797092853125 0.0388476296875 0.795748165625 0.0388081921875 0.7927874546875