0 0.6966836984375 0.8183595484374999 0.699946128125 0.8148526265625 0.6903692484375 0.8127020406250001 0.6957465453125 0.80882846875 0.6909286734375 0.807285534375 0.6835485828125 0.8104370640624999 0.6769831578125001 0.8136145296875 0.687108925 0.815572790625 0.6896952656249999 0.8197172374999999 0.684421553125 0.82020753125 0.678078878125 0.8226010546875001 0.669065196875 0.8226166046875001 0.6626017328125 0.8265307999999999 0.6545185109375 0.8284178828125001 0.653615009375 0.832677265625 0.6545382859375 0.840436784375 0.6417494265625 0.8444873203125001 0.6302196875 0.8456075390625 0.62776403125 0.8483320640625 0.6285566234375 0.8492226109375001 0.6321860984375001 0.850089990625 0.6380119359374999 0.8535282765625001 0.647336365625 0.8557238078125 0.6736559515625 0.855281525 0.6833245546875 0.8504166968750001 0.6863815125 0.844852728125 0.687580153125 0.8388761828125 0.6545226546875 0.8385629109374999 0.6548168734375001 0.8365697546875 0.6685209624999999 0.837010553125 0.681555434375 0.8364141390625001 0.684335703125 0.83485420625 0.690408546875 0.8321798781249999 0.6975923734375 0.8331331109375 0.700694003125 0.831445965625 0.705717571875 0.8256056062500001 0.7048026265625 0.8214755609375001 0.6966836984375 0.8183595484374999
0 0.638680221875 0.7834327921875001 0.6412207609375 0.7789433390625 0.6371525484375 0.77851315 0.625363715625 0.7801699625 0.6203145203125 0.7798776421875 0.6152379484375 0.7782117015625001 0.6105067 0.7790028640625 0.6052500671875001 0.7819948140624999 0.6000109296875 0.7827311265625 0.5914458640625 0.78593874375 0.5800625421875 0.7916709703125 0.5799603796875 0.7956930812499999 0.581692178125 0.797327340625 0.6022719390625 0.7964389203125 0.6094846890625 0.7990574578125 0.6062018671875 0.8006454171874999 0.5920525578125 0.8021337921875 0.5855803468749999 0.8071758062500001 0.5841330515625 0.8111360843750001 0.5908394578125 0.8136995562499999 0.59073553125 0.8177203375 0.5934516265625 0.8192178406249999 0.599621440625 0.8203546062499999 0.609894025 0.8174071921875001 0.619270525 0.8175931078125 0.622475446875 0.8166409281250001 0.6249656781249999 0.814162421875 0.6286357812500001 0.8046307546874999 0.6232742906250001 0.8021275687499999 0.62351475625 0.7990895375 0.6289007078125 0.79344755 0.6358633124999999 0.790716021875 0.6396279781249999 0.7878075265625 0.638680221875 0.7834327921875001
0 0.6391659093750001 0.801146965625 0.638735721875 0.805215178125 0.6427118234375 0.8053380062500001 0.6474063296875 0.8041843671875 0.6465574671875001 0.8022871687500001 0.6446641390625001 0.799874059375 0.6391659093750001 0.801146965625
0 0.4076359421875 0.9227231921874999 0.4043430234375 0.9206803484374999 0.38801986718750003 0.9209705406250001 0.3771619125 0.9197415921875001 0.37121506718749997 0.9178224296874999 0.340511103125 0.9215127593749999 0.334900615625 0.923176971875 0.3306711859375 0.9299076609375 0.333092065625 0.9316959546874999 0.3508793984375 0.9347059796874999 0.3627732875 0.9337854625 0.3727854484375 0.9313764062500001 0.3826969953125 0.93298924375 0.3989840296875 0.9324532484375 0.41551307499999995 0.928879003125 0.41917423125 0.9252339953125001 0.41297858906249996 0.9227233921875 0.4076359421875 0.9227231921874999
0 0.4018428046875 0.9173395484375 0.4180093421875 0.916249303125 0.42565452031250006 0.9154667468750001 0.42691232812499996 0.9161309703124999 0.4250063203125 0.9132683765625 0.40908887343749994 0.91287514375 0.40173960312499996 0.91403424375 0.3985243859375 0.9161144609375 0.3990940078125 0.917787403125 0.4018428046875 0.9173395484375
0 0.38537805468749997 0.95916144375 0.396963696875 0.9567773953125001 0.3963824828125 0.9561222218750001 0.408562646875 0.954274715625 0.4077011203125 0.9528936765625 0.3972214984375 0.949607678125 0.385613859375 0.9513636765625 0.3808738625 0.9532826578125 0.381161225 0.95353101875 0.3806331125 0.9536241734375001 0.38135118281249997 0.9540518375 0.381078415625 0.956231321875 0.38537805468749997 0.95916144375
0 0.4491296953125 0.9116484125 0.4525458609375 0.911963540625 0.4583181953125 0.9116193375 0.46349501406250004 0.90962003125 0.4643029421875 0.907745596875 0.45019519375000006 0.9083508437500001 0.44710231250000004 0.9089101703125 0.4464047 0.9098855015625 0.4491296953125 0.9116484125
0 0.3444610328125 0.8550190484375 0.34978960312499996 0.8539198828125001 0.355244590625 0.8522270328125 0.3579395171875 0.8506885625 0.3566722828125 0.8499909499999999 0.3467391578125 0.8508741578125001 0.3405786046875 0.854125684375 0.341592609375 0.8549188437499999 0.3444610328125 0.8550190484375
0 0.49398184531249995 0.8471156703125 0.49928305 0.8460014171875001 0.5024303875 0.8453018968749999 0.504075353125 0.84362381875 0.5082685437500001 0.8412720390624999 0.49332461250000004 0.842180990625 0.48626702968749996 0.8430466421875 0.48087252812500003 0.8450576062499999 0.4777911296875 0.8476633765624999 0.49398184531249995 0.8471156703125
0 0.5351891484375 0.833542378125 0.5399166671875 0.8345883640625 0.5447575625 0.832803521875 0.5520999078125 0.83089906875 0.5555911625000001 0.8306482390625 0.5548090593749999 0.8286422515625 0.5572490171875 0.8289383703125001 0.5540944015625 0.827879603125 0.5385566359375 0.8301879453125001 0.5351891484375 0.833542378125
0 0.5224616906249999 0.9369623624999999 0.5267802796875001 0.9361203234375 0.5281508546875 0.9346117703125 0.5298241906250001 0.9354258718749999 0.5308506890625 0.931884484375 0.5239869609375 0.93204125625 0.5163081171874999 0.933246675 0.51524729375 0.9346801390625 0.5142896359375 0.9363200031250001 0.5155534828125 0.9367577453125 0.517180934375 0.9378291750000001 0.5224616906249999 0.9369623624999999
0 0.44550741250000003 0.9416728578125 0.44666351718749997 0.9425564953125001 0.45108284843749996 0.9425996765625 0.4563852578125 0.9412469968750001 0.45443985624999994 0.9385082796875001 0.44550741250000003 0.9416728578125
0 0.49531235 0.9582321921875 0.49761795937500003 0.95765096875 0.5024992875 0.956355890625 0.5057535390625 0.9555750749999999 0.504835909375 0.9537948343749999 0.49753448125000005 0.9552943390624999 0.496153215625 0.9559633984374999 0.49531235 0.9582321921875
0 0.5873717984375 0.9355161093750001 0.586390571875 0.9365391875 0.5855868156249999 0.9376461968750001 0.5856600578125 0.9377968453125 0.5879926984375 0.9380591328125 0.5925710828125 0.9366630453125 0.5972350703125 0.9353259312500001 0.5979706359375 0.9340817640625 0.5946253359375 0.9345740046875 0.591293971875 0.9349633046875001 0.5891794140625 0.9350963906249999 0.5873717984375 0.9355161093750001
0 0.713015134375 0.9072596328125 0.7104137500000001 0.9084756984375 0.709324446875 0.9093135796875 0.7098031296875 0.910260865625 0.7109105484375 0.9102030546875 0.7136452015625 0.9097556109375 0.7169280578125 0.90922323125 0.7157133984375 0.908046453125 0.713015134375 0.9072596328125
0 0.7927835812499999 0.8496646890624999 0.791205215625 0.8505255453125 0.7912593546875 0.8513037078125001 0.7927838578124999 0.851294575 0.7946071046875 0.8512892125 0.798789790625 0.849087228125 0.8007876828124999 0.848269971875 0.8016742890625 0.84775248125 0.798949103125 0.8474364921875001 0.79718414375 0.8483393515625 0.7953723874999999 0.8485387515625 0.7927835812499999 0.8496646890624999
0 0.7894592546875 0.8670007468750001 0.7940808453125 0.86788805625 0.7974421875 0.8681162171875 0.8004779781250001 0.867689565625 0.8015159281249999 0.8674742656250001 0.801420890625 0.866607178125 0.7980629359375 0.8663469828125001 0.7894592546875 0.8670007468750001
0 0.979489221875 0.8424538609375001 0.9790132078125 0.8451968031250001 0.9853045484375 0.8499376671875 0.987905825 0.85003439375 0.990444909375 0.849980496875 0.9964723546875 0.8484202046875 0.994766734375 0.8471293937500001 0.99127578125 0.8475395453125 0.9903368078125 0.8468873140625 0.9859158046875001 0.848359109375 0.9843287484375001 0.8467218640624999 0.9823971484375 0.843452625 0.979489221875 0.8424538609375001
0 0.9576020578125 0.8542033734375 0.9540132734375 0.85449 0.9564192078125 0.8557565468749999 0.9534794828125 0.8557215875 0.9530901921874999 0.8575434968750001 0.9573421890624999 0.8562500828124999 0.964600996875 0.8550311140625 0.9596468453125 0.8543372843749999 0.9576020578125 0.8542033734375
0 0.95370055 0.8440017640624999 0.9509612125 0.844370975 0.9494235874999999 0.8457799328125001 0.949851603125 0.847242409375 0.9514551265625 0.8473689109375 0.95430571875 0.8473422375 0.956437646875 0.846760178125 0.9590450031250001 0.8458336 0.9607213171875 0.8451420093750001 0.9632762250000001 0.8443474515625 0.9664661515624999 0.844063234375 0.9648589390625 0.8432256375 0.9605988796875 0.8423285437500001 0.9573079281249999 0.8434095765625 0.9581617250000001 0.8441069125 0.957030059375 0.8444300546875001 0.95370055 0.8440017640624999
0 1 0.8325580515625 0.997987009375 0.83240984375 0.9971151125000001 0.8301466625 0.9939230953125 0.830281278125 0.9874934953125001 0.8322247062500001 0.98870445 0.8314328421875 0.99152154375 0.8283498375 0.9884206921875001 0.8291106734374999 0.985322834375 0.8304990734375 0.9856299265624999 0.8330546421875 0.9811299453125001 0.8333020765624999 0.9770969515625 0.8329316296875 0.9746559328125001 0.83524385625 0.97369773125 0.83498248125 0.9692101687499999 0.833847546875 0.9666059312499999 0.8344707390625 0.9674643375 0.836155165625 0.9703423890625 0.839119403125 0.968397390625 0.8399986515625001 0.9670419453125 0.8424344343750001 0.9671217859375 0.8443497765625001 0.97118416875 0.8439413640625 0.977094821875 0.8432116593750001 0.978170459375 0.8427480718749999 0.9799693671874999 0.8417836390625 0.9828075484375001 0.8418707390625 0.9851744984374999 0.8421076921875 0.9891212515625 0.8419206515625 0.9922278421874999 0.8413578203125001 0.9930044656250001 0.840619109375 0.9945986890625 0.8394893671875 0.9959915531249999 0.8385772656249999 1 0.8379591156249999 1 0.8325580515625
0 1 0.8410088515625 0.996145740625 0.8410328296875 0.9935718796874999 0.8432643203125 0.9947241375000001 0.8441879453125001 0.9976221359374999 0.8442066796875001 0.9999783046875 0.8438392515625001 1 0.8438016781250001 1 0.8410088515625
0 0.9337343703125001 0.7310579203125 0.9285249328124999 0.730781809375 0.9221166359374999 0.7318102421875 0.916657975 0.73375764375 0.914516396875 0.7376166875 0.931747915625 0.739197975 0.93188068125 0.7387280484375001 0.9347511624999999 0.7382141796874999 0.9389660328125 0.7391602265625 0.9407093468750001 0.7383503484375 0.9430761546875001 0.737093090625 0.9455099812500001 0.735515578125 0.9472787374999999 0.732843409375 0.9452927984375 0.731803428125 0.9431453796874999 0.7314220171875 0.9381155624999999 0.730964453125 0.9397767531250001 0.7292446484374999 0.9373829296875 0.7279969109375 0.9337343703125001 0.7310579203125
0 0.9346655640625 0.6994220062500001 0.9390648140625 0.7002316921875 0.9451518515625 0.70074579375 0.9574201265625 0.699020021875 0.9611981843749999 0.6979020874999999 0.9650500093750001 0.6984542031250001 0.9679899671875001 0.69624541875 0.9688096734375 0.69434250625 0.96705218125 0.6923457953125001 0.964369825 0.6915598968750001 0.959460996875 0.6918285 0.9551999171875 0.6915753140625001 0.9508733234375001 0.6912713765625 0.9438868156250001 0.6918793140624999 0.93916658125 0.692782534375 0.934815684375 0.6957860421875 0.9346655640625 0.6994220062500001
0 0.8143879109375 0.5308868734375001 0.80951718125 0.53413226875 0.808938209375 0.5373551484375 0.81084355625 0.5403140843750001 0.8140086921874999 0.5398534749999999 0.81734981875 0.5392529484375 0.8189737750000001 0.5399177828124999 0.82274700625 0.5389788249999999 0.8254114796875 0.5379085234375001 0.8266287812499999 0.5366566125000001 0.824736940625 0.5334906562499999 0.8248195328125 0.532832128125 0.8254364515624999 0.530609009375 0.822529378125 0.5298184015625 0.81876449375 0.5298063171875 0.8143879109375 0.5308868734375001
0 0.783868421875 0.5514280203124999 0.792599525 0.5500305359375 0.7950645734374999 0.5483271390625 0.797045284375 0.5447605171875 0.79766884375 0.5429214625000001 0.7958522953125 0.5414363875 0.799021796875 0.541680465625 0.8038693015625 0.5415593328125 0.8125882687500001 0.5416136015624999 0.8128561921875 0.5395231578125 0.8053072796875 0.53800429375 0.8053445234375 0.536102478125 0.8121656703125 0.5319265796875 0.81471554375 0.5294570484375 0.8149304328125 0.526978015625 0.81194660625 0.524372615625 0.8044148234374999 0.526792828125 0.798282921875 0.528227371875 0.7928477468749999 0.5280066546875 0.7833381546875 0.5290181031250001 0.7771521484374999 0.52956245 0.772197965625 0.5321915890625 0.772547153125 0.536450059375 0.77541124375 0.5374849640625 0.7805204171875 0.5343307078125 0.7801733625 0.5361387921875 0.77566261875 0.5425855562499999 0.7757355265625 0.5464836578125001 0.776743140625 0.5459065578125 0.7811042671874999 0.5414152734375001 0.7784873671875 0.546933175 0.7770374203125 0.5505040953125 0.7808455203125 0.5515309796875 0.783868421875 0.5514280203124999
0 0.9538742703124999 0.313626953125 0.9606176625 0.3147919796875 0.9592390406250001 0.3177028 0.9636899031249999 0.3185541453125 0.9675088328125 0.3157847640625 0.976293565625 0.31636310624999997 0.9781356390625 0.31468415 0.9782003640625 0.3099241296875 0.970802125 0.3083209765625 0.9748804390625001 0.30352388750000003 0.9764520031249999 0.2974838875 0.9731687875 0.30089905781250004 0.9697071828125001 0.3045381109375 0.969340490625 0.3035119703125 0.9649002421875 0.3009061359375 0.9598621953125 0.3020291640625 0.9565954484375 0.30422549375 0.9541300500000001 0.3072511828125 0.9533009765625 0.3095814328125 0.9538742703124999 0.313626953125
0 0.9221224749999999 0.30543813124999997 0.9260495078125001 0.30488622187500003 0.9304305484375 0.303691434375 0.9338484703125 0.3026493609375 0.9342755484374999 0.30082687343750003 0.9372638734375001 0.297850765625 0.93752639375 0.2950258 0.9316972281250001 0.29616691875 0.929263603125 0.2964884296875 0.928785990625 0.294583234375 0.9303484796875001 0.29069039375 0.9280990062500001 0.2863045265625 0.9271831671875 0.2853902765625 0.9178298687499999 0.2896806328125 0.916747975 0.2915367671875 0.9122679921874999 0.293487053125 0.90587205625 0.29442381093750003 0.900442778125 0.2965690484375 0.896699465625 0.29999996875 0.8950209109375 0.30148395781250004 0.892277484375 0.30598930156250004 0.8950638609375 0.308357371875 0.9020205859375 0.30947979375 0.9086551406250001 0.3088487390625 0.9078145578125 0.3111869171875 0.9103100515625 0.312911078125 0.9151395734375001 0.3124374546875 0.9187600078125 0.3124209265625 0.9187639546874999 0.3094177125 0.915401215625 0.3082477671875 0.9132232437500001 0.3037082671875 0.91540915 0.300276903125 0.9201390593750001 0.2966694578125 0.9202866640625 0.2986178765625 0.9188085062500001 0.302448375 0.9170598890624999 0.304230959375 0.9201945468750001 0.30570908281250003 0.9221224749999999 0.30543813124999997
0 0.7889296 0.3634946859375 0.7959282203125 0.36465697812500003 0.807627165625 0.3609347625 0.8144102765625 0.3577456375 0.8203278375 0.354752315625 0.82530649375 0.3508827 0.825610271875 0.3473071875 0.8311908921875 0.3466317546875 0.8366502546874999 0.34174786562500004 0.832807303125 0.34059649687500004 0.8238211468750001 0.3410436671875 0.8272503921875 0.33842056875000004 0.8288219078125 0.33502979375 0.8267094234375 0.3323035125 0.8201808968750001 0.3295462125 0.816551825 0.33725915624999997 0.8121345765625 0.335131334375 0.809968171875 0.3345474703125 0.80390601875 0.338353196875 0.8014596718749999 0.339022046875 0.7996811359375 0.334809828125 0.794533890625 0.3335167265625 0.7920242296875 0.334431153125 0.789488125 0.3402769390625 0.7830245015624999 0.3411474734375 0.769164478125 0.3412587484375 0.7629323046875001 0.3434505546875 0.7673131640624999 0.34681263906250004 0.76541633125 0.34847246875 0.7582853 0.357550134375 0.7577841624999999 0.3629884296875 0.7643738609375 0.36157790625 0.7713082046874999 0.36058756875000003 0.774402090625 0.36279723750000004 0.781444328125 0.3630461328125 0.7889296 0.3634946859375
0 0.8420406437500001 0.25980489375000004 0.8414713328125 0.26432025625 0.8384268453124999 0.268479759375 0.8355186609375 0.27148720625 0.8385542593749999 0.273966990625 0.8437215359374999 0.27509949218749996 0.8451450796875 0.2747873984375 0.849279296875 0.2710617046875 0.8514754078125 0.2673212265625 0.8531854093750001 0.2650281109375 0.8590154953125 0.2609520515625 0.861588459375 0.254638775 0.8581482890625001 0.25341186250000003 0.8551132859375 0.25660596406249997 0.8420406437500001 0.25980489375000004
0 0.8716916921875001 0.18750275 0.8677990609374999 0.191005146875 0.8659310171874999 0.19331889687499998 0.865631721875 0.1958934171875 0.86932573125 0.1960748265625 0.8724117625 0.19386129218749998 0.8716916921875001 0.18750275
0 0.766098015625 0.1025672765625 0.7491871578125 0.11050903906250001 0.7411418078125 0.11372093125 0.7416589296875 0.1152560890625 0.7430812859375 0.11556425937499999 0.7511355109375 0.1158397578125 0.7586822578125 0.1154907453125 0.7657301984375 0.11459015937499999 0.766110546875 0.10862921406249999 0.76773425 0.104150275 0.7731210734375 0.10230921875000001 0.766098015625 0.1025672765625
0 0.7135489984375 0.28795833593750003 0.7130524171875 0.2894434625 0.71366560625 0.291684621875 0.7153576515625 0.292238903125 0.7153785359375 0.292286459375 0.71643795625 0.290012196875 0.717960475 0.28708115312500004 0.7184575578125 0.285083153125 0.7135489984375 0.28795833593750003
0 0.7737272078124999 0.29226095937499996 0.7713622234375 0.29339646406250003 0.768755184375 0.296031815625 0.7669318374999999 0.2990004046875 0.7659360671875 0.30224399218750003 0.773190884375 0.29781938281250003 0.77487903125 0.29639242499999996 0.7758046140625 0.29350267343750003 0.7737272078124999 0.29226095937499996
0 0.6139240265625 0.3370038859375 0.6180470296875 0.3388006859375 0.6219809625 0.339005178125 0.6242959640625 0.3397369890625 0.6275394859375 0.3392054046875 0.6280527015625 0.3371088890625 0.6258288453125 0.33370242499999997 0.6250505484375 0.3315775640625 0.622709709375 0.3307405125 0.6206467234375 0.32733353125 0.6176892578125 0.32518515937500003 0.6109824749999999 0.3248307390625 0.6101732234374999 0.3280654703125 0.6123719453125 0.3293059140625 0.6177599078125 0.33153714375 0.616660209375 0.33296344843750003 0.6129622265625 0.3337529796875 0.6139240265625 0.3370038859375
0 0.62644384375 0.287949696875 0.6152658421874999 0.287923871875 0.614750134375 0.2938423046875 0.6123797390625 0.2960956921875 0.6086007984374999 0.3017879546875 0.605567803125 0.3084767234375 0.6063385484375 0.3127595734375 0.6087926578125 0.312954296875 0.614371896875 0.3087998875 0.6186995265624999 0.304171303125 0.6208593734375001 0.3089074265625 0.634883059375 0.3098034890625 0.63812660625 0.309552759375 0.6395745125000001 0.30843726875 0.6517867359375 0.30920923125 0.660729759375 0.3087807453125 0.667603315625 0.307604875 0.6703994328125 0.30383371875 0.6695390109375 0.30021512499999997 0.666216553125 0.298433621875 0.65975489375 0.296298065625 0.6553299921875 0.295788621875 0.656823421875 0.2885414984375 0.6524970296875 0.2881491734375 0.64966221875 0.2861886859375 0.6452820375 0.28427971093750004 0.6365651031249999 0.28624954375 0.62644384375 0.287949696875
0 0.516178303125 0.2655274828125 0.518742815625 0.2699432328125 0.5228261828125 0.271289603125 0.526073190625 0.269514178125 0.5299032953125 0.268149096875 0.5356741484375 0.263786303125 0.5320067921875 0.2584841625 0.52403655625 0.260535240625 0.5189150390624999 0.2621196875 0.516178303125 0.2655274828125
0 0.5761675609375 0.24833313281249997 0.57994515625 0.24167699062499998 0.5759805359375 0.2374706359375 0.5708764656249999 0.238281059375 0.5662385578125 0.24117342968750002 0.5667761312499999 0.24567208125 0.565085559375 0.25244830937499996 0.56291648125 0.2579080078125 0.564399165625 0.2610367953125 0.56533603125 0.26086568125 0.5669786203125 0.25604958125 0.5687597375 0.2509505109375 0.5703189328125 0.24597887968749998 0.574071496875 0.24616152656249998 0.57558685 0.2492084078125 0.5761675609375 0.24833313281249997
0 0.5505044546875 0.28099763437499997 0.5574979640625 0.2825614203125 0.5592917140625 0.2863991265625 0.561665975 0.289449946875 0.5661196890625 0.2908941640625 0.5768380796875 0.29500338125000003 0.5848378328125 0.2973724609375 0.587379165625 0.2935061484375 0.589991271875 0.286303771875 0.588838228125 0.28202889062500003 0.5955947390625 0.2724531890625 0.5972597359375 0.271198315625 0.597167171875 0.266127475 0.594542215625 0.2629320125 0.593006990625 0.2625055875 0.6004853453125001 0.25772925625 0.5912471984375001 0.25704580625 0.5905923421875 0.25991960000000003 0.5824545796875 0.2623729078125 0.5799287468750001 0.268561221875 0.5796894265625 0.27060819999999997 0.5712238890625 0.2741647375 0.5691579421874999 0.27381289999999997 0.5675685953125 0.2703630203125 0.56758813125 0.266235759375 0.566018965625 0.2637266015625 0.562349771875 0.26517005312499997 0.56048685625 0.26717224375000004 0.5590523562499999 0.27133584375 0.553848740625 0.2734588328125 0.5496716171875 0.279147096875 0.5505044546875 0.28099763437499997
0 0.589763184375 0.28758864375000004 0.5859963718750001 0.2963086828125 0.5922972546875 0.300836775 0.59667056875 0.302461121875 0.6011158015625 0.300634059375 0.61074926875 0.296742971875 0.617079571875 0.28987165625 0.6102275015624999 0.28557565937499996 0.6050829156249999 0.28544664062499997 0.5964022203125 0.284205178125 0.589763184375 0.28758864375000004
0 0.41015511250000003 0.285472475 0.4152678234375 0.28689034687500004 0.420101528125 0.2867159265625 0.42181562812499995 0.286023759375 0.42115935000000004 0.2859234953125 0.41884154375 0.279614359375 0.4137844265625 0.2783338359375 0.4059809890625 0.28088689843750003 0.40517576875000005 0.28302760937500004 0.41015511250000003 0.285472475
0 0.402043184375 0.283944378125 0.4017476453125 0.2872978328125 0.4035004609375 0.289115325 0.4054691375 0.290459103125 0.40673345312500003 0.2902041 0.410070128125 0.28698969218750003 0.40544051562499994 0.2839907625 0.402043184375 0.283944378125
0 0.6466086171875001 0.3884636859375 0.6500566578125 0.386322346875 0.65396353125 0.384526765625 0.6594350890625 0.38244659062499997 0.6617588140625 0.3806021140625 0.667069503125 0.3785224578125 0.6705062328125 0.37396543437499996 0.673129146875 0.36910780781249997 0.673742065625 0.3652395484375 0.6704176421875 0.363545103125 0.665387215625 0.3684160453125 0.66041549375 0.3758490625 0.6585051953125001 0.371372925 0.652061703125 0.371454859375 0.6423910328125 0.373240003125 0.6393171125 0.37722376875 0.6365921703125 0.381276825 0.6421056484375 0.3868149578125 0.6466086171875001 0.3884636859375
0 0.6300392046875001 0.41039879843750005 0.6304757859375 0.41558223281249995 0.6350693265625 0.416269940625 0.63789021875 0.415504271875 0.6402878703125 0.41282734374999996 0.6453041546875 0.41000013593749995 0.6475102609375 0.40672371875 0.646104990625 0.4035619625 0.642332378125 0.40403378749999996 0.6329647203125 0.4089068125 0.6300392046875001 0.41039879843750005
0 0.6209976515625 0.3971926796875 0.6266581718750001 0.396266184375 0.6299410187500001 0.3949590796875 0.6326075578125 0.391714203125 0.6350310375 0.3904111125 0.636031559375 0.38702169375 0.6379068265625001 0.3812340703125 0.6373679578125 0.37574944062500004 0.6306530203125 0.3760667546875 0.6184934828124999 0.38109231875 0.61715500625 0.38296399999999997 0.6093670328125 0.3809454203125 0.6045792624999999 0.38171612499999996 0.6036909578125 0.385511059375 0.6060384453125 0.386631190625 0.6067845671875001 0.388134165625 0.6072027984374999 0.3950731765625 0.61097848125 0.3966552875 0.6209976515625 0.3971926796875
0 0.6140948203125001 0.361144740625 0.60816614375 0.362902584375 0.6070760046875 0.3697522125 0.6100005328125 0.37054352343749997 0.6134727609375 0.36884374062499997 0.617493765625 0.3612587453125 0.6140948203125001 0.361144740625
0 0.588506475 0.7337903234375001 0.591128603125 0.7340466375 0.5955576359375 0.7340016734375 0.5994167125 0.733404090625 0.6020830593750001 0.7318980374999999 0.6046437453125 0.7284613375 0.6032579218749999 0.726369790625 0.5976852546875 0.7258780703125 0.5908324 0.7269879171875 0.587626465625 0.7276073125 0.58464960625 0.728745184375 0.583460296875 0.7268169390625 0.5758042859375 0.7278929203125 0.574127521875 0.729367190625 0.5804577203125 0.731106246875 0.5862554546875 0.732031803125 0.588506475 0.7337903234375001
0 0.049728668749999996 0.8681547640625 0.0552414921875 0.8675582859375 0.0656335609375 0.8651242390625 0.0700000234375 0.8645105718749999 0.072980253125 0.8612074078124999 0.0701139609375 0.85812475625 0.06789690781249999 0.8622326625 0.068326703125 0.859115953125 0.062180592187499995 0.8572721328125 0.0553520828125 0.8566129374999999 0.05179198593749999 0.85905719375 0.049906387499999996 0.86112253125 0.047527109375 0.863784253125 0.046555703125 0.8662244453125 0.049728668749999996 0.8681547640625
0 0.31479324062499997 0.9889956078125 0.3070136140625 0.98894501875 0.3010556875 0.989473090625 0.3014973453125 0.9917399343750001 0.3052520921875 0.9927127796875 0.31273755625 0.9899629937500001 0.31479324062499997 0.9889956078125
0 0.1132608390625 0.8929651859375 0.0969378828125 0.8884965390625 0.0703598390625 0.8847196687500001 0.06470644375 0.8825083875 0.059759209375 0.882952796875 0.0540799875 0.8793676765624999 0.0492378296875 0.8853087671875001 0.052396071875000005 0.9054006953125 0.058178803125 0.9097223281250001 0.06877943125 0.9114892015624999 0.0745017609375 0.914190975 0.0932274875 0.9122692812500001 0.10008938593750001 0.9155461796875001 0.11369852968750001 0.9154685859375 0.126830621875 0.9146012609374999 0.14087944218749998 0.9194147625 0.2186454609375 0.9366470281250001 0.2325029921875 0.9388981515625 0.2543157140625 0.9438749046874999 0.27956736875 0.9486776046875001 0.2743333765625 0.9524032312499999 0.280406646875 0.9536277234374999 0.293734175 0.952231175 0.30223213125 0.9527898625000001 0.33057602343750003 0.9592628375000001 0.33597812031249996 0.9621784468750001 0.34253644687499996 0.9621277109375 0.3467924421875 0.9627713421875 0.34960973906250004 0.9636865953125 0.3522034796875 0.9619446 0.35463330625 0.9578462359375 0.3462653078125 0.9589307671875 0.34200406562499996 0.9509634671875 0.32538141249999997 0.95041373125 0.32460333124999996 0.94507948125 0.3168436359375 0.946080096875 0.31775413750000003 0.941365309375 0.3089647546875 0.9405967000000001 0.2998492953125 0.9440757468750001 0.294388 0.9419289828125 0.2897871828125 0.9394829874999999 0.2838335890625 0.9376168437500001 0.2772902328125 0.9373025703125 0.2671060875 0.9378928609375 0.2502209203125 0.937439978125 0.24890948281249997 0.9336323125 0.23760880156250003 0.9334296546875 0.24394088749999998 0.9310281515625001 0.23954601874999998 0.9272183484375001 0.25228290625 0.922798009375 0.23843189062499998 0.9218619015625 0.23294511093749998 0.9188714093750001 0.22173950781250001 0.919322821875 0.21675110625 0.91736363125 0.227476178125 0.9152220218749999 0.24467155625 0.91442425 0.25377189375000003 0.910208890625 0.266110725 0.9077726359374999 0.27267043125 0.9044871015625 0.28154540781250004 0.905999475 0.305905534375 0.9044361734375 0.300934840625 0.90178339375 0.2909649296875 0.8995981078125 0.2856008390625 0.8993105968749999 0.2731754 0.89979459375 0.2674874296875 0.8973372921875 0.256783290625 0.8948339078125 0.2467418046875 0.8942949171875 0.23045674531250002 0.8946428703124999 0.24603931562499998 0.8908008687500001 0.2459945765625 0.8865643015625 0.2317977125 0.8874897546874999 0.225946196875 0.8861141796875 0.21881811562500003 0.885523909375 0.2137109765625 0.8901184625 0.20752233593749997 0.8912390984374999 0.21612060781250003 0.8963736687500001 0.20476737812499998 0.9001419687500001 0.1980648796875 0.9125944 0.1859191828125 0.9133735875 0.186066015625 0.9088497515625 0.180942365625 0.9069947734375001 0.1737167375 0.9107289140624999 0.17369184531249998 0.9047586515624999 0.170727171875 0.9026712515625 0.162418303125 0.9005838718750001 0.14688577187500002 0.9027273796875 0.14104615 0.8958229046874999 0.131939246875 0.89991295625 0.129963678125 0.8953765671875 0.1184548046875 0.8964544078125 0.1132608390625 0.8929651859375
0 0.4877896421875 0.64359840625 0.48542759999999996 0.6386697984375 0.47907504687499997 0.6374340640625 0.47068129531249997 0.6371116109375 0.45175719687500004 0.6402713999999999 0.4428211984375 0.6396496234375 0.438503990625 0.643386834375 0.4329368265625 0.644169246875 0.43110985 0.64542795 0.42549196250000004 0.6529786046875 0.40805130156249997 0.6571843046875 0.405509215625 0.661673975 0.40908661874999996 0.6645509703125 0.41544637343749996 0.6646591046875 0.41812634531250004 0.66591080625 0.4191620796875 0.668520178125 0.4184469703125 0.6717511453125 0.43075357031249994 0.673778440625 0.4374065765625 0.6783532921875 0.43980339218750003 0.6787690796875 0.4467485015625 0.6782931890625 0.453814615625 0.676298171875 0.46381259375 0.676145865625 0.4669656609375 0.6772048500000001 0.47401604375 0.6774668 0.48985424375 0.6737371890625 0.4996609328125 0.6698548921875 0.5045722421875001 0.664405840625 0.513809309375 0.6588506015625 0.51941083125 0.658312659375 0.5246342359375 0.6598333140625 0.5284247296875 0.6582986562500001 0.5366460375 0.65739410625 0.540144628125 0.6561513515625 0.5446084531250001 0.6522673078125 0.5487615484374999 0.6509325703125 0.55037275625 0.6493286609375 0.5488998328125 0.6471562609375 0.541780515625 0.6464038171875 0.521632290625 0.6479826484375 0.5127391984375 0.65123636875 0.5135753140625 0.6464862765625 0.511083734375 0.644206159375 0.502724340625 0.644128178125 0.49057312499999994 0.64558661875 0.4877896421875 0.64359840625
0 0.27248876875 0.6359126984375 0.27883124375 0.638278015625 0.2840259078125 0.6289060390625 0.28669733124999996 0.62652671875 0.2811218359375 0.6236796578125 0.276647915625 0.6239328953125 0.26111015000000004 0.6262412375 0.255630765625 0.6300171296875 0.2476166953125 0.6323962515625 0.24803948281250002 0.6342144796875 0.250133884375 0.6360486578125 0.27248876875 0.6359126984375
0 0.235740284375 0.62630074375 0.2505802203125 0.6249661859375 0.2492654125 0.621280490625 0.250449534375 0.6180972140625001 0.2471480859375 0.617183734375 0.2393670625 0.6176508765625 0.2347564046875 0.6216802078125 0.22616551093749998 0.6235139875 0.2293115953125 0.62570211875 0.235740284375 0.62630074375
0 0.148758259375 0.15352244375 0.1467229140625 0.1485495 0.1360978046875 0.1501674125 0.1346408296875 0.14573959375 0.132943390625 0.14434980625 0.120472678125 0.14472498281249999 0.119490146875 0.14486306875 0.119869828125 0.14756464375 0.12375662968750001 0.1478940984375 0.125488646875 0.14952990625 0.12836978593749998 0.1581408546875 0.1366095203125 0.164496584375 0.137196221875 0.1686711828125 0.14214325625 0.1729856140625 0.14431668749999998 0.1789410890625 0.14569485 0.179249159375 0.13467278124999998 0.1804226796875 0.13026059375000001 0.1822940125 0.122384809375 0.18089682499999998 0.1135766 0.1823856171875 0.11109511718750001 0.1837363046875 0.1078837265625 0.2000908421875 0.100611721875 0.2053699109375 0.101645909375 0.20797949999999998 0.103783634375 0.20893187968750002 0.1020774640625 0.2134302984375 0.107894753125 0.21323756249999998 0.11024824687500001 0.2145351484375 0.11067958281250001 0.21998440000000002 0.1165932 0.22641616406249998 0.11533429843750001 0.2293480265625 0.11580175781249999 0.23504308125 0.11425095156250001 0.238266846875 0.114217725 0.24277945 0.11816473125 0.2494876046875 0.1270160640625 0.251875853125 0.134031671875 0.256650625 0.1408748171875 0.2554380046875 0.1469411203125 0.25583825937500004 0.154491775 0.262039953125 0.1644031046875 0.26365124375 0.168350528125 0.265602103125 0.173589665625 0.264865790625 0.17713991093749998 0.2663707125 0.189670809375 0.267613846875 0.19362811093750001 0.273193965625 0.20003346875 0.28669483906250004 0.2184928015625 0.28735724218750003 0.2300240890625 0.28623680625 0.22978229374999998 0.289276603125 0.228523590625 0.287449625 0.2229218515625 0.2879860203125 0.22094980468749997 0.2893913390625 0.22027780312499998 0.29173896093749996 0.22476747343749998 0.29398914375 0.22826584687499998 0.29274484218749997 0.2299549546875 0.2905051546875 0.2319543765625 0.29047345468749997 0.23638364374999998 0.2911037796875 0.2384780453125 0.2929379578125 0.22547518125 0.2966446171875 0.22483775625 0.2992382578125 0.2253715984375 0.3049902515625 0.2236898671875 0.3106954515625 0.2246290765625 0.3175691328125 0.2411689296875 0.3189667703125 0.2585695546875 0.319741675 0.266121521875 0.321765021875 0.2776957078125 0.32724819374999997 0.2808676203125 0.33081016406249997 0.2868144640625 0.33272932499999996 0.2887375515625 0.338093575 0.29471897187499996 0.34025875625 0.29975108906250003 0.3380494203125 0.3050248015625 0.3375591265625 0.3058445515625 0.339821746875 0.2956150734375 0.341885815625 0.2942800359375 0.34545478749999997 0.291066365625 0.3475347859375 0.2798628875 0.3486075734375 0.267763525 0.34805484999999997 0.2637226875 0.3489982828125 0.269237996875 0.3502270328125 0.268584640625 0.35983648125 0.27077515 0.3682936125 0.269431365625 0.372990403125 0.2717083234375 0.384442778125 0.27015884843750004 0.3876647796875 0.2762783546875 0.39081249218749997 0.279122240625 0.3944205640625 0.288765946875 0.3976978125 0.2923089921875 0.4003303359375 0.29001725 0.40541123125 0.29362049843750004 0.414422453125 0.29207351875 0.431920540625 0.29691704375 0.4354984609375 0.2964522796875 0.43932065312499996 0.30361315625 0.4391899671875 0.31152506406249997 0.44083295624999996 0.3161543671875 0.444065453125 0.3171710578125 0.4489306796875 0.319256928125 0.4518942234375 0.326540159375 0.4550030359375 0.3394321125 0.45644630625 0.34856814687500004 0.4596702546875 0.35399722499999997 0.45790530937499996 0.3692170609375 0.4592738734375 0.3751293296875 0.46094701562499996 0.3805584078125 0.4591820703125 0.3857456890625 0.460456921875 0.39898316562499997 0.45959845312500003 0.40158523749999997 0.461485934375 0.40723883125000004 0.45893837499999995 0.427076109375 0.4599073015625 0.433299325 0.45903268593749996 0.44756829218750005 0.4512665625 0.45296301093749997 0.44925714531249994 0.45808268906249994 0.45003973906250005 0.4667687609375 0.445312996875 0.4722124390625 0.43653400937500003 0.47528937187500003 0.4382301015625 0.479393290625 0.4436633859375 0.4829781125 0.44541432812500004 0.48434032499999996 0.4479778171875 0.485289628125 0.452352334375 0.48382618437499997 0.463326871875 0.4814915359375 0.46453227343750003 0.47862142343749997 0.4690680453125 0.46325026718749995 0.48325000156250003 0.4624229015625 0.48687227499999997 0.46700888125000006 0.4909865703125 0.468044415625 0.498354784375 0.4647012078125 0.5030832734375 0.47045091250000004 0.50715866875 0.48196492031249993 0.5082954156249999 0.48790301718749995 0.5113423953125 0.48347489843749997 0.5202295343750001 0.4940407515625 0.526509228125 0.4943858578125 0.5289647828125 0.4957655671875 0.5292726359375 0.497231290625 0.5325726375000001 0.49651618124999997 0.5358036046875 0.49174315625 0.5374763484375 0.48702043906250003 0.53713814375 0.47595504687499995 0.5391934640625 0.4674775609375 0.5501534 0.45605091406250003 0.556767425 0.45277664062499995 0.56198640625 0.4482600125 0.5536053109375 0.441159321875 0.55535430625 0.430420825 0.5526064500000001 0.42481908593749995 0.55314284375 0.421096396875 0.5504109171875 0.4137698421875 0.548183903125 0.40834076406250003 0.5499488484375 0.3970858484375 0.5482755078125 0.37161205625 0.5523557968749999 0.3668204046875 0.5515271 0.3602015578125 0.5519555609375 0.351601915625 0.554917159375 0.3326964640625 0.5653387750000001 0.3280956828125 0.5729973625 0.32242500937499996 0.5730432640625 0.3176001296875 0.576727171875 0.312084821875 0.5754984203125 0.307225365625 0.578936309375 0.30195010624999996 0.57942681875 0.2966606625 0.582174078125 0.29174800312500004 0.5828645078125 0.2876986359375 0.58493730625 0.2802182640625 0.5839847265625 0.274013675 0.58736078125 0.26971376406249997 0.5936011953125 0.27842679375 0.595005365625 0.2832862484375 0.591567478125 0.2877170640625 0.592197584375 0.2911117265625 0.5949756125000001 0.29630055624999996 0.5962502468750001 0.3045218640625 0.595345696875 0.3088649 0.592982325 0.3118124953125 0.5925680671875 0.315190078125 0.5928444374999999 0.3188108046875 0.594839634375 0.3221971375 0.5939881875 0.3220058484375 0.590258196875 0.32463416562499997 0.5887622218749999 0.329684909375 0.589054325 0.33126289062500003 0.5919630203125 0.3348562421875 0.5925845953125 0.3401286078125 0.5873356796875 0.349332446875 0.58629304375 0.34473186562499997 0.5891927906250001 0.3438443140625 0.5911967546875 0.3461286546875 0.5920023 0.3556935484375 0.5911598 0.36210515781249997 0.58925676875 0.37283490625 0.59313244375 0.3758530015625 0.5979688484375 0.376180828125 0.6026815890624999 0.3799308921875 0.606787134375 0.3858416140625 0.60846049375 0.3959431015625 0.6090446984375 0.40486942187499997 0.6012783765624999 0.41617640937499994 0.6009420999999999 0.4216052875 0.6039359953125001 0.4268098484375 0.6029536625 0.42483758437499997 0.6043574359375 0.425828665625 0.607850371875 0.43882589375 0.610031484375 0.447065628125 0.6163872125000001 0.45563204218750003 0.61793821875 0.46152703125 0.62186854375 0.4642501109375 0.6222368984375 0.5085799796875 0.6192618578125 0.5184212453125 0.61562558125 0.5319321968749999 0.6072149312499999 0.5410482578125 0.603178815625 0.5441067625 0.5976146296875 0.5473204328125 0.5955346296874999 0.5533795359375 0.597062484375 0.5543634156249999 0.601683021875 0.5572070828125 0.6052895453125 0.5618018109375 0.608276021875 0.569014559375 0.6108945609374999 0.5708859921875 0.613511134375 0.5761597046875 0.6130208406250001 0.5836400765625 0.6139734203125 0.5874404484375 0.6160680203125 0.5880273671875 0.6202441656250001 0.5895795203125 0.6217790234375 0.601188290625 0.6247801 0.6257152578125 0.62584099375 0.6462934734375 0.624952790625 0.654169675 0.621592684375 0.6604072734375 0.6137024796875 0.6762818140625 0.61022021875 0.679401853125 0.611032965625 0.6793239718749999 0.6164291328125 0.6810142109374999 0.6189465203125 0.676351896875 0.620228175 0.6719226296875 0.61959785 0.6671480578125 0.6212708109375 0.6603852906250001 0.6313633515625 0.6547157484375 0.6361663281250001 0.6538194484375001 0.639298109375 0.6492449125 0.6435732421875 0.6414722203125 0.6476698609375 0.6392927375 0.65235945 0.644654028125 0.659621475 0.65110134375 0.6627215390625001 0.6512234984374999 0.670719878125 0.6530846359375 0.6744644875 0.6633327578125 0.679662246875 0.6701586234375 0.6807068109375 0.6870166265625001 0.6866023796875 0.70170098125 0.686540928125 0.7082679734374999 0.68812363125 0.7195662140625 0.6889151734375 0.7201529156250001 0.693089771875 0.7180006078125001 0.7039118234374999 0.720811265625 0.712032496875 0.7237256328125 0.71613084375 0.7238475703125 0.724127634375 0.7219687375 0.7273975015625 0.7146536265625001 0.733559915625 0.707174603125 0.737365959375 0.6928178578125 0.7421386046875 0.678940340625 0.7523869046875 0.6913977375 0.75223134375 0.6961117078125 0.753697365625 0.7221203468749999 0.755802840625 0.735479759375 0.7629411640625 0.7444433515625 0.7649381078124999 0.7612468046875 0.7633275953124999 0.7763269890625 0.7589534578125 0.7901857421875 0.7625156093750001 0.79832061875 0.763376203125 0.8037422953125001 0.7674977000000001 0.8093278875 0.773975565625 0.8205327125 0.7776614000000001 0.8254968265624999 0.7844774875 0.8266704468749999 0.7928282328125 0.8282226015624999 0.7943630890625 0.8339880359375 0.7961815171875 0.8450359328125 0.796381834375 0.8539130937499999 0.800143921875 0.862489603125 0.80532573125 0.8672810546875 0.81091326875 0.8786929015625 0.8160721265624999 0.8834931015624999 0.8205318453125001 0.8924910515625 0.8227732609375 0.8958095796875 0.826188396875 0.9021448546874999 0.8296813140625 0.909072684375 0.8314626078125 0.9191580234375 0.839061071875 0.925258903125 0.8397073453124999 0.944201409375 0.8390474484375 0.9612123 0.8341526671875 0.9625300578125 0.8328408796875 0.9644924250000001 0.8230474624999999 0.9664833156249999 0.8241451281250001 0.9701561156249999 0.8241307078125001 0.9740072109375 0.81945706875 0.9721258828125 0.80845085 0.9688850375 0.8043983875 0.9689871984374999 0.8003762765625 0.9665317437500001 0.7983419609375 0.9615672312499999 0.8010435546875 0.9595675921875 0.8010737062500001 0.957120884375 0.7979115734375 0.9509840984375 0.7970210453125001 0.9394961171875 0.7924992953125 0.9446822515625 0.7842566843750001 0.9431128 0.7802186234375 0.94383665625 0.7758598375 0.9420083312499999 0.7723599171875 0.931761775 0.7719223296875 0.92770209375 0.7703627749999999 0.926098284375 0.7660802421875 0.915670734375 0.7607846281249999 0.9143931875 0.7564546640625001 0.9113162546875 0.754758571875 0.8993722578125001 0.7529311953125 0.8964765171875 0.7513342890625 0.8910907640625 0.7522174359375 0.9022855171874999 0.7449638359375 0.8861237546874999 0.7406429421875 0.8853127359374999 0.7324921171875001 0.8816576328125001 0.7254920593749999 0.8767710015624999 0.7227974859375 0.8712902687499999 0.7218147546875 0.8655675234375 0.723870275 0.8600609625000001 0.7215137046875 0.8544580937499999 0.7172930234375 0.8545602546875 0.7132709125 0.8596096515625 0.7088043921875 0.8580404171874999 0.7047678796875 0.8521366796875001 0.701965371875 0.841984884375 0.7033921140625 0.8318505859374999 0.70256321875 0.8210097093750001 0.703835925 0.8169933515625001 0.7013945734375 0.8101329093749999 0.7001039890625 0.8038322109375 0.696857090625 0.7959205015624999 0.6904552609375 0.7926452984375 0.6861583265625 0.7911449984375001 0.68261230625 0.79268705625 0.6805163578125 0.796479096875 0.6789814828125 0.8021324921874999 0.6811927640625 0.8066481890625001 0.6800579453125 0.8147819171874999 0.671401075 0.8239669125000001 0.6678554531249999 0.8345564953125001 0.6517152171875 0.83843341875 0.6484154156249999 0.8381731968749999 0.6441949328125001 0.8294084937499999 0.6352826984375 0.8102574 0.6297094015625 0.80327636875 0.62518065 0.7967872765624999 0.622962165625 0.793993915625 0.6173446953124999 0.78465064375 0.6126461765625 0.780807146875 0.6066745359375 0.77582420625 0.60211585 0.7748910328124999 0.585966684375 0.7629959953125 0.5773697390625 0.7578248609375 0.569080628125 0.75651295625 0.564506190625 0.7495494203125 0.557721803125 0.7496515828125 0.5536996921874999 0.7569049406249999 0.541158796875 0.7510779546874999 0.5282030484375 0.7435358484375 0.525632375 0.7379356578125 0.5261685515625001 0.7310752140625 0.52487796875 0.7270588578125 0.522436615625 0.7166481874999999 0.5244014984375001 0.7112363890625 0.523909259375 0.70566089375 0.5210621984375 0.6996781249999999 0.5141383953124999 0.6941197109374999 0.5137929906250001 0.68836280625 0.510845196875 0.6782455875 0.5125179578125 0.67331563125 0.5107051828125 0.66728235625 0.5105511671875 0.6646629875000001 0.5061604828124999 0.64554781875 0.505591828125 0.6440906265625 0.5011624609374999 0.6458300421875001 0.4969118265625 0.6456403015625 0.49318161875 0.6331439609375 0.4874241171875 0.6336419531249999 0.479089321875 0.631640965625 0.47436084999999995 0.6277110390625 0.470154353125 0.62463410625 0.4684582609375 0.61906694375 0.4692406734375 0.6091383171875 0.4651261796875 0.5763211078125 0.46447934531249996 0.5686422453125 0.4609243765625 0.5616255078125 0.4513925296875 0.556851134375 0.44830665 0.5484544703124999 0.43846540312500004 0.5448007140625 0.43622396874999997 0.542939578125 0.432479359375 0.5530715984375 0.419033715625 0.5482783812500001 0.41344485000000003 0.5425818796875 0.4121169125 0.53798736875 0.409131984375 0.5418988515625001 0.40131781406249994 0.5484817734375 0.3958847109375 0.546981475 0.39233869062500004 0.55134200625 0.38771968125 0.5504616375 0.38383565625 0.554856528125 0.3794611203125 0.5496319921875 0.373183390625 0.5475288421875 0.37247703125 0.552785259375 0.369483534375 0.5529049171875 0.3632057875 0.5515081281249999 0.36039627812499997 0.5455886578125 0.3598507375 0.536246534375 0.3646696828125 0.5305774078125001 0.3647153671875 0.52578555625 0.36864551093750003 0.5206328499999999 0.3676166796875 0.5161169531249999 0.373510340625 0.5052935734374999 0.372527409375 0.499175415625 0.3741383203125 0.4917195234375 0.36980095625 0.48913318281249996 0.365656509375 0.485721021875 0.36513411875 0.4852032546875 0.36145001250000003 0.4817033171875 0.35793414375 0.47636941874999994 0.3568061265625 0.465207915625 0.35223849218750003 0.4648369828125 0.3484090984375 0.4567710390625 0.348038996875 0.4534094046875 0.34550720625000003 0.44101637499999996 0.34524505625 0.4381031390625 0.3459037875 0.434699528125 0.34901241875 0.4316854765625 0.35845188281249996 0.4289724953125 0.36171433125 0.41882903125000004 0.3667705484375 0.42163988750000003 0.37013238125000003 0.42088167343749994 0.3742466953125 0.42474399687500003 0.3779609359375 0.42254723437499997 0.384907709375 0.41685926406249996 0.38245040625 0.41161024843750005 0.3795574625 0.40898933125000003 0.3751669953125 0.39892261875 0.3700699703125 0.3840456109375 0.356882421875 0.3677388015625 0.3453995140625 0.36273991250000004 0.34309624843750003 0.35927454999999997 0.3398263984375 0.3524316046875 0.336280178125 0.345725396875 0.32895786718750003 0.338951384375 0.3259021390625 0.3304356953125 0.31758289375 0.323523596875 0.313544634375 0.32116177343749996 0.30861757500000003 0.3161283078125 0.3060682890625 0.311542328125 0.30195399375 0.3029588359375 0.29790133124999996 0.297114153125 0.29196005937499997 0.2900282625 0.2819361734375 0.2911133734375 0.27301868281249997 0.2866814109375 0.2628711125 0.28382899375 0.2603924078125 0.27757995156250004 0.259893184375 0.2761485859375 0.25683765625 0.27214097656249997 0.2532684859375 0.266970990625 0.25449683749999996 0.265342703125 0.2535990890625 0.263842403125 0.25005306875 0.265236496875 0.24334533125000002 0.27069993281250004 0.241824859375 0.274542696875 0.23352174374999998 0.276368128125 0.23226325781249998 0.274867828125 0.2287172375 0.260968646875 0.230795290625 0.2597014125 0.230097678125 0.257071946875 0.222076190625 0.25231445468749997 0.2262508078125 0.2512025859375 0.22427854218749999 0.2470741875 0.22223004375 0.2411805453125 0.2230583421875 0.23653550937499998 0.2220828109375 0.2505209046875 0.2182380671875 0.25979389531249997 0.21768747031250002 0.266903115625 0.2148091078125 0.2653673109375 0.20150115156249998 0.2660204671875 0.19665054375 0.26469302968749997 0.18957423281250002 0.2624675265625 0.185628375 0.2558403484375 0.1824273609375 0.24472351875 0.1817365515625 0.2429383 0.1773532859375 0.2398613671875 0.17565719375 0.23505376562500002 0.1770839171875 0.23194225781250002 0.1751418046875 0.2310275296875 0.17101330625 0.22864820937500002 0.168341884375 0.223400325 0.1702060140625 0.2175902171875 0.16451076250000002 0.21316229843749998 0.1686390609375 0.20406218593749997 0.17041975625 0.17376081875 0.16866670625 0.16705730624999998 0.170861640625 0.1604054484375 0.17580425156249999 0.1488813453125 0.1710366984375 0.1482254921875 0.1663700609375 0.14607068750000002 0.162916025 0.148758259375 0.15352244375
0 1 0.7327689578125 0.9985683953125 0.7328538078125 0.9934760921875 0.733444834375 0.9849784125 0.7371431609375 0.97318958125 0.7387999734374999 0.9655378953125 0.7413774656250001 0.9667534921875 0.7440877890625 0.9692190265624999 0.7449925203125 0.9702446828125 0.7487314765625 0.9640230140625 0.7496058750000001 0.95988565 0.7486836484375 0.9580503406249999 0.7463128765625 0.9544224140625 0.7454452796875 0.9483149515625 0.7428323453125001 0.92819295625 0.74940298125 0.9283210921875 0.7605088546875 0.9240126312499999 0.7631182453124999 0.9251849046875 0.7667103671875 0.94051678125 0.767686078125 0.95385641875 0.7628055 0.9669888359375 0.7612107375 0.9790192640625 0.76127296875 0.9832170140625 0.7590546671875 0.9816132046874999 0.754772134375 0.9839134953125 0.7533222609375 1 0.75106145 1 0.7327689578125
0 0.5404166703125 0.346099209375 0.5414800468750001 0.3506454609375 0.548762365625 0.353669196875 0.554070403125 0.3523677953125 0.55595745625 0.3511211609375 0.5594845671875001 0.34705003749999996 0.5536053843750001 0.34316482656249997 0.5471614890625001 0.34196401875000004 0.5404166703125 0.346099209375
0 0.8631139390625 0.3403212625 0.8571166109374999 0.3393227734375 0.851325603125 0.34711234687500003 0.8553810515625001 0.34810288906250003 0.8579491078125001 0.3482326859375 0.8631139390625 0.3403212625
0 0 0.1423081046875 0.0191192390625 0.1470722484375 0.030916620312499997 0.1490464578125 0.0332281375 0.1559844640625 0.0394855125 0.1601131609375 0.043294650000000004 0.16584033125 0.044209378125 0.169968828125 0.04833799375 0.172018875 0.058025024999999994 0.174414325 0.0647817390625 0.17496685 0.071521175 0.17777655781249999 0.0770883390625 0.17699414375 0.086844303125 0.1798800875 0.0934270265625 0.17920582499999999 0.0978578421875 0.17983593125 0.1030610546875 0.1740949765625 0.107550925 0.1715863171875 0.108550734375 0.1691910484375 0.1079294578125 0.1647704296875 0.1034469875 0.161392646875 0.10550568281249999 0.1582237296875 0.110245678125 0.1563047484375 0.1147438796875 0.157425565625 0.1213627265625 0.1569971046875 0.1318955515625 0.16303056093749999 0.1381343 0.1646578203125 0.1485451859375 0.162694484375 0.15122381093749998 0.1591875625 0.15174042968749998 0.15335420625 0.1486881765625 0.1435144890625 0.1432406703125 0.13801915468749998 0.1334844890625 0.1351316640625 0.126106496875 0.13015852187500002 0.12405520156250001 0.127440996875 0.1271999375 0.12487050625 0.1335251171875 0.12473262031250001 0.1363777328125 0.122452484375 0.1381171484375 0.11820185000000001 0.1383403171875 0.11266061406250001 0.13375433750000001 0.10854631875000001 0.130271678125 0.102773265625 0.10792554218749999 0.1017814078125 0.0974115609375 0.0982509375 0.0889486578125 0.09743644375 0.0809864421875 0.0978044015625 0.0710416671875 0.1007041671875 0.06930112031249999 0.10019772499999999 0.0662744953125 0.0964906859375 0.0635664171875 0.0795906078125 0.0620140453125 0.078054203125 0.0589025375 0.07611209062499999 0.051318656250000004 0.07442299999999999 0.0399934578125 0.06750054375 0.035564190625 0.06687022031249999 0.029446031249999997 0.0684811296875 0.017818417187499998 0.062977065625 0 0.06545431874999999 0 0.1423081046875
0 0.0611931484375 0.06627412031249999 0.06631282656250001 0.0670567140625 0.071413878125 0.0653378703125 0.0721783328125 0.0632439125 0.07037834375 0.05796965625 0.065301771875 0.05630371562499999 0.0282982390625 0.061504223437500005 0.033390759375 0.0609147453125 0.0451634421875 0.0662721921875 0.050661671875 0.0649992859375 0.0559540109375 0.06701043281249999 0.0611931484375 0.06627412031249999
0 0.21502944531249998 0.363487959375 0.21855154687499997 0.3664879109375 0.2182664359375 0.368557103125 0.21782844375 0.3734342734375 0.2196233796875 0.37344078125 0.2435494078125 0.3606378859375 0.2360558625 0.359355809375 0.23278858125 0.3601337234375 0.229811696875 0.3606988375 0.2256970390625 0.3591186078125 0.221651684375 0.354753190625 0.2160830140625 0.3471495140625 0.2150602875 0.3562302234375 0.21502944531249998 0.363487959375
0 0.148521715625 0.44589761406250006 0.1592144203125 0.4489595890625 0.1672873140625 0.44977209218749997 0.1737225171875 0.44701527968750004 0.176446146875 0.4439296328125 0.1777490671875 0.43990759687500003 0.1769207359375 0.43295837343750004 0.177400765625 0.43282621718750003 0.1752337484375 0.42531092031249995 0.1718357546875 0.4166037796875 0.17454995 0.4118343078125 0.1688463046875 0.4056728265625 0.16973246718749999 0.400874675 0.1720891046875 0.399230696875 0.173279584375 0.39723780625 0.17225887812500001 0.39238892187499996 0.16349063125000002 0.3909735765625 0.157813175 0.3920602390625 0.153210721875 0.3971471578125 0.1498075203125 0.4011456421875 0.1445764734375 0.406980446875 0.1294729796875 0.4146129765625 0.1403526640625 0.4164905265625 0.148506603125 0.41781233125000006 0.15065333593750002 0.41917684375 0.14574353125 0.423379178125 0.142302634375 0.4294783515625 0.1409659421875 0.43436033281249997 0.14599285 0.4387266515625 0.148521715625 0.44589761406250006
0 0.04198076875 0.4757769703125 0.0469969953125 0.47599187499999995 0.0500648109375 0.475961496875 0.051689946875000004 0.47552324375 0.0529300890625 0.4746247171875 0.055212181250000006 0.4734046125 0.056466482812499996 0.46850896718749996 0.053859475000000004 0.4666537359375 0.047338234374999996 0.46730515781250004 0.044517367187500004 0.467475971875 0.040994371875000005 0.4706108484375 0.0403109203125 0.473719028125 0.04198076875 0.4757769703125
0 0.064336696875 0.44073238750000004 0.0618573140625 0.44154788749999996 0.05930601875 0.4445462 0.0610794109375 0.44693671874999996 0.06219614062499999 0.449493684375 0.0739042515625 0.44455680937500003 0.0728338765625 0.44338499843749996 0.06800176875 0.443537103125 0.064336696875 0.44073238750000004
0 0.13380206562500002 0.560470584375 0.14103263593749998 0.5583546296875 0.14568791718750002 0.5593918328124999 0.14875085625 0.557811109375 0.150290890625 0.556217203125 0.1476691625 0.5519893703125 0.1493761859375 0.5479910109375 0.1478237796875 0.5418961875 0.1454876828125 0.5395547734374999 0.1427890859375 0.54134779375 0.140600025 0.5437350609375 0.13478940156250002 0.5431331984375001 0.114953528125 0.5424212640625 0.11483016406249999 0.5467303703125 0.11267946250000001 0.5562615078125 0.117540290625 0.5584469046875 0.1205397484375 0.558547628125 0.128365978125 0.55928908125 0.13380206562500002 0.560470584375
0 0.097757771875 0.6222096968749999 0.10255294374999999 0.6216825203125 0.10760378749999999 0.61988710625 0.11349605781250001 0.6178140734374999 0.1139171640625 0.6165778109375 0.1135080171875 0.61410443125 0.11147903749999999 0.6125561187499999 0.1062245359375 0.6128575234375 0.103032803125 0.6148129453125 0.1018081 0.61494561875 0.0967572640625 0.61605624375 0.0963565921875 0.620166065625 0.097757771875 0.6222096968749999
0 0.09005711875 0.6342848734375 0.09499481875 0.6342441562500001 0.09889044375 0.6319531328125 0.10032266875 0.6333644140625 0.104534084375 0.63193943125 0.1155718 0.6251402328125 0.11142434999999999 0.6242809593749999 0.107426 0.6256838874999999 0.1061915453125 0.6265106109375 0.1023928796875 0.6254161328125 0.0980715046875 0.6260250390625 0.0942282703125 0.6271395109375 0.090966559375 0.631010815625 0.09005711875 0.6342848734375
0 0.12937485937499998 0.6880675609375 0.125889509375 0.6905833609375 0.12357336249999999 0.6963887671875 0.127217365625 0.6981566375 0.13122293437500002 0.697759365625 0.1397547609375 0.691867753125 0.1449418578125 0.6886504765625 0.1430919046875 0.686501084375 0.13382327968750002 0.68658875625 0.12937485937499998 0.6880675609375
0 0.050090896875 0.7639070078125 0.0491447984375 0.76756016875 0.052938203125000007 0.7682467234375 0.0543072078125 0.7673332421875 0.0535457296875 0.768213409375 0.059623934375 0.7659028125 0.0638308 0.7636595625 0.06608169375 0.7602190656250001 0.06298335000000001 0.7592912421875 0.0572433171875 0.761953509375 0.052259701562500004 0.7626554890625 0.050090896875 0.7639070078125
0 0.0773169765625 0.8093665281250001 0.08001592656249999 0.8109216671875 0.082911625 0.8109801703124999 0.08813155 0.810140840625 0.08955296093750001 0.8104759687499999 0.09220761562499999 0.8094480703125001 0.0900197078125 0.806656653125 0.083686575 0.8073778859375 0.0800459015625 0.8080362890625 0.0773169765625 0.8093665281250001
0 0.0759957953125 0.80410860625 0.0760326890625 0.8064481156250001 0.080319521875 0.8072325749999999 0.0844184109375 0.806219446875 0.0869294265625 0.8050003046875001 0.08784149218750001 0.802126653125 0.0810808046875 0.803420778125 0.0759957953125 0.80410860625