0 0.18278280156249999 0.0844468046875 0.1921135953125 0.09756530937499999 0.20779972500000002 0.0983072765625 0.22183031562500002 0.0939760078125 0.23080522656250002 0.0824507625 0.2503410390625 0.07466761718750001 0.2717990609375 0.0857127609375 0.28405055468749996 0.07997535156249999 0.2669114203125 0.07084204375 0.2814815796875 0.0667502234375 0.291095609375 0.05798635625 0.282836559375 0.07261927968750001 0.2897594765625 0.0732034984375 0.29952178281249997 0.054586556249999994 0.3065945 0.045317346875 0.2880986 0.0399690671875 0.286797228125 0.0387428859375 0.2821844109375 0.0371346375 0.1793990265625 0.0608645125 0.1713933703125 0.06882248125 0.159382 0.083685065625 0.1557031390625 0.0942073140625 0.1591815375 0.095312546875 0.1630367140625 0.09289588125 0.179824665625 0.0800383140625 0.1827484484375 0.07905380937499999 0.18278280156249999 0.0844468046875
0 0.14319384531249998 0.07467698125 0.1515774140625 0.075288 0.15872075000000002 0.07472927812499999 0.1595267375 0.0698157890625 0.1544262265625 0.0666299375 0.1493640703125 0.0677986296875 0.1387769296875 0.0702428625 0.14319384531249998 0.07467698125
0 0.055558156250000004 0.6807509203125 0.0670369515625 0.66651963125 0.0800793265625 0.643418659375 0.07888115 0.6436327390625001 0.0872656171875 0.6388506421875 0.0607252125 0.6318316640625 0.061646409375 0.626583684375 0.05376709843750001 0.6218568703125 0.0614850578125 0.6069848515625 0.056954440625000005 0.605211696875 0.0583076734375 0.6037174249999999 0.055872387499999995 0.5973713453125 0.0536761125 0.5920605343750001 0.038610387499999996 0.5955756140624999 0.0315521484375 0.5944052515625 0.02499583125 0.5954089515625001 0.0214415734375 0.5983927734375001 0.020977089062500003 0.6007915515625 0.016006490625 0.607920534375 0.0122849265625 0.6101796671875 0.02333178125 0.65802885 0.0317410359375 0.66652365 0.0299882046875 0.6692182640625 0.028749853125000002 0.6756138765624999 0.033362318749999995 0.677220603125 0.045697342187500004 0.6755194125 0.044098440625 0.6774151765624999 0.051604518749999995 0.68599180625 0.055558156250000004 0.6807509203125
0 0.0991948921875 0.78229196875 0.09994691875 0.7789368078125001 0.10461340156250001 0.7770961515625 0.1091500125 0.7791036499999999 0.1165731703125 0.7789165062500001 0.1268457859375 0.7719634015625 0.1342281125 0.7635143140625 0.160065765625 0.7336764265625 0.1494003609375 0.7357747109375 0.1258351703125 0.7242153984375 0.1377384328125 0.7104682203125 0.134843365625 0.7042282906249999 0.1215393078125 0.7056079765625001 0.116646240625 0.7027927734375 0.1081326984375 0.7011950796875001 0.10229436249999999 0.6979598765625 0.091413125 0.6964004671875 0.085926875 0.699830325 0.07263042187499999 0.709862884375 0.0802452359375 0.70903335 0.079892171875 0.711914746875 0.071666734375 0.7140863515625 0.060186173437500004 0.72946301875 0.0665965484375 0.7307653140625 0.0582474625 0.7394375937500001 0.05465576875 0.7378485734375 0.0549666734375 0.7362501671875 0.06181268125 0.724741753125 0.066452409375 0.71985401875 0.0721899359375 0.7108930625000001 0.07408566093749999 0.7058723109375 0.07838382187500001 0.699081384375 0.0663800328125 0.7011615250000001 0.055858640625 0.704098921875 0.047178684375 0.71501245 0.0419103625 0.71571879375 0.036498446875 0.7150599484375 0.05121551875 0.7788065875 0.053002264062500005 0.7718481890625 0.0555877015625 0.7683423625 0.060252795312499996 0.7654468578125 0.0681564703125 0.76398616875 0.071949640625 0.7635097421875 0.078186590625 0.7662696578125 0.0811801875 0.7704149890624999 0.0840925546875 0.7763061515625 0.0785139859375 0.7831216765625 0.0720950234375 0.78765846875 0.0592893609375 0.7885783156249999 0.0522517 0.7832947796874999 0.056025604687499994 0.799641359375 0.0579843515625 0.8022424015625 0.06657936406250001 0.8071311171875 0.0732152765625 0.8094172687500001 0.07525210156249999 0.81162023125 0.080440821875 0.81131231875 0.086104365625 0.8064415875 0.0878075515625 0.79764871875 0.0991948921875 0.78229196875
0 0.0758840140625 0.843655390625 0.0796094328125 0.8387943281249999 0.0817335671875 0.8353950015624999 0.0810606625 0.828278028125 0.0775203546875 0.8276409062500001 0.07465295 0.8341207609374999 0.0709872046875 0.8371495640625 0.065721346875 0.8416382312499999 0.0758840140625 0.843655390625
0 0.7432970546875 0.6957528281250001 0.7520970984375001 0.7002654703125 0.752770003125 0.7073824453124999 0.7670493796875 0.714631065625 0.7700945984375 0.711019090625 0.78101760625 0.71213428125 0.7857624875 0.7095843734375 0.7886667234375 0.7074594125 0.7922511578125 0.7040853640625 0.792277396875 0.69789903125 0.79032013125 0.6936234875 0.78838110625 0.6915246296875 0.781298965625 0.690250740625 0.776094303125 0.692906796875 0.7733941203125 0.691713303125 0.7793861796875 0.6819655499999999 0.7614349328125 0.686109921875 0.7332153453125 0.6940793921874999 0.736171959375 0.698488234375 0.7432970546875 0.6957528281250001
0 0.6534689390625 0.726672540625 0.657895021875 0.7227417671875 0.6586994875000001 0.7178286296875 0.66456763125 0.7117464484375 0.6374898984375 0.718361853125 0.6174757140625 0.7240729390625 0.6205562421875 0.724816209375 0.6165899390625 0.7286408328125 0.622052203125 0.7291982515625001 0.6347022812499999 0.725187303125 0.63946388125 0.7248144328125 0.6449075546875 0.72319364375 0.6484664546875 0.726008971875 0.6534689390625 0.726672540625
0 0.6092337265625 0.74455185625 0.6041576484375 0.7433889203125 0.5958551296875 0.7478522234375 0.589616903125 0.75268565 0.5863693796875 0.7557686375 0.5962023765625 0.7628314656249999 0.5986185093749999 0.76227365625 0.605150565625 0.7660687187499999 0.613568484375 0.7645502421875 0.6184156359374999 0.7598246921875 0.6143981359375 0.7509942984375 0.6137007875 0.7479737515625 0.6092337265625 0.74455185625
0 0.6587774140625 0.8317464296875 0.65911401875 0.8344269109375 0.6748077375 0.8399250078125 0.682578678125 0.8417374421874999 0.683610890625 0.8364077062499999 0.6904629265625 0.83546241875 0.7013173609375001 0.8359263421875 0.7061809218749999 0.8275905078125 0.7017710328125 0.8256387437500001 0.6988419640625 0.823981734375 0.692259753125 0.82486633125 0.6940768281249999 0.8278400453125 0.6929571015625 0.8278868781250001 0.691954659375 0.825996746875 0.692217115625 0.8197847453125 0.681068715625 0.8217219265625 0.6716557265625 0.8275015828125 0.65607705625 0.8249467921875 0.656071425 0.82982624375 0.6587774140625 0.8317464296875
0 0.6045019828125 0.6762821437500001 0.6046166796875 0.679223928125 0.6043323203125001 0.6828960734375 0.6122222015625 0.6717415984375 0.6140954125 0.6651577234375 0.6071449515625 0.6705805359375 0.6045019828125 0.6762821437500001
0 0.6249087296875 0.660539709375 0.634301553125 0.6632509609375 0.638772725 0.6617937546875 0.6339238328125 0.6554885406250001 0.6311454328125 0.655706634375 0.6279331765625 0.6577198984375 0.6249087296875 0.660539709375
0 0.723062540625 0.6287578390624999 0.7195362875 0.630633521875 0.716344546875 0.6241574 0.7141499687499999 0.6244523828124999 0.7113359499999999 0.6257386796875 0.708382390625 0.6264205625 0.7095281296875 0.624034484375 0.707850596875 0.6216651843750001 0.7053509250000001 0.623090584375 0.6976471156249999 0.62402084375 0.694641528125 0.6293812156249999 0.6936349765625 0.632370184375 0.6882392703125 0.6359491203125 0.6815842984375 0.638970475 0.6809128296875 0.6446402765625 0.689758621875 0.6462045609375 0.6934819390625 0.6464049453125 0.6962387859375 0.64364851875 0.6955522140625 0.6418971375 0.7004308765625 0.640982484375 0.702461775 0.6424235031250001 0.7035392125000001 0.6372966046874999 0.7058265828125 0.6374035499999999 0.706174315625 0.6413547203125 0.7093698125000001 0.6429502203124999 0.7135841593750001 0.642825565625 0.7254336640625 0.6390283078125 0.730994925 0.63371454375 0.72766949375 0.6327856703125 0.7262706875 0.6316236765625 0.723062540625 0.6287578390624999
0 0.609198040625 0.3585077875 0.613446134375 0.35731375781249997 0.6053964656249999 0.35429401875 0.6158215031250001 0.351675534375 0.6197923890625 0.3492738484375 0.622085390625 0.3445013421875 0.6234526859375 0.3418524390625 0.6160279562500001 0.3439915265625 0.6154794015625 0.34284491250000004 0.619176840625 0.334354946875 0.62045134375 0.331304115625 0.6244686265625 0.3291033953125 0.6253575421875001 0.32804986875000003 0.6215303046875 0.3261768671875 0.6240296234375 0.3247499453125 0.620641171875 0.316199278125 0.6132669468749999 0.3136602296875 0.6107989203125 0.3078669328125 0.6042148359375 0.308750359375 0.595544203125 0.3067222859375 0.59200799375 0.30732540468749997 0.5831940624999999 0.30957354062500003 0.5718282171875 0.306894446875 0.565058196875 0.30697249531250004 0.5503927984375 0.312054878125 0.5413776953125 0.317106046875 0.53876999375 0.321737928125 0.5529159781249999 0.3352296921875 0.5546510375 0.3390706453125 0.5538292515625 0.342866865625 0.557011384375 0.3480719484375 0.565107584375 0.3402630578125 0.56560786875 0.3412075375 0.561932334375 0.352237359375 0.5680572515625 0.355491390625 0.5725544359375 0.3516949421875 0.5781045687499999 0.3451104875 0.580505815625 0.3481626125 0.5901636531250001 0.35568922812500003 0.5967369609375 0.353536634375 0.609198040625 0.3585077875
0 0.6383675375 0.25822906562500003 0.6335463984375 0.260615371875 0.6322707249999999 0.2636680765625 0.6350902406250001 0.2685319203125 0.6371712921875 0.2652932796875 0.6388544578124999 0.26278312812500004 0.6394631234375 0.26052264687500004 0.6383675375 0.25822906562500003
0 0.692567078125 0.25165585 0.6947712625 0.252631909375 0.6969098375 0.2508649203125 0.69781246875 0.246203334375 0.6960157765625 0.2457698296875 0.6943678796875 0.24721025624999998 0.692567078125 0.25165585
0 0.6898375796875 0.22513545000000001 0.6909220375 0.22615834218750003 0.6905720703125 0.22708744374999998 0.6910834828125 0.2293026125 0.689130490625 0.23187345625 0.6940462953125001 0.2298902484375 0.6994175109375 0.22865020625 0.6898375796875 0.22513545000000001
0 0.7063575453125 0.2930168765625 0.7021854859375 0.29822159375 0.703734959375 0.3012586921875 0.70901303125 0.2996151984375 0.7098021343750001 0.2920099546875 0.7063575453125 0.2930168765625
0 0.6706357546875 0.2999906421875 0.6703977906249999 0.303863753125 0.6759905625 0.30236088437499997 0.6706357546875 0.2999906421875
0 0.8238473515625 0.3878588390625 0.8211891453125 0.3971688578125 0.8285582249999999 0.3935592875 0.83638495 0.3858126109375 0.8327600578125001 0.3811347015625 0.8238473515625 0.3878588390625
0 0.7684979609375 0.40169723125 0.763898378125 0.40382071249999996 0.7627358796875 0.40981555312499995 0.764616109375 0.4093814671875 0.7689384859375 0.4060503296875 0.7721599968749999 0.40530658593749996 0.7735997015625 0.40051940156250004 0.7684979609375 0.40169723125
0 0.8153758671875 0.688050590625 0.8129133375 0.6884074359375 0.8101921109375001 0.6900956593750001 0.8155224249999999 0.69480479375 0.8217902890625 0.6937810953125 0.8319937703125 0.6914254359374999 0.8244800046874999 0.6882819734375001 0.8153758671875 0.688050590625
0 0.9522130828125001 0.594733453125 0.9524606515625 0.5921313828125 0.9502081984374999 0.590953190625 0.9471262265625 0.5923013484374999 0.9462948359375 0.5948265296875 0.9453665421874999 0.60182888125 0.9432127296875 0.60720428125 0.94837199375 0.6074981046875 0.95428474375 0.6012548859375 0.9575678890624999 0.5971036953125 0.95839928125 0.5945785140625001 0.9522130828125001 0.594733453125
0 0.933766625 0.5871126828125 0.9397408734375 0.5884916109375 0.942989921875 0.585408271875 0.93968898125 0.58214050625 0.938578509375 0.5834568578125 0.9384144781250001 0.5851913375 0.933766625 0.5871126828125
0 0.9150704453125 0.6090349625 0.919154859375 0.6095769343749999 0.926627859375 0.60763998125 0.9333607374999999 0.6086304874999999 0.9385092265624999 0.60765514375 0.9433115046875 0.6027282781250001 0.941637728125 0.59547835625 0.938208025 0.5928753437500001 0.935114925 0.5929528140625 0.929347346875 0.59492099375 0.9257635703125 0.5953250234375 0.9195885 0.5967506499999999 0.9146151703125 0.5972622046875 0.9112745015625 0.5999417421875 0.9107125843749999 0.602404709375 0.9111408093750001 0.6054889921875 0.9150704453125 0.6090349625
0 0.9680489812499999 0.633924040625 0.9841390640625001 0.638694 0.993336346875 0.6393288328125 0.9962844093750001 0.6324968078125 0.9940211796874999 0.6300494484375 0.9864940499999999 0.63051556875 0.987277171875 0.6277882531250001 0.9829359359375 0.62857883125 0.9773899125 0.6302841859375 0.9680489812499999 0.633924040625
0 0.9298780328125 0.41959072343750003 0.9349648875 0.42202282812499997 0.9370923343750001 0.41898515 0.934406728125 0.41960517187499996 0.9342579328125 0.4177312390625 0.932718065625 0.4159651828125 0.9304770921875001 0.41605920156250004 0.9298780328125 0.41959072343750003
0 0.9740013875000001 0.4526755921875 0.9766762171875 0.45078640312499996 0.9787093499999999 0.44734714999999997 0.9719857265625 0.44762616250000004 0.9703133375 0.45140548281250004 0.97158373125 0.45323375156249995 0.9740013875000001 0.4526755921875
0 0.9185679703125 0.3362953921875 0.93349158125 0.3409097 0.9382567171874999 0.3370513890625 0.9328091171875 0.3342792203125 0.9259147953125 0.33014444374999996 0.921458509375 0.32799171562499996 0.9123336375 0.325218603125 0.9091573515625001 0.32616518437500003 0.907113090625 0.3283337484375 0.9185679703125 0.3362953921875
0 0.92178099375 0.2963119078125 0.9275841921874999 0.293275525 0.9253224843750001 0.29082781406249997 0.9231275546875001 0.29112127499999996 0.91534020625 0.292919125 0.92178099375 0.2963119078125
0 0.688826928125 0.014949175 0.6906385046875 0.011772746875 0.6895076515625 0.0105488921875 0.6830538515625 0.010767214062499999 0.6803326249999999 0.0124554375 0.6748181125 0.017971689062499997 0.6709251328125 0.0243852359375 0.668994396875 0.0294974578125 0.670765075 0.03227020625 0.6747934859375 0.031340175 0.6775035859375 0.028381260937500003 0.683007321875 0.0215958421875 0.688826928125 0.014949175
0 0.337608625 0.5117820859375 0.341769440625 0.5040767421875 0.3399402125 0.4976260234375 0.3348254734375 0.4938437109375 0.319975178125 0.48549052187499997 0.3000743140625 0.476994809375 0.30961033125 0.4867929875 0.3044613921875 0.491690840625 0.30239800625 0.49598538281250004 0.29934380312500003 0.49745381406250005 0.2979680953125 0.500316334375 0.2939811796875 0.502891703125 0.2902767359375 0.5103649984375 0.286646275 0.5137480703125 0.284843521875 0.5235822125 0.28811245625000004 0.5252457484375 0.298199315625 0.5218987265624999 0.303758571875 0.5239251031250001 0.3157046125 0.524220396875 0.3223202078125 0.5271478671875001 0.32748236875000003 0.533337459375 0.3326155546875 0.532789 0.3337633484375 0.5348155546875 0.3383302640625 0.5340161718750001 0.341387859375 0.536236840625 0.3461339359375 0.5376860359375 0.3449914078125 0.539349753125 0.337946896875 0.5397044515625 0.3335083296875 0.5366560312499999 0.3319109515625 0.5385514421875001 0.318991559375 0.5443340046875 0.3153392578125 0.548358746875 0.31536331875 0.5514080515625001 0.3120241453125 0.5575253625000001 0.31316534375 0.56540658125 0.3144667171875 0.5666327640625 0.33283109375 0.5719392453125 0.3421222453125 0.573230728125 0.351196446875 0.56769926875 0.365037671875 0.5497394234375 0.3694809609375 0.5469320093750001 0.3767855625 0.538882525 0.3805008828125 0.5424795765625 0.39132997812500003 0.5474875390625 0.4056865765625 0.5464646015625 0.40986263906250003 0.54397225 0.41409798125 0.5466682921875 0.420833309375 0.5338400109375 0.426824196875 0.5240941296875 0.41049049843749996 0.5253746703125 0.40638806718750003 0.5237752734375001 0.3989584609375 0.5188917187500001 0.3954438078125 0.5145940703125 0.38073699843750003 0.50895311875 0.364953878125 0.5067421953125 0.35877620781249997 0.50791345 0.3546119984375 0.5119296906249999 0.348396890625 0.5085281046875 0.3448089390625 0.51062970625 0.337608625 0.5117820859375
0 0.8009194984375 0.443636690625 0.8068087343749999 0.4301859078125 0.8124282453125 0.426596996875 0.817850496875 0.42509180312500006 0.8251110671875 0.41832413749999997 0.8316214828125 0.41491280625 0.8301827546875 0.41015353125000004 0.8226696656250001 0.4092148640625 0.8186874703125 0.40593439687500005 0.8155858437499999 0.4049955484375 0.8024498515625 0.403956690625 0.796705190625 0.405537921875 0.792293728125 0.40553810312499994 0.787274184375 0.41026015625 0.7722976484374999 0.41448107500000003 0.7709878125 0.41542010312500005 0.771557828125 0.41936165000000003 0.77916166875 0.42142273281250003 0.7779195750000001 0.424127721875 0.7692883687500001 0.42790359687499996 0.75913189375 0.4294834859375 0.7537961828124999 0.428425390625 0.7486966921875 0.4298560703125 0.7414105390625 0.4335747828125 0.7341921265625 0.43905945625 0.7298303078124999 0.4451578921875 0.7262978921875 0.44750004218750006 0.7172639796875 0.4480590578125 0.7114815296875 0.44506592500000003 0.70464800625 0.44486196875 0.6936549953125 0.44281841875000005 0.68378134375 0.4492977609375 0.680461159375 0.46431868749999994 0.6829221796875 0.469095315625 0.682983678125 0.4767174609375 0.6880903046875 0.48266650625 0.6887732625 0.48709031875 0.6907863734374999 0.4899337828125 0.69343439375 0.5043417578125 0.693020725 0.5128369187499999 0.6965403046875001 0.5222056171875 0.7009991906249999 0.5246127171875 0.716991775 0.5262653375 0.73261383125 0.5218953890625 0.73960280625 0.5213001421875 0.7432722265625 0.5224895625 0.748560515625 0.5211403765625 0.753235459375 0.5171345109375001 0.758434165625 0.5146610359375 0.7732552484374999 0.5112393187500001 0.779446296875 0.5115916031250001 0.786999675 0.5075578265625 0.7989688828125 0.497666515625 0.7995669796875 0.49511020468750006 0.8159620109375 0.4735075125 0.8148582484375 0.47019913593749996 0.813213446875 0.4696872671875 0.8067689015624999 0.47117510625000003 0.8014890765624999 0.47035908125 0.7973126625 0.4728499109375 0.7892455078125 0.4731857328125 0.7824067203125 0.469291503125 0.7818367046875 0.46534995781250005 0.78206461875 0.46046088125000006 0.78691685625 0.455014140625 0.78879109375 0.4506365828125 0.791033640625 0.44859061875000006 0.798487453125 0.445598115625 0.8009194984375 0.443636690625
0 0.6806892640625 0.5138172703125 0.6813866125 0.5168378171875 0.684128221875 0.5176898015625 0.6902881890625 0.5088429921875 0.6872046953125001 0.5101915015625 0.6823724296875 0.51130711875 0.6806892640625 0.5138172703125
0 0.7236581203125 0.5321076625 0.73153298125 0.5355927125 0.7317341546875 0.5327896796875 0.718458090625 0.5267334234375001 0.7158092734375 0.5262833671875 0.7076036578125 0.5262694984375 0.7236581203125 0.5321076625
0 0.49156172031249995 0.8706494843750001 0.5008856749999999 0.859587278125 0.5043247671875 0.852430215625 0.5120076625000001 0.8445467624999999 0.5155448 0.8363487781250001 0.5198629375 0.8315336859375 0.5209036796875 0.8272202671875 0.513614134375 0.8272498796875001 0.504593053125 0.819786328125 0.5007360078125 0.8185135406249999 0.4898922078125 0.8215269734374999 0.48126065 0.8253013265625 0.4796158484375 0.8247894562500001 0.48047742812500005 0.818227459375 0.4837292421875 0.8146768328125 0.48480028593749996 0.8075565328125001 0.48411885000000004 0.80313236875 0.46892197343750003 0.79684124375 0.4624640515625 0.7968055453125 0.45691478124999996 0.7926136078125 0.4505020625 0.791294215625 0.44589770937499995 0.78752075625 0.44306143281250004 0.7862656734375 0.4391622296875 0.786275878125 0.437835275 0.7820007437500001 0.4344427125 0.7783291765625 0.4283630859375 0.7784595109375 0.4219185421875 0.7799473515625001 0.41726578906249995 0.78331306875 0.4117202609375 0.7828117546875 0.4067325421875 0.784726575 0.4020963625 0.7837603484375 0.39371982499999997 0.7856942250000001 0.3767660953125 0.7916448734375 0.3612994921875 0.7952156203125 0.3566467390625 0.7985813375 0.3462808 0.8007195312500001 0.3423697375 0.8028941250000001 0.32501365 0.8056294390625001 0.31568220937499997 0.8093103984375001 0.30020375312500003 0.8113572546875 0.29335025937500003 0.815484421875 0.28657823437499996 0.8229026109375001 0.278015940625 0.828442571875 0.271799309375 0.8250413375000001 0.26649035312499997 0.8270303203125 0.260943303125 0.8265293578125 0.25590004843749997 0.8282036296875 0.25099851875 0.8275536359375 0.244553975 0.8290414765625 0.239442628125 0.828948265625 0.23509890625000002 0.83071440625 0.22607060625000003 0.8386534984375 0.2215729546875 0.841218490625 0.21576055312500003 0.8410337609375 0.21240765 0.8456260125 0.2080095640625 0.84714973125 0.20653090000000002 0.8473644234375 0.20171333749999998 0.8404586453125 0.19446934375 0.8428943656250001 0.1790889296875 0.8439003015625 0.1738343375 0.8461317046874999 0.16840023125 0.846113009375 0.1588459484375 0.8488287343750001 0.154304615625 0.8526770687499999 0.14908032499999999 0.8521015921874999 0.13422741875 0.8583305421875 0.11874860937500001 0.8603758750000001 0.10790633125 0.8633889578125 0.099874740625 0.8682964500000001 0.09657924531249999 0.8731304203124999 0.094757503125 0.874060946875 0.0884562046875 0.873224171875 0.084656915625 0.87588290625 0.07922315937499999 0.8758657328125 0.0772252953125 0.8782352609374999 0.0764935859375 0.880949103125 0.0776654390625 0.8860249625 0.0858089921875 0.8948344734375 0.0943262765625 0.900122790625 0.1000054171875 0.9004665734374999 0.0979298265625 0.9032357015624999 0.097867696875 0.9088498171875001 0.0923259125 0.9120391265625001 0.091771496875 0.9133120937499999 0.091994690625 0.9142788515625 0.09702983281250001 0.9147713140624999 0.0997091328125 0.91682595 0.09240453125 0.9248754359375001 0.0890772125 0.9325166375 0.088347025 0.935230128125 0.09238697500000001 0.9424421171875 0.101649346875 0.9465401312499999 0.121328278125 0.94505175 0.12781650312499998 0.9422805671875001 0.1328635 0.9442969187499999 0.1358570984375 0.94844225 0.135418196875 0.95388998125 0.12991821875 0.955794778125 0.1288134796875 0.9620328593749999 0.12520333749999998 0.9647746109374999 0.1221173078125 0.9690502750000001 0.11767554218750001 0.9718573375 0.10426608281250001 0.976989728125 0.10061378125 0.9810144703124999 0.10342162343750001 0.9887658874999999 0.11058165 0.9925859515625 0.12319914531250001 0.995782690625 0.1375132328125 0.9960412218749999 0.148945496875 0.9926385625 0.1527869453125 0.9886968359375 0.158306890625 0.9861491984375 0.1631894296875 0.977895575 0.1665105078125 0.9761105578124999 0.1798881421875 0.9737854015625 0.1813971109375 0.9707638265625 0.179370621875 0.966396825 0.18240076562500002 0.9618790890625 0.1805412328125 0.9582352515625001 0.181382840625 0.956004378125 0.18700048281249998 0.948726015625 0.19160955625 0.9466436406250001 0.19601540625 0.939263384375 0.20073590000000002 0.937663628125 0.2027911734375 0.93553581875 0.2039954796875 0.9282564640625001 0.209798246875 0.930608278125 0.2118250859375 0.9349768031250001 0.20938457656249998 0.9391034390625 0.2124203328125 0.941965778125 0.21898004062499998 0.9446511796875001 0.2293278828125 0.9468452812500001 0.2355610890625 0.9459145734375 0.2473526578125 0.9337743312500001 0.252874125 0.9312263421875 0.25734619375 0.9256123984375 0.2672791234375 0.9230642281250001 0.278941715625 0.9280080500000001 0.284375821875 0.9280267468750001 0.291713140625 0.9304059375 0.29599251249999997 0.9305629375000001 0.301575478125 0.9356370937499999 0.308211390625 0.93792324375 0.313851765625 0.94323911875 0.314700859375 0.94838949375 0.3243181625 0.9532955624999999 0.3263886828125 0.9563807453125 0.32846766562499996 0.9573007171875 0.3337781453125 0.9553113828124999 0.3369740734375 0.9515186859375 0.3428726640625 0.949138603125 0.3467093921875 0.9510527109375 0.3592017375 0.9522417703125001 0.37722401250000004 0.9487176296875001 0.38325621718749997 0.9461800140625 0.3885411125 0.941141728125 0.3940625796875 0.9385937390624999 0.3981016375 0.9325698171875001 0.40325666406250005 0.9313796859375 0.40751926875000005 0.9263240453125 0.4128990109375 0.9261003203125 0.42416922812499996 0.9293515265625001 0.43264685468749997 0.9263760265625001 0.441135165625 0.924926290625 0.448744078125 0.9211330625 0.45422186406250004 0.919868415625 0.458039603125 0.9128789078124999 0.463104696875 0.9105629640625 0.4705813265625 0.8973823328125 0.4712319171875 0.891378990625 0.47375132343750004 0.8868508796875 0.48126067031249997 0.884098925 0.4891945640625 0.88392215625 0.4887244671875 0.878940859375 0.49201996093749994 0.874106890625 0.49156172031249995 0.8706494843750001
0 0.44124815625 0.7115219578125 0.44804794843750007 0.7042240421875 0.43270297031249993 0.694721421875 0.4227888421875 0.6991847609375 0.408046815625 0.6926619421875 0.40624492500000003 0.6830233671875 0.39988107031250003 0.6844925796875 0.3918257703125 0.6863522921875 0.3852457453125 0.6843082109374999 0.37313052343750003 0.6832870578125 0.3619651328125 0.6863731328125 0.35560677812499997 0.6852961609375 0.352486390625 0.685373515625 0.33136838750000003 0.713344040625 0.3261568734375 0.7091494953125 0.320425590625 0.712254265625 0.31509105000000004 0.711194296875 0.3095018421875 0.7119763265625 0.30548088125 0.7136679515625 0.3003717546875 0.717265715625 0.2997651953125 0.7219872359374999 0.29750045625 0.7246733484375001 0.29105591249999996 0.7261611890624999 0.2876571078125 0.7283458078125 0.2873721375 0.7329946875 0.2831351171875 0.74109928125 0.2844061859375 0.74513234375 0.2904539875 0.74780924375 0.29183530625 0.7523267984374999 0.29755424218750004 0.7561492249999999 0.273879359375 0.789944203125 0.2780860765625 0.7846464921875 0.284572778125 0.7818756609374999 0.28695892343749996 0.777506603125 0.294591896875 0.776762678125 0.3048210265625 0.7806374984375 0.31838869999999997 0.79163126875 0.3241455671875 0.7915754500000001 0.33940831718750003 0.7959430828125 0.3452766046875 0.79636988125 0.35062077812500003 0.7952627671875 0.35504070312499997 0.793097375 0.36652850312499996 0.7899352640624999 0.370562840625 0.7897671765625 0.3747951421875 0.7875184187500001 0.38681551718749996 0.783725009375 0.407060021875 0.778796225 0.42820202187499995 0.7718786375 0.4349000625 0.7685506734375 0.43844094218749996 0.7640433125 0.44200802968749997 0.753036925 0.4366345890625 0.739312684375 0.430686646875 0.7436878140625 0.429793871875 0.739820784375 0.43632435 0.73429448125 0.4387470578125 0.726416325 0.42627429218749996 0.7304520859375 0.424861146875 0.7287417640625 0.415847221875 0.730123621875 0.41483118750000003 0.7294040500000001 0.42836117656250006 0.7145067734375 0.43451182343749994 0.7099052421875001 0.44124815625 0.7115219578125
0 0.3624233453125 0.9562703171875 0.3596885265625 0.9591291 0.3653907140625 0.9654489906249999 0.376048015625 0.9693516437499999 0.38216057812500004 0.9682595640624999 0.3841965265625 0.9623805859375001 0.374816125 0.9585006484375 0.3624233453125 0.9562703171875
0 0.2981809625 0.792746221875 0.30040540781249997 0.7850164671875001 0.28717230312500003 0.7936841703125 0.2981809625 0.792746221875