0 0.3656044078125 0.42938123125 0.374096984375 0.4280361390625 0.39786958281249996 0.428037615625 0.41838021875000003 0.432823909375 0.43068146093750004 0.43439073749999996 0.4348510375 0.43322885468749994 0.4339418796875 0.4296061640625 0.4250879765625 0.42020991093750004 0.418808196875 0.4101560046875 0.420666996875 0.40709946874999997 0.4269061953125 0.4020946375 0.4269093609375 0.391547096875 0.42939884375000004 0.38613002500000004 0.437108690625 0.37561795625 0.45203770781249997 0.35994584375 0.45228048281250005 0.35513615 0.449178440625 0.3503531546875 0.4358851875 0.34040551875 0.40148102343750003 0.3240090859375 0.37863399062499997 0.30025633906250004 0.379670778125 0.2729723 0.3775100890625 0.26779025624999997 0.3712590953125 0.264260609375 0.3559790734375 0.262914040625 0.34116623125 0.2645071421875 0.3359948109375 0.2635686390625 0.325737909375 0.2664492625 0.318894853125 0.2655239859375 0.3146477921875 0.266196653125 0.3112489078125 0.2679894921875 0.295090303125 0.269545790625 0.2590651609375 0.26194244218749996 0.2542983953125 0.2614413328125 0.25143775156250003 0.262397484375 0.2449169125 0.27196662968749996 0.24423753124999997 0.280362209375 0.22717498906250003 0.3079238328125 0.2171795703125 0.3187979015625 0.2176518765625 0.326004934375 0.21118689375000002 0.3338092390625 0.2130912265625 0.3352652 0.22073692656250002 0.33279815 0.232636678125 0.323380040625 0.232670415625 0.31935805781250004 0.2374910046875 0.3180914828125 0.2458372421875 0.33484998125 0.24947549218749998 0.338793446875 0.25038310468749997 0.34241638281250003 0.2495817609375 0.3458069203125 0.2531036625 0.3490157921875 0.2552308578125 0.35822136250000003 0.25247494062500003 0.3661912296875 0.24695106562500002 0.37359494375 0.24623411874999998 0.38174335625 0.24247635625 0.3876128390625 0.24117588125 0.39208698750000004 0.24260474375 0.396883453125 0.25072811875 0.4058923421875 0.27467976250000004 0.423944290625 0.278910075 0.42528338593750004 0.2930669515625 0.4343412171875 0.3232796671875 0.44964393437499994 0.335015915625 0.44552603125 0.3375676796875 0.44260969375 0.3389456375 0.438624759375 0.34136455 0.436987134375 0.3656044078125 0.42938123125
0 0.867435271875 0.9279485921875 0.8723063468750001 0.920648271875 0.8751382046874999 0.9131678624999999 0.8817805171875 0.9086006718749999 0.8832529515624999 0.9030947328125001 0.8887986984375 0.8979466171875 0.8873700812499999 0.8931516937499999 0.873671928125 0.8827651187500001 0.8679352687499999 0.8761403421875 0.8624347171875 0.86043875625 0.8586412546875 0.85551531875 0.8562577031249999 0.8425836656250001 0.8514623968749999 0.835559840625 0.8533158265624999 0.8282344 0.8502863875 0.8196748015624999 0.8434752828125 0.8147262421875 0.8403042125000001 0.8137224484375001 0.8314067359375 0.8146286015624999 0.8289492046875001 0.8160223921875 0.81864360625 0.8249380593750001 0.8062226062500001 0.8331826359375001 0.7943820484375 0.8451019671875001 0.785896140625 0.8507141765625 0.77963685625 0.8534647078125 0.7737636921875 0.8586630984375001 0.7676477546875 0.8686711828125 0.771220559375 0.88066145625 0.76521584375 0.887136771875 0.7491430125 0.8829021062500001 0.7433355390624999 0.8800552328125001 0.7285312312500001 0.8753697 0.7232280156249999 0.8757065781250001 0.7211753828125 0.8775393078124999 0.7221216171875 0.8814060781249999 0.7279916140625 0.886755228125 0.7432448109375 0.8963924390625 0.7460750484374999 0.8994593265624999 0.7621141406249999 0.907715975 0.7671745828125001 0.912188790625 0.7672100375 0.9229801656250001 0.772642940625 0.9319121156250001 0.7765681984375 0.9355601703125 0.7804612609375 0.9432299640625 0.78113276875 0.9559297093750001 0.783077509375 0.957630803125 0.78365949375 0.9613053125000001 0.797377559375 0.959132584375 0.802845821875 0.9534952546875 0.811448078125 0.9486176390625 0.8279153921875 0.9342079265625 0.8334665093750001 0.933328715625 0.841771678125 0.9350253890625 0.8441517265625 0.9331423859375001 0.8598297359375 0.9306592328125 0.867435271875 0.9279485921875
0 0.509610996875 0.6177540687499999 0.5089869828125 0.6243817218750001 0.514838446875 0.631741334375 0.5404733484375 0.6435009328125 0.5536603312499999 0.646435096875 0.5568885546875 0.6456722609375001 0.5558849218749999 0.6435705765625 0.5436560390625 0.638225603125 0.5342255203125 0.6294237453125 0.5159160593750001 0.6195175765625 0.509610996875 0.6177540687499999
0 0.49230532499999996 0.741025828125 0.5055899484374999 0.7318914453125 0.5082261078125 0.73373298125 0.50393189375 0.74044045 0.504513878125 0.7441149593749999 0.5090242875000001 0.7408899828125 0.5195188374999999 0.7289323046875 0.5273229140625 0.7168976875 0.5303001515625 0.7166776734375 0.5526391796875 0.72243046875 0.5591162 0.7231621859375 0.5696850687499999 0.7222412625 0.5705098296875 0.7211060781249999 0.5688637187500001 0.71283045 0.5659184328125 0.70902718125 0.5511293296875001 0.7023301296875 0.5438373828125 0.696453175 0.5339718 0.6912369593750001 0.5246256781249999 0.6871929765625 0.5184758296875 0.686409440625 0.5091683265625 0.68260929375 0.50952078125 0.6742670765625001 0.5030538375 0.6672564796875 0.502782278125 0.6655419140625 0.5061300140625 0.6549661328124999 0.5116538890625 0.64756241875 0.5130303046875 0.643577728125 0.5117028312499999 0.6415289171875 0.505651040625 0.64349198125 0.499241425 0.649528359375 0.493547134375 0.6579636203125 0.4920360796875 0.6632257234375001 0.4853010796875 0.66931521875 0.484459328125 0.6724606234375 0.4799321734375 0.6776973609375 0.47702104375000004 0.6846872578125 0.47791345312500005 0.6903217109375 0.483688975 0.697191865625 0.48779953125000003 0.7083423640625 0.486919159375 0.7112439328125 0.48842550625000003 0.7165296140625 0.48743032968750005 0.7186963453125 0.4879788203125 0.7263943796875 0.492247753125 0.727977309375 0.489554359375 0.7384494546875 0.48782711250000005 0.740229065625 0.48813753593750003 0.742189009375 0.4898477921875 0.7424196171874999 0.49230532499999996 0.741025828125
0 0.28077343906249996 0.7351063265625 0.2854037 0.7474306015625001 0.2898907859375 0.7673109265625 0.29279850625 0.7708670265625 0.2961804 0.771084409375 0.3049986046875 0.7696877421874999 0.3102022203125 0.7666045078125 0.314410415625 0.7656864609375 0.31586456093750004 0.7621925296875001 0.333657725 0.7603789234375 0.34363453125 0.762062371875 0.35898536875 0.7596310374999999 0.365798096875 0.7540323 0.3662128296875 0.748190815625 0.3649005609375 0.7441304843750001 0.352104896875 0.7330994828125 0.3505429390625 0.7295801859375 0.34576950625 0.7248119609375 0.345219471875 0.7171141703125 0.34855070625 0.7085516937499999 0.3317931234375 0.708443703125 0.3181626203125 0.704826765625 0.3128915984375 0.70114190625 0.3021065375 0.6985803359375 0.2874641109375 0.6991418921875 0.28202779843750003 0.700755940625 0.26993421562500003 0.7089502421875 0.26550666093749997 0.7169333375 0.265319496875 0.719976646875 0.26776695156249997 0.7248617359375 0.2743824375 0.7285851875 0.28077343906249996 0.7351063265625
0 0.3675759765625 0.4406506171875 0.3601452125 0.4427767203125 0.3420761625 0.45082904218750003 0.34824082343749996 0.45592111874999997 0.35560296875 0.4562183984375 0.37214844375 0.44218230781249995 0.3675759765625 0.4406506171875
0 0.40676685625 0.0846145421875 0.413245828125 0.077527821875 0.4138695015625 0.0710378546875 0.40717289218749997 0.0688997375 0.398914309375 0.075278003125 0.39404733593749997 0.08436214375 0.39588055 0.085049453125 0.40042894218749997 0.08685863906249999 0.40676685625 0.0846145421875
0 0.4732157828125 0.0543675625 0.47905052968749995 0.053770898437500006 0.4804516828125 0.044778498437499994 0.48693505156250005 0.042813521874999996 0.48306858906250005 0.042702945312500004 0.4454448328125 0.018104500000000003 0.43967022968749997 0.0191108625 0.4362317359375 0.026067217187500002 0.43328488906249996 0.0332810828125 0.41400612187499997 0.0359928328125 0.414225903125 0.0430737546875 0.42891038750000005 0.039751315625 0.44303515937500004 0.038398496875 0.45317835312500004 0.0413322453125 0.4639426609375 0.0395577390625 0.4690804359375 0.0419917953125 0.47350826718750005 0.048872909375 0.4732157828125 0.0543675625
0 0.5563539578125 0.04476238125 0.55923706875 0.0376155609375 0.5620638171875 0.0328696171875 0.553985040625 0.0284572171875 0.550750334375 0.032315424999999995 0.5455487921875 0.0465386125 0.5530150484374999 0.0479726625 0.5563539578125 0.04476238125
0 0.5555919421875 0.0502190796875 0.5580637234375 0.055018053125 0.5625058796875 0.05668586875 0.5661411890625 0.0553270140625 0.5682434234375 0.051390309375 0.5650099203125001 0.047904790625 0.5600749921875 0.046691534374999996 0.5555919421875 0.0502190796875
0 0.4885326375 0.13621193125 0.4866700609375 0.1403732859375 0.48770946562499995 0.1449182046875 0.48977452499999996 0.1498860078125 0.4951869875 0.150718309375 0.49657497343749996 0.1445992828125 0.4945352203125 0.13853274375 0.4885326375 0.13621193125
0 0.27732710781250003 0.067149925 0.2779678015625 0.0726533921875 0.28512859375 0.07485562343749999 0.286938159375 0.0748442796875 0.2881017140625 0.0723123375 0.28539834375 0.0663208484375 0.281594278125 0.06487627500000001 0.27732710781250003 0.067149925
0 0.6130446625 0.378202325 0.6175302625 0.38629715781249996 0.6268686031249999 0.384938340625 0.6317049375 0.382962128125 0.6341943453125001 0.38096055624999997 0.63265148125 0.37319695625 0.6253586531249999 0.3726181796875 0.618591971875 0.3744524296875 0.6130446625 0.378202325
0 0.9191733765625001 0.3242584796875 0.92186525625 0.3282996296875 0.928385390625 0.32473894375 0.9350168328124999 0.31986340625 0.9359485453125 0.3203723578125 0.9455637921875001 0.30538999375000003 0.9489021953125001 0.298231178125 0.9438778859375001 0.29491539375000003 0.9374970312500001 0.3002843671875 0.9342436546874999 0.29566455468749997 0.9245941296875 0.2958577015625 0.9179621765625001 0.298472675 0.9206877499999999 0.3063922421875 0.9240283281250001 0.31007436875 0.9228699 0.3138172921875 0.9191733765625001 0.3242584796875
0 0.889224325 0.277649396875 0.8842544999999999 0.26987329843749996 0.8749206453125 0.26889324375 0.8716270953125 0.273358759375 0.873447546875 0.278620003125 0.888895478125 0.2809967375 0.8897183859375 0.2819374 0.889224325 0.277649396875