0 0.27974525 0.42412997656250007 0.293915709375 0.45517455937499995 0.2990269390625 0.4615700203125 0.29928910625 0.46861885625 0.29806208437500004 0.47379060624999997 0.29902886562500003 0.47759972656249994 0.30431688125 0.476506284375 0.31209915312500003 0.469251578125 0.3158896453125 0.47078623437499995 0.3205491015625 0.4652621953125 0.322129859375 0.4611436765625 0.3269948875 0.4568177203125 0.32605825781250003 0.4510089609375 0.331116003125 0.446209909375 0.3447018421875 0.4618119046875 0.3523304765625 0.4645534109375 0.355485209375 0.46082177343749997 0.3534508953125 0.45836631875 0.3491366640625 0.45876193125000003 0.34811679687499997 0.4544435921875 0.3510165625 0.4444988171875 0.35407909375 0.4414232328125 0.359942384375 0.438908521875 0.3639258125 0.43996853593749996 0.3655069703125 0.4465353109375 0.364816540625 0.45144796875 0.3658062734375 0.4524217515625 0.3699736703125 0.45217275625 0.3698742859375 0.4466489171875 0.37486319687499997 0.44501168125 0.37860758906249997 0.44687436406250003 0.380618953125 0.45216515625 0.38538630625 0.4583466140625 0.3872206828125 0.4657836625 0.391565265625 0.4687310578125 0.40162083437499996 0.4791617203125 0.4085750078125 0.48314330156249996 0.41546693125 0.4804386515625 0.42425313750000004 0.47048647499999996 0.4233623921875 0.4643512375 0.42920255156250003 0.453985021875 0.4327629734375 0.45715671718750006 0.438996565625 0.46805059531250004 0.4431106625 0.467293928125 0.4466566828125 0.468794228125 0.45205810468749996 0.4588665328125 0.46039270156249995 0.45302589375 0.4654277140625 0.45106063125 0.46980203125 0.44666728750000007 0.473332103125 0.4464959734375 0.48011803906250006 0.4534597265625 0.48371014375000004 0.45997619375000004 0.48725616406250005 0.46147649218750003 0.4905880640625 0.466285440625 0.4932896390625 0.4666651234375 0.5024531484375 0.4656145890625 0.507272075 0.4616166578125 0.511248084375 0.46184252187499997 0.5193526109375 0.45763892031250003 0.5242176390625 0.4533129640625 0.52787159375 0.45583037031250007 0.5293304140624999 0.45970864218749996 0.5356542453124999 0.46460515156250004 0.5371591671875 0.468155396875 0.5422101109375 0.4732059421875 0.5487655593749999 0.47646563124999997 0.5526640046875 0.4736732015625 0.5573765265625 0.4740025765625 0.56092101875 0.47015846406249995 0.5749967687499999 0.46445725781249997 0.5788347125 0.46032145937499996 0.582058678125 0.46411330156249997 0.5849588234375 0.47019801406250006 0.588412859375 0.47235281875 0.5918225406250001 0.4801785140625 0.59650358125 0.48250576250000005 0.603181165625 0.4831113078125 0.6083223656250001 0.4768202890625 0.6165188765625 0.47196218125 0.6210314796875 0.47192895312500005 0.6266806671875 0.4673786984375 0.63075588125 0.4624415609375 0.63222870625 0.4573059328125 0.634861246875 0.45550478437499997 0.638299334375 0.45598797500000005 0.6471864734375 0.45155985625 0.6509785140625 0.45309473125000005 0.6645163234375 0.4529950484375 0.66708003125 0.4543557140625 0.6707956187499999 0.4528756078125 0.6694502046874999 0.44016308125 0.6697580750000001 0.436198596875 0.6716294078125 0.431786409375 0.6720133140625 0.42549580625 0.679066275 0.41897328749999996 0.68405496875 0.4173375984375 0.6894880703124999 0.410754675 0.692910209375 0.4095662546875 0.6986354328125 0.40268988125 0.704583725 0.3986834203125 0.7116135359375 0.389653590625 0.7144053671874999 0.3786917078125 0.7129393453125 0.3739777390625 0.7098853640625 0.3725465921875 0.7057408984375 0.37530444531249996 0.7005822203125 0.374579440625 0.6936761125 0.3756111484375 0.68923974375 0.37866090625000004 0.6853555015625 0.3777820828125 0.6818872796875 0.3739543359375 0.6712470734375 0.35342528125 0.665613653125 0.3489603078125 0.65858344375 0.34730484375000004 0.64855975625 0.3455616 0.638750390625 0.3458523546875 0.6290186062500001 0.343817209375 0.6267631875 0.3438331578125 0.6223727015625 0.3465564359375 0.6192568875 0.3437801546875 0.6150807421875 0.3431932359375 0.6115662015625001 0.33969506250000003 0.5789919359375 0.33444803749999996 0.5720856109375 0.33548129375 0.5679570953125 0.33991075937500004 0.5634427453125 0.33460112343750004 0.5574713203125 0.3307560796875 0.552912615625 0.3311173328125 0.5499047359375 0.329358159375 0.5275698078125 0.32789013906250003 0.5182208 0.32490527343750003 0.5143684546875 0.3273696765625 0.5108984703125 0.323543259375 0.5067398203125 0.3246281703125 0.500031884375 0.32067961562499997 0.48750499375 0.31891907656249996 0.48334634374999996 0.3200039875 0.47249394218749996 0.3188132875 0.46732106093750003 0.321759534375 0.46497169375 0.317088671875 0.45305897812499996 0.3127431390625 0.449190903125 0.3135343828125 0.44377335 0.31110362343750003 0.41003391406249995 0.30702928749999997 0.403232228125 0.30373656875 0.398627640625 0.304424303125 0.3917355171875 0.30178630625 0.384367303125 0.300750771875 0.36327687656249996 0.301127025 0.3600070265625 0.2976616640625 0.35646100625 0.2961613640625 0.331102465625 0.2912610109375 0.322767453125 0.29176055 0.3162137328125 0.29918791875 0.3125914765625 0.29467109062499997 0.3083534984375 0.29273903749999997 0.3058749921875 0.29522926875 0.3053846984375 0.30050298125 0.30886906718749996 0.3113449875 0.3122628 0.3174990703125 0.301755803125 0.321866784375 0.297726690625 0.326475896875 0.298764053125 0.332466065625 0.3031617203125 0.3359226796875 0.30302383437499997 0.3422478578125 0.3047430765625 0.3478321015625 0.30066940937500003 0.35276945625 0.29825819062500003 0.352097653125 0.29701523750000003 0.350253596875 0.29604865468749997 0.35178712343749996 0.292917090625 0.3526818765625 0.2882132984375 0.3585326125 0.27679494843749997 0.38097123125 0.26990300624999997 0.3890200765625 0.2668336734375 0.40194525781249996 0.267394746875 0.404195240625 0.2687757859375 0.40505676562500004 0.277939078125 0.404007778125 0.28233829374999997 0.407464609375 0.279052875 0.4183571234375 0.27974525 0.42412997656250007
0 0.7544425125 0.5117162000000001 0.7612109515625 0.517008121875 0.764388815625 0.5211279906249999 0.7679807203125 0.522301809375 0.773753971875 0.531127115625 0.7845071703125 0.53748081875 0.7863715 0.5375755796874999 0.791475346875 0.5324485015625 0.792411596875 0.5222277734375 0.7889488124999999 0.519237053125 0.7796384859375001 0.5150900109375 0.7850412375 0.5051640796875 0.7855317484375 0.49988881875 0.784703053125 0.4950971671875 0.7879406234374999 0.479189815625 0.7848390125 0.4727422828125 0.7829353828125 0.46312595156249997 0.783824184375 0.458575678125 0.7851908203125 0.45776580781250004 0.7809154890625 0.45699769687499997 0.7759193953125 0.452455040625 0.7770859140625 0.445939921875 0.7792104671875 0.4423980078125 0.7830944921875 0.44327837812500004 0.7878070328125 0.4382635578125 0.791583125 0.4381268203125 0.7960179453125 0.4350768453125 0.8004401109374999 0.435698340625 0.807946609375 0.44109399062500004 0.8104023640625 0.44678174375 0.8137183140625 0.4499190796875 0.8164891234375 0.4578222390625 0.8220781875000001 0.46795810312499997 0.8220783687500001 0.47864494375 0.8191325203125001 0.48357355156250004 0.821281753125 0.48788335937499994 0.823047078125 0.49848377031249996 0.8218346750000001 0.50532536875 0.8240232046875 0.519156746875 0.827615109375 0.5203305671875 0.831699071875 0.51622934375 0.8446528765625001 0.51137081875 0.8493654156250001 0.506356 0.8611844 0.5060131734375 0.8624216812500001 0.51236594375 0.8662901734374999 0.5169158 0.8713021984375 0.5284742625 0.8773817734374999 0.5333348671875 0.89007515625 0.526770371875 0.8942034546875 0.522342453125 0.8993002999999999 0.5217223234375 0.9033206640625 0.516277296875 0.9078190828125001 0.5145711265624999 0.9130522671874999 0.5076256015625 0.9191456296875 0.5034738546875 0.923167759375 0.4980274984375 0.935999209375 0.495824665625 0.9419103468750001 0.4983247921875 0.9450882125 0.5024446609375001 0.9526248624999999 0.5058406718749999 0.9542128218749999 0.50255785 0.9520474406250001 0.49123378124999995 0.94983770625 0.48558060468750003 0.9530297921875001 0.4806850265625 0.9573582265624999 0.4766181625 0.958708715625 0.46879403281250004 0.965584490625 0.45907512187500005 0.9711027937500001 0.45634309531249995 0.9755072640625 0.4499501140625 0.9841785359375 0.4434877796875 0.9869878453125001 0.43954192187499996 0.9897744218750001 0.438429853125 0.9918758249999999 0.4323806296875 0.991431234375 0.42664102187499997 0.9872780203125 0.4285629609375 0.9851447203125 0.431268959375 0.9742466343749999 0.43574738437500005 0.9664482328125 0.43064363749999995 0.9651202953125001 0.42494713749999996 0.9601613562500001 0.41389789375 0.9554412156250001 0.407391721875 0.9440965953125 0.39544502812500004 0.940258453125 0.39423817968749997 0.9232967593750001 0.3901834203125 0.9005635406250001 0.3879904125 0.8907238234375001 0.384938159375 0.8854747078124999 0.384867878125 0.86531918125 0.38036583125 0.8502906343750001 0.3785882125 0.8473589890625 0.3798455671875 0.8433685765625001 0.3779483078125 0.839162278125 0.379361028125 0.829706665625 0.37536081875 0.8090145468750001 0.371117865625 0.7992067281249999 0.37140883750000003 0.796689321875 0.3750627921875 0.793849878125 0.3756640953125 0.786488846875 0.3808084515625 0.7726654203125001 0.3633380203125 0.774264553125 0.3902774359375 0.7679782562499999 0.3949038265625 0.765430915625 0.4005558734375 0.7615324703125 0.4033483015625 0.75741835625 0.4094491640625 0.7565597078125 0.4119997984375 0.7576344234375 0.41682602500000004 0.7558696765625 0.42759775 0.756561834375 0.43337215156250003 0.761259021875 0.442713659375 0.762257484375 0.4498675515625 0.764606853125 0.4545384140625 0.7641006109374999 0.45814051562499997 0.7631871125 0.4601832609375 0.7580531328125 0.4619657828125 0.7561802531249999 0.466377753125 0.7513296281249999 0.4723751046875 0.7484456125000001 0.4786488453125 0.7461888265625001 0.48935141875 0.746558928125 0.4974173609375 0.7481702375 0.501984496875 0.7515869203125 0.5053032421875 0.7544425125 0.5117162000000001
0 0.7725574015625 0.5423131984375 0.7646349359375 0.5238338890625001 0.7553012609375 0.5118368890625 0.7466422640625 0.4985982640625 0.7446487953125 0.505664596875 0.7480269765625 0.520832359375 0.7580030343749999 0.5175592171875001 0.7601221140625001 0.5238686640625 0.7616573875 0.5307619171875 0.7654953124999999 0.5319703140625001 0.76156713125 0.5421034812500001 0.7677989765625 0.547654496875 0.7725574015625 0.5423131984375
0 0.096267290625 0.3280503640625 0.10045782031249999 0.3356528734375 0.1051707578125 0.341323346875 0.1140211234375 0.35943130624999997 0.11555617968750001 0.36632610625 0.119732525 0.37225567187499997 0.124299978125 0.3727303328125 0.13705344531250002 0.3621681078125 0.14116775937499998 0.3614098921875 0.1457651640625 0.3545422671875 0.147352925 0.3459167984375 0.1487196609375 0.3477782515625 0.1549745578125 0.35316525312499997 0.15983256562499998 0.358690440625 0.1608469953125 0.3621717515625 0.1631183640625 0.363827415625 0.1641399953125 0.368144425 0.16578105781250002 0.3600266265625 0.1636475578125 0.3573899796875 0.167906659375 0.34312831250000003 0.1782808265625 0.329893315625 0.180160825 0.318301525 0.18358276406250001 0.3117704578125 0.185579525 0.3100472078125 0.1849721515625 0.302782603125 0.1815642171875 0.30029977343750003 0.17735791875 0.30171249375000003 0.176467371875 0.30091990156250004 0.1707419859375 0.29176523906249996 0.16300367031250002 0.2826637625 0.1578144609375 0.2679089078125 0.1549285 0.26349713750000003 0.152118990625 0.2621003484375 0.1390874234375 0.25859793125 0.135173028125 0.2597187484375 0.131673109375 0.2578904234375 0.1276739296875 0.2605014421875 0.1232393078125 0.2688940640625 0.1215276640625 0.27483081249999997 0.12084403749999999 0.269893875 0.11703061249999999 0.265850359375 0.11343674374999999 0.259335221875 0.1014938953125 0.251645134375 0.093144696875 0.25047173125 0.089092434375 0.2525735328125 0.0852081921875 0.2516947109375 0.078254434375 0.253054228125 0.072068671875 0.25251938125 0.066113196875 0.25034595 0.061368559375 0.24667489687500002 0.049273421875 0.2436385921875 0.0438862203125 0.2445508421875 0.0393648515625 0.24909235000000002 0.036203334375 0.2573293890625 0.0372799765625 0.278185321875 0.0404276890625 0.284304828125 0.040374587499999996 0.2891398046875 0.044933290625 0.28877855 0.047059590624999995 0.2905795 0.0445581328125 0.2959050671875 0.0470440390625 0.29959318125 0.0476902953125 0.31103825625 0.0492714515625 0.31760502968750004 0.053001640625 0.323138965625 0.055221671875 0.329628275 0.058443871875 0.3334214453125 0.06555186406249999 0.33809365625 0.06856851093750001 0.3353445515625 0.0710079171875 0.32867539687499997 0.075711709375 0.3228246625 0.07938163125 0.3216694875 0.09225938125000001 0.324481275 0.096267290625 0.3280503640625
0 0.13180243125 0.7113953375000001 0.1416119796875 0.7217914249999999 0.1442073671875 0.7264968625 0.15077721718749998 0.7314279484374999 0.1504481609375 0.738226440625 0.1513369421875 0.7390203609375 0.15530596875 0.7384089796875 0.169488125 0.7283804703125 0.1815900828125 0.716222984375 0.1884660765625 0.7065025265625 0.19224176875 0.6956804937500001 0.20710975937499998 0.71997679375 0.21364927812499998 0.7162206765625 0.20744565625 0.6926403171875 0.22767490937499998 0.66275705 0.21193308281249998 0.67139875 0.2158929796875 0.653921965625 0.2197912078125 0.6511310828125 0.2214340171875 0.64835615 0.2202513671875 0.6425128156250001 0.21653538125 0.6333076281250001 0.2022268171875 0.6085897703125001 0.19981716249999998 0.6025739921875 0.20147417500000003 0.59612780625 0.20128980625 0.5867515234375 0.2049721671875 0.5819264265624999 0.206845046875 0.5775144562500001 0.2055933453125 0.574834484375 0.20215525781250002 0.5743512921875 0.1981490953125 0.5761250671875 0.1803750171875 0.5903239515625 0.17343681093750002 0.5826697875 0.165944715625 0.5789455328125 0.16177011562500002 0.57835883125 0.1598668859375 0.5794277937500001 0.1553632109375 0.5909837765625 0.148011146875 0.5969625015625 0.14656825625 0.6001000375000001 0.150745 0.616714896875 0.15085311562499998 0.628418846875 0.149341190625 0.62937555 0.1431540984375 0.6288389390625 0.132211440625 0.6389898015625 0.1254720046875 0.6423833171875 0.10957973437499999 0.6636929874999999 0.10879753750000001 0.6692586031250001 0.10921197499999999 0.67699785 0.11154559374999999 0.685339746875 0.1183083609375 0.6951403843749999 0.1205797296875 0.6967960468750001 0.1236743578125 0.7024063359375 0.12011433281249999 0.709919934375 0.1158992875 0.710496740625 0.11483351875 0.711849075 0.112670065625 0.7165547125 0.11349156093749999 0.7205106671875 0.11462657968750001 0.721337615625 0.1196152734375 0.7197019265625 0.13180243125 0.7113953375000001
0 0.111379425 0.617026803125 0.12577977499999998 0.635747509375 0.1262381875 0.6217863765625 0.1141710578125 0.6007222750000001 0.10916796250000001 0.60068656875 0.111379425 0.617026803125
0 0.126942421875 0.602517171875 0.1487687640625 0.5862164875 0.15635111562499998 0.578599178125 0.160803234375 0.5718783875 0.158868125 0.5642599296874999 0.136703578125 0.575837896875 0.1199439125 0.5988622859375 0.12104877968750001 0.601688875 0.126942421875 0.602517171875
0 0.094528171875 0.6513909921875001 0.10588912343750001 0.6810387859375 0.10960338124999999 0.679556915625 0.10294094843749999 0.65925239375 0.094528171875 0.6513909921875001
0 0.165159875 0.5551263718749999 0.182353984375 0.5789149015625 0.1857619375 0.5760535375 0.17839137968750002 0.553647196875 0.172742228125 0.5475090640625 0.165189828125 0.5477840859375 0.165159875 0.5551263718749999
0 0.1343838796875 0.7384743874999999 0.14039967656250002 0.7313043453125 0.1343821515625 0.727787328125 0.12686124999999998 0.7207202828125 0.12541857812499999 0.7238562703125 0.1343838796875 0.7384743874999999
0 0.169941121875 0.816938165625 0.16862078593750002 0.8227626562499999 0.1744560703125 0.83827574375 0.18737972187500002 0.8354168578125 0.1821284625 0.8193184171875 0.169142778125 0.8154895218749999 0.169941121875 0.816938165625
0 0.191346759375 0.9141161078125 0.194538446875 0.8985352359375 0.18971737500000002 0.8865050078125 0.186003334375 0.88798533125 0.18047842812499998 0.9059096015625 0.175876146875 0.938656528125 0.18471738437500002 0.9398990828124999 0.1948472765625 0.931972375 0.20546881093749997 0.9134295234375 0.20506817656249998 0.8913337312499999 0.191346759375 0.9141161078125
0 0.21210341718749998 0.9624486843750001 0.199055484375 0.9519335546875001 0.1980733515625 0.9624807625 0.21210341718749998 0.9624486843750001
0 0.2378598859375 0.9467003421875001 0.24528800468749998 0.9330513046875 0.24006904218749997 0.930981384375 0.22960112656249998 0.944872215625 0.22551698281250002 0.938286596875 0.207406628125 0.96379246875 0.2213128109375 0.9610716703125 0.2378598859375 0.9467003421875001
0 0.27397162812500003 0.7699465953125 0.27869875 0.7772900109374999 0.2799736015625 0.78247729375 0.28612219375 0.7948629234375 0.29260180625 0.8057913781250001 0.294174015625 0.806179590625 0.2972135953125 0.8059393421875001 0.29819614375 0.8007332343750001 0.29741333281250004 0.7956151031250001 0.2981037609375 0.7907024453125 0.30239329531250003 0.7877993046875 0.3072900046875 0.786818121875 0.31082729531250003 0.7821383109375 0.31071896250000003 0.770435909375 0.314509275 0.7612837265625 0.320756671875 0.757821059375 0.32866108125000004 0.7479122078125 0.33435440625 0.737692609375 0.33536689062499997 0.730488409375 0.3338158859375 0.7219219953125 0.33469028437500004 0.715700328125 0.3336455203125 0.7035318140625 0.336468853125 0.6852278625 0.338970309375 0.6799022953125 0.34323691093750003 0.674490296875 0.3443732796875 0.6699748171875 0.34375170312500003 0.666381465625 0.3307806015625 0.67491080625 0.3253473 0.6761510828125 0.322645725 0.6757714 0.31977438281250004 0.6730294781249999 0.316029790625 0.665824146875 0.30887570000000003 0.6614799625 0.2994204859375 0.668165046875 0.295545190625 0.6734647875 0.288485028125 0.6791516093750001 0.284025709375 0.685036703125 0.279828159375 0.6872853375 0.27358094374999997 0.7014348453125 0.27335261875 0.7084147468750001 0.2710495328125 0.7141026984375001 0.27186402656249997 0.7225656015624999 0.2710357296875 0.7284592453125 0.2524331359375 0.74855331875 0.2472604546875 0.7568422125 0.2472534515625 0.7613491609375 0.25136754843750003 0.76059249375 0.2568930515625 0.758696165625 0.261313471875 0.7539747953125 0.2693878453125 0.7517708328125 0.27153009375 0.7552433953125 0.27148419218750003 0.76091406875 0.27397162812500003 0.7699465953125
0 0.4897348375 0.9249964640625 0.48547545468750003 0.925899965625 0.4808406953125 0.9339315328125 0.474457159375 0.9490622421875001 0.47075730312499997 0.9522155078125 0.47287638281250005 0.9585249546875 0.491978396875 0.950022571875 0.49444970312500003 0.94669664375 0.497135328125 0.9454047125 0.503659096875 0.9453196296874999 0.511540553125 0.938246115625 0.516283046875 0.9258890093750001 0.5178638234374999 0.9164262953125 0.5205651984374999 0.9114633296875001 0.5196126203125 0.9039829578124999 0.5140784046875 0.8943549828125 0.5099942421875 0.8931135593749999 0.5075229375 0.8964394875 0.5017833296875 0.8963002703124999 0.495512765625 0.9025998218750001 0.48986399374999995 0.9124911765625001 0.49055635000000003 0.9236082234375 0.4897348375 0.9249964640625
0 0.75045313125 0.8225516390625 0.749914609375 0.806781025 0.75283885625 0.799345325 0.7746237484375 0.8368026671875001 0.77893663125 0.8417494828125 0.7816469546875 0.8429650796875 0.7919079140624999 0.843906984375 0.7987841062500001 0.839529171875 0.8018925203125 0.836127109375 0.808446059375 0.8180129 0.8108697171875001 0.8150147796875 0.811606246875 0.8097740953124999 0.80913434375 0.7970720828125 0.8110214250000001 0.7889888609375 0.8195242781250001 0.7748218578125 0.8246740078125001 0.7693683 0.8357792328125001 0.7607439796875 0.8370060374999999 0.7555737765625 0.83548693125 0.7503505890625 0.829929546875 0.743559496875 0.8262063578125 0.7335186125 0.8220920640625 0.7289326328125 0.8161206390625001 0.7250875890625 0.815053125 0.721097059375 0.8170179890625 0.716030584375 0.825090615625 0.7084837562499999 0.8278841937499999 0.7028647375 0.8302174140625 0.700521340625 0.8317522890625 0.6967293015625 0.831007028125 0.695789875 0.82747695625 0.6959611890625 0.8135248718750001 0.7043526625000001 0.80692505 0.7121080562500001 0.8000934109375001 0.716157625 0.790916115625 0.7262205109375001 0.7867858531249999 0.7253071125 0.784546165625 0.726996221875 0.7794034375 0.7279428296875 0.7740463875 0.7268554390624999 0.771374965625 0.72447611875 0.76956371875 0.7248905765625 0.7677456890625 0.729810434375 0.7698951203125 0.7394628890625 0.7695112140625 0.7457534921875 0.7643169296875 0.75153529375 0.752268075 0.7588578046875 0.7377780484375001 0.7728507984374999 0.7322671625 0.776416975 0.724125265625 0.7871287125 0.7228984609375 0.792298915625 0.7267667359375001 0.79685031875 0.7347886046875 0.8155092734375 0.7412507390624999 0.819421703125 0.74336981875 0.82573115 0.7465157859375 0.8265077921874999 0.75045313125 0.8225516390625
0 0.666154509375 0.762117334375 0.670045934375 0.7691760484375 0.669063603125 0.774380609375 0.6662097390625 0.7786547109375 0.6663781765625 0.7810151875 0.6678669312500001 0.7828953671875001 0.671882059375 0.7819559609375 0.682180171875 0.776391275 0.6896403875 0.7714281109375001 0.69902656875 0.76256219375 0.7101689453125 0.7474312859375 0.711933890625 0.7420022078125 0.711703421875 0.7329539515625 0.7093381234375 0.7212672812500001 0.7055227328125 0.7118824484374999 0.7019306109375 0.7107101765625 0.6945555953125 0.7195242375 0.6832203015625 0.7297855953125 0.675989975 0.72242488125 0.6745541046875 0.7157112734375 0.66880555 0.7093934953125001 0.6669482203125 0.704791784375 0.6562784781250001 0.6969461140625001 0.65525859375 0.69797196875 0.6556728328125 0.70036856875 0.6633654453125 0.7204833671875 0.6645941765625001 0.7313428703125 0.65801750625 0.741605575 0.6527065578125 0.740190159375 0.6490366359374999 0.7413453343749999 0.647885884375 0.738845225 0.6458747203125 0.7388970796875001 0.6469581843750001 0.744559221875 0.643520296875 0.749418678125 0.6545800171875 0.757150325 0.666154509375 0.762117334375
0 0.5412896640625 0.76043090625 0.543178890625 0.7683758421875 0.547399571875 0.7739787125 0.5497718734375 0.7811584328125 0.557356153125 0.7895708296875 0.5635650671875 0.7926129875 0.5649775874999999 0.7914766375 0.5650234890625 0.7858059640625 0.5637645874999999 0.7822902953125 0.5633027171875 0.774877309375 0.5603549234375 0.76912040625 0.5650285640625 0.765269309375 0.5717911499999999 0.7643831046875 0.5764717921875 0.756025059375 0.5835016015625001 0.7469952296875 0.591774365625 0.7398094578125 0.5983741874999999 0.7320540624999999 0.6009835781249999 0.7277456015625 0.601473871875 0.7224718890624999 0.594112659375 0.7169294046875 0.5824750015625 0.6912488984375 0.6067565 0.6646080249999999 0.6044847328125 0.6522670671874999 0.5866108734375 0.6696234171875 0.588159734375 0.6621616718750001 0.5874850734375 0.6580591015625 0.588159553125 0.65147483125 0.584045059375 0.6415462046875 0.582708375 0.6350137890625 0.5656451515625001 0.6094070312500001 0.56191494375 0.6092172890625001 0.558799128125 0.606441009375 0.5542863078125 0.6064757843749999 0.5526968203125 0.60441419375 0.5538329703125 0.5999002609375 0.558467728125 0.5918686953125001 0.5674999546875 0.5819510953125 0.5697958203125 0.580771640625 0.57155921875 0.5753423453125001 0.5710298453125 0.571092940625 0.5613443609375001 0.574072415625 0.5574157640624999 0.578864484375 0.55058434375 0.582912503125 0.5469939671875 0.5870830953125 0.5406082671875 0.591529840625 0.5357115593749999 0.5925110250000001 0.53162914375 0.5966124640625 0.5284355296875 0.5961636312499999 0.5256118171875 0.59843809375 0.522864359375 0.598384890625 0.5180292843750001 0.5953685609375 0.5131164265625 0.5893354859375 0.5099156109375 0.5880509546875 0.5106519421875 0.5774676234375 0.5164532015625001 0.5682651328125 0.5206896515625 0.5648527734375001 0.5212577265625 0.5625958062499999 0.5208506875000001 0.5610349046875001 0.5169205609375 0.5604825609375 0.5136967953125 0.5620333671875 0.5118095140625 0.5647739421875 0.507312859375 0.5664787828125 0.506307378125 0.5691760343750001 0.501541534375 0.5736831828125 0.4975884578125 0.5759661765625 0.496898246875 0.5808772859375 0.49419665312500005 0.5858417984375001 0.4951562328125 0.588815221875 0.497183346875 0.5904349796874999 0.5058085171875 0.5843006734375 0.5088251453125 0.5868957609375001 0.5089330796875 0.5879128687499999 0.5041285546875 0.59358219375 0.5014131749999999 0.6075590578125001 0.49853616093750003 0.6093258500000001 0.49201239374999994 0.6094109328124999 0.4852816875 0.61898455625 0.4811907421875 0.6222485343749999 0.47911054374999995 0.6201195578124999 0.47401331874999997 0.6047101984375 0.46516293593749997 0.5919464343749999 0.46239212656250006 0.5840432734375 0.4598587890625 0.5806814218749999 0.4602568984375 0.5707195671874999 0.46489340312499994 0.568030865625 0.4713072921875 0.5562431640625001 0.4711460734375 0.549374190625 0.46354757187500006 0.549977240625 0.460739809375 0.553923315625 0.452635284375 0.5581269171875001 0.4442084859375 0.564623609375 0.4364334140625 0.5727140140625 0.4326732546875 0.579866559375 0.42244417500000003 0.587612075 0.411651878125 0.57707945 0.40959483125 0.5774577828125 0.40848296093750003 0.5791381437500001 0.40770054843750003 0.5847053078125 0.4082832234375 0.589462384375 0.41138505312499996 0.59590836875 0.41143113593749997 0.6009245375 0.4102344828125 0.6040951015625 0.40887659374999996 0.6057408859375 0.40001960625 0.608169365625 0.3961744625 0.611469465625 0.3940483625 0.6150111625 0.39044203906249997 0.6175101421875 0.3878553984375 0.6136406187500001 0.3913393875 0.6084531359375001 0.39291841875 0.5936475578125 0.39079933906250003 0.5873381109375 0.3946368828125 0.5725170187499999 0.39748354531249996 0.56740721875 0.4010756671875 0.5685794921875 0.40209555156250004 0.5675536359375 0.40303178281249996 0.5626771015625 0.40684502812499995 0.5560337750000001 0.41043715000000003 0.5572060484375 0.413046540625 0.5528975875000001 0.4167463984375 0.549744321875 0.4197313453125 0.5489946375 0.41759784531250005 0.5463579890625 0.4171748578125 0.543125475 0.41594785312500004 0.5429530312499999 0.41385910625 0.5453307859375001 0.408179784375 0.5465364859374999 0.405325921875 0.5508105875 0.390681878125 0.55877030625 0.38045299843749997 0.5718584703125 0.3729554296875 0.5779855765625 0.36655379843749997 0.5754165140625 0.3614110875 0.571018928125 0.3571816390625 0.5699243375 0.3535756953125 0.5884528046875 0.3532697703125 0.6031028 0.3509063984375 0.6074458359375 0.3496334921875 0.612944065625 0.35397825625 0.626578303125 0.35405625625 0.6295935015625 0.35189125625 0.6342989218749999 0.3517994703125 0.640296075 0.3529216171875 0.644796040625 0.35550825625 0.6486655640625 0.364856134375 0.6569913125 0.3686781265625 0.6511839015625001 0.37406532812500004 0.6502716515625 0.378485746875 0.6455502828124999 0.382553959375 0.64512009375 0.3869284953125 0.6407252031249999 0.390474515625 0.6422255031249999 0.39498031718750004 0.6520418703125 0.39881863906250004 0.6639355609375001 0.4030869703125 0.669210621875 0.4057037421875 0.6764247 0.4098182546875 0.6810091328125 0.4125659125 0.6864049828125001 0.4173103328125 0.6900775828125 0.41925964687499995 0.6940247875 0.42744237187499995 0.69817903125 0.42890819375 0.6975503546875 0.43077952656249996 0.6931381671875 0.4246167140625 0.6897679828125 0.42388720312499995 0.6851575234375 0.42488393750000003 0.6816243578125001 0.42990433125000005 0.677989246875 0.43195985 0.6722665015625 0.42992575312500003 0.6698094984375 0.42584333750000003 0.6739109390625 0.42537579687499993 0.67100666875 0.4292578765625 0.6612015265625 0.43215784062499996 0.6565993984375 0.436739496875 0.6534028078125 0.4408077078125 0.65297261875 0.4422737296875 0.6576865890625 0.4450069859375 0.6614110421875 0.4459739671875 0.670562809375 0.45044221562500003 0.6762004734375 0.45236857812500003 0.682983015625 0.4558226140625 0.6851378203125 0.4585403375 0.6925317609375 0.46283882031249995 0.6958071828125 0.46592448124999997 0.7005831031249999 0.4710215265625 0.705305621875 0.4722255796875 0.7083134015625 0.470660553125 0.7141050812499999 0.467468684375 0.7189991124999999 0.464344103125 0.7207311109375001 0.45661668125 0.72849370625 0.4572009046875 0.733251 0.4564025421875 0.7371465500000001 0.45258754999999995 0.7384470125 0.46426999531249996 0.7390869343750001 0.46640367656250004 0.7524104234375 0.47008778281249997 0.7529281906249999 0.4827051296875 0.7486898140625 0.4860525625 0.749829275 0.4994688328125 0.7684116765625 0.5026785953124999 0.7758747703125 0.5107992703125 0.778685428125 0.5120649562499999 0.7776956953124999 0.5131077921875 0.773834503125 0.5124932171875 0.7657342015624999 0.5145644859375 0.756340421875 0.5185564640625 0.7528937046874999 0.5227538140625 0.7453024234375001 0.5316409531249999 0.7408743046875 0.535318059375 0.745899021875 0.5372055203125 0.7538452875 0.5412896640625 0.76043090625
0 0.47759708749999996 0.5963652500000001 0.48088133906249997 0.6015020078125 0.48665419375 0.59964201875 0.4891700515625 0.5959878468750001 0.48579381718750003 0.5915055953125 0.47759708749999996 0.5963652500000001
0 0.6803172749999999 0.7043323 0.6826205421875 0.7093311890625 0.690448896875 0.70709265 0.6973550234375 0.700716746875 0.6902328484375 0.69437159375 0.6803172749999999 0.7043323
0 0.49026525468750004 0.47058075468749994 0.48833014375 0.46296229687499996 0.48446186874999997 0.4584108921875 0.4810858140625 0.46461548124999996 0.4878398328125 0.47358020312500004 0.49026525468750004 0.47058075468749994
0 0.5892997765625 0.7923892640625 0.58552326875 0.7871849015625 0.5816234921875 0.7899755671875 0.5707269359375 0.7997984046875 0.5694382796874999 0.8089676671875001 0.5892997765625 0.7923892640625
0 0.7963308625 0.6832354578125 0.7917880890625 0.69061251875 0.80262646875 0.7061613125 0.804957959375 0.69313085625 0.7963308625 0.6832354578125