0 1 0.49101125 0.9937191609375 0.48068447968749994 0.991254153125 0.4724448375 0.9905860171875001 0.46611779999999997 0.985195296875 0.460373540625 0.98127604375 0.46108076562500006 0.9672458 0.47100328593749996 0.9528027078125 0.4755575546875 0.9490550234375 0.47211167343750005 0.9455474125000001 0.46380845937500004 0.942244009375 0.4629805453125 0.937708909375 0.465222909375 0.9324049265625 0.46458973124999997 0.9281955312499999 0.467087759375 0.9182359609375 0.4663335359375 0.8835986921875 0.44343203437499995 0.8748712218750001 0.439609040625 0.86184821875 0.437962603125 0.86159283125 0.4417968515625 0.8673429078125 0.449842134375 0.8878962359375 0.47001135312500003 0.896110415625 0.47671212812499997 0.898797465625 0.4838667046875 0.895443790625 0.48955832343749994 0.8824910062500001 0.4967948296875 0.8797363562499999 0.49992862968749996 0.8744489968750001 0.5099041953125 0.8671604546875 0.5296590515624999 0.8526360578125001 0.5578588140625 0.8493856453124999 0.584063290625 0.8502946578125 0.599910178125 0.852862528125 0.6142870046875 0.8431594499999999 0.6096966203124999 0.8279634953125001 0.5980208421875 0.81040559375 0.58903070625 0.8051858359375 0.5887178953125 0.8047241250000001 0.5946618031249999 0.8089699875 0.603794390625 0.82093175 0.6187340796874999 0.83395565625 0.6299646671875 0.8371044171875001 0.6311753359375001 0.8440176859375 0.6368545640625001 0.847458403125 0.6410685671875 0.8515134578125 0.6437478359375 0.852267025 0.6456002953125 0.8512228109375 0.6503301609375 0.8491869718749999 0.6532729734375 0.8328285296875 0.6631334640625 0.8300569531249999 0.670037615625 0.8304175171875 0.6867173296875 0.8345437953125 0.703070659375 0.834955034375 0.7132323484375 0.837829971875 0.722048021875 0.8432726765625 0.7308599171875 0.857202878125 0.7435591046875001 0.8639464921875 0.7533925453125 0.8718518906250001 0.7560673046875 0.8748126640624999 0.7604099093750001 0.8772430171875 0.761813075 0.8800674796875001 0.7675607078125 0.8842261984374999 0.7715807046875 0.8892746921875 0.7808411640624999 0.894563259375 0.785244290625 0.906011428125 0.7982672187500001 0.9065080968749999 0.8039543296874999 0.9137327640624999 0.83283089375 0.9152211578125 0.8355120265625 0.9191923937500001 0.8378724359374999 0.923178640625 0.8364613890625 0.9260707046875 0.831920646875 0.931134815625 0.8278250937499999 0.9332227375000001 0.8231568828125001 0.9366268859375 0.820533303125 0.9404774296875 0.8109427312499999 0.9490832031249999 0.7980236234375 0.9504347890625 0.79252714375 0.9517001359374999 0.791502225 0.95546515 0.7911792625 0.9640734390624999 0.80222450625 0.9780037421875001 0.8101306609375 0.9880494515624999 0.8112063562499999 0.9982995703125 0.8101712859375001 1 0.8096335328125001 1 0.49101125
0 0.73374618125 0.8290193484374999 0.72727669375 0.8163754453125 0.7262495062500001 0.8125419265625 0.72725996875 0.8105597328125 0.7268823796875 0.802443403125 0.7298250187499999 0.7961776671874999 0.7327507328125 0.793682284375 0.743924071875 0.7903454609375 0.7542937734375 0.78208965 0.7651601453125 0.77952095 0.7664424171875 0.774725678125 0.7725184015625 0.773440559375 0.7658943703125 0.7563863765625001 0.761443290625 0.7493615359375 0.7549578828125 0.7452791015625 0.7528180765625 0.74208664375 0.747616753125 0.7380030765625001 0.7390939953125 0.7368638609375 0.7351748453125 0.732778053125 0.7315815 0.7241548765625 0.7317673765625 0.6970600984375 0.7309112515625 0.693864996875 0.7277277359375 0.6906108828125 0.72570841875 0.689781834375 0.72268055 0.690936084375 0.71862529375 0.6978428796875 0.7110618203125 0.7060310171874999 0.6924614171875 0.7113579156250001 0.6774195015625 0.7088839390625 0.6661086468749999 0.6992470984375 0.6530172390625 0.69351185625 0.64502600625 0.695310165625 0.6440323671875 0.6983150390625 0.644426478125 0.7026595078125 0.6416891578125 0.7020244640625 0.6392250546875 0.703368971875 0.641724215625 0.7088624515624999 0.6402014671875 0.718513546875 0.6368140421875 0.7269528375000001 0.6377567046875 0.7448450859375 0.6435263234375 0.768291334375 0.6460419046875 0.7748059859375 0.6549927249999999 0.787129571875 0.6625231515625 0.8008593203125001 0.666682275 0.8048808281250001 0.67241411875 0.8071108015625 0.692761325 0.8198036171874999 0.714494871875 0.8290433984375 0.7233432343749999 0.835231309375 0.7296055953125 0.835607690625 0.7339175484375 0.83445230625 0.7346876359375 0.8325329046875 0.73374618125 0.8290193484374999
0 0.5562359828125001 0.9580641515625 0.5594868984375 0.960615953125 0.562583875 0.949172921875 0.565047978125 0.947828415625 0.567564065625 0.9495515421875 0.5701134984375 0.9485254890625001 0.5698736265625 0.9437967578125 0.5719600406249999 0.9391289531250001 0.57457838125 0.9374001812499999 0.579283540625 0.9310051156249999 0.58710330625 0.9285668796875 0.5923398890625 0.929902371875 0.5981758 0.933474584375 0.6001445421875 0.936028625 0.602470828125 0.9360895515625 0.6076568359375 0.9391500359375 0.6123618937499999 0.9375480015625 0.61746206875 0.9450815531250001 0.6257784015625 0.9531234609375 0.6350367953125 0.9550943703125 0.642893028125 0.96428675 0.6480607015625 0.9663249578125 0.6523893796875 0.9709852859374999 0.6577468546875 0.9746856953125 0.6667817968749999 0.9729490421874999 0.662827890625 0.9668197890625001 0.650694559375 0.9560332078125 0.6303125984375 0.9412969468749999 0.6188137546875 0.9347920421874999 0.61027386875 0.9278356046875 0.6074662296875 0.9231106515624999 0.6081159296875 0.9140348078124999 0.6063355796875001 0.9083503390625 0.6065587265625 0.907263359375 0.6103233359375 0.9069388890625 0.61554299375 0.91204473125 0.6249009234375 0.8961854546874999 0.628905909375 0.8957981921875 0.633029875 0.89777474375 0.636230315625 0.8972585046875 0.6381807234375 0.8987902703125 0.638779646875 0.901025484375 0.6342121046875 0.9156011812499999 0.634863415625 0.9209055375 0.636506453125 0.9232039171875 0.6460535796875 0.9185913953125 0.6509814828125 0.9111078390625 0.6711531984375 0.8656489796875 0.6742656921875 0.84564296875 0.6735979609375 0.8393174406250001 0.67195451875 0.837017553125 0.667659490625 0.834402584375 0.6613117 0.8385007812499999 0.657684403125 0.8422113421875 0.64779444375 0.8599246171875 0.6407100109375 0.858400003125 0.6223302390625001 0.8386755687499999 0.6120788125 0.8301249796875 0.5930321125 0.8184522 0.58284959375 0.80919889375 0.557693665625 0.796767384375 0.5510371921874999 0.792046534375 0.5452519578125 0.781956296875 0.5401176296875 0.7771689078125 0.5392787343750001 0.7749979953125 0.5399284328125 0.7659221515625 0.5367951890625 0.756148503125 0.5391053546875 0.7408091625 0.5371366125 0.738255121875 0.5331671906250001 0.7406888484375 0.524663671875 0.7501560578124999 0.514943971875 0.7541305671874999 0.5130777875 0.75291916875 0.5093129750000001 0.743656065625 0.5078578265625 0.743018784375 0.505000921875 0.7496044828125 0.5039754453125 0.755358134375 0.4999873859375 0.75197504375 0.4962902765625 0.7468041703125 0.48817865625 0.7414460390625 0.48213803281249995 0.7351900484375 0.47108387343749997 0.7313046203125 0.4597883328125 0.722690865625 0.4470058078125 0.7161886046875 0.44217874999999995 0.715427634375 0.4419401875 0.7202845625000001 0.44579183906250003 0.7298657140625 0.46192924687500003 0.745055046875 0.46245966562499996 0.7479944859375001 0.46085168750000005 0.7525340953125 0.4563865 0.7588648609375 0.450653046875 0.7614283234375 0.44702575156249996 0.7651388828125001 0.4409862359375 0.7780546171875 0.44050910937500004 0.7877684734375 0.43874689218749996 0.7926923453125 0.4330148484375 0.8000484359375 0.43118331875000004 0.8056735156249999 0.4350181453125 0.8142319875 0.43462534374999995 0.8194731781250001 0.43558362187500005 0.8240094140625001 0.448487040625 0.8328765921875 0.45315935312500005 0.8388133484375 0.45444192968749997 0.8388126187499999 0.4568723828125 0.8354227515625 0.46080805625 0.835736696875 0.46515506718750005 0.8414192999999999 0.46907411874999994 0.8502981390625 0.4741574671875 0.8568090125 0.4799763515625 0.868944609375 0.48298880312500003 0.8715603062499999 0.48757437968749995 0.8723859812500001 0.489046353125 0.87404594375 0.48891034843750003 0.880245515625 0.48316107500000005 0.8865774156249999 0.483794053125 0.890859496875 0.48085141406250004 0.8971252328125001 0.4823921953125 0.902875509375 0.48164003906249997 0.9058156796875 0.48685969531250006 0.910921521875 0.49644308906249995 0.9275256796875 0.5017146296874999 0.9404921906249999 0.5018181937499999 0.9466259515625 0.4980015 0.9486758203125 0.49653093593750003 0.9518084859375 0.496564584375 0.9538538453125 0.49829335625000004 0.9564721875 0.5174938906250001 0.9677591937500001 0.5217387484375 0.9721006624999999 0.5474416171875001 0.9836997500000001 0.56784080625 0.9994602015625 0.572152759375 0.9983048171875 0.5655132125 0.9898136140625 0.5614749828125001 0.9881570265624999 0.55406494375 0.9815837171874999 0.5511546468749999 0.9803091531250001 0.5354616203125 0.9629447546875 0.54552385 0.9602485890624999 0.5518031375 0.9568546171874999 0.5562359828125001 0.9580641515625
0 0.726316384375 0 0.6964225359375 0.0122373078125 0.6526688218750001 0.024304015625 0.6139955359375 0.038089373437500004 0.610385065625 0.0428226140625 0.6154686171875 0.058921059374999994 0.6161026 0.067994259375 0.6132456953125 0.0745799578125 0.6093967609375001 0.07937709375 0.6009775671875001 0.0843716390625 0.5846519703124999 0.08190030625 0.5653848390625 0.0856927953125 0.5588134953125 0.0908764625 0.5571197828125001 0.095096109375 0.5527909046875 0.1000218453125 0.5525344125 0.10385800781250001 0.565764440625 0.122565 0.5820212312499999 0.1401196546875 0.590629621875 0.1463718671875 0.6018056781250001 0.15741333125 0.61643635625 0.16889925625 0.64077121875 0.184973653125 0.6446046375 0.188739496875 0.645358203125 0.1905919546875 0.643990096875 0.1998602953125 0.6477391890625 0.2080988046875 0.648783203125 0.212955003125 0.6477752546875 0.23890154843750003 0.648904596875 0.2440762 0.6513532843750001 0.24650164062500002 0.6544837109375 0.2466900328125 0.661910875 0.23990692500000002 0.6791755140625 0.23630806718750003 0.6881598796875 0.2362964078125 0.693824828125 0.23443717187500002 0.6984101 0.23046830468750001 0.710508271875 0.23920993125 0.7224028359375 0.24526586718750001 0.7625667296875001 0.272505090625 0.775111196875 0.27907275781249996 0.7821267203125 0.2813000875 0.7964155749999999 0.27713008281249996 0.8023016546875 0.2789757953125 0.8062194984375 0.27347594218750004 0.815768134375 0.268863015625 0.819840215625 0.2629789 0.8260845453125001 0.247953909375 0.83106443125 0.24353798906250002 0.8463449109375001 0.2411550375 0.8538576078125001 0.24427795625 0.8635940328125 0.246119159375 0.8692772140624999 0.25007523125 0.8751113109374999 0.2488533078125 0.8835823875000001 0.2517194296875 0.8891784265625 0.2505629109375 0.9002323828125001 0.244860765625 0.91530724375 0.2302098875 0.9224072937500001 0.21837848906250001 0.9217563875 0.21307564218750003 0.9227654421875 0.2063008203125 0.9263590875000001 0.2005449 0.9330154593750001 0.2100587828125 0.941367053125 0.2153526140625 0.9117533015625 0.10483258749999999 0.9097175625 0.10298236875 0.9080225421874999 0.09761635468749999 0.9091000015624999 0.09493033906250001 0.88366349375 0 0.726316384375 0
0 0.13581927031250002 0.3137706734375 0.1401832078125 0.3156829234375 0.14798745625 0.32180766875 0.1565442671875 0.3249937546875 0.159880915625 0.32786551875000003 0.1608055453125 0.33035639375 0.1553804703125 0.3369443609375 0.15368675781250002 0.3411640078125 0.153567678125 0.3435932265625 0.1545428828125 0.34435910937499997 0.1634935 0.34709512187499997 0.1736412625 0.35430498125 0.1788609203125 0.359410825 0.1883072015625 0.3630428296875 0.194570971875 0.3682118390625 0.2035384140625 0.37197053125 0.21544839374999997 0.3742565203125 0.2234395265625 0.3772512421875 0.23018173281249998 0.3822920546875 0.237779759375 0.385733428125 0.2486136890625 0.39549805937500004 0.2833358828125 0.41871650625 0.3080639515625 0.4295512203125 0.31528469375 0.42967080468749996 0.3226091984375 0.4263380859375 0.33398785625 0.4161004859375 0.34204759375 0.41359795000000005 0.3477280578125 0.403175734375 0.34842833125 0.3923748984375 0.345279671875 0.386371196875 0.3415656375 0.3849706765625 0.3331981234375 0.388238315625 0.331024971875 0.3877950390625 0.3289030953125 0.385623346875 0.3307162921875 0.3789759921875 0.326111075 0.36754238125 0.328027934375 0.36223575625 0.3297047203125 0.3617864625 0.3364821859375 0.3640791984375 0.34387389062499996 0.36963023125 0.3576331296875 0.3768979703125 0.36292169531249996 0.381301096875 0.3755335625 0.38716645 0.379999653125 0.390419834375 0.39630872968749997 0.396663028125 0.401819034375 0.395186546875 0.400585725 0.38387662499999997 0.4037851609375 0.37856926875 0.4051701921875 0.3655305765625 0.4048276609375 0.3642522328125 0.397555340625 0.3610665234375 0.39736604375 0.3546127984375 0.398786134375 0.34841209375000004 0.3968344171875 0.33729466874999997 0.3995722421875 0.3331381875 0.40592003437499996 0.329039990625 0.4055764984375 0.3229705296875 0.3986294796875 0.3200389734375 0.3838106109375 0.3212710484375 0.3789499046875 0.3184647171875 0.3787957671875 0.3140559484375 0.3878970015625 0.292445259375 0.391440071875 0.2884143328125 0.3935096609375 0.282723846875 0.39626431093750003 0.279590046875 0.398317075 0.2728768828125 0.4075222765625 0.25740146406250003 0.41144022031249994 0.24710857968750002 0.41645385625 0.23994498593750002 0.4192756015625 0.23131433124999998 0.4250596296875 0.227025878125 0.428755734375 0.22740563281249998 0.4384752328125 0.2330171875 0.4429596578125 0.2372928484375 0.4534664734375 0.24200918906250002 0.46657480468749996 0.24397407968749998 0.46767090156249996 0.24710488125 0.46152731874999997 0.258678378125 0.45880803124999997 0.27344470625 0.4583125703125 0.2821362875 0.45610667187500004 0.2892318015625 0.45559287812499993 0.2969011078125 0.45357486874999997 0.30565771875 0.4535747671875 0.31045075 0.45511555000000004 0.316201028125 0.46031838281250004 0.320284190625 0.46172285625000004 0.32743949687499996 0.46103809843750004 0.329677353125 0.45616056718750003 0.32584834375 0.4503602203125 0.3243225953125 0.444198603125 0.32049472031250004 0.42701839062499997 0.31482788125 0.420857178125 0.3110015140625 0.418153203125 0.307617290625 0.415603771875 0.30864334375 0.4195575765625 0.3195656296875 0.4221073140625 0.3233341171875 0.42573561406250005 0.324414675 0.4284564140625 0.3288215796875 0.4370464703125 0.334051515625 0.44031571875 0.3376255921875 0.445654859375 0.3403037265625 0.4496091703125 0.3464344890625 0.454246325 0.35032628906249996 0.4582859640625 0.35677550625 0.4634019578125 0.3605406203125 0.46644805937499995 0.3652016765625 0.46256537499999995 0.3727464859375 0.461162109375 0.37996987031249996 0.45498538125000004 0.384706484375 0.4516148828125 0.3893754234375 0.449459459375 0.399538978125 0.45644153750000005 0.409308521875 0.456288303125 0.4144839046875 0.4581196328125 0.4184448890625 0.46256889843750004 0.42067559374999997 0.47136386874999997 0.41900324062500005 0.49133278281250004 0.4044095109375 0.49470328124999996 0.399740571875 0.497766509375 0.3910452125 0.5026763812499999 0.3873339234375 0.515440975 0.3736417796875 0.52218338125 0.369096528125 0.5273501515625 0.3615505859375 0.5279661 0.3552224140625 0.525535846875 0.3490262171875 0.5249706734374999 0.34404333125000003 0.5263555046875 0.340590703125 0.5294511749999999 0.3195620125 0.52383740625 0.3101117 0.5239397625 0.30186677031250003 0.5214241796875 0.29535211875 0.5025644625 0.2757562859375 0.4987478703125 0.273013121875 0.491406640625 0.270530128125 0.48899321249999994 0.26535661093749996 0.4883589265625 0.2514888703125 0.491284740625 0.24420045468749998 0.49439864375000003 0.228987071875 0.4933017421875 0.21147908750000002 0.49413973437500003 0.20406584843750003 0.4920169546875 0.19231000781250002 0.49240975625 0.187068815625 0.49465081250000004 0.18201825625 0.4930247 0.175949525 0.47515811875 0.1581403421875 0.4676275921875 0.149203625 0.45730876406250004 0.141355346875 0.4495912546875 0.14034168281249998 0.446733040625 0.137341721875 0.446219446875 0.1354249640625 0.4485800875 0.1231536625 0.45468810781249996 0.1095337015625 0.45785248437500004 0.0973883578125 0.4575437046875 0.09336234375 0.45607173124999995 0.09170238124999999 0.448782484375 0.0922870234375 0.426657040625 0.0978725828125 0.29080669531250003 0.1428323953125 0.202869390625 0.1701609421875 0.1686121265625 0.184133153125 0.159029740625 0.19149375156249998 0.153931778125 0.203130009375 0.14994543124999998 0.2093340890625 0.1451042671875 0.22192872656249998 0.1414430203125 0.23797302187499997 0.1342403109375 0.253254809375 0.1339664890625 0.2608598140625 0.12493295625 0.2673890953125 0.116478603125 0.270338684375 0.1086589375 0.2679838875 0.10359351875 0.26249378125 0.0933940765625 0.2570108265625 0.08543659218750001 0.25606146406249997 0.0841191609375 0.2588117796875 0.08483887812499999 0.2682049421875 0.10226037031249999 0.283393140625 0.11761046093750001 0.2994776875 0.13581927031250002 0.3137706734375
0 0 0.316290271875 0.0057328078125 0.3150778171875 0.011858862500000001 0.316859228125 0.014255565625 0.3162170328125 0.016120340625 0.312635803125 0.0180371 0.312122209375 0.02481305625 0.31441535 0.03846883125 0.3107562953125 0.0392209890625 0.3078161265625 0.0357465234375 0.3063497953125 0.0353186625 0.304753 0.03971645 0.299124546875 0.0404518828125 0.290368665625 0.041631901562500004 0.2890252921875 0.047553240625 0.2881229265625 0.04835728125 0.29304342499999997 0.0537832625 0.2960396078125 0.056811129687499996 0.2948853578125 0.060353096875 0.29085634531250004 0.06326067656249999 0.277752621875 0.0664442921875 0.276213703125 0.06502299375000001 0.26803571718749997 0.06548470468749999 0.262091809375 0.0695390578125 0.2456008625 0.0737991265625 0.2365848109375 0.074517634375 0.23159928125 0.0727022265625 0.2190768265625 0.070630925 0.2151801421875 0.0683720390625 0.214416903125 0.031393976562499995 0.22398221093749998 0.0124172921875 0.2307784390625 0 0.2333868984375 0 0.316290271875
0 0.1720107625 0.39880419843750003 0.17874156875 0.393817209375 0.18276895625 0.3831358875 0.17757061875 0.378351090625 0.174155090625 0.3824837234375 0.1714985703125 0.3899863 0.1720107625 0.39880419843750003
0 0.42147002968749997 0.41484373437500005 0.42350663749999995 0.4230542 0.4324171828125 0.4092138828125 0.433939228125 0.3907340125 0.43047850781249997 0.39116631874999996 0.4239499734375 0.4024320859375 0.42147002968749997 0.41484373437500005
0 0.5067403265625 0.4075296234375 0.5062348562500001 0.399787259375 0.5018272687499999 0.3957983578125 0.49243860625 0.40751020625 0.49273551250000003 0.42389801250000003 0.50463255 0.43302999687500004 0.5111190609375 0.418860540625 0.5067403265625 0.4075296234375
0 0.532427340625 0.101159203125 0.536505696875 0.10682320625 0.5410586046875 0.1079374828125 0.5430587203125 0.09482779999999999 0.5417263218749999 0.09558436718749999 0.5332910515625 0.09791091406249999 0.532427340625 0.101159203125
0 1 0.44362506562500004 0.9890371890624999 0.4344748328125 0.9831642875 0.42320619531250003 0.9814088453125001 0.42353097812499996 0.97490191875 0.41526305937499997 0.9584944578125001 0.407632428125 0.9649930078125 0.4219363109375 0.982375509375 0.4387719875 0.9975412484374999 0.44698445 1 0.44671079375 1 0.44362506562500004
0 0.9148426734375 0.43287806562500003 0.9287351203125 0.41235338749999995 0.937079853125 0.40493780625 0.924468878125 0.3959485921875 0.9214593109375 0.398686440625 0.9134171734375001 0.41311743593749994 0.9148426734375 0.43287806562500003
0 0.47561183125 0.6763443484375 0.47046285781249997 0.6902654109374999 0.46537914375 0.7099358015624999 0.47218303125 0.714542740625 0.48466710312499994 0.6982340453125 0.489242240625 0.6776436218749999 0.48839486875000004 0.66149551875 0.47561183125 0.6763443484375
0 0.9065078625 0.8479876000000001 0.8922877609375 0.8411490796875001 0.878550971875 0.8395191984375 0.904133084375 0.8616489890624999 0.9250537203125001 0.8725155359375 0.9466510765624999 0.8942749765625001 0.9385312125 0.8789189328125 0.9201673359375 0.8581792281249999 0.9065078625 0.8479876000000001
0 0.7654064734375 0.8170548828124999 0.7576029796875 0.8140842921875 0.7424096109375 0.8337443390624999 0.730560265625 0.8568047515625 0.7317628046875 0.8820117953125 0.7442289546875 0.8638492578125 0.75669663125 0.8355260453125 0.7654064734375 0.8170548828124999
0 0.4317347734375 0.3848251015625 0.43623988750000003 0.397134784375 0.44058104687500005 0.393051771875 0.44318325312500007 0.3813741140625 0.445948084375 0.3640429796875 0.4443569640625 0.3574407640625 0.43558969843749995 0.3572001375 0.4287294828125 0.3642276484375 0.4213311953125 0.3836997109375 0.427122265625 0.383277096875 0.4317347734375 0.3848251015625
0 0.46010750937499995 0.9346832859375 0.45344136874999996 0.95232375625 0.46324908125 0.952927790625 0.473708896875 0.9420078796875 0.4800842796875 0.9293434671874999 0.4767676953125 0.9212883265625 0.475534503125 0.9091517703124999 0.4710051046875 0.90497389375 0.4693399109375 0.9104832296875 0.46010750937499995 0.9346832859375