0 0.5932682234375 0.45921167812499997 0.59605975 0.46103847968749995 0.5984681265625 0.46293813124999994 0.6016025171875 0.46281823125 0.6062435328125 0.4594552390625 0.6113722187499999 0.4570578875 0.61273599375 0.455039384375 0.616402359375 0.4494843796875 0.61662771875 0.444544940625 0.6152485890625 0.43784533124999997 0.6145885468750001 0.43240591406249995 0.6132107343750001 0.4273231125 0.6103388390625 0.4241084328125 0.606966425 0.4240414890625 0.60353185 0.4260308765625 0.59978814375 0.42916767499999997 0.5958080359375 0.433582071875 0.5938208859375 0.43398280468749995 0.590339953125 0.4339767265625 0.5881854343749999 0.43725541718749994 0.5866330046875 0.4409791671875 0.5879906 0.44387757812500006 0.5890643718749999 0.448669190625 0.5912646234375 0.45172686874999995 0.5922361281249999 0.4547260984375 0.5932682234375 0.45921167812499997
0 0.49821339687500005 0.9375178296875 0.502492975 0.9365772031249999 0.5054870578124999 0.9345933640625 0.507930671875 0.9333026578125001 0.5058216140625 0.926103703125 0.5027385328125 0.9232988796875 0.49930632187499996 0.9231580953125 0.496178996875 0.9240030171875 0.4937772265625 0.925104875 0.49130971093750003 0.9273105953125 0.4902594609375 0.9306362187499999 0.49024349375 0.932073675 0.49534228750000003 0.9361791343749999 0.49821339687500005 0.9375178296875
0 0.51648490625 0.8184158953124999 0.512613575 0.8192093265624999 0.5093360015624999 0.8231131125 0.5080179359375 0.8255936140625 0.5050109140625 0.8290309359375 0.5020420453125001 0.830640359375 0.4986329171875 0.83270155 0.49643475625000005 0.8346166453125001 0.49433269687500003 0.837082303125 0.4915337359375 0.8405132140625 0.48865082656250003 0.84163363125 0.48642540468749995 0.8449441468750001 0.4860180703125 0.8488196734375 0.4858752 0.8514645406250001 0.486676321875 0.854306034375 0.4876887 0.8577086218750001 0.48713637812500005 0.8611698484374999 0.4891814015625 0.8626699546875001 0.48980883124999997 0.8645929484374999 0.4911263625 0.869636421875 0.4908041609375 0.8714014750000001 0.489698421875 0.8755241015624999 0.4916323453125 0.8752261828125001 0.4946891078125 0.8739763546875 0.4986482 0.8716603171875 0.5027498328125 0.8656263125000001 0.5031173765625 0.8682431296875001 0.503428075 0.8723873703124999 0.50430865625 0.8744877984375 0.5061981015625 0.8784397609375001 0.507324278125 0.8815369453124999 0.50816480625 0.88273291875 0.511210028125 0.8855840359375 0.5131246421875 0.887323384375 0.516293990625 0.8879471515624999 0.5194950109375001 0.8845475 0.5233976515625 0.880541303125 0.526502003125 0.878180990625 0.52811488125 0.873478509375 0.5284511390625 0.8680071234375 0.5274215859375 0.8625257281250001 0.5245847125 0.8573335625 0.5204081921875 0.8520917203125 0.5178764609375001 0.8495270953125 0.5144526593750001 0.8440894218749999 0.5155143718749999 0.8418804874999999 0.5212909796874999 0.8411663328125 0.526281665625 0.8396185859375 0.5280992765625 0.8350758796875001 0.5288945328125 0.8323377578125 0.5322627046874999 0.82727301875 0.5314076015625 0.8238838203125001 0.527805546875 0.8207699328125001 0.5252365625000001 0.8179468734374999 0.5229435578125 0.8163845671875001 0.5210090187499999 0.816927515625 0.51648490625 0.8184158953124999
0 0.38791209531250004 0.227724884375 0.38512502656250003 0.22824735624999998 0.37998283437499997 0.23005569375 0.3784447328125 0.23543689843750001 0.372956296875 0.23330464375 0.36847995624999996 0.22912163749999997 0.3660620484375 0.2243380046875 0.361584840625 0.22140393593750002 0.35419651874999997 0.2175715890625 0.352779559375 0.21839203281250003 0.3498712765625 0.2225043125 0.34785273125 0.2265969875 0.3419843046875 0.23111456718749998 0.33784685625 0.23666719218750001 0.336478175 0.235563390625 0.335829215625 0.22466711562500002 0.3315950203125 0.22139409062499998 0.32766845624999996 0.2168085328125 0.3227832765625 0.2142133640625 0.3199048484375 0.21626277656249998 0.314551040625 0.22302928125000002 0.312000009375 0.226194025 0.309651009375 0.23002258593749997 0.30685534375 0.2330783484375 0.3026436734375 0.23627279687499997 0.29864411875 0.23924287500000002 0.2965653375 0.243594734375 0.29433949375 0.2504669046875 0.29445153749999997 0.2582650859375 0.28857655000000004 0.255371065625 0.2843928953125 0.2578206125 0.280942225 0.2630275046875 0.275206059375 0.27180254531250003 0.2706040109375 0.2764390875 0.26211307968750003 0.2810345296875 0.30174833749999996 0.2844336640625 0.43844207968750004 0.2965902078125 0.44262125625 0.2916719828125 0.444483196875 0.285586396875 0.4457638140625 0.2774381203125 0.45057477500000004 0.269363959375 0.44953481718750005 0.2611713109375 0.4473053703125 0.25656773906249997 0.44356884062499996 0.252804990625 0.4402978828125 0.2488429390625 0.43854693281249996 0.249268496875 0.434268159375 0.25377405 0.43508545468750004 0.23983939531249998 0.43246610625 0.2376300578125 0.4289880421875 0.23662505937499997 0.42566543125 0.234454925 0.420917221875 0.226012353125 0.4157059140625 0.22882207812500002 0.41216191249999995 0.23394531875000002 0.4080937875 0.240333203125 0.4055104265625 0.23241510468749998 0.4028979671875 0.2303196109375 0.39776750625 0.2271582015625 0.39475333749999997 0.2272703109375 0.38791209531250004 0.227724884375
0 0.17603814375 0.223292809375 0.171383828125 0.22113196406250002 0.16816606875 0.2236594609375 0.16291676093750002 0.2245735796875 0.15468415 0.23204773125 0.1515011671875 0.2274130671875 0.14547153125 0.22404717343749997 0.1413719 0.21888096875000002 0.13562493281250002 0.21668226562499998 0.13205641562499998 0.218809971875 0.1272084546875 0.22094303124999998 0.123549771875 0.222299275 0.12162830468750001 0.22951922812499997 0.1184863796875 0.22645213125 0.107316171875 0.2170015046875 0.105346040625 0.21588005156249998 0.11040876718749999 0.2074882796875 0.1066274125 0.205243221875 0.10388447187500001 0.20814113125000003 0.0984668484375 0.213721028125 0.093423740625 0.217366978125 0.088504271875 0.214634659375 0.0860903421875 0.21226466562500002 0.083328928125 0.21158636562500002 0.078032496875 0.2103179765625 0.0764284875 0.21369537656249998 0.079480990625 0.22332344375000002 0.0769711734375 0.21968334218750002 0.0753161015625 0.215594190625 0.07387507343750001 0.200649190625 0.0703200109375 0.2046070796875 0.0685890703125 0.2095359609375 0.06475060625 0.21130222031249998 0.0599707234375 0.212608178125 0.054557679687500006 0.215065196875 0.0520212328125 0.2189133328125 0.0519622453125 0.22606666718750001 0.04998673125 0.22244030312500002 0.0384690296875 0.214098490625 0.03519735 0.2185590671875 0.035792384375 0.22563345781250002 0.040373190625 0.2299735578125 0.046921882812499996 0.23624870781250001 0.050801700000000005 0.2426094171875 0.0537253 0.2474996171875 0.061012251562499994 0.251608821875 0.0597409609375 0.257695215625 0.0759592046875 0.258953628125 0.1073928421875 0.2645842453125 0.14263036406250001 0.269076553125 0.18426829375 0.274049896875 0.24387193125 0.278514003125 0.2453911578125 0.271668115625 0.246580096875 0.2687419890625 0.2506584765625 0.259431353125 0.2532705234375 0.25212844375 0.251348346875 0.24286741250000002 0.24826402343749998 0.2389234078125 0.2424395609375 0.23227504062499998 0.2369444671875 0.23096848906249998 0.23006559062499998 0.2339485890625 0.22401783593750002 0.23758635468749997 0.2227562421875 0.242922778125 0.21923538125 0.2417718796875 0.21710656562500003 0.23636033906249998 0.21365971250000002 0.2309925140625 0.20820787031250002 0.22647916562499998 0.2011022859375 0.22946371718749997 0.1988596015625 0.23065142500000002 0.192800940625 0.233585759375 0.19138789843749998 0.23695495000000003 0.191065590625 0.239079775 0.186363240625 0.23362398281250002 0.17986901718749998 0.22890838125 0.17603814375 0.223292809375
0 0.0828968671875 0 0.0829938609375 0.0003739859375 0.08482643281249999 0.0051510859375 0.0862226921875 0.00479665625 0.09372294375 0.0021678062500000003 0.09605386406250001 0.0035188562499999998 0.0996680296875 0.0071901875 0.104252534375 0.010089971875000001 0.10730581875 0.012729839062500001 0.1105212921875 0.0097009171875 0.1098455625 0.0053973328125 0.1083028828125 0.00091150625 0.10791616875000001 0 0.0828968671875 0
0 0.7599383421875 0.2313052671875 0.7569723484375 0.23403833437500002 0.7529071468749999 0.239262334375 0.7497855828125 0.243460603125 0.7424447562500001 0.2457385703125 0.7424099609375 0.2481025703125 0.7456384828125 0.2578496890625 0.73413470625 0.253276853125 0.7309942031250001 0.2597779453125 0.72752779375 0.2632062625 0.7234696375 0.2664199875 0.7190082546875 0.27103360625 0.71587975625 0.2748195171875 0.7111501984374999 0.2762894453125 0.7044047265625 0.27779101562499997 0.6977138468749999 0.277472696875 0.69238369375 0.27395408125 0.6875564359374999 0.27408144375 0.6815716375 0.2744893453125 0.6775748484374999 0.281005703125 0.674551465625 0.2771246625 0.6657836374999999 0.268883340625 0.66092851875 0.2665851265625 0.6573218437499999 0.26841816875 0.6493605515625 0.270410965625 0.646457921875 0.275620471875 0.6475483921875 0.281538753125 0.64231173125 0.27810223437500003 0.63802278125 0.2730182546875 0.6309237359375001 0.26608980937500004 0.6281262671875 0.2670401 0.6244061624999999 0.26735138593749996 0.6192224890625 0.2695842765625 0.6142292203124999 0.27290553281249996 0.6110200296875 0.2779225640625 0.6093565609375 0.2755576046875 0.6046823390625 0.2679806328125 0.60056856875 0.26339739375 0.594862865625 0.26407972343749997 0.58577116875 0.26676754375 0.5799833546875 0.2695465265625 0.5705331515625 0.2631188125 0.5682847125 0.25787380312499997 0.56384683125 0.26319060781250003 0.5597866234375 0.26376308593750003 0.56092613125 0.2564640875 0.5601022515625 0.24723208125 0.558305846875 0.24517522656250001 0.552412740625 0.2383578203125 0.547490878125 0.237576565625 0.5435149390625 0.244058978125 0.5388949484375 0.24953888906250002 0.5346272125 0.2550605375 0.5306002765625 0.2607426109375 0.5268263015625 0.26174580625 0.5214274671875 0.26406763125 0.5169377640625 0.267485803125 0.5144757234374999 0.2665451734375 0.511205178125 0.25948494375000003 0.5054557703125 0.25426003124999996 0.5016162296875 0.26270338125000003 0.50185494375 0.26832475312500004 0.502783328125 0.27379708593749996 0.50444165 0.2813980046875 0.502238459375 0.28513976875 0.49853637656250005 0.2903170953125 0.4936590140625 0.29531590625000004 0.4888661734375 0.3010651625 0.5067795359375 0.30260857343750003 0.534985715625 0.3042220109375 0.5980350609375 0.3093562125 0.6197505484375 0.3120800828125 0.6780577906249999 0.31587375624999997 0.7262463921875 0.31838867656250003 0.757338415625 0.3214397671875 0.8188605078125001 0.32605209375 0.821904546875 0.3265825640625 0.8255890515625 0.3214379546875 0.825968465625 0.3100700265625 0.8234721859375 0.3009796078125 0.8197904843750001 0.2953498625 0.8159846 0.28377142499999997 0.8097807890625001 0.2826606140625 0.810023203125 0.28163973593749997 0.8107454390625 0.2706723375 0.8081505453125001 0.2648221734375 0.8045916249999999 0.259847915625 0.8015380828125 0.25608939531249997 0.798089490625 0.24746448281250003 0.7932098703125 0.2417371109375 0.789165 0.2363488515625 0.7849029390625 0.23062040156250002 0.7826008421874999 0.22377822187500002 0.77324876875 0.20374089843749998 0.7719670875 0.206682415625 0.7706411796875 0.2165023015625 0.7705917109375 0.223864021875 0.767175146875 0.22804385312500003 0.7599383421875 0.2313052671875
0 0.8579719656250001 0.0783443234375 0.8610628140625 0.0801036046875 0.8631628625 0.0825301625 0.8655004859375 0.08594006562499999 0.8696364109375001 0.0889073921875 0.8738975312499999 0.0860496453125 0.8818943109375 0.08192544375000001 0.8850891734375 0.07525095937500001 0.8844222671875 0.0698469578125 0.8868118734375001 0.06108781875 0.8859177031250001 0.05265911718750001 0.8845722625000001 0.044368375 0.879727334375 0.0392526671875 0.8755475593750001 0.0367175 0.8639458390625 0.035498109374999996 0.8618038828125 0.043769525 0.8608304234374999 0.052269020312500004 0.860041296875 0.057056509374999995 0.8561909062499999 0.0615222484375 0.850666640625 0.06765339218750001 0.84851989375 0.0740719703125 0.852802540625 0.07652525624999999 0.8579719656250001 0.0783443234375
0 1 0.27632754843749996 0.9979648109375001 0.27871427031249996 0.989896471875 0.283369840625 0.9869055375 0.28196041875 0.981755209375 0.270512475 0.9772164390625001 0.265114725 0.9749893343749999 0.265526371875 0.96870060625 0.2746706765625 0.9641686609375 0.2778330328125 0.957400565625 0.28473683125 0.9539813671875 0.28672940625 0.943889834375 0.289841603125 0.9390856765625 0.29592274375 0.9346923078125 0.293566228125 0.929244453125 0.2920494 0.9219413734374999 0.29461099062499996 0.9188080640624999 0.297964340625 0.91562735 0.3051619203125 0.9124044734375 0.30479333125 0.9083488890625 0.29887919531249996 0.90307060625 0.2934021484375 0.9035485390625 0.29848149375 0.9058665875 0.30899859687500003 0.9089317781249999 0.31870026875 0.9149346109375 0.3284498953125 0.909819828125 0.3287717046875 0.9000798781249999 0.3271336921875 0.9037634640625001 0.316138184375 0.9022340874999999 0.3151133328125 0.895735021875 0.3139416390625 0.8920905156250001 0.3206788421875 0.88968705 0.32504056718749996 0.8812246078125 0.3308597546875 0.882732434375 0.33162625156250003 0.8916551609375001 0.33256406875 0.9009974515625 0.3335459828125 0.9110763093750001 0.33460531250000003 0.9178341390625 0.33524331875 0.921324434375 0.33653554531249996 0.9314448015625001 0.3373494328125 0.9387343640625 0.33881788125 0.9462760843750001 0.338813996875 0.9522376359375 0.3346361375 0.9675901046875 0.3416355 0.97371718125 0.3384538375 0.9805441640625 0.338852446875 0.9858840546875 0.3397970421875 0.9915293859375 0.341094246875 1 0.34491894218749997 1 0.27632754843749996
0 0.327971221875 0.6387673406250001 0.32980969843749997 0.6363729593749999 0.32613546718749997 0.6272639984375 0.3226893609375 0.6245797015625 0.3208766703125 0.6208840421875 0.320666865625 0.614987621875 0.317251934375 0.609271225 0.314783084375 0.6113102671874999 0.30915144843750003 0.6154583875 0.30252796718749997 0.621434721875 0.3013468140625 0.626543934375 0.3004079890625 0.6337273390625 0.3022049859375 0.6374826234375 0.3041520015625 0.6408718953125 0.30879724531249997 0.644120565625 0.3118657421875 0.6467651734375 0.3206548984375 0.64499764375 0.32391700156250003 0.6399704625 0.327971221875 0.6387673406250001
0 0.28795443593750003 0.557830128125 0.2844016546875 0.56121323125 0.2780804296875 0.5654946875 0.2726615765625 0.5684554203125 0.267150315625 0.574074178125 0.2647766921875 0.578899375 0.26124904843749996 0.5866323734375001 0.260440565625 0.5869103250000001 0.2559832109375 0.5869713 0.256523090625 0.5917602171875 0.258916359375 0.596927753125 0.26054682812499996 0.605795196875 0.2613986703125 0.6144472609375 0.26030415156250003 0.62179655 0.260125884375 0.623507603125 0.2653431390625 0.624198928125 0.2718132359375 0.6211020234375 0.2765440765625 0.6241491609375001 0.2796509015625 0.6286862671875 0.28130474375 0.63015625625 0.28557497187499997 0.6295587171875 0.2904599546875 0.632469659375 0.29042306406249996 0.62930785625 0.30019559375 0.6243726406250001 0.303748790625 0.6220767875 0.3102652140625 0.6160876296875 0.31688809687499997 0.609429371875 0.321179 0.6009219140625001 0.3170872578125 0.5985955281249999 0.3118332734375 0.602528821875 0.3076942984375 0.6077372140625 0.3062125234375 0.604645075 0.30437702031249997 0.598909290625 0.3019444578125 0.595580534375 0.295744175 0.5909083953125001 0.29532905625 0.5889684390625 0.2995655546875 0.58763050625 0.302283684375 0.5866278859375 0.30351514218750003 0.5815632390625 0.30415970625 0.575938865625 0.30499850156249997 0.5697520265625 0.30460533125 0.563836334375 0.303283121875 0.5612888593750001 0.290625346875 0.54832285625 0.287253271875 0.551974759375 0.28795443593750003 0.557830128125
0 0.154827646875 0.5663864609375 0.14795130625 0.5709269359375 0.143251684375 0.572411009375 0.13745521875 0.5701002671875 0.135328153125 0.5685286953124999 0.1275999171875 0.5791713625 0.1190529328125 0.584614025 0.11311355468749999 0.5862490234375 0.10276097656250001 0.59256240625 0.09419110625 0.6017356140625 0.0887190671875 0.612855796875 0.0870472375 0.6244272453125 0.0877178203125 0.6339667859375 0.0904246125 0.6508453109375 0.0993141109375 0.6495580890625 0.101755534375 0.6515020625 0.10676955625 0.6594933843749999 0.1138108734375 0.667539103125 0.11406010156249999 0.6682471578125 0.1858033296875 0.6700986984374999 0.20937122343749998 0.6690250828125001 0.2126718640625 0.6661873609375 0.220374259375 0.6644155875 0.22077145781250002 0.6642090984375 0.22759764374999997 0.661625665625 0.23567164375 0.6570806671875 0.2377787578125 0.6503515578125 0.23745909531249998 0.6422566125 0.23505585468749998 0.63607780625 0.23038872812500003 0.6320208593750001 0.22585385468750002 0.625913378125 0.21996366875 0.6194717734374999 0.217200428125 0.6160155656249999 0.21736280937500002 0.606891934375 0.215679790625 0.5977471640625 0.21154643593750003 0.5986418875 0.20597271093749997 0.6012674078125 0.2020991015625 0.6005727624999999 0.1966430859375 0.595531084375 0.184533603125 0.5841498265625 0.17735031875 0.5714905578125 0.1729021921875 0.5683395906250001 0.16937340625 0.5667259546875 0.1595988890625 0.572547065625 0.154827646875 0.5663864609375
0 0 0.65752698125 0.0015102015625 0.6572205234374999 0.0068690265625 0.656355621875 0.010124684375 0.655590175 0.0110515453125 0.6529303 0.0190732625 0.6503326921875 0.0214787984375 0.6487316187500001 0.024964287499999998 0.64494238125 0.0290114625 0.6405476015625 0.032136695312500005 0.6367927703125 0.040116001562499996 0.6359739109375 0.04453024375 0.6337669859374999 0.04903399375 0.6302151734375 0.054323010937500006 0.6264568125000001 0.045628296875 0.6176842859375 0.036788615625 0.6117559359375 0.031726504687500004 0.60688291875 0.02405668125 0.6035912984375 0.020134498437500002 0.6039866093749999 0.018320709375 0.5990308046874999 0.0159582375 0.59570784375 0.0144830546875 0.5913720812500001 0.0097648921875 0.5831369109375 0 0.5775268687499999 0 0.65752698125
0 0.120177834375 0.9245783453125 0.114784384375 0.9304514359375 0.1146377171875 0.931846875 0.1113624328125 0.9341892218750001 0.10722972500000001 0.94335903125 0.10004863125 0.9493191781249999 0.09816675 0.9508260343750001 0.0983489609375 0.9429786546875001 0.0963065890625 0.93910645625 0.0921766515625 0.9352002374999999 0.0872344890625 0.9322204421875 0.08574459062499999 0.931567378125 0.082620859375 0.93342446875 0.082353584375 0.9354890921875001 0.078417065625 0.9362599609375 0.0727558875 0.939239215625 0.07118224375 0.9427612062499999 0.06810258125 0.9481752015625 0.06750340625 0.9511853109375 0.07081203124999999 0.9528307953124999 0.074165496875 0.9556640359375 0.07685990625 0.9582803234374999 0.08100581875 0.9587160765625 0.1084375296875 0.9615992656250001 0.11701838906249999 0.9625011499999999 0.1366446578125 0.9645639546875 0.13731956875 0.9615806593749999 0.137025009375 0.9534412171875 0.137607884375 0.9461167078124999 0.136990965625 0.9413432609375001 0.1335516015625 0.9368010546875001 0.130153990625 0.9335656828125 0.1230968734375 0.9264625390625 0.120177834375 0.9245783453125
0 0.0290198203125 0.24468772656249999 0.023305190625 0.25206203125000004 0.039342671875 0.2532166046875 0.0406171765625 0.23895293906249998 0.0359195171875 0.240448215625 0.0290198203125 0.24468772656249999