0 0.3552930140625 0.610876171875 0.3606282609375 0.6167628125 0.373710371875 0.617178996875 0.37639034374999997 0.6184306984375 0.3773553796875 0.6205482499999999 0.38261314375 0.622313375 0.3879387109375 0.61981191875 0.392030271875 0.6121002468750001 0.39745935 0.6103353015625 0.4025776796875 0.6063592718749999 0.4071277359375 0.605468925 0.40849735000000004 0.6021459734375 0.411091090625 0.600403978125 0.416830915625 0.600850115625 0.42018401875 0.604511271875 0.4235528546875 0.6059154609374999 0.4388591203125 0.60551888125 0.4400385765625 0.6032230140625 0.4399770421875 0.59684608125 0.442751975 0.595203271875 0.45028420156250004 0.5941446859374999 0.452566996875 0.59495045 0.453318028125 0.5967241249999999 0.456411109375 0.5914059578125 0.45918604218750003 0.5897631484375 0.46224299999999996 0.5841991796875 0.47377428750000006 0.5830787421875 0.48154832656249996 0.5837407484375 0.4836598078125 0.5880765828125 0.49102792031250003 0.58942046875 0.49338141406249997 0.590718053125 0.4953548078125 0.59407135625 0.5008442890625 0.59392626875 0.5070082499999999 0.600949259375 0.5119193609375 0.600259046875 0.5168306703125001 0.5948099953125 0.5315657500000001 0.5879803031249999 0.53546891875 0.5812970453124999 0.5400450015625 0.5770216953125 0.54640455625 0.58188866875 0.55290394375 0.5829791156249999 0.557350290625 0.5861110968750001 0.5633489890625001 0.5860190937499999 0.567217165625 0.5838471109375 0.565008009375 0.5681281515625 0.567850746875 0.562218759375 0.5767858140625 0.5533246187499999 0.5809130828125 0.5506160421875 0.5849972250000001 0.5440304234375 0.588245471875 0.54219644375 0.5932690390625 0.5363560859375001 0.5911142359375 0.53290205 0.5941642093749999 0.528467228125 0.59047433125 0.5259799921874999 0.590111928125 0.5210212328125 0.597022878125 0.5155420296875 0.5955571546875 0.512242028125 0.5886106984375 0.507959296875 0.5854733624999999 0.5046433453125 0.5801118703125 0.5021401609375 0.5785769968750001 0.4983481203125 0.5817994140625 0.495140303125 0.5827116640625001 0.48975310156249996 0.581083375 0.48885535312500006 0.57813578125 0.4892696109375 0.5655368609375 0.49229151406250005 0.5606834578125001 0.4850843375 0.5524625671875001 0.48123159375 0.547773078125 0.4763807875 0.543747971875 0.47506725312500003 0.5297428015625 0.4668930953125 0.5278109671875 0.46265666406249994 0.53413634375 0.45775993593750003 0.5368926515625 0.45361568906249994 0.533798421875 0.44941639218749996 0.527197071875 0.447589215625 0.516734746875 0.446806421875 0.5118566640625 0.4477428703125 0.50853051875 0.4502126296875 0.49669137812499997 0.45388038750000004 0.49504559375 0.45523827656250004 0.4972349734375 0.45893833281249996 0.4948226421875 0.4607810609375 0.4914273640625 0.4675191671875 0.486939040625 0.4700276078125 0.48323323125 0.474556178125 0.480389146875 0.47570694687500004 0.47858079531250003 0.4794670890625 0.4740998921875 0.48084947656250004 0.46858458281250004 0.4796207265625 0.462620440625 0.4751983609375 0.4503468703125 0.4734173046875 0.43940268437499996 0.4691946578125 0.43140434531249994 0.4693168140625 0.4259063328125 0.4705912671875 0.4227961734375 0.4734077765625 0.4236765421875 0.47729180312499997 0.42111715937499994 0.47927826875 0.4184632328125 0.479401953125 0.41643776718750003 0.4780582671875 0.41690253125 0.474236075 0.4135047546875 0.4666980953125 0.41622824999999997 0.46230915625 0.396723503125 0.45064928281250005 0.38920855468750004 0.449450684375 0.3846917265625 0.445828428125 0.3794438421875 0.44769255937499997 0.38261575312499996 0.4512545296875 0.37654185 0.46149955781249996 0.3706309296875 0.46458503906250004 0.3686844921875 0.46736265 0.3634624359375 0.47060061875 0.3567919515625 0.47304179062499996 0.35630001093749997 0.470731521875 0.349034059375 0.465365525 0.343296 0.4649207171875 0.3341253890625 0.46145075 0.328480325 0.46286894375000004 0.32950752968749997 0.46660768125 0.3280588859375 0.4658093375 0.3199410875 0.46745039843749997 0.31453085468749997 0.47171833124999996 0.3097560640625 0.47338974375 0.3081709 0.47636903750000004 0.2970722796875 0.4829369609375 0.2950914859375 0.4854701 0.2897470734375 0.4854685703125 0.2791985171875 0.48169208125 0.27252688593749996 0.47461578906249996 0.262444025 0.4765330234375 0.2571200046875 0.47903426250000003 0.2482354609375 0.48591900312499997 0.25435474999999996 0.48906516875 0.2491933140625 0.49392454375000006 0.2456601484375 0.494921278125 0.244255959375 0.49799820937500006 0.24056897500000002 0.5002693796875 0.23996634218750001 0.5031105874999999 0.24225901562500002 0.5075456078125 0.2457057515625 0.5083140187499999 0.24931794687500003 0.51143858125 0.25704844531250004 0.5129808375 0.259134315625 0.51594438125 0.2595842796875 0.523895071875 0.25125926249999997 0.52882195 0.24887388906250002 0.5367955921875 0.244177 0.5378312265625 0.245040090625 0.5439724359375 0.24719509374999998 0.54266763125 0.25002908281249997 0.5378860578125 0.251332240625 0.5435883109375 0.24290640937500002 0.557295925 0.24476889375000002 0.5657991578125 0.2579558625 0.5717104765625 0.2553792015625 0.575954128125 0.2496739515625 0.575754009375 0.246063321875 0.5773896171875 0.24825403124999998 0.581087909375 0.248150321875 0.5851102375 0.241482515625 0.5923082671875 0.24025818906250002 0.5954861499999999 0.235692184375 0.5986319171875001 0.23793322031250003 0.60507965 0.23860500468749998 0.60273048125 0.24116438593749998 0.6007440140625 0.2477484390625 0.6000679859375 0.250221590625 0.5950878234375 0.2521938546875 0.5936840515624999 0.2678953171875 0.5937305328125 0.2838733671875 0.590984784375 0.2888879875 0.591031084375 0.2938794765625 0.5992207921875 0.295507765625 0.600118540625 0.30054142968750003 0.5979089859375 0.303721871875 0.600341590625 0.305085234375 0.6124225437499999 0.3082656765625 0.6148551484375 0.31324748593749996 0.6146567578125001 0.3178997046875 0.6097443 0.33179168593749997 0.608793846875 0.33372239062500003 0.608273203125 0.3381500921875 0.6041433578125 0.342803875 0.60399106875 0.3477506921875 0.608303953125 0.3552930140625 0.610876171875
0 0.4987586609375 0.3569146390625 0.5012329609374999 0.3614519390625 0.5044134031249999 0.36388454375 0.5112722984375 0.3651753453125 0.5215633093750001 0.3694882109375 0.5264674375 0.369927146875 0.5388231953125 0.36042603125 0.5455516046875 0.35008901875 0.551687040625 0.346220925 0.55304790625 0.344025790625 0.5600450875 0.3415402828125 0.564318971875 0.338684871875 0.570273415625 0.3299587515625 0.5675489890625001 0.324831771875 0.5673231249999999 0.32085576250000003 0.572277759375 0.3145249125 0.5767932390625 0.31338854375 0.577128465625 0.3122148421875 0.5721569515625 0.311285196875 0.569631015625 0.3087606078125 0.564701278125 0.30694937968749997 0.5594767234375 0.2959112625 0.5636385671874999 0.2934487046875 0.56796430625 0.2885821296875 0.58957690625 0.2855446765625 0.5997017437500001 0.277987021875 0.5979077765625 0.274731575 0.5939533703125 0.2739098625 0.58294745 0.2680691234375 0.5810845484375 0.264323184375 0.5678286453125 0.257921371875 0.559804678125 0.2519108484375 0.552952984375 0.249492446875 0.5519693218749999 0.24487345624999998 0.55912051875 0.2363546734375 0.5609301999999999 0.23259276562500003 0.55988748125 0.2311125421875 0.549804621875 0.23302977500000002 0.5427052781249999 0.2395373953125 0.5361383046875 0.24271507812499998 0.5334841609375001 0.242837215625 0.52876884375 0.2366125703125 0.5161602453125 0.231246375 0.5034899125 0.22426208593750002 0.48442658125 0.2169218796875 0.47922201875 0.2179042109375 0.4750947515625 0.22061278906249998 0.480195603125 0.22365278437499997 0.4758958921875 0.22513435781250002 0.47190670937499996 0.228825465625 0.47180454843749997 0.2328475765625 0.46023981562499994 0.23847906874999997 0.4611547609375 0.24260911406250002 0.45901838437500003 0.24641535781249999 0.46025959062500005 0.250497971875 0.45818361718749995 0.2559240734375 0.44730703437499997 0.252193684375 0.44380844531249997 0.2534364390625 0.44273249843749996 0.2564688171875 0.4412751078125 0.25679829062500004 0.43679418437499995 0.253420290625 0.43654518906249995 0.2575876875 0.43136645468749996 0.2599438578125 0.42763481875 0.26309859062499996 0.4254984421875 0.266904834375 0.42506825312499996 0.270973046875 0.418088153125 0.2759602109375 0.41957272031250004 0.28176319843750003 0.4246232640625 0.2868141421875 0.43001911406250004 0.2895618 0.437809815625 0.29748275468749996 0.4392755390625 0.30078275468750004 0.43179786406250004 0.309347421875 0.43009169375 0.313845840625 0.43045387812499997 0.318803053125 0.42516443437499996 0.3215503125 0.42487233125 0.32660105625 0.44159205 0.336272934375 0.44429064843750005 0.34002607500000004 0.4545545015625 0.3429668671875 0.464311815625 0.35061143437500003 0.47024251093749997 0.3595448546875 0.4687276296875 0.3677732640625 0.46898630468749997 0.37199396406249996 0.47025375625 0.3726931234375 0.47494189843749995 0.37278530625 0.4796114125 0.3703760515625 0.4815591796875 0.3675966765625 0.48724580156249997 0.3652953546875 0.49365606250000005 0.35863370156249996 0.4987586609375 0.3569146390625
0 0.2825491828125 0.3784096828125 0.29180602499999997 0.38487334687499997 0.2904018359375 0.387950278125 0.286463178125 0.3896319875 0.28560413125 0.39776664687499996 0.2877746671875 0.3989637171875 0.29113517187500004 0.39673843125 0.292332340625 0.392188475 0.29836561562499997 0.3923424921875 0.30420738593749996 0.38876497187500003 0.3130831984375 0.3877684359375 0.3224585515625 0.37843688750000004 0.32740423750000003 0.3779926953125 0.338204684375 0.38236019374999997 0.3398859765625 0.390764240625 0.34205671249999997 0.38720246875000003 0.3452272765625 0.386005815625 0.35231941718750004 0.3806257984375 0.3577817234375 0.37434825 0.360142615625 0.36975939375 0.359899671875 0.3632817265625 0.361606059375 0.3587848546875 0.36842923125000004 0.3503121734375 0.36605010937500004 0.342881909375 0.35986166875 0.3392437046875 0.3594806390625 0.33178350624999997 0.3670979484375 0.32420115312500003 0.37509224375 0.3098031296875 0.374212090625 0.30592065156250003 0.3683689546875 0.2999791609375 0.3638175515625 0.2961108859375 0.355922921875 0.2922107125 0.35116315 0.282110790625 0.346897796875 0.2838368359375 0.3441401421875 0.2832224609375 0.340605846875 0.27946211875000004 0.334617225 0.27842453906250003 0.33289262656249996 0.275662678125 0.32476515 0.26891564218749997 0.30918312812500004 0.2625898671875 0.3058212765625 0.26005652968750004 0.295186290625 0.258045184375 0.292886 0.25949505781250004 0.2922485734375 0.2620886984375 0.29833350468750003 0.2649903921875 0.297473128125 0.273126815625 0.28447994374999996 0.2852215734375 0.2793699453125 0.2928270765625 0.2741651671875 0.2938078609375 0.27153706718750004 0.29530538281249996 0.2709874203125 0.300892503125 0.2659723828125 0.30560349531250003 0.262698109375 0.3108224765625 0.2585115859375 0.321428659375 0.264202253125 0.3334032078125 0.2699762375 0.3388526578125 0.2741663859375 0.3472796375 0.270859084375 0.35225238281250004 0.26977284375 0.356412796875 0.2709812390625 0.3602507203125 0.2788067171875 0.36365885468750003 0.2825491828125 0.3784096828125
0 0.2818686921875 0.152597425 0.28385353125 0.16434015625 0.2865952359375 0.16720995 0.295645059375 0.1722005890625 0.30123785000000003 0.1775508546875 0.315673209375 0.1816568 0.3199473109375 0.17880293593750002 0.3117423515625 0.1679343859375 0.316541403125 0.162876640625 0.3239169171875 0.15833408437500002 0.3278802703125 0.15326913749999999 0.3328086609375 0.1503217421875 0.3360052515625 0.1457400875 0.34196824531250003 0.1406449890625 0.3447418296875 0.13424355625 0.351798265625 0.12386044375000001 0.355193128125 0.12187962968749999 0.359984996875 0.12270987343749999 0.3661646890625 0.127475896875 0.3712412609375 0.1291418375 0.3779793484375 0.127192921875 0.3786080265625 0.1257271 0.3789174265625 0.123179559375 0.37609062031249996 0.12207314375 0.3702477015625 0.1161332015625 0.3555359546875 0.11006064687499999 0.3506477765625 0.107366290625 0.34747586406250003 0.1038043203125 0.3382291171875 0.1009714625 0.3361347171875 0.099137284375 0.33585719687500004 0.092413596875 0.3442154421875 0.082974115625 0.3448182921875 0.0801344546875 0.3435164828125 0.0791908234375 0.33841543125 0.0809096671875 0.3349339203125 0.084654078125 0.3272995328125 0.0897347734375 0.31431489687499997 0.105460553125 0.3101443046875 0.10905092812499999 0.30495817187499996 0.117293540625 0.3021416796875 0.119819478125 0.297814375 0.11992588281250001 0.2845770984375 0.116025509375 0.2798027265625 0.1129396296875 0.274511734375 0.1156871078125 0.2723479828125 0.1181197296875 0.2735909546875 0.12220367343750001 0.2884677453125 0.13538967500000001 0.28307439218749997 0.146918103125 0.2818686921875 0.152597425
0 0.17329390312499998 0.10950120625 0.178610721875 0.10812756718750001 0.1785316921875 0.10400627031250001 0.18138430781249998 0.101726134375 0.18872659375 0.1016961828125 0.19190590624999998 0.0993717109375 0.197420065625 0.09108299843749999 0.2012367859375 0.0814044984375 0.20461436875 0.08168086875 0.21271601874999999 0.087054065625 0.221386159375 0.0893431296875 0.22426440312499998 0.0931956734375 0.23483045625 0.0947165265625 0.23657995 0.089336309375 0.2387421546875 0.0869039046875 0.2571399359375 0.0764289859375 0.261205253125 0.07210076875 0.2626525484375 0.06814049062500001 0.2679953953125 0.06338184999999999 0.268460159375 0.0595596578125 0.2613682171875 0.060180835937499996 0.2548356015625 0.063602990625 0.24809731406250002 0.070310746875 0.24258335312499998 0.07384061875 0.235602321875 0.0693118671875 0.22505221875 0.0655355953125 0.20661038125000003 0.0626175546875 0.19818070625 0.057290457812499994 0.18155575 0.049482909375 0.17023908125 0.041431089062499996 0.1643438921875 0.042259603125 0.16452643281249998 0.0471174125 0.1663877859375 0.05086356875 0.1653030921875 0.055023765625 0.165462084375 0.072782275 0.1690680296875 0.0913107421875 0.1691035359375 0.10107267812500001 0.17058655625000002 0.106875884375 0.17329390312499998 0.10950120625
0 0.7643289531249999 0.5547673875 0.770930303125 0.5565945640625001 0.7753074984375 0.5592345046875 0.782634053125 0.56146151875 0.7918203953125 0.5626745203125 0.7975703171874999 0.5667514625 0.8060920578124999 0.5644256421875 0.8086945468750001 0.5615558296875001 0.8125196171875 0.5602671921875 0.8171044468750001 0.5548640234375 0.821842896875 0.5529452609375001 0.8258825859375 0.542484365625 0.830769415625 0.5404200984374999 0.8369580734375001 0.54405985 0.8448684343749999 0.5457030578125 0.8483335796875 0.5489713593750001 0.8553321078125 0.5512444734375 0.859761375 0.5518747984375 0.8630096203125 0.55004081875 0.859872284375 0.5467248687499999 0.8545469171875 0.5444674859374999 0.8520640859374999 0.5410595500000001 0.8460480890625 0.53864835 0.8412205140625 0.5328150109374999 0.8347401703124999 0.529468709375 0.8333090234375 0.526414728125 0.8355316125 0.5208417937500001 0.835012496875 0.5123990640625 0.82698 0.50751790625 0.8238426640625001 0.5042019546875001 0.8256682937500001 0.4981846296875 0.8293294484375 0.494539621875 0.8343456171874999 0.4945857046875 0.8397760421875 0.4975793828125 0.8512539265625 0.498470328125 0.855709221875 0.49571565 0.82338885625 0.47721655625 0.81938999375 0.472519565625 0.8140285031250001 0.47001638124999995 0.8135098046874999 0.45681635781249996 0.8160761703125001 0.45370074374999997 0.814145665625 0.449462546875 0.8183838421875 0.44160404062499997 0.8170820328125 0.44066040937500006 0.8086723328125001 0.44259337500000007 0.803761021875 0.44804242656250004 0.7930580328125 0.4550565046875 0.7877167328125 0.45981492968750004 0.7805814671875 0.46131790625 0.7786435796875 0.4677265390625 0.7745163125000001 0.47043511562500007 0.7618545109375 0.46232146093750004 0.7598552890625 0.45759431875 0.7607069359375 0.45534610156250005 0.7659476203125 0.45460957031250004 0.7723258015625001 0.4619779828125 0.7782538015625 0.461394159375 0.77967661875 0.460818665625 0.77972714375 0.45880926562499996 0.776745171875 0.45421866250000004 0.7702372359375 0.44949719374999997 0.758878809375 0.447087340625 0.7529851671875 0.4479156390625 0.7453332828125 0.455251971875 0.7392483515625 0.45235027812500006 0.7292346421875 0.4547595515625 0.72389334375 0.4595179765625 0.718274325 0.46231155468749996 0.7100368687499999 0.47023036406249996 0.704960496875 0.4638055828125 0.6884810453125 0.45585451250000003 0.683464859375 0.4510480421875 0.6618499796874999 0.43981095625 0.6629346734375 0.435650759375 0.6693608828125 0.4267336859375 0.6663270578125 0.424154246875 0.665344725 0.4195334921875 0.6621728140625 0.41597152187499997 0.655045165625 0.4115896046875 0.6495815109375 0.4131085296875 0.6466265171875001 0.41940922968749994 0.6314525015625 0.431434953125 0.6263440499999999 0.4390402375 0.6124029109375 0.45151909999999995 0.6129550359375 0.4554476796875 0.6185480265625001 0.4560391046875 0.6272610750000001 0.4622036625 0.6283298375 0.46505927343750003 0.6260567234375001 0.47264160781250003 0.635537665625 0.48307995000000004 0.6329540203125 0.48845275 0.6284556203125 0.49209077343749996 0.6272339703124999 0.5000255140625 0.6335160421875 0.5007709734375 0.6403591875 0.499558353125 0.645028703125 0.49714909843750005 0.652733590625 0.4973190640625 0.6677471203125 0.5067289734375 0.6749355890625 0.50797345625 0.6846397 0.5128705640625 0.687982925 0.5129024624999999 0.6954473484375 0.516110459375 0.7132605078124999 0.5204943234375 0.7149853234375 0.52325773125 0.7122705765624999 0.52651885 0.7077478953125 0.52878281875 0.70595529375 0.5350463828125 0.6992010578125 0.54400955625 0.7000210234375001 0.5462737234375 0.7050356437499999 0.546320025 0.7120846796875 0.5418233515625 0.7296292671875 0.5335968703125 0.733498790625 0.536183509375 0.7347402140625 0.540267671875 0.7419024390625 0.5448956078125 0.7504601046875 0.5475744312499999 0.7530206171875 0.550345040625 0.758397840625 0.550591259375 0.7643289531249999 0.5547673875
0 1 0.5169109062499999 0.9944250218749999 0.5132873984375 0.9788171718750001 0.5055877843750001 0.9623563468749999 0.500138153125 0.957048059375 0.5003824265625 0.945414609375 0.5055249734375 0.9383568265625 0.5111494640625 0.9357040296875001 0.5160302234375 0.938806790625 0.5191001546875 0.93932590625 0.5275428843750001 0.9415323656249999 0.533744596875 0.9448784859374999 0.5385348999999999 0.946121040625 0.5473761374999999 0.9481723343749999 0.5500936624999999 0.9486901031249999 0.5537777687500001 0.944191484375 0.5574142453125 0.9372475250000001 0.5674076 0.9382817125 0.570017190625 0.940092740625 0.5710139062499999 0.95020008125 0.5657118875 0.9628998140625 0.5539092515624999 0.9789095265625001 0.541890728125 0.9811235859374999 0.537447159375 0.9861729828125 0.5329806390625 0.989205659375 0.5260426140625001 0.9908514453124999 0.524684725 0.994816146875 0.5243784015624999 0.9989863218749999 0.52554531875 1 0.526208134375 1 0.5169109062499999
0 0.247226328125 0.7896149968749999 0.25424630625 0.7801064046875 0.2554705578125 0.7749183453125 0.25124085625000003 0.7699934515625 0.2461335890625 0.7655942453125 0.24375019999999997 0.7767817 0.247226328125 0.7896149968749999
0 0.3114339109375 0.80123429375 0.2943431515625 0.7902134265625 0.2913345921875 0.7884761671875 0.290194675 0.7988561421875 0.2971272734375 0.8043762828125001 0.290034940625 0.816749384375 0.2779916609375 0.8285749453125 0.266296890625 0.8359082859375 0.25342654531250003 0.8491802156249999 0.2629498921875 0.8613797968749999 0.2822375890625 0.8647927453124999 0.27153465312499997 0.8825851484375 0.28594134531250004 0.8769329296875 0.29834608125 0.8633793093750001 0.28527994218749997 0.8551504937500001 0.2737878125 0.8516770234375001 0.278566665625 0.8415019750000001 0.28552699375 0.8350044265625 0.3030659296875 0.8354948125 0.3119454921875 0.8426757765625 0.3233879171875 0.8525654812499999 0.320314328125 0.842293275 0.317343328125 0.829270646875 0.3239205953125 0.8188349593750001 0.3297081765625 0.8185880171875001 0.33030565625 0.8146099 0.3264857046875 0.808098478125 0.3114339109375 0.80123429375
0 0.7575597828125 0.603491465625 0.75394203125 0.5947363171875 0.7506599609375 0.5939494984375 0.7442368187499999 0.5970391203125 0.7384961156250001 0.5987311 0.7424464015625001 0.607011915625 0.740818884375 0.612586421875 0.7465751109375 0.6164163328125001 0.7512444171875 0.61594786875 0.7576351328125 0.6097197171875 0.7575597828125 0.603491465625
0 0.404660228125 0.8373313046874999 0.4152052453125 0.8336166328125 0.41802329218749995 0.8274866546874999 0.416214403125 0.824574121875 0.4105376734375 0.8186266015625 0.39916668906249997 0.82807294375 0.393139653125 0.8316907015625 0.392263803125 0.837202171875 0.393710859375 0.84317610625 0.3898386015625 0.8450046906249999 0.3839172015625 0.8476451109375001 0.3874165625 0.8522908062500001 0.39322655 0.8526860578125 0.4002164546875 0.8528208125000001 0.4041284671875 0.8576183687500001 0.404629315625 0.8635959 0.4065008296875 0.8646188265625 0.4083328 0.8585343406250001 0.4112260046875 0.8577443078125 0.41825226562499995 0.85675683125 0.4164640390625 0.861580775 0.42350320625000004 0.8606514437499999 0.429392171875 0.8570167984375001 0.429345459375 0.8512168546875 0.42364286875 0.848969884375 0.41031158593750006 0.8498794046875 0.40271280000000004 0.848331259375 0.4013180828125 0.839743353125 0.404660228125 0.8373313046874999
0 0.2685319921875 0.1611476828125 0.266491134375 0.1550015890625 0.25658759062500003 0.1513237921875 0.2517937234375 0.151276446875 0.24164014531250003 0.1491090828125 0.24978061875000002 0.155387246875 0.248961309375 0.165387659375 0.2460529265625 0.17840820468750002 0.2466174734375 0.180954415625 0.2626032140625 0.167912078125 0.2685319921875 0.1611476828125