0 0 0.4257052984375 0.0015630578124999999 0.4260348078125 0.005721075 0.4295423125 0.009353590625 0.429351940625 0.0093177390625 0.4255032296875 0.0176707625 0.42059527812499997 0.018374471875 0.41509466093749997 0.0166197578125 0.41319952187500003 0.0197122546875 0.4121690734375 0.021379190625 0.4092246734375 0.026944590624999997 0.40483520000000006 0.031910171875 0.40482374375 0.033927595312499996 0.4085670390625 0.034135303125 0.41253035000000005 0.037764662500000004 0.4154443984375 0.0413582515625 0.4145112953125 0.043038190625 0.41181499062500004 0.0433237484375 0.4172637640625 0.0382382375 0.41815144843749996 0.0374712765625 0.4193103625 0.038666573437500004 0.42632460625 0.052400512499999996 0.429330259375 0.058843496875 0.43222202187500003 0.06482738906249999 0.43265319062499996 0.070357396875 0.43708234218750003 0.07566669375 0.43730008593749997 0.075744625 0.4387871078125 0.0694412625 0.44172415000000004 0.0760301828125 0.44423588125 0.0819491453125 0.4434281234375 0.096621984375 0.445391021875 0.09857455937500001 0.447896953125 0.0987951890625 0.45210680156249994 0.1018164421875 0.4560462671875 0.10912047968750001 0.45640981406250003 0.11852286406250001 0.45889613906250004 0.12442890625 0.4578418453125 0.1291691046875 0.4598293 0.1311845921875 0.4509069015625 0.1410814640625 0.4470351953125 0.1440830265625 0.444269628125 0.14520838281249998 0.4404852328125 0.14189841406249998 0.4342014140625 0.1382561359375 0.4310408296875 0.12761145625 0.43010758750000005 0.124363259375 0.42816711406249996 0.1251267703125 0.417448403125 0.1268456328125 0.4154948296875 0.1339388046875 0.414999484375 0.1302543625 0.4141990296875 0.13066776093750002 0.409458396875 0.1368121875 0.406653290625 0.137926103125 0.402620715625 0.143674803125 0.39859402187500004 0.147099609375 0.3944403390625 0.1502840953125 0.37937177499999997 0.1493432578125 0.36774883593749996 0.1446353765625 0.36004873593750003 0.1341543875 0.3527748 0.12909795468750002 0.35105269843750003 0.12391018437500001 0.3468543890625 0.11820516249999999 0.34541505781250004 0.1158309390625 0.341192903125 0.11754980156249999 0.3392393296875 0.1230602 0.3369650078125 0.1254764234375 0.3388239125 0.13283238749999998 0.3401782875 0.1322211265625 0.3443081265625 0.13910027656249999 0.3460583109375 0.1545822390625 0.3445021640625 0.15820015625 0.3471680328125 0.16023058125 0.3511594265625 0.1698258171875 0.34469683125 0.175339290625 0.3393165296875 0.17857414375 0.32523887500000004 0.1756468984375 0.31992854843749996 0.17172566875 0.31777456718749997 0.1636707484375 0.315712053125 0.1596586671875 0.3118245140625 0.1594250359375 0.30736656875 0.1620698796875 0.3041237046875 0.16903011875 0.304256490625 0.17094684531249998 0.3029137109375 0.16793699687500002 0.30232667968750004 0.16300878125 0.30308095 0.158863765625 0.299821540625 0.14437894375 0.29511692031250003 0.1296718515625 0.2862009734375 0.1145903671875 0.28276995 0.109021434375 0.2775980671875 0.0832870203125 0.2667769484375 0.0695043125 0.2596760484375 0.067736678125 0.2575343734375 0.06798798125 0.256030096875 0.0710576296875 0.251399034375 0.075246321875 0.24919241718750001 0.075038696875 0.245230665625 0.068427009375 0.2391198828125 0.067150540625 0.23372147812500002 0.0624167375 0.2255267453125 0.0556429546875 0.22265231874999997 0.053440671875 0.218546325 0.049193739062500005 0.2259709546875 0.043657417187500006 0.22775064218750002 0.036316475 0.23931161875 0.03157004375 0.243534565625 0.03082585 0.24829253437499998 0.029067979687500002 0.249501815625 0.023982467187500002 0.2503895 0.0229334 0.2556594390625 0.01932529375 0.25945034375 0.0127202953125 0.259796496875 0.0100672015625 0.25658250625 0.015804459375 0.2523076328125 0.018728171874999998 0.2480566046875 0.023735834375 0.2456834578125 0.02398878125 0.2441806609375 0.020818434375 0.24372564843750003 0.01885285625 0.24097161875 0.02001878125 0.2379314328125 0.023573364062499998 0.2362540390625 0.0214100046875 0.23289077656249998 0.0208585796875 0.2286982640625 0.0165660328125 0.228923228125 0.015834759375 0.2339277328125 0.013108909375 0.23878955624999998 0.0080103953125 0.23942914375000002 0 0.23462277031249998 0 0.4257052984375
0 0.3077566515625 0.36702118437500003 0.3070608515625 0.363208625 0.303880659375 0.35940109531250003 0.2973307453125 0.35763365625 0.291205634375 0.35447802031250003 0.2842568390625 0.3545934125 0.281007046875 0.3557572765625 0.280569240625 0.3568973765625 0.2808241234375 0.3680602734375 0.28699648906249997 0.3784170546875 0.2925945 0.3809791515625 0.300032984375 0.37760866875 0.3079856109375 0.377689446875 0.3123528515625 0.382054365625 0.315714746875 0.3893290125 0.3106811625 0.3912075234375 0.304353471875 0.3905455953125 0.2961495421875 0.39196909375 0.29379656875000004 0.39445189062499997 0.29371240625 0.39917526875 0.289932359375 0.40285001249999997 0.2997387546875 0.409910525 0.308798984375 0.4121675671875 0.320758975 0.419240384375 0.33655241875 0.42362764531249997 0.341753190625 0.4280740515625 0.34644146249999996 0.4290706765625 0.35555655937499997 0.44783966406250003 0.362329884375 0.44724216875 0.3839566828125 0.43993310625 0.3677173625 0.418021728125 0.3703751265625 0.41502540000000004 0.3674577265625 0.41306758906249996 0.3638901421875 0.4144968859375 0.362369059375 0.4170596921875 0.3582888921875 0.4150376484375 0.3506411390625 0.41444490156249997 0.3480805390625 0.4129659484375 0.346843078125 0.4083118328125 0.3476651234375 0.40503932656249997 0.351352721875 0.40273536249999997 0.3562549328125 0.4014848984375 0.35699597031249997 0.39983135000000003 0.3564283875 0.3984951609375 0.3505109859375 0.3993028359375 0.3479860734375 0.40166947343750004 0.3460174203125 0.40202142500000004 0.343113021875 0.4003117109375 0.3435653453125 0.396313809375 0.347295025 0.39164815625 0.35024625781249996 0.3847874234375 0.3555977171875 0.3826450375 0.3697575984375 0.36849081875 0.379088446875 0.36328284375000003 0.38978303593749997 0.3525396578125 0.395134496875 0.3503972734375 0.389314178125 0.3467281078125 0.392103396875 0.343105290625 0.38955887499999997 0.3387684546875 0.3907944 0.330756875 0.3779765140625 0.323107853125 0.3771115328125 0.3156491515625 0.3720310359375 0.3154084640625 0.3740108578125 0.3139559828125 0.36786729375 0.3140010109375 0.362341121875 0.309316621875 0.3554141625 0.2991605453125 0.3384996453125 0.3036550671875 0.3359131609375 0.30923558125 0.329163603125 0.31446630625 0.317671475 0.3265014390625 0.3117391625 0.330457959375 0.31446794375 0.337116459375 0.3063418625 0.34002541875 0.3019843875 0.33901145781249997 0.294242625 0.33978957187500003 0.307842034375 0.3465276921875 0.31268608750000004 0.35049680156249996 0.31441164062500004 0.3550001640625 0.322442115625 0.356566403125 0.33509121875000003 0.3609948453125 0.3380054609375 0.366057075 0.338505040625 0.36926031875 0.3373942 0.3701869125 0.32886103437499997 0.3716276671875 0.32322569375 0.3652185015625 0.3077566515625 0.36702118437500003
0 0.44959904218749996 0.2744020453125 0.4469314328125 0.27404585625 0.44417288906249996 0.27195455 0.436470053125 0.27347539374999996 0.438341621875 0.277600284375 0.4358816390625 0.28120584531250004 0.43940714375 0.2821382375 0.44425742812499996 0.279896946875 0.4447845265625 0.2804904875 0.4459441375 0.28365914062500003 0.4459460734375 0.296324834375 0.443210378125 0.297834140625 0.430447953125 0.300737303125 0.41947255781250004 0.2998229578125 0.40436031562499997 0.3021044984375 0.39774239843750003 0.3022041140625 0.39565373125000003 0.3034307328125 0.39376133125 0.30837248281249996 0.390419128125 0.30780287031250003 0.3883076953125 0.3054304359375 0.3844855671875 0.3114668671875 0.388826884375 0.3153371515625 0.39515301406250003 0.3159991625 0.39778325937500003 0.31561253906250003 0.39902547187500004 0.31405789687499996 0.3996418265625 0.3194893328125 0.41510447343749995 0.323893928125 0.42042677343749996 0.32435977031249996 0.424897490625 0.3180405671875 0.4309640671875 0.31375000000000003 0.43803754687499996 0.306549621875 0.446205628125 0.3012774125 0.447027753125 0.298006465625 0.45078019999999996 0.296939865625 0.45794453125 0.29147304687500003 0.46285149687500005 0.28401382656249996 0.4652304734375 0.282027221875 0.46981489062500004 0.28104219218750004 0.4765689 0.27721002499999997 0.4824246109375 0.2720605671875 0.48549425937499996 0.26742950468750004 0.48874405000000004 0.266265640625 0.489222378125 0.2627639328125 0.49958773125 0.252038003125 0.5006984906249999 0.2511098484375 0.503696978125 0.2514502609375 0.5059917109375001 0.254185475 0.5001199234375 0.2621928171875 0.49772802499999996 0.263932884375 0.493156609375 0.2651660109375 0.48949493437499997 0.267964609375 0.489308478125 0.27070625000000004 0.4845360421875 0.2744330015625 0.48212806874999997 0.2790309515625 0.47828153125000006 0.2814668515625 0.4736534359375 0.287917909375 0.459324771875 0.29885154687500004 0.45256760625 0.305788134375 0.44855077187500003 0.308109353125 0.4447821671875 0.312032275 0.44274383281249996 0.317354059375 0.43596381875 0.32069003125 0.4353266359375 0.3243252359375 0.43220977656250004 0.32486096875000003 0.433724546875 0.3285070015625 0.431280640625 0.3292546796875 0.430221809375 0.3311736625 0.42997042343749997 0.332676378125 0.43188407343749996 0.33443957968750004 0.436624190625 0.3364254734375 0.440611946875 0.336714040625 0.44247043281250004 0.3405892734375 0.44682946875 0.341603153125 0.45340223125 0.34697120625 0.4599910703125 0.349481375 0.46444924375 0.35558141249999997 0.47448729843750004 0.35753843125 0.4767754234375 0.35381826875 0.4791803234375 0.3523262984375 0.49097784375 0.349969696875 0.4972291984375 0.346040265625 0.5019606890625 0.328903528125 0.5092678015625001 0.3261610953125 0.5109997484375 0.3244571796875 0.5119578828125 0.317452121875 0.5106555734375 0.31156064375 0.5086899953125 0.3088066140625 0.50349906875 0.307712725 0.5027222625000001 0.3055191234375 0.4999637203125 0.303427815625 0.49853824218750004 0.30151542343750004 0.4994543765625 0.296873615625 0.5023619296875 0.295478909375 0.5083313406250001 0.29566362343749997 0.5185251765625 0.300593125 0.5292606265625001 0.3032583640625 0.5348036359375 0.3079356140625 0.5506163953125001 0.30636213125 0.5454525265625 0.312083978125 0.5669871890625 0.32609489375 0.5989234171875 0.3426399046875 0.5791537109375 0.285369521875 0.592353521875 0.26555466562499996 0.5924636890625 0.26132748281249996 0.589400271875 0.25974814375 0.5850200296875 0.2551351296875 0.5794188609375001 0.255677453125 0.5737268421875 0.25448621718750003 0.568616921875 0.25177336875 0.56156583125 0.249907025 0.5577646140625 0.2468783765625 0.5443209875 0.2431127390625 0.536097365625 0.23783120468750002 0.531052375 0.23635728125000002 0.526526196875 0.2321243 0.51814048125 0.23007912031250002 0.5149473687499999 0.2260250546875 0.50693145625 0.22470683125000002 0.5000148953125 0.2191080171875 0.48986154531250004 0.214921165625 0.47927670000000006 0.2056655734375 0.4791079984375 0.202446553125 0.48212100312499995 0.19992916562500002 0.49074658125 0.2002218890625 0.5001231265625 0.2022151390625 0.5026708046875 0.20344755625 0.50470123125 0.20743895 0.514460415625 0.21040413125000001 0.517797903125 0.214078246875 0.524730540625 0.2168191765625 0.5299313125 0.2212655828125 0.536982403125 0.223131928125 0.544889709375 0.228677253125 0.5586496515625 0.23217910000000003 0.5624508687499999 0.2352077484375 0.5664661062499999 0.2359908671875 0.5734994421875 0.2438178734375 0.5851947046875 0.236375278125 0.5919680281249999 0.22658236875 0.593002534375 0.2210644140625 0.5996138453125 0.21450942187500002 0.6003434765625 0.2095034375 0.5990816531250001 0.20435460781249998 0.5917662921875 0.2006401859375 0.58690931875 0.196424540625 0.5835815953125 0.1961013828125 0.5763425703125 0.1969783203125 0.5663646109375 0.2024674234375 0.565002465625 0.20489829531249998 0.5595570796875 0.2084131015625 0.5579419875 0.21234676874999997 0.5511878984374999 0.2161773765625 0.5483094234375 0.21496229531250002 0.5465417890625 0.212820621875 0.5463081578125 0.20836267656250002 0.5503343796875 0.1967266390625 0.554274925 0.1929198765625 0.5621382140625 0.1881611984375 0.5646937203125 0.1800788765625 0.5690705109375 0.1751320953125 0.5684084609375 0.1624994328125 0.5655591484375 0.15867612656250002 0.5541132531249999 0.1519487515625 0.5457406203125 0.15015323125 0.5369608218749999 0.1468879421875 0.5189000828125 0.13715420312499998 0.50970848125 0.135525209375 0.4989635609375 0.142173228125 0.49252410781249994 0.148842821875 0.4922924953125 0.15705213125 0.49086226406250005 0.161348496875 0.4854199515625 0.1617573234375 0.47291408749999997 0.1727206046875 0.4688925359375 0.178146325 0.4641216609375 0.1818729953125 0.461382809375 0.1864867203125 0.4454941375 0.19924043593750002 0.43547258125 0.2101971265625 0.42071911249999994 0.2225189625 0.4072124921875 0.23018009374999998 0.4026265609375 0.234271021875 0.40061266875 0.24008908281250002 0.40477068593750004 0.2435965875 0.41096380000000005 0.24488516875 0.4198879390625 0.2508747609375 0.43459970312499996 0.253580390625 0.43762103750000003 0.2575214171875 0.4437331453125 0.26042895625 0.45046325 0.268769409375 0.45167470625000006 0.2729273296875 0.44959904218749996 0.2744020453125
0 0.8425812703125001 0.1780575953125 0.8529159484375001 0.1730457890625 0.8578716828124999 0.169681815625 0.86428513125 0.1625160296875 0.8758749437500001 0.15619611718749998 0.8851019375 0.149006484375 0.8880210156249999 0.14786151875 0.8920684890624999 0.14293043125 0.9086691203124999 0.131132953125 0.9198793656250001 0.1207351296875 0.92835231875 0.11495095 0.9386366671875 0.10584397812499999 0.9427215046875 0.1016557046875 0.9469295125 0.09348834375000001 0.9421083078124999 0.0931198484375 0.930609346875 0.1011733203125 0.9222318796875 0.105584996875 0.8990589453125001 0.12468175781249999 0.892927521875 0.1277349609375 0.886938878125 0.13351255 0.8817708 0.136019275 0.87879003125 0.1328224578125 0.8782385234375001 0.12862838593749998 0.8764448859374999 0.1259905171875 0.869775040625 0.12509930625000001 0.8692365359374999 0.12115333125000001 0.8739959687500001 0.11717848281250001 0.8747790875 0.11316324375 0.87356763125 0.1090053234375 0.8707312375 0.10542855468750001 0.86699486875 0.103637271875 0.864831509375 0.1002740078125 0.8478037609375001 0.0881282140625 0.84010408125 0.0865446390625 0.8391164109375 0.08349214687499999 0.8263099671875 0.076091303125 0.8212795390625001 0.0748653953125 0.8181481171874999 0.0751531140625 0.8050175312500001 0.0773308 0.806230665625 0.0783859421875 0.8103917578125 0.07878746875 0.8111686453125 0.0809826296875 0.815339665625 0.08473823281250001 0.809816346875 0.0867660171875 0.801722959375 0.0966281078125 0.80171820625 0.10283686562500001 0.8037065515625 0.1091899484375 0.80155813125 0.1187404765625 0.7962621296875 0.1314350453125 0.7956087875 0.137926571875 0.793453678125 0.1410201640625 0.7951631531250001 0.14838141093749999 0.7949444609375 0.15683725625 0.794355965625 0.1645661484375 0.7922527828125 0.16865056875 0.7999980765625 0.1774338109375 0.8058994015625001 0.17948401875 0.8110612484375 0.18318769375 0.826886928125 0.1818607484375 0.832553025 0.18255735 0.8360557640625 0.1798906890625 0.8425812703125001 0.1780575953125
0 0.364387934375 0.0606875125 0.3706640734375 0.0730243890625 0.37666765468749996 0.080160590625 0.377478715625 0.08930724062499999 0.3753998953125 0.0938863765625 0.366863571875 0.0984315484375 0.3651446265625 0.1003835625 0.3650345421875 0.10461230625 0.3692964125 0.1101014671875 0.3836108546875 0.1146898453125 0.3946330828125 0.10703374375000001 0.39581668125 0.09803133750000001 0.39364031875 0.0944199765625 0.394475365625 0.0913955671875 0.39823105000000003 0.0872261078125 0.3983411359375 0.0829973640625 0.3928808109375 0.0735983796875 0.39102855625 0.063512746875 0.38800889843749997 0.0564689421875 0.3762856953125 0.05074965 0.37378994374999996 0.0505080609375 0.36432931874999996 0.0532397484375 0.364387934375 0.0606875125
0 0.12875999062500001 0.5594419140625 0.13438708125 0.5593942249999999 0.136616965625 0.5608920734375 0.1378025 0.5645553609375 0.1353425171875 0.5681609234375 0.13751887812500002 0.5717722828125 0.137092478125 0.57626481875 0.1353574546875 0.5810747140625 0.1305460953125 0.5840587359375 0.1303985640625 0.58754310625 0.12607378125 0.5934822750000001 0.11692779375 0.5990529484375 0.11021578437499999 0.600521865625 0.11046241875 0.6052279078125 0.10800251718750001 0.6088350296875 0.1106150421875 0.6113048109375 0.11595190468750001 0.6120186671875001 0.1217348578125 0.6149450203125 0.12248258593750001 0.6197484078125 0.126668121875 0.620646209375 0.133177515625 0.62477525625 0.1378657875 0.62577188125 0.1401995265625 0.6292513859375 0.1453872953125 0.6334496953125 0.1486064125 0.63799995625 0.142869071875 0.64227326875 0.14247536562500002 0.653718934375 0.144745734375 0.6559594343749999 0.14758835937499998 0.653325803125 0.1502041234375 0.652692725 0.1544255109375 0.6574392359375001 0.1597752921875 0.6583996296875 0.177264915625 0.6572358234375 0.192519853125 0.6576771078125 0.1964151609375 0.6593364546875 0.1976234609375 0.6665987953125 0.2008504859375 0.661835878125 0.2022790390625 0.660642290625 0.20427213593750002 0.660786615625 0.207692271875 0.66284325 0.2130275734375 0.6635571890625 0.2167638609375 0.6653469109375 0.217647759375 0.6664193093749999 0.216825634375 0.66969025625 0.22412807343750002 0.673158140625 0.234034790625 0.6726389515625 0.2295282234375 0.67510944375 0.228469390625 0.6770284249999999 0.234967378125 0.6778050359375001 0.2404973859375 0.6822341875 0.2457043890625 0.6804701953125 0.25085167343750003 0.6839258546875 0.26241081093749996 0.683320065625 0.266281709375 0.68137888125 0.268464384375 0.6787814015625 0.276893696875 0.6753589921875001 0.2797234 0.672478825 0.286819728125 0.6688790609375 0.2980688984375 0.65922396875 0.3021454515625 0.6516830953125 0.3077062171875 0.6503996843750001 0.317705346875 0.651613971875 0.3235579 0.6495689328124999 0.32798178437500003 0.6518201765625 0.3286319703125 0.6484330703125 0.32510490625 0.647500759375 0.3238269234375 0.6452082515625001 0.32589118125 0.6403811015625 0.3340074171875 0.6341196250000001 0.3382091109375 0.632161103125 0.3431144796875 0.6278062203125 0.3447684140625 0.6246137218750001 0.35728420625 0.6170045187500001 0.3620971625 0.610916159375 0.35972609375000003 0.603589584375 0.35183011249999996 0.6013951343749999 0.337377984375 0.60364364375 0.3192138484375 0.6045955859375 0.31449965468749996 0.6031043265625 0.3048588046875 0.6023672546875 0.2993433953125 0.5950818609375 0.2994924046875 0.5915958484375 0.303950203125 0.585030109375 0.3135812078125 0.5824146640625 0.30876315781249997 0.57894175 0.3108549 0.5746091515625 0.297725909375 0.5736825 0.2957864171875 0.571426225 0.29516998125 0.565993228125 0.2924925265625 0.5622845234375 0.2824171078125 0.5595846921875001 0.273449290625 0.5590611265625001 0.2654058125 0.557246790625 0.25859310625 0.5536296328125 0.2441732140625 0.5501639375 0.23836433750000002 0.54674295 0.23334526875 0.5457636609375001 0.22743262031249997 0.540362578125 0.21711873593750003 0.539412 0.20952606562499998 0.536705659375 0.2088188609375 0.529540665625 0.21350044375000002 0.5240803546875 0.21639343437499997 0.5224376328125 0.218660271875 0.515116775 0.2231538375 0.5123981875 0.22089647031249998 0.5104057859375 0.2153763078125 0.5093291515625 0.21065895625 0.5109423109375 0.2066129625 0.5158717546875 0.2003647640625 0.5166967671875 0.197531903125 0.5226813531250001 0.19015670625 0.5272892812500001 0.1872346359375 0.5315417890624999 0.18025667812499999 0.5342654078125 0.17733145156250002 0.541622334375 0.173682778125 0.5446690281250001 0.1699432515625 0.545982165625 0.1680606984375 0.5542764328125 0.1659980359375 0.5559992453125 0.160041628125 0.5560626281250001 0.1546139140625 0.5536152140625 0.1496354125 0.553380134375 0.14448656875000002 0.5499245546875 0.138530159375 0.5499879390625 0.134119278125 0.5479847921875 0.1275142796875 0.5483309453125 0.1234876 0.547299646875 0.12141193593749999 0.5487743625 0.11999470781249999 0.5533188250000001 0.12417872968749999 0.5573225234375 0.12875999062500001 0.5594419140625
0 0.9216587765625001 0.8402530765625 0.9137077921874999 0.840173778125 0.9110951843749999 0.8377024375 0.91340923125 0.834476909375 0.926487890625 0.8313083953125 0.928208315625 0.8293547406249999 0.92634826875 0.8254795890625 0.9184652890624999 0.823533234375 0.9130261328125 0.8208376421875 0.9039108203125 0.820694190625 0.8996961234375 0.8224046156249999 0.89990383125 0.8263679265625001 0.8987930734375 0.8272960812499999 0.8647870640624999 0.835535546875 0.858616715625 0.8378460203125 0.845491259375 0.8464807249999999 0.8398900906250001 0.847023046875 0.8370131765625001 0.8458078859375 0.83512704375 0.8414349812499999 0.830639790625 0.8379447296875 0.8296131953125 0.83414950625 0.8236942328125 0.8349572625 0.8184206218750001 0.8385851093750001 0.8194327015624999 0.8452381328125 0.8142126968750001 0.8467540296875 0.8157290265625001 0.85039998125 0.8230947531249999 0.8551053109375 0.840714071875 0.856416234375 0.859116590625 0.8537134796875 0.878004125 0.8539659531250001 0.887159959375 0.851747796875 0.9146097046874999 0.8510539874999999 0.92939115 0.8487897828125 0.9216587765625001 0.8402530765625
0 0.23061923437499998 0.8380975890625001 0.2292130703125 0.8302244546875001 0.2258854296875 0.82990285625 0.2222788375 0.8305878625 0.2238196109375 0.8347300875 0.2226002453125 0.8398853453124999 0.2210417515625 0.8385995234375001 0.22082112343750002 0.834389675 0.2152199546875 0.8349319984375001 0.21410751874999998 0.83896293125 0.217485571875 0.8433812546875 0.22245115312500002 0.8433697984374999 0.22761767187499998 0.84086315625 0.23061923437499998 0.8380975890625001
0 0.2055952640625 0.8313386046875 0.1852044 0.8276882765625 0.1744024609375 0.8237841937500001 0.1691839328125 0.8252984484375 0.1638777921875 0.821976284375 0.1628547296875 0.8277424171875 0.1640272609375 0.8311576078125 0.1669576625 0.8333635140625001 0.179648846875 0.8354302671875 0.1908771875 0.8348418140625 0.1978892703125 0.8359638687500001 0.19890294687500001 0.8395125546875001 0.201095384375 0.84026603125 0.209140459375 0.8389760296875 0.2055952640625 0.8313386046875
0 0.067156096875 0.8435600734375001 0.0875580265625 0.8347928046875 0.0963830640625 0.832591984375 0.10075502031250001 0.8338524015625 0.1126174703125 0.8327347234375001 0.11730566093749999 0.8337297890625001 0.12291983124999999 0.8334355625000001 0.126633353125 0.8316262328124999 0.125117021875 0.8279802828125 0.11745950624999998 0.8240365781250001 0.09223127812500001 0.822874078125 0.0760244359375 0.8232274515625001 0.0712453125 0.8204972671874999 0.0670987015625 0.820342196875 0.064311078125 0.8208606749999999 0.0610046421875 0.8241382125 0.05985336249999999 0.8274279734375 0.054184109375 0.8298357921875 0.0494651609375 0.8345532906249999 0.0441543046875 0.834335628125 0.035664815625 0.8303103546875 0.022869778125 0.826261946875 0.0172556078125 0.8265561734375 0.016488565625 0.8277135281250001 0.0165794171875 0.8294470875 0.017254387500000003 0.8423262875 0.0204605015625 0.8466284500000001 0.03484971875 0.8558082703125001 0.040337645312499996 0.8625991109375001 0.0455431703125 0.8608367593749999 0.0486517421875 0.856948428125 0.0518885328125 0.8555364671874999 0.058829079687499994 0.8489642203125 0.067156096875 0.8435600734375001
0 0.055645401562499995 0.7787220765625 0.05581885625000001 0.7757323390625 0.05457979843750001 0.7741825625 0.0515813921875 0.773843709375 0.046019149999999995 0.7751287640625 0.0437877046875 0.7736309953125 0.045454721875 0.7706881546875 0.051412690625 0.7706246906249999 0.052299664062499994 0.7685911078125 0.034784118749999995 0.7692602796875 0.029489339062499998 0.766184734375 0.0244006703125 0.7701768390625 0.0277527203125 0.77409896875 0.0352805421875 0.77556794375 0.040056428125 0.7814009875 0.0420640875 0.7817933265625 0.044957160937500004 0.780152165625 0.055645401562499995 0.7787220765625
0 0.086591946875 0.794236221875 0.08679965625 0.7981995328125 0.0977589734375 0.8019717609375 0.10075737968750001 0.8023106125 0.105263946875 0.799840121875 0.110282934375 0.8008178499999999 0.1123861984375 0.7967349921875 0.11989117187500001 0.7946033531250001 0.136506659375 0.7957181046875 0.14049281875 0.7991110109374999 0.136896071875 0.8031485328124999 0.130647875 0.80397354375 0.1260032796875 0.7975108921875 0.12111563125 0.7990093703125 0.1194875375 0.8026949421875 0.117716746875 0.8036576875 0.1124318125 0.8039346593750001 0.110188925 0.8021887124999999 0.1098420515625 0.80506393125 0.12633601249999998 0.8101592500000001 0.1322924203125 0.810095865625 0.1368638359375 0.8088627390625 0.1475407515625 0.804081775 0.1515040640625 0.8038740671875001 0.15702738125 0.8018462828124999 0.16277132968750002 0.8040283453124999 0.173338078125 0.803474565625 0.181710709375 0.8052700859374999 0.1884746453125 0.8047919968749999 0.1823318171875 0.8044927656249999 0.18047333125 0.8006175328125 0.1732083015625 0.8009982765625001 0.170939490625 0.7987576953125 0.1716675265625 0.7968560499999999 0.1780892609375 0.7930428609375 0.18312124999999999 0.7942686875 0.1842450109375 0.7935886296875 0.181473546875 0.7912507859375 0.18103889687500002 0.7892864671875001 0.1854675328125 0.785328953125 0.18490310625 0.7808883453125001 0.1866900546875 0.7770692765625 0.18410345156250002 0.7750941296875 0.18226773125 0.77481795 0.180889428125 0.78010514375 0.17915756249999998 0.7818106203124999 0.1725525640625 0.7821567734375 0.1579753296875 0.7757186765624999 0.150768540625 0.7708814078125 0.14023915625 0.772178 0.14000552500000002 0.7677200562500001 0.13702160000000002 0.7676276578125 0.1346312984375 0.7662633875 0.1321063859375 0.768630025 0.129490703125 0.7692646640625 0.12764198124999998 0.7687403875000001 0.127922446875 0.7646278859375 0.11468800625 0.764823915625 0.10231305625 0.7624918125 0.10126676875 0.7519915562499999 0.09910340937499999 0.7486282921875 0.0967261109375 0.74751211875 0.0920346828125 0.7496199125 0.0867383046875 0.74964870625 0.0803669375 0.754452803125 0.07647011718749999 0.7558993546874999 0.073204165625 0.759919540625 0.07301615 0.7626612640625 0.07000158437500001 0.765178734375 0.06706966875 0.7660787250000001 0.0616891296875 0.7708308953125 0.056971778125000004 0.77244405625 0.0624789375 0.77327259375 0.0651434734375 0.7767347625000001 0.063424528125 0.7786867749999999 0.056714078125 0.7801556109375001 0.0675046953125 0.7807088203125 0.0722884890625 0.7772286859374999 0.076290725 0.7777637078125 0.07787514062499999 0.7795441640624999 0.07550760625 0.781778946875 0.07225781406250001 0.7829428093749999 0.072150803125 0.7840655734374999 0.088339971875 0.789674421875 0.089038928125 0.7903825624999999 0.086591946875 0.794236221875
0 0.0213385203125 0.6959541296875 0.026813068750000002 0.689831096875 0.031293631249999995 0.6868644125000001 0.0340844109375 0.6832415140625 0.0333059625 0.681046434375 0.030244187500000002 0.679468575 0.030998228125 0.6780631234375 0.0359768109375 0.6782997640625 0.0410929625 0.6748022109375 0.047709401562499996 0.6747042375000001 0.051413078125 0.669542390625 0.054609428125000005 0.670493596875 0.0538262265625 0.6745072750000001 0.061302121875000004 0.674985421875 0.0631087625 0.6778713875 0.075155990625 0.677114846875 0.073782440625 0.6761932828125 0.073467803125 0.673354296875 0.0678147078125 0.6729057921875 0.0659950640625 0.6697717296875 0.058652184375000006 0.6686670125 0.0571083359375 0.667630765625 0.0543156203125 0.6585879703125 0.0567350015625 0.6573424546875 0.0610924765625 0.6583564171875 0.0714546734375 0.6507349062500001 0.07309568749999999 0.647295871875 0.0774822421875 0.6457000484375001 0.08244269531250001 0.6392315734375 0.0863265953125 0.637538484375 0.0874535125 0.6337540078125 0.08597610781250001 0.6308507875 0.0703352078125 0.6325388703125 0.06761251406249999 0.6342962734375 0.0656941921875 0.638743390625 0.0608309046875 0.640736584375 0.054913503125 0.641544259375 0.0439038546875 0.633676865625 0.0365479734375 0.63232405 0.0230814984375 0.6249577984375 0.022544554687500003 0.6210117421875 0.0297868171875 0.6170319453124999 0.0325759546875 0.61340756875 0.037796042187500004 0.6118932312500001 0.0395409109375 0.610435853125 0.0214817671875 0.5975977765625 0.0189699390625 0.6002140703125 0.013169312499999999 0.6032499375 0.006069828125 0.609954121875 0.007623521875 0.614342884375 0.0061025203125 0.6169072515625 0.006718875000000001 0.6223386875 0.006506790625 0.6372499109375 0.007207764062499999 0.6506253046875 0.0075582515625 0.6573130015624999 0.0080837546875 0.6610108796875 0.0082461421875 0.6704387390625001 0.01032104375 0.6974014734375 0.00981679375 0.700408546875 0.011083334375 0.7024528765625 0.015417962499999998 0.6998662234374999 0.016741182812499998 0.6966926234375 0.0213385203125 0.6959541296875
0 0.6815548015624999 0.8631833859375 0.6909082875 0.8650949203125 0.6968344359375 0.8652005390624999 0.7171307015624999 0.8651351 0.71110224375 0.8627488968750001 0.6965710859375001 0.85665260625 0.6795971093750001 0.8574748953125001 0.6815548015624999 0.8631833859375
0 0.245539825 0.8949446125 0.2629717921875 0.893068784375 0.252814734375 0.88893063125 0.245539825 0.8949446125
0 0.26321143281250003 0.8466786046875001 0.2524262328125 0.8538716656249999 0.24807815312499998 0.8527085703124999 0.244543834375 0.85005553125 0.24742061093749998 0.8419532437499999 0.2277934875 0.8431132874999999 0.22311284687500002 0.8465614171875 0.2280204421875 0.8487873109375 0.247222046875 0.8584659531250001 0.2577374359375 0.8705759671875001 0.2591290109375 0.8753643875 0.264616634375 0.8816717687500001 0.2708665875 0.87481965625 0.2609425609375 0.8645890812499999 0.26302748125000003 0.8602756156250001 0.2654309265625 0.8549941531249999 0.26321143281250003 0.8466786046875001
0 0.26462024375 0.33195727812500003 0.28788264375 0.3421537921875 0.2930912375 0.3431966875 0.3018902328125 0.343245625 0.3019534390625 0.3389583171875 0.299194596875 0.333786240625 0.2790392421875 0.3239713890625 0.2634565109375 0.32333605468750004 0.26462024375 0.33195727812500003
0 0.312237334375 0.34990541406250003 0.2648997984375 0.3363361484375 0.2658832109375 0.3382325921875 0.270314 0.34303384531250003 0.2807448625 0.3530235015625 0.2943613046875 0.3562950421875 0.3112577453125 0.36620401875 0.34009394375 0.3638118828125 0.312237334375 0.34990541406250003