0 0.789359771875 0.87299340625 0.797914003125 0.8662727578125 0.7914449609374999 0.8567429921875 0.789306775 0.8508310140625 0.7913327484375 0.8390581031250001 0.7907941765625 0.8300471859374999 0.79243526875 0.826456240625 0.7888706890625 0.821663265625 0.788184871875 0.8181181265624999 0.7791943171875 0.8108584859375 0.7786325359374999 0.8020949249999999 0.7745133390625 0.792275109375 0.76761316875 0.7895555578125 0.765789334375 0.78765185625 0.7605013765625 0.7911731296875 0.7496735703125 0.789728615625 0.74464085 0.7865497640625 0.7392608093749999 0.787322865625 0.738049153125 0.7841050187499999 0.7342468015625 0.7820297875 0.733006503125 0.7734562515625 0.72252165625 0.766191353125 0.7003908765625 0.7535487953125 0.6980596078125 0.7517261765625001 0.697067009375 0.7479048109375 0.6905183453125 0.7449681953125 0.6857450484375 0.7388241078125 0.678012259375 0.7361556218749999 0.6758783953124999 0.7339769781250001 0.6710243671875 0.732556328125 0.6656833093750001 0.7291011140625 0.6556868765625 0.7257373796875 0.6504380375000001 0.725028778125 0.6355601796875 0.7167568609375 0.6294078468750001 0.7149732375 0.6247309546875 0.715310653125 0.6192499484375 0.7210563796875 0.608048984375 0.720076421875 0.5969187218750001 0.7220890140625 0.5923784640624999 0.726547771875 0.5939936140625 0.7346553296875 0.5979297953125 0.7389836109375 0.5972339468750001 0.7431544609375 0.59862135625 0.746263775 0.5975348828125 0.7548815640625001 0.601547371875 0.7659389765625 0.605067225 0.77122524375 0.6037545671875 0.7748449234375 0.60928884375 0.7742092234375 0.6135550140625 0.778566375 0.6207375078124999 0.779941353125 0.619512571875 0.784440778125 0.6075163140625001 0.794469334375 0.6027903734375 0.7915667078124999 0.6003970843750001 0.7923533 0.5980731140625 0.79426584375 0.5974837 0.7972022078125 0.59160508125 0.8017916921875001 0.5820035953125 0.7977143515625 0.56520215 0.796244415625 0.5545559765625 0.7984248375 0.5518816109375 0.8024241578125 0.55819530625 0.809946809375 0.5587930937500001 0.8144802234374999 0.5521940328125 0.8216213140624999 0.5497849703125001 0.8263888671874999 0.545880234375 0.829284565625 0.54750835625 0.8315428718750001 0.55174713125 0.8324124890625001 0.551595834375 0.8341418218750001 0.5414496609375 0.8325075546875 0.5394052109375 0.831207234375 0.5367181125 0.825868346875 0.5324575484375 0.825247778125 0.52205053125 0.8265770546875 0.5201903812500001 0.83077151875 0.5234897921874999 0.8347947031249999 0.5241107875 0.8390807609375001 0.529891209375 0.8431970968750001 0.5332742921875 0.8443635781250001 0.533981628125 0.84766278125 0.537783978125 0.8497380124999999 0.53794101875 0.8517437062500001 0.543326628125 0.8565720906250001 0.5598254796875 0.861500690625 0.5614564046875 0.8656272890625001 0.5653436734375 0.8667139718750001 0.5746874281250001 0.8737551265624999 0.5795631078125 0.874928284375 0.586464525 0.879515990625 0.5876316296875 0.8813606671875001 0.59472765 0.8837240578125 0.604242796875 0.888788253125 0.6098432781249999 0.8892782312499999 0.61543788125 0.886034740625 0.621060015625 0.8862772265625001 0.6312783109375 0.8909057359375 0.6412934578125 0.8921552421875001 0.6484730125 0.8916634859375 0.651740978125 0.888462690625 0.656708740625 0.89238401875 0.6619144109375 0.8935860468750001 0.6685611375 0.8878183999999999 0.66963028125 0.8831814375 0.6792594000000001 0.8755588515625 0.6861855109375 0.866579896875 0.69051231875 0.8664612375 0.6952583546875 0.8691162359375 0.70535859375 0.8675107328125 0.716493178125 0.8692314734375 0.721505803125 0.8726579531249999 0.7276134109375 0.8749348687499999 0.735086775 0.880568590625 0.74145955 0.8836152953124999 0.747345159375 0.88462899375 0.7571155453125 0.8829930625 0.768316509375 0.8839730203125 0.7790736125 0.8824249859375 0.7862922875 0.8777033546874999 0.789359771875 0.87299340625
0 0 0.9580416765624999 0.188277509375 0.9745138250000001 0.1934458546875 0.9647584046875 0.1952008171875 0.9636665796875 0.189927384375 0.9613387359375001 0.198149165625 0.9450260500000001 0.1760812453125 0.9526583093750001 0.17399224375 0.9499848171874999 0.168833928125 0.9520242515625 0.1659307109375 0.9491556156250001 0.168957965625 0.9468058296875 0.17420960937500002 0.9493827203125 0.175237140625 0.945239321875 0.173871246875 0.9418840718749999 0.179879646875 0.9358111906250001 0.18642243281249998 0.9350143375 0.18908517656249998 0.9235465218750001 0.186954115625 0.9232361703124999 0.17719255 0.9304723046875001 0.173358378125 0.936362109375 0.16960507656249998 0.9375269203125001 0.16870732500000002 0.9401869218750001 0.1656585546875 0.9427826453125 0.1615335140625 0.9444137046875 0.15312483593749998 0.945669996875 0.150793565625 0.9438473765625 0.149822484375 0.9397800765625 0.15412203124999999 0.9361723281250001 0.1551047 0.932523778125 0.1523801765625 0.9314133437500001 0.149056171875 0.9257709171874999 0.145253821875 0.9236956859375001 0.146918121875 0.9198573828125 0.14392549062499999 0.916110425 0.1446230328125 0.91193815625 0.1408638515625 0.909369496875 0.1359796234375 0.902593021875 0.12371549687500001 0.8947975937500001 0.11730097187499999 0.8922460093750001 0.1068939546875 0.8935752859375 0.094682925 0.8927563453125 0.0898979046875 0.894329665625 0.084822015625 0.8916442421875 0.0801666390625 0.891735721875 0.0741065234375 0.8926987125 0.06892824843749999 0.89498421875 0.064320365625 0.8983156046874999 0.056596121875 0.9012504343750001 0.0462695984375 0.9130437328125 0.03962006875 0.9169430890625 0.0351924328125 0.9220328140625 0.0310874890625 0.9234162453125 0.029181229687499997 0.9262374031249999 0.0228400375 0.9304131203124999 0.0180824125 0.9354739750000001 0.01039991875 0.937913684375 0 0.9451544234375 0 0.9580416765624999
0 0.2171556484375 0.4072878796875 0.2128707640625 0.40504495625 0.2124501140625 0.4022696078125 0.20649099999999998 0.39639506875 0.1964512609375 0.3935263203125 0.186849775 0.3894489796875 0.182805465625 0.386356603125 0.17919247968750002 0.379929753125 0.17111829843749998 0.3754982421875 0.16009520156249998 0.384120325 0.139546059375 0.3875517828125 0.11253770156250001 0.4041092921875 0.1064358375 0.40556740312499995 0.0948054390625 0.41139624062499996 0.092439546875 0.41567036562500004 0.09409630937499999 0.4232843609375 0.0983682234375 0.4313765390625 0.10522366718750001 0.43458938125 0.1110068921875 0.44057400781249995 0.1395813875 0.4440683609375 0.14968006875 0.442462721875 0.155610540625 0.44298157031249996 0.1605077375 0.44390879375000003 0.16718885 0.4472318609375 0.16947539375 0.449547771875 0.16851437656249998 0.4529488296875 0.1616012359375 0.4560785328125 0.16277252656250002 0.4616580984375 0.16149300625000002 0.4725003390625 0.163077821875 0.4752536296875 0.17328881875 0.4761469765625 0.1788705875 0.47875118125 0.1850185609375 0.47866637812499996 0.18933962499999998 0.47481269375 0.19853636875 0.47213216718749995 0.20704898749999998 0.46590508281250004 0.21141754375000002 0.46529130468749996 0.21470702656250001 0.4618445734375 0.221862125 0.4597320171875 0.229782390625 0.4545745640625 0.24035840937500003 0.43234611406249995 0.240240353125 0.4261121015625 0.24295058906250003 0.41788419218749995 0.24705259375000002 0.41463402499999996 0.2523447390625 0.414847640625 0.254670265625 0.412935234375 0.2569224234375 0.4061604296875 0.25351208125 0.40150485937499997 0.24861474687500001 0.4005791921875 0.24192346874999998 0.40497366875 0.231976084375 0.40484997656250005 0.226617559375 0.40537714375 0.22176771875 0.40769138437499997 0.2171556484375 0.4072878796875
0 0.346637021875 0.5721016546875 0.3444154359375 0.5690432671875 0.33846486875 0.568772046875 0.33264252499999997 0.56701729375 0.322785665625 0.5696416359375001 0.3104898546875 0.5698096875 0.3058374171875 0.5717679015625 0.3052147640625 0.5826676109375 0.3066021734375 0.5857769265625 0.314166509375 0.59228910625 0.32244679062500003 0.5943828109375 0.33248220625 0.5935182265625001 0.3347832765625 0.589985021875 0.3311970453125 0.5854395390625 0.3380424234375 0.581184021875 0.3466918125 0.579076721875 0.346637021875 0.5721016546875
0 0.15919898125 0.5764914328125 0.14315415625 0.56637328125 0.1285750875 0.5587737125000001 0.128108990625 0.5789991156250001 0.143271975 0.5877947515625 0.159426053125 0.5877540812500001 0.1687659796875 0.5866639609375001 0.15919898125 0.5764914328125
0 0.3999229703125 0.467794221875 0.40071728125000006 0.4627489390625 0.37351263437500004 0.45614652343750006 0.350375353125 0.46472512187500004 0.3333514265625 0.46405916718749995 0.2982996203125 0.47873818281249997 0.276699346875 0.49845092031249993 0.31162771093749997 0.507341459375 0.29636921875 0.50779456875 0.3170175109375 0.5352486578125 0.33950256562500003 0.5274380125 0.361920584375 0.5207162921874999 0.38434368124999996 0.5156575937500001 0.3925954734375 0.507105178125 0.37448755 0.49319277812499995 0.37153630312499997 0.48592509218749996 0.3982787921875 0.4961965015625 0.413179553125 0.494418109375 0.41440315781250003 0.485649196875 0.399734071875 0.468572909375 0.3999229703125 0.467794221875
0 1 0.4364790078125 0.9934410765624999 0.43105794062499997 0.9905917265624999 0.42909745624999995 0.9697871734374999 0.42392077031250003 0.9596987499999999 0.4259649109375 0.97437263125 0.43332338750000005 0.9984373421875 0.4452128828125 1 0.44621752499999995 1 0.4364790078125
0 0.8267665484375 0.5075693218749999 0.8396616734375 0.5110925515625 0.84600038125 0.5057261468750001 0.8208731734375 0.49255322812499996 0.8164720140625 0.4971072828125 0.81881565625 0.503951653125 0.8267665484375 0.5075693218749999
0 1 0.258678859375 0.988344521875 0.2554094140625 0.9808135218749999 0.2545936890625 0.9664230390625 0.25475258125 0.9558127953125 0.266687315625 0.9529760250000001 0.274353621875 0.974543940625 0.28554158749999997 1 0.2915184609375 1 0.258678859375
0 0.88029370625 0.4311970265625 0.8756816359374999 0.4307935234375 0.87273680625 0.4284184515625 0.8740926343750001 0.42430534218749993 0.8764166046874999 0.4223928 0.8823009671875001 0.42153834218749997 0.8866192281249999 0.41581636718750004 0.8979714890625001 0.4150669921875 0.8999886781249999 0.41287822343749997 0.9004900609375 0.4109301328125 0.8955438156250001 0.4067628703125 0.89547325 0.4037687640625 0.8925960453125 0.40252106249999997 0.8945051078124999 0.4015681984375 0.8966807203125 0.40325172187499997 0.9013143078124999 0.40340928906249995 0.899530703125 0.399145425 0.889642396875 0.39454578749999997 0.9050793328125 0.39452707187499997 0.9077606875 0.3961309328125 0.9050922015625 0.40386372187499997 0.908039971875 0.408105528125 0.9091177968749999 0.40907032499999996 0.913401434375 0.40944509531250006 0.9194168250000001 0.408975396875 0.9268341515625 0.4057658953125 0.9281857921875 0.397917896875 0.9372961984374999 0.3962242265625 0.9393104484375 0.39216872343750003 0.9399589421875 0.3847564125 0.9387011765625 0.38016525625 0.9348310640624999 0.3769642109375 0.9267034640625 0.3750077734375 0.909654315625 0.36878566562500004 0.9111643796875001 0.3648099609375 0.9080407218750001 0.36067824375 0.9042874187500001 0.3618430546875 0.9002876625 0.360123846875 0.9017977265624999 0.3561481421875 0.8925735875 0.35534113437500003 0.8881086265624999 0.349473409375 0.882394275 0.3464843078125 0.8625802374999999 0.3415134859375 0.8575691687500001 0.33808714218749997 0.8523418453125 0.33713260625 0.828411140625 0.34126262343749997 0.8226895593749999 0.3478578015625 0.8195730265625001 0.3493277078125 0.8172286515625 0.3533558984375 0.8087393781250001 0.3593340703125 0.8052769453125 0.3647576265625 0.8010855265625001 0.3671294703125 0.80374816875 0.3708475578125 0.803887740625 0.376835634375 0.8068774328125 0.3787158578125 0.8129174156250001 0.3798654015625 0.8131450203125 0.3848652015625 0.811415896875 0.38944442343749996 0.8052895765624999 0.3892817359375 0.8017997484375 0.39121775625 0.7991429859375 0.3912331390625 0.7954299140625001 0.3900377859375 0.79740099375 0.3864757109375 0.7956432296875 0.38569924375000003 0.7896494921875 0.3859214515625 0.78518871875 0.383788615625 0.7813704578125 0.3856959015625 0.77342155 0.3854976671875 0.7704376015625 0.38735247031250003 0.764430584375 0.39529194843750004 0.7633397875 0.40017640312499997 0.7601556296875 0.40051893906249997 0.7571961359375 0.403994540625 0.7474489609375 0.40538311406250005 0.7455182453125 0.406583471875 0.743325303125 0.4088807734375 0.7449130578125 0.4135007984375 0.7388153796875 0.41869379999999995 0.7375891953125 0.42132506875000003 0.7376814140625 0.42407168281249996 0.7387792 0.4247904078125 0.75431115625 0.42938659687499997 0.7596090453125 0.43333523906250004 0.7641994624999999 0.4339862359375 0.7692538359375 0.43691759531249996 0.7754262656249999 0.438453590625 0.7771408609375 0.439723484375 0.777498246875 0.44323988906249995 0.7797846546875 0.44555735625 0.7875390953125 0.44797834999999997 0.791254971875 0.45104199375 0.7951221453125 0.45237630468749995 0.7961767625 0.45358845781249996 0.7965224234375 0.46482227031249995 0.8081352546874999 0.47816171875 0.8244122453125 0.48182554375000003 0.8398145578125 0.487903571875 0.8497215765625 0.4903889828125 0.8537616984374999 0.4897464703125 0.8544575484375001 0.485575621875 0.8597181109375001 0.4785668140625 0.8559360296875 0.47437749218749997 0.8522230937499999 0.473180584375 0.851515759375 0.46988138125 0.8554448140625001 0.46860803906250004 0.8626273093749999 0.469983015625 0.870334259375 0.46916410468749997 0.8752461203124999 0.4642406546875 0.8800527921875 0.4624198421875 0.883492015625 0.45724364375000004 0.8920980984375 0.45563132656249994 0.89378685625 0.4534138234375 0.8947695250000001 0.44976527343750006 0.892458525 0.4458285625 0.8947811124999999 0.442049421875 0.891503353125 0.43777874531250005 0.891849253125 0.433825096875 0.8910782062499999 0.4331365265625 0.8860728812499999 0.43344520781250007 0.88029370625 0.4311970265625
0 0.6481852 0.47947929062499994 0.6492559 0.4748424640625 0.65074569375 0.47298085 0.653467415625 0.47222299218749997 0.651853821875 0.46411556875000004 0.64928059375 0.46127580312500005 0.6423142187499999 0.45743057499999995 0.6284867921874999 0.4466359203125 0.6301886546875 0.4385676078125 0.6334980984375 0.43487480468750006 0.6393363515625 0.43264704062500003 0.64281469375 0.4232409671875 0.6458851171875 0.42039775312499994 0.6546424984375 0.4170561046875 0.6567893328125 0.413385496875 0.6597762203124999 0.413397428125 0.6640366484375 0.41401955468749996 0.667730871875 0.4173306890625 0.6719481296875001 0.4184462421875 0.676960890625 0.4218711671875 0.6922061640625 0.4259435015625 0.6968929859374999 0.4330760015625 0.709449778125 0.42994285000000004 0.7146252484375 0.42578905312500004 0.715295259375 0.41813080625000004 0.7072008984375 0.4082110265625 0.7094272171875 0.39794882343750004 0.7080814203125 0.3943459453125 0.7057517078125 0.3925234625 0.6998659609375 0.39151132187500004 0.697552159375 0.3857063203125 0.6932671390625 0.383464953125 0.6869996875 0.37731405156250003 0.6953119609375 0.36957625781250003 0.6943178062500001 0.36575475625 0.6948640171875 0.348127471875 0.6932143796875 0.3461151015625 0.6857883703125001 0.3437228421875 0.6807182234375 0.34477244375 0.6686368375 0.34247166406249996 0.6629283640625 0.3432160328125 0.6534837828125 0.3411459421875 0.64219634375 0.34115439687500004 0.6407295859375 0.34463511874999997 0.6361693671875 0.3493399484375 0.6303037171875 0.3480801796875 0.614545475 0.3536717859375 0.6097547109375 0.35151007968750003 0.6060807578125 0.346084853125 0.597904109375 0.340888375 0.5964056328125 0.3371482296875 0.5887161484375001 0.333984759375 0.58126274375 0.3281049640625 0.5706295406249999 0.324436134375 0.5580123875 0.31499272968750003 0.559283125 0.31373463125 0.570635521875 0.31298370000000003 0.5759060140625001 0.313444809375 0.5805886484375 0.31684241874999997 0.593149628125 0.3174441578125 0.597359896875 0.3129565296875 0.598715725 0.30884342187499997 0.5956915109375001 0.2978740390625 0.5898866328125 0.29213690468750003 0.5887859078125001 0.28955144375 0.5807879515625001 0.2861131671875 0.578824096875 0.280090965625 0.5739269 0.2791637421875 0.569068375 0.275876221875 0.5748605203125 0.27227515 0.5797997765625 0.2708392328125 0.5858051015625 0.262901175 0.5915353640625 0.26190775781250003 0.586151 0.2589475265625 0.58551004375 0.254907540625 0.58189935625 0.24874125937499997 0.57710859375 0.246579553125 0.5703368203125 0.24051000781249998 0.56513115 0.2393079796875 0.5631082171874999 0.23776172343750002 0.5629644578125 0.22803875625 0.5669338796875001 0.2244036953125 0.5676082109375 0.22047878125000003 0.564503403125 0.21423128125000002 0.5576206984375001 0.20752934843749998 0.543780165625 0.20258550312499998 0.53883810625 0.20215312968750002 0.528279790625 0.2052117375 0.5210324734375 0.20457767968749999 0.517609025 0.20577291718750002 0.515064440625 0.208288840625 0.5048576312499999 0.211130384375 0.500974684375 0.213777034375 0.49026075 0.2148316421875 0.4838390625 0.2085433390625 0.47388579843749995 0.20468617656250002 0.4695115 0.2015649296875 0.45569275625000005 0.1963720359375 0.44947715625000007 0.19532946874999998 0.4454585515625 0.19572604531249999 0.4397774734375 0.1999579484375 0.4337605265625 0.2004275109375 0.4302290859375 0.2028570953125 0.42315877031250004 0.203982659375 0.42149322187499993 0.2059528078125 0.41769661406249997 0.207612603125 0.41596624374999996 0.2103236703125 0.41142037968749995 0.2110458453125 0.4080026734375 0.21597610781249998 0.39985176093749997 0.2294529296875 0.4034436 0.2377349953125 0.40179814843750006 0.23945751406250002 0.396487290625 0.241358125 0.398644053125 0.24515743125 0.41410558125 0.2467579578125 0.4152522796875 0.25071828281249997 0.407945884375 0.2545601703125 0.4014591375 0.264200246875 0.39544793437500003 0.26840483437499996 0.40100805 0.2712565328125 0.4060681671875 0.27792291874999997 0.41094384687499996 0.2790960765625 0.41404447031249997 0.2816086875 0.41563222499999997 0.2862287125 0.41874720156249995 0.28475866875 0.42140565781249995 0.2847418671875 0.4316657015625 0.2888752546875 0.43426058125000006 0.291467528125 0.433429209375 0.293386746875 0.4295244734375 0.296282446875 0.4173883328125 0.3021909453125 0.41311199531250004 0.30555133749999996 0.4133323 0.3068159765625 0.419157584375 0.3104374640625 0.4220739078125 0.307455290625 0.429865775 0.30564783125 0.44018226875 0.3015705203125 0.4445132625 0.3051867515625 0.4507505140625 0.3059818265625 0.453302225 0.309067528125 0.451395965625 0.311888684375 0.44696103125000003 0.3132432453125 0.44569167812500005 0.3163679421875 0.4497158921875 0.3197079484375 0.4504232265625 0.32300715 0.4532356078125 0.32499577031250004 0.455218175 0.328903746875 0.44321043125 0.3314622515625 0.4391818953125 0.3243889125 0.43498473437499996 0.32302573125 0.430351146875 0.3228681625 0.4242520859375 0.3261945640625 0.42956868750000005 0.3280289796875 0.4321203984375 0.33111468125 0.43238975156250004 0.3356193609375 0.43779563125000004 0.3383336546875 0.435738075 0.34288414375 0.432180621875 0.34369279375 0.42829335312500005 0.3426061109375 0.42982351406249997 0.3383827765625 0.4264189140625 0.33746223125 0.422730434375 0.337886121875 0.41941929843750003 0.34158034375 0.4138188171875 0.341090365625 0.4066754421875 0.3354855140625 0.3878280265625 0.330850215625 0.38832660625000004 0.327033834375 0.38094826249999997 0.3260150171875 0.3774946140625 0.3218544296875 0.37700620156250003 0.3179532671875 0.368218621875 0.3159390890625 0.365535884375 0.3124686296875 0.3614036796875 0.310362971875 0.356500603125 0.3057022796875 0.3512732796875 0.30474774375 0.3505472328125 0.30356276718749997 0.3525831359375 0.29925977187499997 0.3509766671875 0.2967539734375 0.34640776562500003 0.29585704218750003 0.3368593796875 0.2987561890625 0.32459359375 0.306146528125 0.32224503125 0.306439828125 0.3198546828125 0.3090931546875 0.3157296421875 0.31072421562499997 0.30770418906249997 0.318984309375 0.30650944999999996 0.32883955781249996 0.30728174375 0.331396284375 0.314164446875 0.3380982171875 0.3219837109375 0.339778290625 0.32435672968749996 0.341105790625 0.323963475 0.341817975 0.32205427656249996 0.342772396875 0.3173990375 0.342862321875 0.311511734375 0.34185004375 0.2956513453125 0.337225121875 0.29090388749999996 0.33456843125 0.2843207359375 0.33772700312500004 0.278218871875 0.3391851140625 0.2712666125 0.346544690625 0.25574894375 0.35128684374999997 0.25116845625 0.3581057640625 0.25130816562499997 0.3640922828125 0.2539246984375 0.3664370640625 0.2590669671875 0.3683817046875 0.261792875 0.3713587375 0.2678588703125 0.374129215625 0.269045934375 0.375727821875 0.2765584171875 0.37713166875000004 0.2774416421875 0.38032078281250004 0.281575228125 0.3842930390625 0.2967125109375 0.38959972187499997 0.30012285312500003 0.39425529375 0.3061467890625 0.3993889109375 0.31711136406249996 0.4049532109375 0.3188504171875 0.40784390468750004 0.3158044484375 0.41230791718750004 0.30985526406249997 0.4139032953125 0.3063266265625 0.418201171875 0.30811023125000003 0.42246503593750007 0.3150074625 0.4233178515625 0.3217477890625 0.42216341718750006 0.3349945859375 0.42631029375 0.351200875 0.42698157031250006 0.36630059375 0.43651826250000003 0.36924417656249997 0.437025178125 0.3790676609375 0.44236573593750006 0.3894356953125 0.44526477656249996 0.396136903125 0.44834021562500004 0.4013483171875 0.4532772703125 0.4070841859375 0.45602043593749997 0.4165719375 0.457597096875 0.41999400312499996 0.45453526093749996 0.42340458437499995 0.44400337343749996 0.42843298281250003 0.44344889218750005 0.43908783749999997 0.44687022968749995 0.4493163 0.44378119531250004 0.455147428125 0.43595180625 0.461116709375 0.4341088 0.466266103125 0.4416550640625 0.4663799734375 0.44415418593749995 0.46184265468749996 0.45047967812499995 0.45912107031250005 0.45123597968749996 0.46110207968749994 0.45514381875 0.4580459453125 0.46732537656249995 0.45611242812499997 0.46665744218749994 0.4551397890625 0.46259000625 0.45342519374999996 0.4613201125 0.45050606562500006 0.46243399375000005 0.450818725 0.46644369062499996 0.45490776093749996 0.46904277499999997 0.45568285625 0.47346779375 0.462162203125 0.47527845781250005 0.471722075 0.4798493625 0.473066315625 0.48345210468750005 0.47745932812499997 0.484459125 0.47547077968749996 0.492003584375 0.48151636875000003 0.496889709375 0.48733884843749997 0.49864290625 0.4916698421875 0.5022591375000001 0.4964807015625 0.5041732156250001 0.51103573125 0.5161529812500001 0.5188551312499999 0.5178315 0.526501446875 0.5214883984375 0.5295588999999999 0.5244944359375 0.54166024375 0.5265491453125 0.5474768453125 0.524568871875 0.5521379640624999 0.5282124171875 0.55732198125 0.5296619375 0.561712053125 0.5288022234375 0.565573484375 0.5264015093750001 0.5789184781250001 0.521842565625 0.589353028125 0.5239992671875 0.596764375 0.5322422 0.5998476671875 0.5387356359375 0.6031009703125 0.5413855140625 0.609779278125 0.5428402890624999 0.6169588328125 0.5423485328125001 0.624119675 0.543971003125 0.6314953890624999 0.5412550656249999 0.6291079453124999 0.53059078125 0.6253057296875 0.5285139937500001 0.619388403125 0.5202794296875 0.621205246875 0.51657995 0.6252280390625 0.5199182625 0.6361262734375 0.524358440625 0.6522261281249999 0.5262642 0.6562617546875 0.523754815625 0.6526555625 0.5194554046875 0.652671471875 0.5154728875 0.6470680515625 0.5131161734374999 0.644759990625 0.5110461984375 0.6429519296875 0.5051615359375 0.6428754859375 0.49843395937499996 0.6402144015625 0.4947160078125 0.6459820890625 0.48949413750000004 0.6554167421875 0.4840943109375 0.6541186109375 0.481864875 0.6481852 0.47947929062499994
0 0.809340803125 0.6977288703125 0.80281268125 0.6926750515625 0.7993806859375 0.688266971875 0.7871422609375001 0.6839604968749999 0.7805060125 0.6801425812499999 0.7752570359375001 0.6794355375000001 0.7721650953125 0.6825246875000001 0.7655602921875 0.6859307515624999 0.7643341078125 0.6885620203125 0.764915984375 0.697077953125 0.7634361203125 0.7064094828124999 0.7679026359375001 0.7122773453125 0.7724944359375 0.7147949390624999 0.7804333140625 0.7227091625 0.794409096875 0.72990775 0.8125863656250001 0.7422028515625 0.8293977421875001 0.751142703125 0.836369859375 0.758722959375 0.8515573 0.76913939375 0.85057463125 0.7727879453125001 0.85211908125 0.7779029546875 0.855813440625 0.7812125328125 0.8541707921875 0.7848033437499999 0.8619455046875 0.785110246875 0.865658440625 0.78630715625 0.8714734843749999 0.7843267468749999 0.8742774953125 0.7788455875 0.8808606453125 0.7756870140625 0.90108145625 0.7570409203125 0.905294528125 0.754421584375 0.907945684375 0.7506696203125001 0.9066229609375 0.7468209421875 0.8906143140625 0.73060618125 0.8817360734375 0.7258455265625 0.8762811453125 0.7198911906250001 0.8708319609374999 0.7176718796875 0.8615762390624999 0.7096424484375 0.856262440625 0.709676325 0.8508191343749999 0.7111904828125 0.8478135328124999 0.713292778125 0.846214053125 0.7163901609375001 0.8399147828125001 0.718204296875 0.8369006359375 0.7147032734375001 0.8302642499999999 0.7108869140625 0.8255008828125 0.7122127421875 0.8196367890625 0.710953109375 0.809340803125 0.6977288703125
0 0.5577386421875 0.7501607531250001 0.5461036328125 0.743959034375 0.5360457203125 0.7393618109375 0.5289617671875 0.7388863437500001 0.51396196875 0.733657565625 0.514138021875 0.73784823125 0.5547768140625 0.7640790140625 0.5776303234375 0.7734267125 0.5646563125 0.7622895093750001 0.5648832234375 0.7539949109374999 0.5577386421875 0.7501607531250001
0 1 0.1770076625 0.9983828156250001 0.17643691875 0.9898298859375 0.1762046609375 0.9842917171875 0.1819046046875 0.9850734796875 0.19087876406249998 0.9897858562499999 0.1970379125 1 0.20104206875 1 0.1770076625
0 0.9661350734375 0.17835551875 0.97361280625 0.1813577328125 0.9797268828125001 0.17932976875 0.9764070281249999 0.1741598125 0.9729395046875 0.1748728109375 0.9685287484374999 0.17568209375 0.9661350734375 0.17835551875
0 0.029785948437499998 0.36044804531249997 0.037439396874999996 0.35661926718750003 0.0427302203125 0.3570272578125 0.057012096874999994 0.3517095828125 0.05978682656249999 0.3447703234375 0.051201128124999995 0.335590221875 0.04617635625 0.3332527640625 0.037671992187499996 0.3314076640625 0.029549646875000002 0.3347515421875 0.0161844390625 0.33964907499999997 0.013639114062499999 0.34549008593749997 0.0200527640625 0.35161927187500003 0.0195005234375 0.3555470234375 0.029785948437499998 0.36044804531249997
0 0.1342406765625 0.4455930640625 0.12446543437499999 0.4513003140625 0.126843375 0.4577885046875 0.1329712890625 0.45775370468750004 0.1508088296875 0.4448890828125 0.1342406765625 0.4455930640625
0 0.0495118015625 0.4306437578125 0.08119592812500001 0.454063078125 0.085777790625 0.45348521562500005 0.06253394375 0.4309941078125 0.0495118015625 0.4306437578125