0 0.5578854093750001 0.5120408734375 0.5568134546875 0.5061527781249999 0.5592895359375001 0.49901175625 0.5603006781250001 0.49525685625 0.557052190625 0.49352425312500003 0.5519449171875 0.4911037359375 0.552648140625 0.48673764375 0.5522772609375 0.48380208125 0.5480146640625 0.481432134375 0.5406925484375 0.48171971874999997 0.5385311781250001 0.48557325625000003 0.537320946875 0.4889725578125 0.5361685281249999 0.493492675 0.5355252171875 0.49714108125 0.532844228125 0.5011251203125 0.5316018312499999 0.5068843765625 0.53443604375 0.5118932546875 0.5370892328125 0.5188645734375 0.5401793875 0.5204153578125 0.54719975 0.519598584375 0.5495636625 0.5149113015625 0.5518756015624999 0.5152697734375 0.557035596875 0.5199557375 0.5577544953125 0.5222133078125 0.5572197125 0.5252462078125 0.55784479375 0.5291246109375 0.5630843640625 0.5248111093750001 0.567047515625 0.5198362234375 0.567249653125 0.5186898453125 0.565716925 0.5168996171875 0.5589293203125 0.514155840625 0.5578854093750001 0.5120408734375
0 0.5372458171875001 0.6039801734375 0.5406993484375 0.6007257421875 0.5419580796875 0.5978791984375 0.544017 0.592789084375 0.5363532640625001 0.5883645078125 0.5393378625 0.5871756546875 0.5366793265625 0.584058840625 0.5297802109374999 0.5767735796875 0.52767085625 0.5752212109375 0.5232063640625 0.5789812078125001 0.5209893265625001 0.5880274046875 0.5208444359375 0.5966234625 0.5224855984375 0.601667896875 0.5330366125 0.6041328218750001 0.5372458171875001 0.6039801734375
0 0.5303871421874999 0.6076051859375 0.5265218671875 0.6089116484375 0.52431960625 0.6142208265625 0.52275106875 0.616574840625 0.5185053 0.6173937609375 0.5176414874999999 0.6190263781249999 0.5180948921875 0.624391303125 0.517873509375 0.6283822421874999 0.5162862859375 0.6323988953125 0.5131418515624999 0.6343052703125001 0.51201796875 0.6377007578125 0.5130004796875001 0.6421705234374999 0.5153278109375 0.6471296890625 0.5178114468749999 0.6474502125 0.51860515 0.641545203125 0.52176784375 0.6362149828125 0.5208555234375 0.6326968625 0.5222837609375001 0.6290059875 0.524801703125 0.62413801875 0.5292462625 0.6182865359374999 0.528996621875 0.614996325 0.5303871421874999 0.6076051859375
0 0.52237368125 0.6812877546875 0.5166668109375 0.6714520281249999 0.5117402 0.67291088125 0.5125877453125 0.67796610625 0.51261953125 0.6826268078125 0.5140048484374999 0.687916478125 0.516643003125 0.69221965 0.5194501859375 0.6987675265625 0.5264502140625 0.6962304625 0.52686225 0.6918241328125 0.5244887609375 0.6862539187500001 0.52237368125 0.6812877546875
0 0.548409196875 0.6853946046875 0.540076578125 0.689478453125 0.545210725 0.695741703125 0.5540709921875 0.700443896875 0.5417599421875 0.699223503125 0.540982665625 0.7067449859375 0.546962615625 0.713349353125 0.5454472328125 0.721070703125 0.5435759890625 0.7349043656250001 0.5361020875 0.7436741453125 0.5364800609375 0.7507535812499999 0.548447284375 0.7548057296875 0.552063878125 0.7603444515625 0.52651149375 0.7573398046875 0.5305151921875 0.775089065625 0.530761225 0.78366361875 0.5261439234374999 0.7885691718750001 0.5216763578125 0.7942991890625 0.5190081656250001 0.79853458125 0.5140115203125 0.806005421875 0.5097584687500001 0.8136771890625001 0.5128486875 0.820230546875 0.516808365625 0.8293123625 0.5112199734375 0.8324458015625 0.5089649625 0.8372443109375001 0.5110550390624999 0.8439989296875 0.51219725 0.851324184375 0.519499759375 0.8538922031249999 0.5222772250000001 0.8543819453125 0.521945309375 0.8595576265625 0.5164428234375 0.8614480359375 0.5090329234375 0.8611806968750001 0.5091193421875 0.8655765484375 0.5120575765625001 0.8694376140625 0.5074650875 0.8705222390625 0.5036927953125 0.873307946875 0.5080425625 0.8763802640625 0.5131539046875 0.8807212890624999 0.5084563421875 0.8799453390625 0.509247509375 0.886382075 0.516154921875 0.8843522593750001 0.5223361171875001 0.8795035125 0.516955928125 0.8704425328125 0.52604249375 0.8674546937500001 0.5262812265625 0.8691151250000001 0.52617215625 0.8755914499999999 0.525458778125 0.8850360578125 0.529930465625 0.8932926828125 0.5354159890625 0.88918596875 0.538160571875 0.8849402468750001 0.54311106875 0.8795127468749999 0.5383155046875 0.8697996296875001 0.540436746875 0.865075903125 0.5464704125 0.858976284375 0.5453477671875 0.854356465625 0.5418296953125 0.8484749562499999 0.5429570906250001 0.8378070937500001 0.54738239375 0.8321188093749999 0.54623726875 0.8240092578124999 0.546818453125 0.8149094328125001 0.54941465 0.8052066 0.555583659375 0.7967017546874999 0.558390596875 0.7910946140624999 0.5657364703125001 0.7833208609375 0.5666495515625 0.7779985578125 0.56600216875 0.7686678234375 0.5686015 0.7606838359375 0.57244366875 0.75269686875 0.5783868046875 0.7419277765625 0.578254040625 0.7323149328125 0.5751514546875 0.7220975109375 0.57610609375 0.7155767171875 0.5802450859375 0.7039088078125 0.5864839374999999 0.6906168 0.588310515625 0.67842215625 0.5852981390625 0.664723765625 0.579394384375 0.6515055875 0.5785391640624999 0.6511279046875 0.5658711359375 0.6428079765625 0.562540703125 0.6545153265625 0.5533402421875 0.653380125 0.5610218812500001 0.650531690625 0.555681675 0.64846040625 0.550561946875 0.6430421843749999 0.5428526687499999 0.640459559375 0.54527785625 0.6539338296875 0.5483168468749999 0.6559547484375 0.562053078125 0.65624600625 0.5635349625 0.661455921875 0.5545817328125 0.661267090625 0.5520932921874999 0.666741584375 0.55019414375 0.67454281875 0.5542140156250001 0.6758418484375001 0.5646525703124999 0.6779997671875 0.5655614046874999 0.6850918921875 0.5577709328125 0.6876847328125 0.5541974609375 0.6856536609375 0.548409196875 0.6853946046875
0 0.4799907421875 1 0.4695972109375 0.9923314828124999 0.4650237875 0.991877290625 0.46135466875000003 0.9913334546874999 0.4587764984375 0.9900823796875 0.454542890625 0.9885378171875001 0.45181143593749995 0.9915213328125001 0.449346375 0.992643134375 0.44313505781250007 0.989177525 0.44169458749999996 0.988861653125 0.4416053328125 0.99204926875 0.4434950296875 0.9950273421875 0.44439431718750005 0.9979085234375 0.4486689984375 0.998662265625 0.45625566875 1 0.4799907421875 1
0 0.44724436718750005 0.9723510921875 0.4467818109375 0.9760091578125 0.4483296140625 0.9801073796875001 0.45170526093749996 0.9830444234375 0.4551429890625 0.9859083265624999 0.461659221875 0.9872667453125 0.464472996875 0.9819987578125 0.46321391093750003 0.9745085124999999 0.46154118593750004 0.9735662328125001 0.4590221125 0.9748593828125 0.45791749687500005 0.9775157374999999 0.4559523078125 0.9764504890625 0.454814034375 0.9753025781250001 0.452388709375 0.9738325296875001 0.44724436718750005 0.9723510921875
0 0.469198890625 0.9613335749999999 0.4674979375 0.9611272609375 0.46490672968749996 0.9611558609375 0.465735846875 0.9632202609375 0.46639040625000006 0.9649429078124999 0.4694350296875 0.9658161171874999 0.4714545734375 0.9639636640625 0.470180684375 0.9619652203125 0.469198890625 0.9613335749999999
0 0.4735705546875 0.8220310749999999 0.472243078125 0.8258523656250001 0.47078448437500003 0.83058821875 0.46870112343750003 0.8453999078125 0.4665393953125 0.8525487593750001 0.46799895156250004 0.8573184203125 0.46552137499999996 0.8602118390625 0.46459282812499997 0.86950903125 0.463565246875 0.879367871875 0.46069766874999996 0.886947575 0.45990793593749996 0.8908144984374999 0.45825569687499995 0.8991860234375 0.4619575375 0.901361896875 0.4656296984375 0.8860608546875 0.4678558625 0.872346890625 0.4701463265625 0.8692998968750001 0.4710665234375 0.863739271875 0.47186901406250004 0.8591971171875 0.47431798281250004 0.8562589890625001 0.4732641453125 0.8504661109375 0.47492354375 0.8473538546875 0.477272678125 0.844433028125 0.47575457187500003 0.8404003343750001 0.4764676125 0.835042759375 0.4761610453125 0.8317964546875001 0.4793556375 0.8267352359375 0.4794212015625 0.8243748234374999 0.47846764999999997 0.8224582500000001 0.4790808875 0.8192773499999999 0.4812693390625 0.8155491687499999 0.480624384375 0.8119544359375 0.48367590156249995 0.79213795625 0.48623941718749997 0.7804429328125 0.48763938125 0.7706767265625001 0.48913493125 0.765479340625 0.48802524687500004 0.7609839765624999 0.48901075 0.7564026953125 0.49105827812499997 0.754004625 0.49134670937499997 0.748562659375 0.494604209375 0.72921564375 0.495926790625 0.719483390625 0.49789249375000005 0.7008399328125 0.5009542375 0.6972609765625 0.5005977328125 0.6948467671875 0.5003777609375 0.6907764203125 0.5025692359375 0.6925019296875 0.5023542062499999 0.6771199671875 0.5051818906250001 0.66319791875 0.5057652125 0.6538430281250001 0.5100851625 0.633239540625 0.5063266734375 0.629846271875 0.49955868593749997 0.6730793937499999 0.4991460640625 0.6778219812499999 0.49688592812500004 0.6887232531249999 0.499082840625 0.69049890625 0.49442425781250005 0.69468479375 0.4954513546875 0.6995495546875 0.4967037890625 0.7054218765625 0.493430103125 0.71058973125 0.49225802031250004 0.7162471499999999 0.49320245937499996 0.7183683765625 0.49235156562500004 0.7211154796875 0.4898765625 0.7229955109375 0.49025299218749996 0.7287339953124999 0.48592151250000004 0.7490879390625 0.48323656406250004 0.7532473937499999 0.483281284375 0.7578437390625 0.4846585640625 0.7639078406250001 0.4823710640625 0.7694034875 0.4781213046875 0.7935590640625 0.4735705546875 0.8220310749999999
0 0.4645775375 0.5621493921875 0.46179968125000004 0.5666557984375 0.46238823125 0.57144323125 0.46195899375 0.5738775515625 0.461018309375 0.579212440625 0.461684628125 0.5828299796875 0.45798802343749995 0.5967939640625 0.45757264375 0.602541971875 0.459245728125 0.609960834375 0.46180102500000003 0.603603284375 0.468392753125 0.5478096703124999 0.46962497968749994 0.5470210390625 0.4713003984375 0.54455576875 0.4722103265625 0.5419507625 0.472569503125 0.5381951390624999 0.470986396875 0.5366816171875 0.46645706249999996 0.5434367953125 0.4650425703125 0.5496321671875 0.4645775375 0.5621493921875
0 0.5300792015625 0.3085458296875 0.5378147359375001 0.3124912171875 0.5531857546875 0.312977125 0.5569372578125 0.313638615625 0.565217315625 0.31430689843750004 0.56415829375 0.31287150625 0.5590043578125 0.3113994828125 0.5349065921875 0.3050132421875 0.519931359375 0.3023727046875 0.516645684375 0.30268660937499997 0.50637429375 0.3030269203125 0.501727309375 0.30666112968750003 0.5026385203125 0.3165111921875 0.5044225124999999 0.321555425 0.506331475 0.317936621875 0.5074020296875 0.3098766359375 0.5151457781250001 0.3078007234375 0.5209960421875001 0.3080500859375 0.5300792015625 0.3085458296875
0 0.3137865234375 0.2247673421875 0.3036300578125 0.22296220312499998 0.286966215625 0.22036027812499998 0.2781096375 0.2213419515625 0.41825691562499995 0.25055330625 0.47952063593750005 0.2632216 0.5168606921875 0.27112571406249997 0.5094913625 0.2671100359375 0.5040329828125001 0.26594290468750004 0.47228145 0.25910670156250004 0.4646493921875 0.254016578125 0.46130109687500004 0.25183323281250003 0.4568142 0.24615533125 0.4414068515625 0.212285628125 0.4256782484375 0.217876828125 0.4152385890625 0.227935565625 0.40652128593750003 0.24369404062500002 0.385265715625 0.23333631718749998 0.3731189296875 0.2144479046875 0.36047205312499997 0.20072614687499998 0.35093247031249997 0.1855246078125 0.3415559203125 0.197103546875 0.3218700953125 0.2015083078125 0.3142757609375 0.20731687187499998 0.313750596875 0.21961723593750002 0.3137865234375 0.2247673421875
0 0.5630502875000001 0.5563356828125 0.56323054375 0.550814353125 0.5574378890625 0.5521728578125 0.5630502875000001 0.5563356828125
0 0.5107915109375 0.321823271875 0.5102469828125 0.3114143296875 0.506175225 0.3210092953125 0.5107915109375 0.321823271875
0 0.503194403125 0.36490861093750004 0.505091803125 0.340650809375 0.4988494421875 0.3625558734375 0.503194403125 0.36490861093750004
0 0.499393971875 0.37296481406250004 0.496318325 0.3859086296875 0.5006632859375 0.38826136718750004 0.5053687625000001 0.3795714453125 0.499393971875 0.37296481406250004
0 0.49288404375 0.4233815703125 0.49975824375 0.3888950859375 0.4931516125 0.3948698765625 0.49288404375 0.4233815703125
0 0 0.8227340062499999 0.008241596875 0.8234268796875 0.007425742187499999 0.8145567015624999 0 0.8126502734375001 0 0.8227340062499999