0 0.765233621875 0.24431565625 0.7589052406250001 0.2270490359375 0.749326753125 0.2014368640625 0.76278709375 0.1661629328125 0.7238265046875 0.17057560624999998 0.758959715625 0.1453311625 0.7697284078125 0.13707979374999998 0.703920140625 0.1355791375 0.6833234171875 0.1483202140625 0.6725892328125 0.1317827265625 0.6687014109375 0.10756702656249999 0.6720305703125 0.09377900624999999 0.6247580578124999 0.072882940625 0.5738054671875 0.038235632812499996 0.549791246875 0.0386639421875 0.5214401515625 0.0149050921875 0.5089590187499999 0.009936757812499999 0.42497295625 0.0776999078125 0.387496346875 0.116841040625 0.3578458859375 0.1602464546875 0.3160005453125 0.17828815 0.2989231234375 0.2077133 0.300499009375 0.21295561406250002 0.3313689171875 0.2074371015625 0.3860483109375 0.2284226484375 0.395796590625 0.2970107984375 0.36343259375 0.3193938390625 0.3311163640625 0.3518031046875 0.3215222625 0.3731541859375 0.33813110156250004 0.3807173703125 0.3629916046875 0.41016426250000004 0.3741138125 0.4219745640625 0.449081878125 0.45577611874999996 0.5004358453125 0.48970708281249997 0.5295900984374999 0.511701096875 0.5660949734375 0.53133310625 0.5846227078124999 0.52447359375 0.571496009375 0.501197621875 0.5772405328125 0.48644273125000004 0.5874624796875 0.47305351562500003 0.5943924640625 0.45969343125 0.6138599421875 0.440618028125 0.6492680046875 0.4343138296875 0.66318980625 0.42337418125 0.684557528125 0.41054956249999996 0.70845411875 0.4009556328125 0.737149975 0.3859109921875 0.7510588046875 0.37100801875 0.7661746109375 0.35055205625 0.781306684375 0.324949334375 0.7911430875 0.3403432359375 0.809427503125 0.36279718125 0.842293596875 0.356031840625 0.8322428343749999 0.335179390625 0.80567179375 0.293289846875 0.7880686 0.263478446875 0.765233621875 0.24431565625
0 0.6445653546875 0.5500436234375 0.6703570515624999 0.5305919765625 0.6272154828125001 0.5381597578124999 0.588721925 0.5462359078125 0.5793203140625 0.5594797875 0.5861148828125 0.573842965625 0.6106113125 0.5643472046875 0.6445653546875 0.5500436234375
0 0.05638498125 0.10464838750000001 0.054735735937499995 0.11880689062500001 0.071658096875 0.11724901406249999 0.08530563125 0.1039957890625 0.086757890625 0.09086126562499999 0.085337634375 0.076795603125 0.060968021875 0.07571220625 0.057472445312499995 0.0977824109375 0.05638498125 0.10464838750000001
0 0.7823919578125 0.42961553593749996 0.780020490625 0.43901496562500003 0.7621741281250001 0.4478950078125 0.740344646875 0.4586009953125 0.7509239187500001 0.47838389374999996 0.7671615453125 0.4777632515625 0.790017246875 0.4725937765625 0.8058626921875 0.46313263125 0.8114486703124999 0.4468117828125 0.8120057046875001 0.43619319062499995 0.8083780062500001 0.41397085 0.7944166890625 0.4023768890625 0.7884529031249999 0.41768712968750005 0.7823919578125 0.42961553593749996
0 0.783889015625 0.4932472 0.7642558734375 0.505767546875 0.7667373328125 0.5116547765624999 0.796944140625 0.5444226515625 0.8057383093749999 0.5223389765625 0.8107414390625 0.5064019890625 0.82427278125 0.49049637187500006 0.8402097625 0.471368025 0.8398077328125 0.4652865109375 0.8338888984375 0.45707038437499997 0.815921828125 0.45659448124999996 0.8037202000000001 0.467290853125 0.7942385546875 0.48058059062499997 0.783889015625 0.4932472
0 0.7563817921875 0.8456499734375 0.7472802828125 0.8356942374999999 0.7243860640625 0.8135194718750001 0.7003974671875 0.800951153125 0.67884761875 0.7940703 0.6845127984375 0.8039278921875 0.6947789249999999 0.8206538562500001 0.6882118640625 0.8309834015625001 0.6679484312499999 0.818047996875 0.6438809765625 0.8324762781249999 0.651119 0.84102315625 0.658168825 0.84461553125 0.663959365625 0.8571475375000001 0.6724538171875001 0.866810959375 0.693801103125 0.86224576875 0.7088220187500001 0.8661308890624999 0.6787735921875 0.8735244312500001 0.6752292171875001 0.8833076046875 0.6897847078125 0.8905408250000001 0.8123666578125001 0.8451786953125 0.7772460640625 0.839929371875 0.7563817921875 0.8456499734375
0 0.8958204671875001 0.3944121890625 0.8745459875 0.3929742359375 0.8620834765625001 0.41976070625000006 0.851579040625 0.43818965312499997 0.8434138234375 0.46047735625 0.9672634625000001 0.40728115000000004 0.9326634203124999 0.40401897187499997 0.8958204671875001 0.3944121890625
0 0.619770990625 1 0.6221993359375 0.9955278953125 0.6358897515625 0.9904539546875 0.6377747140625 0.9851649625000001 0.597631503125 0.9830908953125 0.5907796125 0.977509684375 0.568949715625 0.9571250171875001 0.5730848734375 0.9405553984375 0.5908662 0.9195407859375001 0.564738975 0.9329704921875001 0.548693296875 0.9407293578125 0.5227657203125 0.9513004125 0.48465675781249995 0.96199236875 0.453227196875 0.96847741875 0.44573034843750003 0.9698449265625 0.48110708750000003 0.9495352718750001 0.500615975 0.9389980281250001 0.501238709375 0.9297724890625 0.454076340625 0.9221445062500001 0.44947503749999995 0.916536915625 0.4386868921875 0.9107578140625 0.45022086093749997 0.9261310828125 0.438954678125 0.9424476734375 0.4121242828125 0.94354681875 0.38139659375 0.9324359687499999 0.350300503125 0.9176282234375 0.3320300484375 0.9239320796875001 0.329960728125 0.9384954796875 0.3481413890625 0.9433160984375 0.3817984234375 0.9574663703124999 0.4292614203125 0.995028671875 0.46064914999999995 1 0.5757451812500001 1 0.57131946875 0.9960293921875 0.5613157015625 0.9859671390625 0.5510457140625 0.9729012578124999 0.5548681515625 0.9731285796875 0.5742744421875 0.9877601578125 0.5924644046875 1 0.619770990625 1
0 0.678600525 0.939590428125 0.6805300359374999 0.9480036625 0.6843995375 0.947314565625 0.698705853125 0.9493589859375 0.7114200921875 0.9497891656249999 0.715818109375 0.9437655046875 0.70056450625 0.9401409421875 0.6811507031249999 0.9376625031250001 0.678600525 0.939590428125
0 0.3776789515625 0.8536389671875 0.3632691640625 0.849690859375 0.350166709375 0.8506530296875001 0.35618445625 0.8575654546875 0.3631273875 0.8613133359375 0.36731455 0.86646933125 0.36828826875 0.8814166171875 0.3898405078125 0.8780244921874999 0.3933075546875 0.8743529046875 0.3915450078125 0.8645059500000001 0.3776789515625 0.8536389671875
0 0.26319930625 0.9463388828125 0.26555950781250004 0.9407961078125 0.2411368140625 0.9447223328125001 0.24240042968750003 0.950517921875 0.25473352656250003 0.9543633375 0.26319930625 0.9463388828125
0 0.262009915625 0.6012147078125001 0.2549567703125 0.60287713125 0.2593505484375 0.6091257765625 0.266085465625 0.6140271937499999 0.273710878125 0.62359410625 0.27742320625 0.6242469421875 0.2825844421875 0.6220143499999999 0.279079653125 0.613718634375 0.2729647875 0.608777790625 0.262009915625 0.6012147078125001
0 0.683314715625 0.43636516406250003 0.74245214375 0.4851876953125 0.7510376140624999 0.4728317609375 0.747185571875 0.46435132343749996 0.7237343093749999 0.446013215625 0.7129715156249999 0.43579910312500003 0.683314715625 0.43636516406250003
0 0.874270471875 0.4665589609375 0.8574546671875 0.465945840625 0.8565119125 0.47715195312500003 0.8606702468749999 0.4889223734375 0.86634765625 0.4954565875 0.8537502375000001 0.5057153453125001 0.8525303453124999 0.5116095796875 0.8740832609375 0.5023800671875 0.8785159 0.4937706125 0.869950253125 0.476366375 0.874270471875 0.4665589609375
0 0.9802064093749999 0.459134903125 0.982007734375 0.453445078125 0.976849346875 0.44291473281249993 0.9712848703124999 0.438883690625 0.959583284375 0.43651461718749995 0.958512634375 0.4445729046875 0.96178484375 0.45069136875 0.9609583765625 0.46061393125 0.965420084375 0.46222865156250004 0.9723288359375 0.46151785468749995 0.9802064093749999 0.459134903125
0 0.8930957421875 0.5712569515625 0.8763749875 0.5774250000000001 0.8559100515625 0.57870654375 0.8328483171875 0.5768067546875 0.8340012296875001 0.5926003046874999 0.8124198078125 0.5955274515625 0.7975241796875 0.6004199984375 0.7784838703125 0.604752590625 0.7644056703125 0.6053830375 0.7637631328125 0.6140644046875 0.7601243140625 0.618860465625 0.7470316140625 0.6235465718750001 0.74367295625 0.6290308703124999 0.746794475 0.6326148703125 0.75548586875 0.6318257265625 0.8034289390625 0.61548701875 0.8455794046875 0.597057025 0.924153490625 0.5694067359375 0.9080230546875001 0.5656749359375 0.8930957421875 0.5712569515625
0 0.9218470015625 0.892854665625 0.9145600343750001 0.9061613734374999 0.9269404421875 0.90262645 0.938044896875 0.8985477281250001 0.9445289390625 0.8895813515625 0.9375704390624999 0.8903665328124999 0.9218470015625 0.892854665625