0 0.5670918953124999 0.606515903125 0.5657914203125001 0.6109900515625 0.56707088125 0.6116669828125 0.5729491703125 0.6107359546875 0.59180295625 0.5987088109375 0.59745095 0.6037150296875 0.6037687359375 0.6066076359375 0.6178798359375001 0.6111514265625 0.6260564203125 0.610987496875 0.6306847203125 0.6084968703125 0.6281385234375 0.608272103125 0.6260124312500001 0.60647475625 0.6238903609374999 0.6015365484374999 0.625959984375 0.5976936 0.6254943484375 0.594753684375 0.620106978125 0.5903342312500001 0.6225924375 0.5880580203125 0.6274145703125 0.5867912015625001 0.630918621875 0.5846036140625 0.6283766921875 0.5812395296874999 0.6203875140624999 0.57836169375 0.601492903125 0.57532855625 0.598569734375 0.5737824296875 0.5934371781250001 0.57308930625 0.59053588125 0.573798778125 0.589607253125 0.5753269234375 0.5972971874999999 0.5773741578125 0.5986483203125 0.5816798671875001 0.58986316875 0.586461475 0.5753339265624999 0.5983051640625 0.5670918953124999 0.606515903125
0 0 0.5393508515625001 0.0017910640625000002 0.5506591843749999 0.0120758921875 0.546896140625 0.0228218453125 0.5492107875000001 0.029692831250000003 0.54925364375 0.036539910937499996 0.5470380609375 0.04578403125 0.5409292515625 0.0474114328125 0.536401740625 0.05157279687500001 0.5309729859375001 0.0526789515625 0.52527194375 0.0612425875 0.5201504921875 0.0599841421875 0.5143224796875 0.0542112640625 0.5148603031250001 0.0501969 0.51700215625 0.043338640625 0.5180883984375 0.0286727984375 0.5163946015625 0.022794509375 0.5173256296875001 0.007320410937500001 0.5147537109375 0 0.5172637 0 0.5393508515625001
0 0.27581981718750004 0.4089485125 0.275333165625 0.4111596765625 0.282081746875 0.413605959375 0.2771946109375 0.41551111875 0.272628590625 0.42050247812499997 0.26728094375 0.4237350828125 0.28470917500000004 0.429136140625 0.2890725828125 0.42919806562499996 0.2991963890625 0.42759461249999997 0.30979720781250003 0.4226504078125 0.314369896875 0.42192616562499996 0.330380446875 0.4236600984375 0.34175732812500004 0.423615753125 0.34777989374999996 0.42253689687499996 0.35704742968750003 0.4186834421875 0.3615189734375 0.4152130875 0.36747628906249996 0.414771028125 0.37203223125 0.4160585484375 0.379700046875 0.415848640625 0.3889229078125 0.4148893703125 0.39754728125 0.41226889531250005 0.39949604375000003 0.41082912812499994 0.3965206734375 0.40050338906249994 0.39147808125 0.401427034375 0.390487171875 0.400454446875 0.3964708734375 0.3991302109375 0.40289142499999997 0.3942216328125 0.39592083906250003 0.39143242031250003 0.389965065625 0.3918742359375 0.384489890625 0.3932429046875 0.3433526859375 0.3977508703125 0.33101924843749997 0.40020578125000006 0.3171071078125 0.4011531578125 0.308442571875 0.40353004062500003 0.2809693640625 0.40763141718749996 0.27581981718750004 0.4089485125
0 0.509676975 0.397271428125 0.512522415625 0.398326796875 0.5165754 0.396428778125 0.54662924375 0.39850285625000004 0.5222268031249999 0.390889 0.518028440625 0.3855266234375 0.5116611 0.3812623828125 0.508898953125 0.377556665625 0.5024978734375 0.37731440781250003 0.4758494265625 0.38028059999999997 0.47241192187500003 0.381829603125 0.450153440625 0.398789146875 0.45208118906249994 0.402500459375 0.4547051140625 0.40321598437499995 0.460529334375 0.40405109531249994 0.46775363125 0.4031584125 0.47685587656250006 0.40460386562500006 0.4789753 0.4021340953125 0.49043974375 0.3963000859375 0.509676975 0.397271428125
0 0.5672181109375 0.36844479531249996 0.5707400125000001 0.37165366718750004 0.572640321875 0.37625048906249997 0.5781373703125 0.3771374171875 0.5893979046875 0.3763584796875 0.59422540625 0.379360565625 0.5959635890625 0.378708753125 0.5958959390625 0.371939115625 0.6029152234375 0.36869328281249997 0.624383715625 0.3710672234375 0.6274745765625 0.37472087656249997 0.625758509375 0.3776298296875 0.6196028484375 0.37998585625 0.62116480625 0.383505153125 0.626323746875 0.3833161015625 0.640126209375 0.3859012484375 0.6489164859375001 0.385387003125 0.6584169625 0.383004278125 0.6625628781249999 0.3795854984375 0.6696538359375 0.3799684421875 0.6735518500000001 0.3770919953125 0.6834815796875 0.374263190625 0.687821571875 0.3720697625 0.6978683343750001 0.3625686265625 0.7003037484375 0.3589176953125 0.69444493125 0.3546978890625 0.6840538328125 0.351447459375 0.681711546875 0.34616761875 0.6749850828125 0.3459784796875 0.64187994375 0.350468796875 0.6325639062499999 0.3529472859375 0.628328028125 0.354749296875 0.628240465625 0.3605389625 0.6238354687500001 0.36337073124999997 0.6165723078124999 0.364018034375 0.6101661015625 0.359508415625 0.60368908125 0.3587766984375 0.5706446781250001 0.36576799375 0.5672181109375 0.36844479531249996
0 0.8247170796875001 0.3400921390625 0.832384653125 0.3398806875 0.8373066296875 0.3413617671875 0.8425709828124999 0.3407795109375 0.8397684296874999 0.336828659375 0.8517016749999999 0.323387025 0.8517338703125 0.31936528750000004 0.8427881359375 0.3188980171875 0.8296453874999999 0.3204781375 0.7723669390625 0.3319357734375 0.7805542171875001 0.33289810000000003 0.7799632562500001 0.3429106921875 0.7950728609375 0.3452888078125 0.8017370453125 0.342977215625 0.8058619468750001 0.3447095171875 0.8069694484375001 0.3464182390625 0.8174329046875 0.345890521875 0.8223202859375001 0.34398690625 0.8227292078125 0.341284984375 0.8247170796875001 0.3400921390625
0 0.95174611875 0.3183844109375 0.9676758109374999 0.3146037234375 0.9761873640625 0.31030207656250003 0.9751627171875 0.3038327171875 0.973107440625 0.2982574671875 0.9523202906250001 0.30230285 0.9430822265625001 0.3052736390625 0.9275761765625001 0.3067250015625 0.922178728125 0.308584428125 0.9405073171874999 0.31109024375 0.955032090625 0.3109744546875 0.95174611875 0.3183844109375
0 0.6490710843749999 0.553066290625 0.6457058984375 0.5621435406249999 0.6479627296875 0.5662346125 0.659382915625 0.5641663890624999 0.65831323125 0.55251844375 0.6490710843749999 0.553066290625
0 0.5113230234375 0.42003955625 0.514386759375 0.41979635000000004 0.522404128125 0.4167293984375 0.5309844531250001 0.4094759625 0.52764225 0.40901974374999994 0.5236359390625 0.40965428125000003 0.52060783125 0.4105119796875 0.5146384296875001 0.414902984375 0.5113230234375 0.42003955625
0 0.479402553125 0.40515128125000005 0.4789865890625 0.40621064375 0.48244708750000004 0.40824275937500004 0.48797352343749995 0.410963290625 0.4922573625 0.41178134687499995 0.5027662625 0.4131985921875 0.5067451171874999 0.41001351093749994 0.5021197109375 0.40886671406249997 0.49420186718750003 0.40720835937500005 0.48451379531249994 0.40527035937500006 0.479402553125 0.40515128125000005
0 0.44193744687500003 0.3955280109375 0.4372308875 0.3953970421875 0.43783977968750004 0.39809279218750004 0.441592034375 0.40092821875 0.4508796484375 0.40305462031249994 0.4510117078125 0.40165105624999997 0.4494148703125 0.396533159375 0.44193744687500003 0.3955280109375
0 0.5858797625000001 0.408052165625 0.58356449375 0.4081467671875 0.5850341140624999 0.4112029328125 0.588341528125 0.419090459375 0.5920179531249999 0.42030846093749996 0.5950566078125 0.413814090625 0.5930462359375 0.411269125 0.5858797625000001 0.408052165625
0 0.58064444375 0.4010569015625 0.5796489796875 0.396669546875 0.5783080671875 0.395904265625 0.568082734375 0.393790334375 0.561690425 0.39303412656250003 0.5568911703125 0.3927074359375 0.5550231640625001 0.395026646875 0.5727746234375 0.39841327656250003 0.5736147484375 0.40002197031250003 0.5657411531250001 0.40341734999999995 0.5527743984375 0.4054394421875 0.5529825984375 0.4069836984375 0.563673475 0.406064015625 0.576989909375 0.40298356562500004 0.58064444375 0.4010569015625
0 0.5120230234375 0.3799916828125 0.5133930140625 0.38126017343749996 0.5207190140625 0.37833278125 0.533446528125 0.378995228125 0.5388423109375 0.3796023671875 0.5410295765625001 0.3761426078125 0.5239119796875 0.3733121046875 0.5176254546875 0.3744723171875 0.517493975 0.3769183125 0.5120230234375 0.3799916828125