0 0.30997041406250003 0.7293053281249999 0.312749253125 0.7248349968750001 0.3114422203125 0.7187841609375 0.3103271359375 0.71035279375 0.3075553421875 0.7078967640625 0.30420800468750003 0.7073665984375 0.2998666375 0.7121336484375 0.2984739453125 0.7150137421875 0.2945129453125 0.72155431875 0.2962169875 0.7254880703125 0.29806202656249997 0.7267437203125 0.303288359375 0.7292040906249999 0.30997041406250003 0.7293053281249999
0 0.173560803125 0.5387434671875 0.16148015468750002 0.5368000234375 0.1564576671875 0.5362987875 0.1508458015625 0.5335258203125 0.142063996875 0.5317694828125 0.14161803281250002 0.5339958796875 0.1278443484375 0.5317747921875 0.1022962609375 0.5269152375 0.0662014484375 0.5227328984375 0.0520856390625 0.5201349 0.03532426875 0.5188185125 0.0197070140625 0.5263794609375 0.0324774625 0.5276633187499999 0.0602978484375 0.536015084375 0.07385479218749999 0.5403137828125 0.089670559375 0.5426463171875 0.1036417203125 0.5448591328125 0.1197802875 0.5477205515625 0.13879564687499998 0.5519156078125 0.15645945 0.558071815625 0.1677283328125 0.56109531875 0.18759295 0.5625852359375 0.208807534375 0.56357233125 0.2341743953125 0.57064484375 0.25827880312499996 0.568468496875 0.26224358125 0.5710233046875001 0.2721304703125 0.578507409375 0.276325784375 0.5808851625 0.28341530625 0.5850359359375 0.2924039859375 0.5888721171875 0.2999336875 0.5920216093749999 0.3073362625 0.5961934906249999 0.31254205 0.6003417390625 0.323333725 0.604170821875 0.3312968390625 0.6068811453125 0.3392500984375 0.6091343 0.35237815 0.61478251875 0.3594360890625 0.61839358125 0.363461753125 0.6208536203125 0.3786464765625 0.6254923953125 0.3922317671875 0.6263959156250001 0.40263857343750004 0.6276708453125 0.42153037031249996 0.62950975 0.42538364375000004 0.6292926750000001 0.44169593437500004 0.6318762875 0.448226184375 0.63245655 0.4575159984375 0.6323538453124999 0.465839878125 0.6304291671875 0.4799369609375 0.6302288453125 0.4837318453125 0.6308298953125 0.500705940625 0.6326909546875 0.510133021875 0.6304031328125 0.5211016609375 0.6280209265625001 0.52976293125 0.62652303125 0.537431028125 0.6244438640625 0.5447414359375 0.62311485 0.547884290625 0.622848534375 0.5425943 0.6138682484375 0.549910309375 0.6108458265625 0.5528700140625 0.6103575015625 0.5323097984375 0.596329403125 0.5040357578125 0.5904923171875 0.47382838125 0.5840769203125 0.4566034515625 0.5822014453125 0.439165503125 0.5771662453124999 0.41915609375 0.5766104921874999 0.3542245671875 0.56571886875 0.339110796875 0.5633788703125 0.2911161953125 0.557000140625 0.277017484375 0.553974553125 0.270625465625 0.5517424531249999 0.2665878453125 0.55356293125 0.249219215625 0.551356209375 0.2298880734375 0.5477565859375 0.22601408906249998 0.5462665921875 0.2137566046875 0.5466981625 0.19637514843749998 0.54226515 0.19622751562500002 0.540810078125 0.18776854999999998 0.5372950921874999 0.173560803125 0.5387434671875
0 0.8204787265625001 0.6631155796875 0.8284569484375 0.6687169859375001 0.8329189328125001 0.6678828484375 0.8414102140624999 0.6658201578125 0.8549800734374999 0.6697776125 0.8585521140625 0.6697580359375 0.8646492578125 0.6703060875 0.8807960828124999 0.6713574515625 0.8887529625000001 0.6770836171875 0.8934310812499999 0.6752744125000001 0.9023547265625 0.6775135703124999 0.916234565625 0.6794240015625 0.9336552593749999 0.681811403125 0.93875574375 0.682619240625 0.956682990625 0.6850046109375 0.9761527875 0.6872593671875 0.9796489640624999 0.6678422328125 0.65510785625 0.6155050234375 0.6452289859375 0.6174191312499999 0.636461390625 0.62162593125 0.634051640625 0.6242753328124999 0.6416605234375 0.62797365625 0.6577053187499999 0.6348131328125 0.6671928546875 0.6377569921874999 0.679180665625 0.64274369375 0.689257590625 0.6467506546874999 0.6928966046875 0.6473270171875 0.697968403125 0.6464581609375 0.7025565328125001 0.6449574265625 0.7084554187500001 0.644429971875 0.7116527859375 0.6439792890625 0.716884175 0.6438507640625 0.7247578531250001 0.6440094328125 0.7226304875 0.6491508765625 0.732965 0.6487248046875 0.7465108359375 0.6480495890625 0.75960204375 0.649036215625 0.7719890781250001 0.6503336984375 0.794759996875 0.6563369515625 0.8133825515625001 0.659286475 0.8204787265625001 0.6631155796875
0 0.6924312265625 0.5295178515625001 0.697775109375 0.5290686015625 0.698141459375 0.5251574453125001 0.696280703125 0.5221132546875 0.6921844625 0.523704553125 0.6919357140625 0.528850875 0.6924312265625 0.5295178515625001
0 0.685163428125 0.593493565625 0.6811717703125 0.5943246765625 0.6787111390625 0.5965262296875 0.678617934375 0.6035670843750001 0.6796937734374999 0.6082809171875 0.6750363609375001 0.6186091828125 0.6829291109375 0.6172790671875 0.685163428125 0.593493565625
0 0.748382490625 0.862235615625 0.7573509375 0.8630232875000001 0.7640569703125 0.8607158078125 0.7667197078125 0.854591325 0.7518479234375001 0.8571858703125 0.748382490625 0.862235615625
0 0.7234417953125 0.8700616328124999 0.7292860984375 0.869868821875 0.730621325 0.8665524937500001 0.7299022484375 0.862183084375 0.727077875 0.8611377609374999 0.7256428859375 0.8614182953125 0.7205839953125001 0.8657015187500001 0.720712396875 0.8703443921874999 0.7234417953125 0.8700616328124999
0 0.70780829375 0.7348038921875 0.6981378625 0.733993628125 0.6993118328125 0.7363199812500001 0.6992281265625 0.743200978125 0.6982556609375 0.7451857875 0.6944215671875 0.7509950234375 0.6944528531249999 0.75624106875 0.6946814875 0.7653151140625 0.6954037546875 0.7766061750000001 0.6951317421875001 0.7824986703125 0.69243115 0.7933868171875 0.6909304234375 0.7965994171874999 0.7019405937500001 0.79672173125 0.7085110734375 0.7972577421875 0.7105697078125 0.7934991328125001 0.710194846875 0.790402365625 0.7024191140625 0.7938502984375 0.700407971875 0.791206259375 0.70205005 0.782017190625 0.70349843125 0.76595065 0.703786290625 0.7491608453125 0.70780829375 0.7348038921875
0 0.7398351328125 0.793456415625 0.73872834375 0.796908590625 0.7366243359375 0.8004242984375001 0.7355791140625 0.8040570765625 0.73864338125 0.803697634375 0.7420305015625 0.800021296875 0.744412965625 0.7949772078125 0.7398351328125 0.793456415625
0 0.7257353015625 0.78869996875 0.72476725625 0.7923149140625 0.7237688046875 0.7954725984375 0.7269292640625 0.7962737421875 0.7305776796875 0.7945134328125001 0.7316654625 0.7920802046875 0.7311782890625 0.7897724562499999 0.7257353015625 0.78869996875
0 0.7151902390625 0.737947384375 0.716345559375 0.7390131125 0.7220423203124999 0.7417694671875 0.7244208734375001 0.7377688640625 0.7113802515625001 0.7346150312499999 0.7151902390625 0.737947384375
0 0.686120778125 0.8717234875000001 0.683490434375 0.877883159375 0.688827928125 0.8768649671875 0.690272978125 0.869299440625 0.686120778125 0.8717234875000001
0 0.71041253125 0.9094457921875 0.7115702828125 0.9045731640625 0.7108487171875 0.8992905609375 0.7104311625 0.8901707734375 0.7058817640624999 0.8910274499999999 0.7036015109375 0.8987422859375 0.70207624375 0.9038477874999999 0.7034074 0.9058209453125 0.71041253125 0.9094457921875
0 0.2881252265625 0.6253060203125 0.29128132500000004 0.6263943921874999 0.2948866078125 0.6266743296875 0.29776232812500003 0.6254877078125001 0.2806509546875 0.615464053125 0.2881252265625 0.6253060203125
0 0.2683032609375 0.225436815625 0.2699550140625 0.22183998749999997 0.2709457875 0.21894053125 0.27075646249999996 0.214642371875 0.2673763453125 0.2119919109375 0.264679503125 0.21061084062500002 0.2613493890625 0.20820401406250003 0.2583917265625 0.2084996609375 0.25526135625 0.20830759843750002 0.250272703125 0.210439384375 0.2478280078125 0.21362903281249998 0.2471502890625 0.2180777859375 0.24786791875 0.22258617812499998 0.24854353437499999 0.2257717125 0.25158891875 0.224472746875 0.24334566249999998 0.24858159999999999 0.24297035937499997 0.252019909375 0.24373364843749998 0.2546419078125 0.245909640625 0.256704578125 0.2480190796875 0.2579688828125 0.25064725781249997 0.2583851453125 0.251723946875 0.2584291171875 0.2541117421875 0.256337840625 0.26081880625 0.234866459375 0.2643839 0.2325534984375 0.2660611765625 0.23062336874999997 0.26766863750000003 0.22860466562499998 0.2683032609375 0.225436815625
0 1 0.28501936875 0.99439145625 0.2817876828125 0.9876114859375 0.28209490625 0.9841443249999999 0.28209154375 0.98143589375 0.2820121875 0.9597591546875 0.278888996875 0.94244489375 0.2767984609375 0.93551648125 0.274626946875 0.9272992296875 0.27423035156250003 0.916144525 0.2729730171875 0.8287167656250001 0.25920808281249996 0.82544020625 0.257262184375 0.81794331875 0.256842053125 0.814715028125 0.2579174640625 0.7725116015625 0.250332953125 0.7701462703125 0.24756795468749998 0.768258103125 0.2474935390625 0.7646472703125 0.24811761406250002 0.7602800046875 0.2489430234375 0.758083371875 0.24791960624999998 0.7567240187500001 0.24579485937499998 0.7445204375000001 0.24459762187499998 0.73040905 0.242770746875 0.7230168406249999 0.24274845156249997 0.717462809375 0.24099869218749997 0.7118557937500001 0.23946360000000003 0.706159096875 0.238784390625 0.6984885671875001 0.23779255625 0.69187035625 0.23684874531250003 0.686684240625 0.2369211625 0.68257083125 0.2372125203125 0.676086040625 0.23618542968749998 0.6698947796875 0.234383784375 0.6617879421875 0.2325809 0.656006771875 0.23069708281249998 0.64995321875 0.2310624078125 0.6439274625 0.23105246250000003 0.6328175125 0.22929281875 0.621784646875 0.22702649687499998 0.6130635718749999 0.226015396875 0.604659978125 0.2249375140625 0.59687215 0.222079353125 0.5918251859375 0.2226515671875 0.5804806640625 0.2194863609375 0.5622786828125 0.21797660625 0.5026105890625 0.2095907796875 0.49610569218749995 0.2091600734375 0.491641703125 0.2068805625 0.48598711562499997 0.20715404531249998 0.47871677031250004 0.2059028703125 0.47448785156250006 0.20585479218749997 0.4613162296875 0.2029886984375 0.44927068437499995 0.20170258749999997 0.44110760468750004 0.20098394062499997 0.4329557765625 0.197457484375 0.42899848125 0.19828138281250002 0.4229281859375 0.1983229171875 0.41956914999999995 0.197966496875 0.4158925703125 0.1976373 0.413053809375 0.1962733015625 0.4108276046875 0.1955964 0.4063643578125 0.19566940625 0.40336863125000005 0.1958957453125 0.39874617031250004 0.1954657765625 0.39430970468750004 0.19338204375 0.3909740625 0.19302774843749998 0.38744835312500003 0.1926449296875 0.38500536875 0.1922579984375 0.3799111796875 0.18949267187500002 0.3756092109375 0.1905150953125 0.37052855 0.19038115625000002 0.366602484375 0.1901089453125 0.36376218437499996 0.1889044828125 0.3556237 0.186522328125 0.3505037625 0.1866463578125 0.3477476203125 0.18832651250000002 0.3443708453125 0.18599455781250002 0.3415474390625 0.1836047078125 0.33964446718749997 0.1840832203125 0.3357123875 0.1855170109375 0.332855421875 0.1879136515625 0.3316593984375 0.1899215859375 0.33300435 0.185804734375 0.32983070937500003 0.1826696703125 0.3277673828125 0.1853691921875 0.3262047953125 0.184767340625 0.3238336765625 0.1840864703125 0.306104809375 0.1797993453125 0.2930097578125 0.1790367515625 0.28162205 0.179719984375 0.27826388125 0.1787388203125 0.275443171875 0.18005755 0.2736349921875 0.1764616671875 0.268451828125 0.1751171 0.26307453125 0.1771556921875 0.25877547500000003 0.1759922859375 0.24875891249999998 0.1762187625 0.23408522187499997 0.1735972671875 0.22311905312500002 0.1713193609375 0.219488440625 0.1696511828125 0.2148006921875 0.168324965625 0.208689734375 0.1662560296875 0.20734754843749997 0.169346615625 0.20429125468749998 0.1691662859375 0.18642693906250002 0.16461566562500002 0.1812713671875 0.1631568203125 0.17696701718750002 0.1603188453125 0.170663065625 0.1594184796875 0.1697575328125 0.16208939375 0.1142609640625 0.15265573593749998 0.11095788124999999 0.15028799375 0.1037965796875 0.14828841406249998 0.0942591671875 0.14823641875 0.0905237359375 0.14612134062499998 0.0876369421875 0.1454901 0.08317666093750001 0.1470126671875 0.050593484375 0.1412144609375 0.0474889921875 0.1608154453125 0.055165314062500005 0.16430772031250002 0.07490226875 0.1693004796875 0.090337696875 0.17778994374999998 0.11520530312499999 0.18471852187499999 0.1299493953125 0.188583528125 0.14052504375 0.19384646875 0.1601973828125 0.198917584375 0.174245271875 0.1974597109375 0.19699104375 0.1965900390625 0.2040062828125 0.198443090625 0.2091480328125 0.19908028125 0.23432632187500002 0.206054903125 0.2385394546875 0.207521096875 0.24367726875 0.21333705625000002 0.2456085171875 0.218113603125 0.23871925468750002 0.22155797812500003 0.235804175 0.22283328593750001 0.23573835937499998 0.2281430484375 0.241916315625 0.229569240625 0.2444175875 0.22629205312499998 0.24608123437499999 0.21888454375 0.2490106703125 0.21442224531249998 0.255003540625 0.2093061234375 0.2615553046875 0.20991035937500002 0.2657189 0.21084032656249999 0.2687377640625 0.214213484375 0.2717407078125 0.2211530609375 0.26837964375 0.22793103593750003 0.2692491984375 0.2308609484375 0.27232508125 0.22608330156249998 0.27327709843750003 0.219972621875 0.275866634375 0.2114936375 0.2770118890625 0.210165821875 0.28828885312499997 0.2146365328125 0.2914710625 0.21514054374999997 0.3208395296875 0.21841256874999998 0.3364356859375 0.2184560046875 0.3432121546875 0.2195292921875 0.3589882828125 0.22627717500000002 0.372928578125 0.22848510156250001 0.38921422968749997 0.2308873140625 0.384199875 0.234959278125 0.378589121875 0.2341070078125 0.37927878125 0.23986073281250003 0.38792101562500003 0.2414794796875 0.3907154078125 0.2389685171875 0.3925618609375 0.234032534375 0.395911378125 0.23238150000000002 0.39784576875 0.23500072656249998 0.40146490312500005 0.2350234125 0.4037445734375 0.233794590625 0.41045249687499996 0.23585999531250001 0.417461446875 0.236424321875 0.42456168125 0.23515377499999998 0.4275723078125 0.23349494375000002 0.42625384374999997 0.240830565625 0.4298784828125 0.24497359218749998 0.4308990453125 0.240417778125 0.43501315468749996 0.2335597453125 0.43571707968749995 0.2325812546875 0.44596357500000006 0.234968234375 0.455056240625 0.23707912968749997 0.4658886171875 0.23528756718750002 0.47572246875 0.232219396875 0.4816648921875 0.230847734375 0.48925084218750003 0.22711979062499998 0.49542520312500005 0.2204282890625 0.52298483125 0.2235245609375 0.613541225 0.23822164687499997 0.61963911875 0.24077259999999998 0.622966775 0.23930952187500001 0.6257045437500001 0.2403822609375 0.6512655953125 0.24497018750000002 0.6634010515625001 0.2518913015625 0.6770851546875 0.2511921078125 0.6823163734375 0.24903704375000002 0.686837178125 0.2469925203125 0.6910236484375 0.24798780625 0.694456009375 0.24975905312500002 0.6972786375 0.2502061140625 0.7598843 0.2597216359375 0.76652175 0.26273139218749997 0.7721672890625 0.26235522968749997 0.773276740625 0.2620025703125 0.788818396875 0.2640781234375 0.8821218890625 0.2796991390625 0.8934289468750001 0.28290112500000003 0.9008402796875 0.2906733890625 0.9237443890625 0.2940178703125 0.9443566109375 0.30392208125 1 0.311326771875 1 0.28501936875
0 0.35341154218750004 0.1695358890625 0.349766084375 0.1671423953125 0.3469440453125 0.165972465625 0.3446507671875 0.1654194078125 0.3451428296875 0.16973387812500002 0.35341154218750004 0.1695358890625
0 0.22248154062499997 0.032782765625 0.23113035625 0.0731641515625 0.2332693671875 0.074081940625 0.22276455 0.029208028125 0.22248154062499997 0.032782765625
0 0.7420595578125 0.1813480109375 0.7430946671875 0.1832426375 0.7451717234374999 0.184791315625 0.7459955703125 0.1830756328125 0.7477157875 0.1788267984375 0.7478724125 0.1755705859375 0.7454279640625 0.1728057125 0.74342529375 0.1743631625 0.7422828015625 0.177051915625 0.7420595578125 0.1813480109375
0 0.73282748125 0.20172181875 0.732744928125 0.2053393796875 0.7334200359375 0.20890767187499998 0.7321762890625 0.2142333625 0.730026853125 0.2196639765625 0.7339235359375 0.21342960781250003 0.7418759421875001 0.193833946875 0.7429096625 0.189794359375 0.734663403125 0.1962130734375 0.7333208250000001 0.199445975 0.73282748125 0.20172181875
0 0.956546765625 0.0807391015625 0.963115003125 0.07389799999999999 0.9591801109375 0.0708448578125 0.9512308781250001 0.0693453625 0.924222978125 0.060957756249999995 0.8860071546875 0.05490496406249999 0.863731696875 0.051376878125000004 0.8421352734375 0.047956340624999996 0.838119709375 0.0490083078125 0.8368450578125 0.0535602625 0.8371583046875 0.064906771875 0.8448234546875 0.06882915625 0.8490089062499999 0.0675335796875 0.9355173453125 0.0803508453125 0.9497432203124999 0.0836322875 0.956546765625 0.0807391015625
0 0.8208433484375 0.060592054687499994 0.8237589328125001 0.054349420312499994 0.820223978125 0.0534256828125 0.8167516359375 0.05287571875 0.811615559375 0.049376046875 0.80656635625 0.0461369234375 0.8022698671875 0.050480784375 0.8035660531250001 0.056620075000000006 0.8053818343750001 0.0619858125 0.8111875562499999 0.06331508125 0.8174416000000001 0.061564057812499996 0.8208433484375 0.060592054687499994
0 0.9618786546875 0.070876771875 0.9630936203125 0.07818809843749999 0.9717037812499999 0.078760825 0.9786101203124999 0.07510875156249999 0.9725209375 0.0686074015625 0.9618786546875 0.070876771875