0 0.2461821140625 0.7999708796875 0.24242325 0.7984321390625 0.23715735312500003 0.799014640625 0.2302386921875 0.8035749781250001 0.231742346875 0.8049282906249999 0.2181127390625 0.8184867328125 0.2106421109375 0.8260943718749999 0.215795675 0.8243431796875 0.2269021296875 0.816968071875 0.2294253984375 0.8174875546875 0.23330574531249998 0.818774503125 0.23751085624999999 0.82279113125 0.240329903125 0.82301065 0.243363153125 0.8233939890625 0.2490784578125 0.8098076484375 0.2461821140625 0.7999708796875
0 0.1726008953125 0.9621374328125001 0.1715956421875 0.9705830437499999 0.164648275 0.9774591953125 0.16369171875 0.9798697609374999 0.17493556875 0.97851604375 0.1966276625 0.956522184375 0.1980697921875 0.9571274750000001 0.176005921875 0.9803398078125 0.16492626875 0.9836291703125 0.15814257812500002 0.9850563812500001 0.15361810781250002 0.9804417265625001 0.14400995781249998 0.9827339296875 0.1606541625 0.99240394375 0.166158125 0.9975595343749999 0.17286705156249998 0.9981073968749999 0.18140996874999998 0.9924655921875001 0.1849008421875 0.9890461500000001 0.1867220921875 0.9832255203125 0.1917124265625 0.9803738125000001 0.193389109375 0.9882032281249999 0.1974726328125 0.9849398718750001 0.2049144953125 0.985640584375 0.1907373515625 0.9742873515625 0.190148953125 0.9714712890625 0.19225402187500001 0.9707487125 0.1939005109375 0.9711460375 0.1947057 0.9734231125000001 0.192951425 0.975082028125 0.2061592265625 0.9807845171875 0.21411300937500002 0.9769065906250001 0.2109182796875 0.9736458984375 0.2084319625 0.9685154296875 0.20854164062499997 0.96498290625 0.2138781078125 0.9606209578125 0.21268064375 0.9572954656249999 0.2022288078125 0.951544059375 0.1974231796875 0.950797571875 0.1726008953125 0.9621374328125001
0 0.5655238421875 0.8973006171875 0.5538057828125 0.9076960859375 0.557652359375 0.90205774375 0.562351475 0.895789215625 0.5662569640624999 0.8883254328125 0.5645226984375 0.8847669843749999 0.5552749859375 0.88743714375 0.5536726609375 0.8903850328124999 0.5351730171875 0.8828139281249999 0.5307595296875001 0.8915051015625 0.52900826875 0.8945414421875 0.52640484375 0.9074893671875 0.553260259375 0.9208322156250001 0.5575006499999999 0.9158924296875 0.55799286875 0.9105401593750001 0.5702619453125 0.8991889125 0.56829165625 0.8955286328125001 0.5655238421875 0.8973006171875
0 0.885008215625 0.8436602859375 0.9029257421875 0.8353804296874999 0.9162485796875 0.8387328640625 0.9180533125 0.83744246875 0.9201894828125001 0.8329609343750001 0.9239927781249999 0.8316039484375001 0.9255757499999999 0.829972165625 0.9260126015625 0.8263878218749999 0.9295481156250001 0.8201738671875001 0.914580971875 0.8130019453124999 0.9005812593750001 0.8100303984374999 0.9026161171875 0.820301025 0.885008215625 0.8436602859375
0 0.67638540625 0.5940273765625 0.676281853125 0.597119140625 0.6808771234375001 0.599454028125 0.6866245531249999 0.601082796875 0.696073965625 0.6036913875 0.7018687515625001 0.6012343203125 0.704967246875 0.5970654703125 0.7071986734375 0.5930355328125 0.7084114125000001 0.5885468046875 0.705914884375 0.5855093265625 0.7001510140625 0.5843261156249999 0.692355453125 0.5832400515625 0.6909057296875 0.5830662609374999 0.6896086546875 0.584795140625 0.6877852437499999 0.5877954484375 0.6822711171875 0.5887384078125 0.67638540625 0.5940273765625
0 0.714231884375 0.5995562015625 0.7089211953125 0.59836765625 0.7046853875 0.6023575296875 0.70466360625 0.6055660640625 0.7060517421875 0.607578375 0.7086204203124999 0.6086142984375 0.715778903125 0.6083648312500001 0.7203232953125001 0.6075817906250001 0.7214478125 0.6059719953125 0.7194310390624999 0.6029471234375 0.7165534250000001 0.6001804046875 0.714231884375 0.5995562015625
0 0.94605529375 0.4765548046875 0.9483953843749999 0.47621739218750003 0.9457111421875 0.4837408640625 0.9464857249999999 0.48503563281249995 0.9500502734375 0.4867158890625 0.95545818125 0.48957700624999995 0.9596517828125 0.48871664062500003 0.9657542078124999 0.48783237343749997 0.9678084703125001 0.48617973125 0.9682722796875 0.48393421718749996 0.9694251218750001 0.48244333125 0.96984191875 0.480580190625 0.971492265625 0.48021280937500005 0.9764529078124999 0.4784621140625 0.9724024874999999 0.4760314390625 0.97021996875 0.4746369421875 0.9622473453125 0.47308218125 0.9567092609375001 0.4709773015625 0.9488976796875 0.467133225 0.9406493578124999 0.46472673125 0.9332848671875 0.4601996171875 0.9250770390625 0.4656997578125 0.9229232390625001 0.46303829375000005 0.9193291562500001 0.4653366421875 0.91790431875 0.4698146671875 0.9218453453125001 0.4729729765625 0.9219794640625001 0.4746887453125 0.9076723609374999 0.47202374531249996 0.9187131078125 0.47826720937499995 0.9222632921875 0.479976634375 0.9204108203124999 0.47995680625 0.9164632546875 0.481811234375 0.9131427890625 0.48349989843749996 0.9113961187499999 0.48730435156249996 0.91406220625 0.48836597812500004 0.913186521875 0.492405828125 0.9155785484375001 0.4940044390625 0.9192840906249999 0.49444740625000005 0.9265249125 0.4937988953125 0.9330158687500001 0.4915621984375 0.941208759375 0.48285142812500004 0.94605529375 0.4765548046875
0 0.5895444328125 0.0816826078125 0.5970311749999999 0.081278321875 0.5867452875 0.0846950796875 0.5833877015625 0.0885964796875 0.6041813765625 0.086989471875 0.618203015625 0.075496696875 0.6016858578125001 0.089461859375 0.6106357453125 0.09097415625000001 0.6119129562500001 0.0872820265625 0.616308559375 0.0833222125 0.626722215625 0.0814213171875 0.6306186874999999 0.0785451140625 0.636535596875 0.0778579203125 0.640836725 0.0754191125 0.647142471875 0.0697756953125 0.64590614375 0.066204825 0.6373434140625001 0.0686351890625 0.6279115843749999 0.06473925 0.6096455875 0.062498784375000005 0.6005863703125 0.0720523296875 0.5993745078125 0.0773556359375 0.5850105625 0.07269369375 0.5829077828125 0.069025921875 0.5820982265625 0.0681495875 0.5826136640625 0.07246268125000001 0.5851944578125 0.07607214531249999 0.58345200625 0.079863275 0.5890942953125 0.07905030468749999 0.5895444328125 0.0816826078125
0 0.491478534375 0.09317435156250001 0.4876819078125 0.09879845468750001 0.48419904062499997 0.1057143796875 0.4737334890625 0.10831640000000001 0.47163123906250004 0.114260634375 0.48017663906249997 0.116365378125 0.48496718124999993 0.1103544671875 0.4909155875 0.110475421875 0.49698445625 0.11314484375 0.492745609375 0.11808438437499999 0.4940192578125 0.1219008796875 0.49679815156249996 0.12359483281250001 0.506044671875 0.124892459375 0.513058225 0.12716388750000002 0.517070965625 0.122644578125 0.52725168125 0.119272953125 0.5312881625 0.119388240625 0.542803509375 0.12233563125 0.5482507578125 0.12184938125 0.5487970437499999 0.114730971875 0.551791028125 0.11249919531250001 0.5528433578125 0.1085658359375 0.5580233140625 0.1032257046875 0.558404553125 0.1014077453125 0.5581329921875 0.0996931796875 0.5550655484375 0.09829488125 0.5493980828125 0.0984394984375 0.5446922984375 0.1004409109375 0.5434128390625 0.099763978125 0.5427767859375 0.097855609375 0.5462297375 0.09429663125 0.5484710765624999 0.08942034843749999 0.54496035625 0.08734081875000001 0.5375033625000001 0.0867643140625 0.5263540515625 0.084010484375 0.5178103375 0.08373423906250001 0.5218655171875 0.0894910578125 0.5125481796875 0.091971334375 0.5027270796875001 0.09314875156249999 0.49600142187499996 0.09107693125 0.491478534375 0.09317435156250001
0 0.3939534234375 0.10440484375 0.39101699375 0.102814940625 0.380403428125 0.109816153125 0.36081420937500003 0.10847026093750001 0.3589429296875 0.11039924375000001 0.358811378125 0.11167616875 0.3783896859375 0.1170483359375 0.36528173124999996 0.12157491406250001 0.35672184218749997 0.1280784203125 0.37474189375 0.1308735640625 0.3801116578125 0.1298981 0.38308991875 0.12417106250000001 0.39402516875 0.1161744625 0.4047982 0.11242743125000002 0.4005848796875 0.1090781171875 0.395553153125 0.10843230156250001 0.3939534234375 0.10440484375
0 0.4353515265625 0.45964136718750004 0.43894851093750004 0.45593301875 0.418426253125 0.45742585 0.40977419531250003 0.4609302875 0.416274878125 0.4639189015625 0.418842946875 0.4663992671875 0.4224760703125 0.46607537031249996 0.42645669531249997 0.46795549843749995 0.42896402812499995 0.46793488749999995 0.432937984375 0.4655478984375 0.4353515265625 0.45964136718750004
0 0.3621001484375 0.4857135875 0.36401115 0.49143666406250003 0.3688775171875 0.494684128125 0.3750398453125 0.49659521875 0.38023765 0.496651546875 0.3895541296875 0.486764590625 0.3982102078125 0.4801192921875 0.407373646875 0.48213089374999996 0.41688902343749995 0.48016186875000005 0.4190562421875 0.47520715312500006 0.4102434640625 0.4745305703125 0.4062027953125 0.47245113125 0.40888816562499997 0.4710275828125 0.41776823125 0.46734465312499995 0.40508325625 0.4622063859375 0.3873289546875 0.46426537031250004 0.3885568453125 0.45799451874999997 0.39541165624999997 0.45377018125 0.39653689999999997 0.448409403125 0.3884639203125 0.4557897234375 0.37582052187500004 0.46558663906250003 0.36669701718750003 0.4692907234375 0.3552046109375 0.4716820359375 0.36737152968750003 0.4741687 0.3583066875 0.48079014999999997 0.3589272921875 0.4847084953125 0.3621001484375 0.4857135875
0 0.917760675 0.3131616046875 0.907946328125 0.313852284375 0.9036381328124999 0.3125508375 0.89759284375 0.317751178125 0.8880803734375 0.330056378125 0.8824736453125 0.33270197343749996 0.8719790953125001 0.3446596515625 0.8579793921875 0.3513966953125 0.8530044484375001 0.3590899765625 0.8532203984375 0.3625709265625 0.8500276296875 0.3741251359375 0.845007153125 0.37730592343749997 0.82339524375 0.3824864890625 0.8066224578125001 0.3843900171875 0.803843565625 0.3826960640625 0.8041622796875 0.378375828125 0.800641921875 0.3751667125 0.7835614359374999 0.371971221875 0.777781890625 0.368241928125 0.7756446171875 0.36531523906249996 0.7719246156249999 0.36402187656249996 0.7537894703125 0.370937734375 0.743564125 0.36675616093749996 0.7351657796875 0.3665787046875 0.729247328125 0.3672661421875 0.7188570875 0.3714223921875 0.702060640625 0.371069021875 0.693352115625 0.368933165625 0.6851023140625 0.3654685640625 0.676876171875 0.36426085937499997 0.6681926984375 0.3608348859375 0.6618804515625001 0.3686846078125 0.6663874328125 0.373078975 0.6668557328125 0.3793817515625 0.657214128125 0.37540988125 0.652027503125 0.3764828953125 0.6504110375 0.38213820625 0.6373870390625 0.391859353125 0.6339825875 0.396793296875 0.6323953484375 0.4015643984375 0.6353084390625 0.40938940468749996 0.6385308515625 0.4117661328125 0.641443084375 0.412184459375 0.6432268015625 0.41604514375 0.47529707656250003 0.4486683484375 0.4701991171875 0.45135992031249994 0.4727073078125 0.45874598750000006 0.46864578906250004 0.4669226421875 0.47276826562499996 0.4739533671875 0.4819501984375 0.470807959375 0.48528906562499996 0.4729510921875 0.4857951515625 0.4772451015625 0.48382711718750004 0.4777941046875 0.477143659375 0.475299540625 0.4703205296875 0.47731674843749994 0.4667625828125 0.4806123453125 0.470566525 0.48605142968750004 0.47645683749999995 0.488182784375 0.47494800625 0.49367866875 0.46796439999999995 0.503931753125 0.4785674453125 0.5116366828125 0.48282085312499995 0.50673913125 0.4885439296875 0.5048281296875 0.49178735781249994 0.502053775 0.49701284687499997 0.5012261390625 0.5021640859375001 0.501068365625 0.5066397484375 0.493299128125 0.510923028125 0.4854638609375 0.52023345 0.4787149234375 0.525093146875 0.47769527187499994 0.5300148796874999 0.4791748078125 0.5356064046875 0.47854073125 0.538740396875 0.47930044531249993 0.541413878125 0.4813876046875 0.546446834375 0.4793343734375 0.5513773468750001 0.47453681875 0.555391465625 0.47239342031250003 0.564578871875 0.4606427734375 0.5724948328125 0.45989207656250003 0.5856985625 0.460814478125 0.5957629296875 0.45670825937500004 0.6015027546875 0.4527854953125 0.6214720578125 0.4541439578125 0.627388965625 0.4534567640625 0.63259925 0.4546406453125 0.6369392421875 0.4524472171875 0.6425238546875 0.4475444796875 0.6474625781250001 0.447013796875 0.6604166203124999 0.44847723124999994 0.6735580703124999 0.44689889843749997 0.68327339375 0.4405889 0.689937578125 0.4382773078125 0.7001275140625001 0.4212201234375 0.703918575 0.4187371265625 0.7041682015624999 0.40871689843750003 0.709805159375 0.41136613750000006 0.7054893171875001 0.42024433906249997 0.70819844375 0.42144785625000003 0.717245321875 0.4246612359375 0.7230695421875 0.425496346875 0.728411378125 0.4254033046875 0.7340516015625 0.41873418281249997 0.7429794859375 0.41380499375 0.7488148875 0.4157694453125 0.7547511890624999 0.42047846718750004 0.765114603125 0.4246128609375 0.7765136015625 0.42682565781250004 0.784437146875 0.43089720624999994 0.7925449125 0.42576411406250003 0.7996845296874999 0.4193526703125 0.7876151796874999 0.41655314062500004 0.7953066515625 0.4122975359375 0.799380209375 0.412656903125 0.8064119734374999 0.41053862656250006 0.813586246875 0.40253813593750004 0.8191891437500001 0.39629256874999996 0.8206676328125001 0.396148571875 0.8151813140625 0.4036096171875 0.8261028015624999 0.4059138640625 0.8353607921874999 0.40690435156250004 0.8392307265625 0.4049293328125 0.8563376328125001 0.41258655781250003 0.8414232734375 0.411161509375 0.8355555062500001 0.4152453328125 0.8336815265625 0.421042675 0.8483573390625001 0.419463365625 0.8493618046875 0.4227988609375 0.8594547484374999 0.42307810312500005 0.8683662218749999 0.4127016015625 0.872530665625 0.40845093125 0.8734804484375 0.40971320625 0.8629766140624999 0.42196185625 0.87087414375 0.4183380453125 0.8919847031250001 0.42234748906249997 0.897171328125 0.42127447343749996 0.9065746828125001 0.4130047765625 0.9112029828124999 0.41051415 0.9167388953125 0.4116464578125 0.9433550796875 0.4219107015625 0.9335987250000001 0.4219087828125 0.92458943125 0.42527521874999996 0.9246697359375 0.4304766953125 0.9309851296874999 0.4331244734375 0.9377272234375 0.44035409843749995 0.94327029375 0.440822425 0.9490180703125001 0.433653765625 0.9602708312500001 0.42119948906250004 0.9636795499999999 0.4131262265625 0.9621109234375 0.4053398140625 0.9680892546875001 0.39974667343750003 0.9739286796875 0.3985702640625 0.980400575 0.39503462031250003 0.9880438734375 0.3851611359375 0.9875393718750001 0.381975840625 0.9821465390625 0.347926828125 0.9813704765625 0.34302696875 0.9780337781249999 0.321959884375 0.9765026765625 0.312292884375 0.96545270625 0.3153101921875 0.9693783546875 0.3231757359375 0.942713025 0.3156276203125 0.9338827359374999 0.311963875 0.926551815625 0.31989425625 0.9230762640625001 0.31848624375 0.91806171875 0.3170799390625 0.917760675 0.3131616046875
0 0.4985260796875 0.6851744390625 0.494823684375 0.68927599375 0.495483153125 0.6934397171875 0.50172858125 0.7001104703125 0.5044576734375 0.7004312453125 0.5078632265625 0.7029055234375 0.5123901375 0.6976672421875 0.517561803125 0.6986072890624999 0.51944401875 0.6978061062500001 0.5229414015625 0.691351403125 0.5265772484375 0.6878884328125 0.5318370906250001 0.6904439499999999 0.5335156390625 0.694699384375 0.5355640046875 0.6960059734375 0.54426159375 0.6970140312499999 0.54631446875 0.6951828453125 0.5504704640625 0.6854851859375 0.54747964375 0.6771694218750001 0.54359325 0.6737667453125 0.539777915625 0.666587709375 0.5410933499999999 0.6601004984375 0.5377966187500001 0.6466870171875 0.5253635812499999 0.6463955718750001 0.5114482734375 0.6578904890625 0.5065484140625001 0.6586665515625 0.503586625 0.6568765890625 0.5002418093750001 0.6569032875 0.49071519218750004 0.66016973125 0.4844112328125 0.665814446875 0.4827835859375 0.6703404140625 0.4810192625 0.6718759453125001 0.48201017031250004 0.67284853125 0.486831003125 0.6715835 0.49143828906250003 0.6742439546875 0.491731721875 0.6782141171875 0.497827746875 0.6807653359375 0.4985260796875 0.6851744390625
0 0.1368894265625 0.1611135671875 0.126149215625 0.1713304296875 0.1434203328125 0.1670098125 0.151854653125 0.1600231265625 0.137894609375 0.1514988859375 0.14865325468749999 0.15249531875 0.1529270828125 0.14239299218749998 0.1353714046875 0.13343052500000002 0.151937903125 0.1378954875 0.142067759375 0.1299336828125 0.1411197375 0.1260656140625 0.136419765625 0.1249274640625 0.13137770625 0.128840959375 0.131162653125 0.13403542968749999 0.1381952578125 0.14285955156250002 0.12298678437499999 0.15423023593750002 0.113882290625 0.1538593015625 0.10921512656250001 0.1561045484375 0.121839884375 0.163229825 0.10406309843749999 0.16056226093749998 0.11071720468749999 0.1645295484375 0.1227134765625 0.171642046875 0.1368894265625 0.1611135671875
0 0.2126871484375 0.496540540625 0.183159278125 0.502471803125 0.1761056421875 0.5023344828125 0.1730786046875 0.5011813171874999 0.169091065625 0.49503252968749994 0.1603370078125 0.4883841765625 0.1558476140625 0.4864580703125 0.145815196875 0.4865410078125 0.1396872203125 0.4880130703125 0.13782601875 0.48366317187499996 0.13395056249999998 0.4813882953125 0.129401534375 0.484369434375 0.1240967734375 0.4847065578125 0.1185611046875 0.4835757921875 0.1144319359375 0.48498280937500005 0.11144888906249999 0.4883423859375 0.11010979375 0.4925726984375 0.10464579843749999 0.4950707109375 0.09619448750000001 0.504067615625 0.0953916 0.5074583984375 0.09749000937499999 0.510139709375 0.102306575 0.5120139953125 0.10903303906249999 0.5122031359375 0.113862084375 0.5152049765625 0.1334973015625 0.5123465984375 0.134626675 0.5163109203125 0.1287553 0.521510609375 0.1283184484375 0.525094953125 0.13196182343750001 0.5333057796875 0.149972040625 0.542381346875 0.1541634890625 0.5434750625 0.15931149375 0.5421582125 0.1639328796875 0.535398925 0.1741745765625 0.5345298203125 0.1787429984375 0.5369448953125 0.176594346875 0.5402988734374999 0.179657525 0.5448364906250001 0.18395284218750002 0.5455372453125 0.18721411875 0.5481593515625 0.19210304218750002 0.546255490625 0.20601835 0.5347605718749999 0.210722590625 0.5327594046875 0.21532877187500002 0.5280116359375 0.23691385625 0.5311217125 0.2416585046875 0.5293656796875 0.2441051 0.5268440890625 0.24311845937499998 0.522732184375 0.24539866250000003 0.51810128125 0.2602380234375 0.5152273234375 0.2625868796875 0.5130075515625 0.2650367109375 0.5111356421875 0.26854908437499997 0.5056245859375 0.2557324328125 0.5083047359374999 0.2550839 0.5052688125 0.2586933640625 0.50268801875 0.2607906703125 0.49796110625 0.265600321875 0.4955667328125 0.26338556562500004 0.49215082812500005 0.2575504078125 0.49018791874999995 0.25192001875000003 0.4905766171875 0.2126871484375 0.496540540625
0 0 0.539350853125 0.004856201562500001 0.5700117031249999 0.0100318890625 0.5678108890625 0.014675393749999998 0.5633087437500001 0.017311553125 0.5651502796875 0.0257706359375 0.5678287140625 0.0323421328125 0.567039425 0.036870145312500005 0.569209365625 0.044753053125 0.565073728125 0.0534258796875 0.556416665625 0.05600154843750001 0.55575876875 0.061404121874999995 0.558166703125 0.0650633859375 0.5569590875 0.0650801328125 0.554947325 0.0615584765625 0.5517399953125001 0.061995082812500005 0.548154109375 0.06607444999999999 0.5453739140625 0.071648125 0.539343378125 0.0719905015625 0.537280040625 0.06956516406249999 0.53465209375 0.0702125953125 0.5302797953125 0.061221328124999995 0.5253000296875 0.0268883171875 0.5304878921875 0.028501284375 0.5253298765625 0.028431217187500003 0.5201331078125 0.025226264062499996 0.5179165578125 0.024921103125 0.5147313296875 0.0123419890625 0.5189811468750001 0.006269623437500001 0.518686825 0.0002743015625 0.5262901859375 0 0.527195753125 0 0.5302058062499999 0.0007635984375 0.5314869984375 0.004052559375 0.5332251421875001 0 0.5361235234375 0 0.539350853125