0 0.3150405765625 0.3565666703125 0.2975367515625 0.3755818140625 0.28682580625 0.403317278125 0.2857907890625 0.415631234375 0.28974935 0.4234550640625 0.2660025765625 0.4426435921875 0.2563404171875 0.441087596875 0.257990009375 0.4337338046875 0.24937649999999997 0.428030328125 0.22741958125 0.440907309375 0.224007215625 0.4660791390625 0.2419168859375 0.492516346875 0.2693556125 0.5145410671875 0.29248470625 0.5232030421875 0.3144854453125 0.5247974171875 0.339196740625 0.517777934375 0.361975475 0.5171272703125 0.3602648984375 0.5210103640625 0.3610259734375 0.5318414390624999 0.3888137109375 0.53118778125 0.42285854843750004 0.538701659375 0.46157268125 0.5505507984375 0.517077759375 0.5462509796874999 0.5366619578125 0.5460234015625 0.5646213140625 0.5388189828125001 0.5670275828125 0.5169114328125 0.5724434796875 0.5055481109375 0.6053137484375 0.5127122984375 0.6135339453124999 0.5053562453125 0.595399896875 0.4947762 0.5816039609375 0.4867495359375 0.5636927359375 0.47591796718749996 0.5584441546875001 0.4596049765625 0.5646272390625 0.44592006875 0.5722054078125 0.43220582343749997 0.570962540625 0.41619758906250004 0.5709080859375 0.4043237265625 0.579221040625 0.3975650171875 0.5812174171875 0.3793928953125 0.5856430687499999 0.369110109375 0.6046378906250001 0.37595498125 0.6220873421875 0.376291728125 0.6142938984375 0.3654316609375 0.602992684375 0.3508595984375 0.5872502921875 0.33936359375 0.5714905578125 0.3356411734375 0.55924569375 0.3282535796875 0.5515425656249999 0.3133951109375 0.5557155859375 0.2968908984375 0.5519832796874999 0.2887829125 0.5456565078125 0.28326636562499996 0.5313071890625001 0.2776795984375 0.512112646875 0.28852010781250004 0.5052192859375 0.2799934703125 0.4858141640625 0.28521399375 0.48271703749999995 0.2981486125 0.46598974374999996 0.305081865625 0.4622109 0.297999634375 0.4550864953125 0.304033296875 0.444734371875 0.30751716562500003 0.4465618625 0.303911878125 0.41910237656250005 0.3064350890625 0.3997545796875 0.302769175 0.373152490625 0.2930838796875 0.3491223265625 0.284130809375 0.3283206546875 0.293056903125 0.318815046875 0.3092944359375 0.33095614375000004 0.3230356765625 0.3384006296875 0.3454522625 0.3150405765625 0.3565666703125
0 0.26838371875 0.313423671875 0.2779089546875 0.310721715625 0.2851680125 0.30490173593750003 0.289426975 0.2992393375 0.2962045015625 0.2935462828125 0.27377932656250004 0.28745478125 0.26853558125 0.2868062328125 0.2561670546875 0.2970978734375 0.25089034374999997 0.3057766625 0.24728875156250002 0.3102968296875 0.2400839484375 0.3220283015625 0.245912015625 0.32039103125 0.2577274671875 0.3170955296875 0.26838371875 0.313423671875
0 0.14216149375 0.23059171875 0.1211977953125 0.2420459765625 0.105006696875 0.25271197500000003 0.0919786421875 0.260818015625 0.09005722968749999 0.2668266515625 0.10108412343749999 0.2698678109375 0.0904005328125 0.2811990828125 0.094487571875 0.2858722078125 0.107595925 0.28390820625 0.11878318750000001 0.28167159218750004 0.12875205625 0.2781270171875 0.13656179531249998 0.27089436093749997 0.14787573125 0.2644180734375 0.157700115625 0.2600209140625 0.1647981796875 0.254985278125 0.17360205312500002 0.2485185453125 0.17283530625000001 0.24167277187499997 0.1558228921875 0.23444238125 0.1594702296875 0.22646744375 0.14216149375 0.23059171875
0 0.031324157812499996 0.1757666625 0.0269164859375 0.2177028546875 0.058394117187500004 0.23213786406249998 0.065137990625 0.22932111093750002 0.062147971875 0.2228056890625 0.06791323125 0.218582059375 0.0730959390625 0.21386200625 0.0692032171875 0.2034386296875 0.056012675 0.1965879390625 0.031324157812499996 0.1757666625
0 0.18582625625 0.8279266296875001 0.1880295609375 0.8217920828124999 0.1973321609375 0.8200125328125001 0.2082600265625 0.8272994125 0.2063270109375 0.8354513890625 0.2465668515625 0.8749379718749999 0.274608859375 0.8446296906249999 0.2871885375 0.8337192312499999 0.2811825421875 0.8251805953125 0.264337875 0.8127816125 0.2488036234375 0.8028330296874999 0.238056628125 0.79738293125 0.23253084999999998 0.79233235 0.21495289843749998 0.7835766765625001 0.188108534375 0.7638344015625 0.177823134375 0.7594336140625 0.16820069375 0.7493679671875 0.1523593328125 0.745614971875 0.1614198984375 0.763926434375 0.1571301203125 0.7717804296875 0.141704853125 0.7860571968750001 0.1438563375 0.7978152515625 0.14778797500000002 0.8154321015624999 0.13677160625 0.8304377796875 0.10870963281249998 0.842475134375 0.119717371875 0.8735019734374999 0.153882559375 0.8552812062499999 0.1520358625 0.871461184375 0.1655956890625 0.88732485 0.1973370515625 0.9026438328124999 0.2267693875 0.9206188171875 0.2360644296875 0.9160261921874999 0.2218040296875 0.8985916296875001 0.2465052734375 0.8760171343750001 0.20865533281249998 0.8379632125 0.18582625625 0.8279266296875001
0 0.5827777171874999 0.8940236296874999 0.571757215625 0.8941803453125001 0.5703373390625 0.895701196875 0.5731958484375 0.9022122234375001 0.582033471875 0.9075323375 0.59484249375 0.9076688671875001 0.59865549375 0.9062345781250001 0.601734209375 0.90156204375 0.596486625 0.8973026890625 0.5871425140625 0.8904634984375001 0.5827777171874999 0.8940236296874999
0 0.9072407531250001 0.8366860890625001 0.91414661875 0.838397009375 0.9232691703125001 0.8353259390625001 0.9288365781250001 0.8289338125000001 0.9243541437499999 0.8260494703125 0.915703309375 0.8232721843749999 0.909570390625 0.8267486015625 0.9067924890624999 0.8299193515625 0.9072407531250001 0.8366860890625001
0 0.2609652015625 0.7938974984375 0.2710844890625 0.79461700625 0.2766910359375 0.7848778234375 0.2735843359375 0.7780076359375 0.268416428125 0.7769962765625 0.2606390984375 0.7781207343750001 0.2541395203125 0.7830527375 0.2553412828125 0.7909465984375 0.2609652015625 0.7938974984375
0 0.3278042875 0.8020789046875001 0.3273655921875 0.7979117828125 0.322526603125 0.7920818453125 0.3143341484375 0.7896669593750001 0.3062967125 0.7911285765625 0.30817973906249996 0.7969054890625 0.3148443703125 0.8076531984375 0.32316788125 0.8082232390625 0.3278042875 0.8020789046875001
0 0.2888347515625 0.7335849484375 0.2975269859375 0.730228271875 0.2952265671875 0.725208753125 0.2934411578125 0.7228529703125 0.2865949234375 0.725896203125 0.2888347515625 0.7335849484375
0 0.1246453953125 0.7022319828125 0.122988353125 0.7137075765625001 0.12166182968749999 0.718047378125 0.112535021875 0.7320261953125 0.1325858875 0.7370150359375 0.150152771875 0.736757678125 0.1526800375 0.7301717078125 0.1509017078125 0.7223822125 0.1618751609375 0.72104379375 0.162819971875 0.7222790078125 0.17790372968749998 0.733135475 0.1924557875 0.731920234375 0.18773085625000002 0.7154831749999999 0.1720135234375 0.6979489 0.164233359375 0.6862449734375 0.150071125 0.6866512171875 0.13429156250000002 0.69362595 0.1246453953125 0.7022319828125
0 0.2727160671875 0.7309308609375 0.264632753125 0.730332646875 0.2522532609375 0.73485403125 0.2337106796875 0.740821934375 0.2380115515625 0.73329589375 0.23856008437499998 0.723936334375 0.23082829062500002 0.71663030625 0.218394090625 0.722225290625 0.2167355921875 0.7332812453125 0.2209795140625 0.7479568140625 0.23186548906249999 0.7561803828125 0.240212428125 0.747618471875 0.271748121875 0.7370459953124999 0.2727160671875 0.7309308609375
0 0.20406265 0.631099928125 0.175949528125 0.6096170578125 0.168716534375 0.606952659375 0.1610596671875 0.61531686875 0.162036478125 0.6255453171875 0.177403053125 0.6301832187499999 0.1904484703125 0.6341843796875 0.2029928328125 0.6509499671875 0.23123084375 0.6662070984375 0.2485688078125 0.6638376781249999 0.23538565312499998 0.6472751828125001 0.20406265 0.631099928125
0 0.17718776249999998 0.5087454671875 0.1728246765625 0.50861210625 0.1635586734375 0.5075172359375 0.129973090625 0.5340205234375001 0.10316506562500001 0.552423825 0.0878967375 0.5619786296875 0.069005409375 0.57305839375 0.056860503124999996 0.5730607937500001 0.0395473734375 0.5586015578125 0.0273121984375 0.5639472296875 0.0324660640625 0.57500276875 0.043305303125 0.5819519718749999 0.0566002265625 0.5858363859375 0.077574846875 0.5861021625 0.090756084375 0.5769422984375 0.10027327187499999 0.5693392140625 0.115694253125 0.5647447265625 0.1271990375 0.5569907640625 0.14062036718749998 0.5440069234375 0.1466227625 0.5384837765625 0.16430934531250002 0.5359216171875001 0.1718761140625 0.5246178234375 0.1889534265625 0.52223200625 0.1873097734375 0.51169623125 0.17718776249999998 0.5087454671875
0 0.362941209375 0.035430054687500004 0.374841240625 0.037428645312499995 0.3897243171875 0.0385200171875 0.3898317109375 0.0333875015625 0.3852823671875 0.0278362421875 0.3675225265625 0.021693054687499998 0.3633298453125 0.024975909375 0.35699819375 0.0284895703125 0.349295340625 0.028905431250000002 0.343403315625 0.0326161234375 0.34260889843750003 0.040174490624999996 0.3489428734375 0.0420798203125 0.3542066484375 0.037470409375 0.362941209375 0.035430054687500004
0 0.5088554984375 0.0472155640625 0.510878059375 0.0410965828125 0.51558598125 0.036215078125 0.530026209375 0.032207225 0.536492590625 0.0236896109375 0.5310349265625 0.0164812046875 0.5248228671875 0.012324721875 0.44145878749999995 0.0597660046875 0.44697081718750004 0.0668308703125 0.460949359375 0.06745481875 0.47056193906250005 0.06577540781249999 0.47792225000000005 0.059978639062500005 0.48084453906249996 0.052878015625 0.4942128078125 0.0493827953125 0.5088554984375 0.0472155640625
0 0.390894403125 0.257498159375 0.4020842 0.25109680624999997 0.4014195328125 0.24484935624999998 0.3793126859375 0.2425305453125 0.3748648046875 0.25238208281249996 0.3814555703125 0.25940793125 0.390894403125 0.257498159375
0 0.2082399921875 0.1597592125 0.2076175140625 0.1518696765625 0.20359490624999999 0.150230846875 0.19676730625 0.153186484375 0.19364321874999998 0.1584999734375 0.1960632109375 0.1619782359375 0.201791215625 0.1658073265625 0.2082399921875 0.1597592125
0 0.290195728125 0.8865149765625 0.29299499687499997 0.8928422406250001 0.302967496875 0.8957505828125001 0.31368862656249996 0.889607909375 0.31525451875 0.8862045078125 0.31174063125 0.8820723828125001 0.3032943 0.8785153265625001 0.2934720359375 0.8797532140625 0.290195728125 0.8865149765625
0 0.055394251562499996 0.915360809375 0.05066425 0.9124551593750001 0.043273374999999996 0.91266814375 0.0383369375 0.9148955984375 0.0356169 0.92353988125 0.0455498453125 0.92870803125 0.0529001671875 0.9254428375 0.055394251562499996 0.915360809375
0 0.4096792015625 0.960006996875 0.4002393421875 0.9564256437499999 0.3930482875 0.9593713609375 0.392137109375 0.9655443078125 0.393733446875 0.9685180859375 0.40119385625000004 0.9710068578125 0.406830559375 0.9673635953125 0.4096792015625 0.960006996875
0 0.03896639375 0.7725802140625 0.042161739062499995 0.7679340781249999 0.0430478796875 0.7596076546874999 0.0378663078125 0.75699233125 0.0327200984375 0.7540555046875 0.028382685937500002 0.753363959375 0.0217152625 0.7571125578125 0.024386959375 0.7635175390625 0.030576864062499997 0.7698131109374999 0.03896639375 0.7725802140625
0 0.173100965625 0.1023702390625 0.1677508171875 0.1006861453125 0.1641102921875 0.10257218906250001 0.1613445890625 0.106344384375 0.16006116875 0.1112307484375 0.16203491875 0.1140368078125 0.1740883453125 0.11530838750000001 0.1781703734375 0.10943100312500001 0.173100965625 0.1023702390625
0 0.27601974218750003 0.035086153125000005 0.27890559062500003 0.0391397 0.289120696875 0.04120471875 0.3005718328125 0.0360688671875 0.30037181875 0.027433467187499998 0.290807528125 0.0236159375 0.284812728125 0.026989039062499998 0.27601974218750003 0.035086153125000005
0 0.1632173234375 0.4722587171875 0.1638619546875 0.46551258124999995 0.16118860468750001 0.46054341875000004 0.1469272375 0.452042065625 0.14405161718749998 0.45790641875000004 0.14776904062500001 0.4649900515625 0.15007119062500002 0.47529966874999996 0.15173102968750002 0.476936825 0.1632173234375 0.4722587171875
0 0.12405204375000001 0.4493502734375 0.130713021875 0.4503865875 0.1366379890625 0.4429244109375 0.134163271875 0.434181903125 0.1258658171875 0.4375643625 0.120620340625 0.4441222984375 0.12405204375000001 0.4493502734375
0 0.085593525 0.8264098984375 0.1019445609375 0.8212627250000001 0.11539069843750001 0.8141715703125 0.1251231453125 0.811785190625 0.1315118796875 0.806696996875 0.135005215625 0.7992306234375001 0.130836440625 0.79279398125 0.12111694375 0.7912005390625 0.11465006874999999 0.7955373859375 0.10218525 0.8051009109375 0.09606293125000001 0.8068172312499999 0.0867290046875 0.8116901390625 0.0814368359375 0.8250602 0.085593525 0.8264098984375