0 0.465793196875 0 0.4582648984375 0.00107635 0.45347459375000004 0.005006278125 0.45461229062499997 0.0083523796875 0.45660318125000005 0.009450046875 0.46394701562499996 0.0094198765625 0.4667650734375 0.011654109375 0.4581652328125 0.0193745484375 0.453246721875 0.025951201562499998 0.44550860468750003 0.030293837499999997 0.44300984374999997 0.0339017109375 0.43790879218749995 0.0356205546875 0.43638111874999996 0.0307009125 0.43017538125000004 0.0245595046875 0.4296232546875 0.020630925 0.42406327499999996 0.015525349999999999 0.42186671249999996 0.0177132828125 0.42467736875 0.025833957812500002 0.42450605625 0.029364029687499998 0.4221108046875 0.0337084125 0.42838660624999997 0.0450973890625 0.43648825625 0.0504705875 0.44148984062499996 0.0622911 0.452727478125 0.06622162499999999 0.45574515625 0.0758153234375 0.45833149687499997 0.0799597703125 0.469846653125 0.09061398125 0.4662890078125 0.0949955 0.45905179687500003 0.10052213437499999 0.449968546875 0.1048029390625 0.419017865625 0.12693520625000002 0.4181303140625 0.1289391703125 0.41957020937499995 0.13086533281249998 0.4245158953125 0.13042114062500001 0.4347195453125 0.126983234375 0.449748075 0.119861421875 0.463328178125 0.1119428109375 0.4810108515625 0.1046988609375 0.48907522812500004 0.1003087921875 0.50596418125 0.08741721875 0.5142027671875 0.084255484375 0.524904209375 0.07724162343749999 0.5313575765625 0.06969662343750001 0.5323019062500001 0.05027935625 0.5266462328125 0.033793534375 0.526558453125 0.030800056250000003 0.5310742515625 0.027285815624999998 0.5292619562499999 0.014390668749999998 0.5381365203125 0.006256090625 0.5230407375 0 0.465793196875 0
0 0.5774344625000001 0.0518256671875 0.5727115453125 0.056246303124999994 0.57108325625 0.055348554687499996 0.56175633125 0.0388769375 0.5542905609375001 0.030910315625 0.53905001875 0.008006932812500001 0.5339561500000001 0.0038377875 0.5315179921875 0.0043066781249999995 0.527760309375 0.006086025 0.528089684375 0.010798546874999999 0.5341757625 0.023217703125 0.5402620421875 0.030878018750000003 0.5436061984375 0.0404258328125 0.547589328125 0.0473797890625 0.5626055531249999 0.0663069453125 0.564175003125 0.0703450046875 0.5715182203125 0.07983096875 0.574199740625 0.081082453125 0.5795769625 0.08132867187500001 0.58180945 0.08414538125 0.58326529375 0.08381612499999999 0.584841928125 0.081966196875 0.58251333125 0.07252653437499999 0.5837634859375 0.0707224890625 0.5944561796875 0.064836446875 0.5942318625 0.06086021874999999 0.595679159375 0.056899940625 0.5947141234375 0.054782389062500006 0.5933085859375 0.0531006984375 0.5892403734375 0.052670510937500005 0.5825009375 0.049860803125 0.5774344625000001 0.0518256671875
0 0.39074596562499997 0.050513665625 0.3886068921875 0.0448026625 0.3631690234375 0.05388759375 0.3528632109375 0.0613476109375 0.362171709375 0.07055895 0.36300000625 0.0764525921875 0.366863678125 0.0849254546875 0.3720698046875 0.08870329375 0.3867146078125 0.0646040359375 0.39074596562499997 0.050513665625
0 0.5027697875 0.7525678046875 0.5010155890625 0.773351709375 0.49839871562500004 0.7832371124999999 0.5104277953125 0.7785407203125 0.5198004515625 0.7596919265625 0.5027697875 0.7525678046875
0 0.603527975 0.74241491875 0.6186615796875 0.7407897875 0.6101789015625 0.7279563921875 0.6063857125000001 0.719973803125 0.5915935859375 0.705021328125 0.5853907625 0.7083987125 0.580185784375 0.7141383375 0.5581589265625 0.7142281953125 0.5585015531249999 0.707168053125 0.5553296421875 0.7036060828124999 0.5466426390625 0.698816909375 0.5231425296875 0.7502063609375 0.532897146875 0.74833368125 0.552579459375 0.7410595796874999 0.56984789375 0.735628421875 0.586877409375 0.7332350796875 0.59415054375 0.7327130875 0.603527975 0.74241491875
0 0.415590771875 0.7452861640624999 0.41476225624999996 0.739390975 0.409865746875 0.73306714375 0.40607503593749994 0.7346002546875 0.4059380984375 0.7431351859374999 0.4067666140625 0.7490303765624999 0.412627028125 0.75271468125 0.41748783125 0.7540354171875 0.42562425625 0.75489579375 0.42252127812499995 0.751824315625 0.41665931718750004 0.748140228125 0.415590771875 0.7452861640624999
0 0.11755947343749999 0.6063431703125 0.12007573125 0.6004796625 0.1210037125 0.5928354953125 0.12096955312499999 0.58783218125 0.11279512656249999 0.5629337828125001 0.10279734843749999 0.5583272484374999 0.1074522796875 0.5676924234375 0.1086256828125 0.576041621875 0.1160395984375 0.5860194078125 0.114075684375 0.5958130421875001 0.10235600468749999 0.59796189375 0.0855350546875 0.6018280421875 0.073229803125 0.604559371875 0.0493043375 0.59590019375 0.035444435937500005 0.5828205796875 0.027410790624999997 0.5684219578125 0.058088945312499994 0.568118178125 0.069568378125 0.56900890625 0.07825445 0.5642821625 0.077323771875 0.562409084375 0.0706359921875 0.562347053125 0.0667748 0.5633898875 0.05632975312500001 0.5603499109375 0.0535031640625 0.5592450421875 0.05891516249999999 0.554978440625 0.0651527625 0.5470882359375 0.066047515625 0.543956671875 0.0682876015625 0.5361281 0.0644930828125 0.528147275 0.0560847296875 0.5348388640625 0.060532425 0.5427294687499999 0.055707326562500006 0.546411828125 0.0479519328125 0.55301165 0.04709155625 0.5611480734375001 0.0299944359375 0.563049159375 0.0030710671875 0.5568151875 0.0063157578125 0.579902359375 0.008731932812499999 0.597094340625 0.011217043749999999 0.614776815625 0.014668753125 0.6393370109375 0.0180476859375 0.6443720046875 0.016082621875 0.644648175 0.046039815625 0.6534615859375 0.0658245078125 0.6421669203125 0.0898152796875 0.6322834281249999 0.102290696875 0.6165045640625 0.10363448281250001 0.6118077734375 0.11755947343749999 0.6063431703125
0 0.12379613281249999 0.9596084625 0.1315515265625 0.953008640625 0.1250680703125 0.9449023859375 0.10773091875 0.9498445984374999 0.10297497343749999 0.9540189984375 0.10407944375 0.961877703125 0.118039028125 0.9614195078125001 0.12379613281249999 0.9596084625
0 0.22529374687499998 0.850170809375 0.2529048484375 0.8518001937499999 0.2266707609375 0.840961415625 0.22301680625000003 0.843478821875 0.21340005781250002 0.8463324859375 0.22529374687499998 0.850170809375
0 0 0.5175845031249999 0.0022796531250000003 0.5191083703125 0.0042792921875 0.51907821875 0.0072944734375 0.5143958296875 0.013963628124999999 0.5119564234375 0.01710949375 0.5141430078125 0.018317890625 0.5179809328125 0.01876630625 0.5259318390625001 0.0158460859375 0.5277197171875 0.0090720921875 0.529424378125 0.009168401562500001 0.5312884906249999 0.0037909796875 0.5358011125 0.0047562328125 0.5379202109375 0.00707515 0.538971775 0.012245134375 0.5377434234375 0.019440587500000002 0.5378587578125 0.0223735984375 0.5492189296875 0.019520765625 0.5514975171875001 0.0131955875 0.5516354046874999 0.0107141046875 0.5529860921875 0.0085173234375 0.555172478125 0.007363696875000001 0.5588421828125 0.0096220109375 0.5630327312500001 0.0068987328125 0.5674232156250001 0.0062109999999999995 0.572027803125 0.0071268765625 0.5856737640625 0.014874742187500001 0.6336735375 0.0223735421875 0.641886396875 0.0332759515625 0.6469906234375 0.044101096875 0.6479748828125 0.048478490624999995 0.645855984375 0.053855714062500004 0.646102203125 0.0547089078125 0.6438537671875 0.05795715312500001 0.6420197875 0.068470003125 0.6407931828125 0.0700652640625 0.64144469375 0.06357732031249999 0.6487436734375 0.05935374375 0.6495881375 0.05416646093750001 0.6483132859375 0.049065409375 0.6500321296875 0.0436866390625 0.6497861281249999 0.038870290625 0.6523406703125 0.039249971875 0.6550422453125 0.0477299546875 0.6583583953125001 0.0506099640625 0.66221226875 0.056651570312499996 0.665995759375 0.059176378125 0.6637632734375 0.0598209859375 0.65528164375 0.07076537187500001 0.6547454484374999 0.0743072859375 0.652620896875 0.07538323125 0.6495885171875 0.0763067078125 0.6525891968749999 0.08017623125 0.6551758359375001 0.08155439375 0.65548390625 0.084148134375 0.6537419125 0.0851479453125 0.6513466421875 0.08157907187499999 0.64734028125 0.0802772625 0.64639665 0.0769686125 0.6466107703125 0.0752711734375 0.6452209828125001 0.07539083125 0.6389432359375 0.078466415625 0.6358807046875 0.08430975 0.6370633546875 0.0928921125 0.636358940625 0.09959717343749999 0.6341637890625 0.11509161406249999 0.6327372453125 0.117063878125 0.6313334734375 0.1148055640625 0.627142925 0.1166498203125 0.6236270375 0.1133312921875 0.6202119015625 0.10390428437499999 0.6267957734375 0.098207784375 0.6254678375 0.10152518125000001 0.6241258984375 0.1034040140625 0.62085603125 0.10752253281249999 0.6192752718750001 0.11319320625 0.6192293703125 0.11794915156250001 0.6150549703125 0.12877407968750001 0.6160376828125 0.1349268140625 0.6146727921874999 0.1378124578125 0.6126388953124999 0.13845841406249998 0.6089158875 0.1435091578125 0.6092079906250001 0.1451549421875 0.6078501015625 0.1440430734375 0.6058778375 0.1394310671875 0.6051485453125001 0.137345196875 0.6021850015625 0.1345866109375 0.5920547093749999 0.134799684375 0.58288266875 0.1400042453125 0.5819003359375 0.14427229375 0.5896915375 0.1506233 0.5909274890625 0.1523725953125 0.5903061125 0.15097580625 0.587496603125 0.1520261421875 0.5830919328124999 0.1509573796875 0.5802363234375 0.1499835953125 0.5792465906250001 0.1451486203125 0.57929969375 0.1497763578125 0.5777720203125 0.15056061874999999 0.5750330921875 0.1510758890625 0.5644411125000001 0.149625896875 0.5588841437500001 0.1498319859375 0.5508412515625001 0.145565284375 0.5478086734375001 0.14060231875 0.55051005 0.1384890734375 0.5461728859375 0.1330429171875 0.5454361750000001 0.1334989328125 0.5427418 0.137722728125 0.5418988828125 0.1384203390625 0.5409235531250001 0.13387903125 0.5406860828125 0.13084500625 0.542865484375 0.12010764062499998 0.544874703125 0.1143002296875 0.5486966953125 0.10635509375 0.551566309375 0.10408062968750001 0.554390021875 0.102409234375 0.55437561875 0.10081375781249999 0.5537225609374999 0.102261053125 0.5497622828125001 0.097875109375 0.548250159375 0.0955820203125 0.5485724328125 0.0949362640625 0.5475365984375 0.0982433484375 0.5425623078124999 0.0966583828125 0.5407827609375 0.085213309375 0.54013650625 0.084488521875 0.534979375 0.08821006249999999 0.5281938375 0.085012340625 0.5280184171875 0.0828487890625 0.5256922 0.0819515390625 0.514547678125 0.07929491562499999 0.505154115625 0.0817591015625 0.5013002234374999 0.08189584062500001 0.49752413281249996 0.0882297671875 0.496258428125 0.0896178078125 0.5001957546875 0.0916086984375 0.501293421875 0.09412495625 0.4954299125 0.1219421453125 0.4890164046875 0.12602608906249999 0.4871896265625 0.126181671875 0.485916521875 0.1309302171875 0.48762856250000003 0.13327496249999998 0.49005396718750005 0.1321368484375 0.49146515781250005 0.13258568125 0.494658771875 0.1388518046875 0.49765965 0.140031478125 0.49536533125000004 0.139134028125 0.48897965 0.1353421875 0.48575568437500005 0.13478984375 0.4818255578125 0.1323415890625 0.4786636421875 0.133013590625 0.47631602031250003 0.139984725 0.4724551265625 0.145586465625 0.47191873281249996 0.155460540625 0.4685271453125 0.1564172453125 0.467015221875 0.156415896875 0.4622565984375 0.154226734375 0.45855809062499997 0.1478928078125 0.45982379531250006 0.1438677015625 0.4585102609375 0.143334203125 0.4570831203125 0.147366490625 0.4525086671875 0.144684971875 0.4512571828125 0.140722034375 0.45156483593749996 0.133647171875 0.4546876703125 0.13383691250000002 0.458417878125 0.13631974375 0.4618258125 0.134605025 0.46269320937499997 0.1320631390625 0.4624240390625 0.12959758593749998 0.45675892031250004 0.12796775 0.455861390625 0.1233328109375 0.45851666562500004 0.11543798281249999 0.45937533124999996 0.11200854375 0.461110125 0.1075175265625 0.4541013203125 0.113756690625 0.450971284375 0.11482410624999999 0.449068271875 0.1142717625 0.4451381453125 0.10432740468749999 0.44328061874999997 0.0962612625 0.44766935625000004 0.09693439375 0.45007881093749996 0.10074373125 0.4510471390625 0.0949608 0.45148434843749996 0.09300561562500001 0.4553897765625 0.09502483125 0.4721373671875 0.0837450171875 0.4786061046875 0.0778859515625 0.47968042187500004 0.0743453859375 0.4865635984375 0.07682666875000001 0.48997175000000004 0.0698225046875 0.49358640625000005 0.0650995875 0.49800704375000004 0.059532425 0.4987894578125 0.056094437500000004 0.496893228125 0.05731586875 0.48895694062499995 0.05503172656250001 0.48339255468750003 0.0460869796875 0.48389859687500003 0.037917328125 0.4875508234375 0.037142034375 0.48916348125000003 0.0360645234375 0.4874356890625 0.031608098437499996 0.48543329062499996 0.02571445625 0.48626158906250005 0.022017176562499997 0.48966079375 0.0242770390625 0.49385112500000006 0.0216832984375 0.49559311875 0.0200188859375 0.49444956875 0.0207427421875 0.49009078281249996 0.0152519140625 0.48547724687500005 0.012882489062499999 0.49119546875 0.0159174453125 0.4985319828125 0.015280237499999998 0.501127171875 0.012463528125 0.5036515625 0.00138105625 0.503205225 0 0.5042275125 0 0.5175845031249999
0 0.6762570421875 0.0623559515625 0.6718006171875001 0.060353553125 0.66852654375 0.060813695312500006 0.6563135578125 0.0511332671875 0.652943175 0.0497292953125 0.64282595625 0.051402056249999994 0.6413871906249999 0.054232970312499997 0.6352445515625 0.059228665624999996 0.6276261125 0.0620539421875 0.626841853125 0.0647928703125 0.6238526984375 0.06609025625 0.6205525984375 0.06993540000000001 0.6193309484375 0.077870140625 0.6151259984374999 0.08121604375 0.613652875 0.083802484375 0.6106621734375001 0.0851000875 0.608577453125 0.09165400625 0.6111637937500001 0.095798453125 0.618118996875 0.0989533671875 0.63083850625 0.09916963281249999 0.6366647609375 0.0978506265625 0.638551925 0.09821023281249999 0.6377766312500001 0.09982289062500001 0.6317361546875 0.100796475 0.6277209453125 0.1078725859375 0.6250842984375 0.1057390859375 0.621739525 0.10570740468749999 0.613260690625 0.11190871875 0.60204148125 0.1152384734375 0.58975465625 0.12523008124999999 0.5826180609375 0.12673482187500001 0.58118804375 0.1284379171875 0.5780174796875001 0.12963456874999998 0.5763889921875001 0.1334956625 0.57327883125 0.1363121734375 0.5683848 0.139504040625 0.56350671875 0.1404404890625 0.5650759515625 0.144477003125 0.5641279953125 0.1448611078125 0.5622147875 0.143126115625 0.5585781109375 0.14338633750000002 0.555509728125 0.1453212671875 0.55165863125 0.1499949078125 0.5570199062500001 0.1524965453125 0.561571309375 0.1563648203125 0.55366795 0.158352853125 0.5529543890624999 0.161583603125 0.5490759187500001 0.16488362343750002 0.5461986046875 0.1705469953125 0.54552816875 0.17765478750000002 0.547495728125 0.1916547015625 0.5462469046875 0.19345698125 0.543256203125 0.1947545859375 0.542687928125 0.19784026562499998 0.5428603734374999 0.1990672703125 0.5482907984375001 0.202060946875 0.545171890625 0.2060052765625 0.5460852875 0.21013553906250002 0.5437259421875 0.214724178125 0.53959014375 0.21856212031250002 0.5378491796875 0.222812971875 0.5421601359375 0.23447966718750002 0.5417299484375 0.23854787968750002 0.536139653125 0.2474737015625 0.53115784375 0.247672090625 0.5298746609375 0.2492298984375 0.5277380843749999 0.2577949828125 0.5236900640625 0.26462640312499996 0.52446650625 0.27253120937499997 0.5216769734375 0.28118806093750004 0.5136712343750001 0.28719665625 0.5106904109375 0.29212351718749996 0.5055204265625 0.2933518703125 0.476411134375 0.2608761109375 0.46989736249999997 0.266801253125 0.4769671046875 0.2838394 0.508874678125 0.30653048906249997 0.5116855359375 0.3098923234375 0.5123068125 0.3143129421875 0.50678255625 0.31897085000000003 0.5001134031250001 0.32141025624999997 0.493425621875 0.32134822500000004 0.48849588437499997 0.31953699687500003 0.47970495468749996 0.3187686046875 0.47720639218749994 0.3176176375 0.46443502968750006 0.319412534375 0.45676471718749995 0.3194885890625 0.4519398375 0.323172496875 0.4468042109375 0.32464532031250004 0.4340425265625 0.3348283171875 0.43149345781250004 0.3404471359375 0.432667078125 0.3487978796875 0.4349757 0.35097748125 0.43909826250000006 0.36367259218750003 0.43892675 0.3719615046875 0.43813550625 0.3758295796875 0.43248066406249996 0.3712390953125 0.42341511093750006 0.3685054234375 0.42232156875 0.3761728578125 0.4206612015625 0.3893051765625 0.4193418953125 0.3906171828125 0.41293183281249995 0.392519996875 0.40996809062499995 0.3999485140625 0.4069861375 0.4001182984375 0.4044529984375 0.39872131093749996 0.4007902953125 0.40236653437500003 0.3996795578125 0.405151346875 0.3920954765625 0.408221096875 0.39040813124999996 0.41046211406250005 0.385132871875 0.4109526234375 0.3772409375 0.416569696875 0.3672445265625 0.42148217343749994 0.3602127703125 0.42372166250000004 0.355058515625 0.422693046875 0.35182036562499996 0.42815783124999995 0.3441671328125 0.430735540625 0.340221275 0.4335448515625 0.32062539375 0.439053809375 0.3158694484375 0.44322820781249994 0.31314636875 0.442859853125 0.3158865265625 0.4457298640625 0.3175509390625 0.44687341406250003 0.3172934125 0.452170178125 0.319190471875 0.46091943124999996 0.3241375078125 0.4652338625 0.3254664921875 0.4723099546875 0.3240277265625 0.4751408671875 0.318788590625 0.4758771796875 0.3175990390625 0.4745422421875 0.31255704375 0.4731223203125 0.305945596875 0.46766433906250005 0.3019465359375 0.467726190625 0.2819018203125 0.47004153437499996 0.2775244265625 0.47216043281250003 0.2710106375 0.47332518749999997 0.26306571875 0.4761963484375 0.261040053125 0.479611503125 0.257826165625 0.4816899546875 0.25619787656250004 0.48079220625 0.25695454375 0.47667811093749995 0.24506355000000002 0.482357034375 0.24952852343749998 0.487990453125 0.2507182921875 0.4893269390625 0.2473402921875 0.4938078609375 0.24918456562500002 0.4950523609375 0.2503583859375 0.498644265625 0.247790471875 0.5017600984375 0.2501093890625 0.5028116640625 0.2554520375 0.5028118625 0.2610966828125 0.5061509640625 0.26323575625 0.511861965625 0.26109937968749997 0.515668209375 0.26272766718749996 0.5165659578125 0.26750223906250004 0.514892996875 0.26904431562500003 0.5175574359375 0.275595140625 0.5213940125 0.27123482656250003 0.52601456875 0.273959253125 0.531141546875 0.2762092359375 0.5317026203124999 0.28018966875 0.5291393296875 0.2828278640625 0.5312726125 0.2913165953125 0.53346094375 0.2916875296875 0.5372903375 0.286206796875 0.5363076062500001 0.282252190625 0.540244734375 0.2831310125 0.5441289765625 0.286863996875 0.5457328671874999 0.29290447343750003 0.5447592828125 0.29457721718749996 0.5495323078125 0.297025471875 0.5526942234375001 0.2995242515625 0.5538467390624999 0.30269864218750003 0.5669244078125 0.30557710312499997 0.5707784984375001 0.3072484984375 0.5707929015625 0.309681021875 0.5762117828125 0.3095427359375 0.5799880921875 0.31271464843749996 0.5835500609375 0.32036048125 0.5868587921875 0.32155743281250004 0.5823072890625001 0.324304990625 0.579290859375 0.329545675 0.5785543296875 0.334731609375 0.5750705578125 0.344366984375 0.5747183328125 0.3477288375 0.5772516703125 0.35099416250000004 0.5779193484375 0.3535461453125 0.5818193218750001 0.351806728125 0.58606995625 0.34749826875 0.5886793484374999 0.34436208125 0.5948808609375 0.34808477031249996 0.5976127875 0.3510682890625 0.602203171875 0.351948659375 0.606087196875 0.3504322109375 0.6095554359375 0.3510534890625 0.6139760546875 0.34073892968749997 0.6225638906250001 0.33539628125 0.622563690625 0.330535478125 0.6212429562499999 0.325002890625 0.6222713890625 0.31928056250000003 0.619569615625 0.30538858125 0.6205200671875 0.2814828921875 0.62387979375 0.2719759046875 0.6120660640625 0.2632282984375 0.6104158734375 0.25910843125 0.6072380093749999 0.256298921875 0.6086347984375 0.253731009375 0.61175063125 0.2414257578125 0.614481959375 0.22994880312500002 0.6231069312499999 0.22281375468750003 0.6246114546875 0.22009025937499999 0.6290003921875 0.21486842031250003 0.6322399078125 0.1914977765625 0.63702655625 0.1865348109375 0.6397279328125001 0.1757123625 0.6482609187499999 0.1704559453125 0.651254415625 0.162476234375 0.653878009375 0.1611845203125 0.6565651828125 0.1539803203125 0.6575776671875 0.1504974625 0.6565634546875 0.1480505546875 0.6581601625 0.143828525 0.6590044078124999 0.139950253125 0.6575455875 0.138674271875 0.65797579375 0.13363340625 0.6613129484375 0.133721184375 0.664306428125 0.1299808 0.6685889781250001 0.13337700937500002 0.6713667875 0.132041971875 0.674935759375 0.1286542921875 0.671028584375 0.125534253125 0.6702158375 0.12341267656249999 0.6622491984375001 0.11908692031250001 0.6623553859375 0.1098475734375 0.6536360859375 0.1073818234375 0.6527298078125 0.1060541859375 0.6504123374999999 0.1017371765625 0.6493907078125 0.0955671625 0.65301278125 0.09032084375 0.6596370828125 0.09023576093749999 0.6661608515624999 0.09253718125 0.669468053125 0.09923216406249999 0.6684024843749999 0.1020428203125 0.6765231578125 0.10056969687499999 0.6791095984375 0.0964772046875 0.6773053546875001 0.097596475 0.6733911781249999 0.09659664531249999 0.671026059375 0.09391534375 0.6697761234375 0.0919846390625 0.6702967671875 0.09015067812500001 0.67268461875 0.09099470781249999 0.6763212937499999 0.0928751046875 0.677811596875 0.09251385 0.6823703015625 0.090937 0.6842186828125 0.085558446875 0.6839742281250001 0.084672225 0.6859764265625 0.0861451484375 0.6881488265625 0.0917123125 0.6873664125000001 0.0964608578125 0.6890784546875001 0.0943604046875 0.697889340625 0.1045008265625 0.732027484375 0.10305353125000001 0.7359877625 0.10343455937499998 0.7434479609375 0.1011612453125 0.7557891359375 0.10238806874999999 0.7668873390625001 0.09711435625 0.7673776328125 0.0927553890625 0.7767568109375 0.0874989734375 0.7797503078125 0.08501707343750001 0.7858582890625 0.0783652171875 0.7908009 0.0770905828125 0.7959897296875 0.0712829546875 0.799810175 0.068915078125 0.8055281796875 0.060572981250000005 0.8079534015625001 0.0585488625 0.8113683390625 0.05456688125 0.813931846875 0.0610575203125 0.8161501124999999 0.066444621875 0.8200255890625 0.0617392015625 0.8221905890625001 0.0607391734375 0.8245843109375001 0.06132609375 0.8287604578125001 0.06342049375 0.8305946359374999 0.0684541578125 0.8283850812500001 0.072047509375 0.8290066578124999 0.07334057187500001 0.8310781078125 0.07243552343750001 0.8353377078124999 0.07991744218749999 0.83629006875 0.0817183921875 0.8384163687499999 0.0857434984375 0.8397299031250001 0.0966187328125 0.83870166875 0.1068221828125 0.840022603125 0.1130438515625 0.8391482046875 0.12180020625000001 0.8396705765625001 0.1250399203125 0.8389659625 0.1280047953125 0.836294521875 0.134658 0.8361105343749999 0.13791499375 0.8331487359375 0.1435683875 0.83536001875 0.146961903125 0.8286205828125001 0.15825181093750001 0.8257826500000001 0.16704972499999998 0.82542189375 0.17734700625 0.8190912421875 0.175183453125 0.8167650234374999 0.18351701874999998 0.8154691671875 0.18698978125000001 0.812852575 0.1857802375 0.7994971875 0.1839864875 0.7962432875000001 0.18152000468750001 0.7810622515625 0.18015529531250002 0.7642226765625 0.1834787453125 0.7522356718750001 0.18585671718750002 0.750148471875 0.1880103734375 0.7440850453125 0.19552417187499999 0.7357661796875 0.1970736296875 0.727783790625 0.20214885468750002 0.7246911078125 0.206146784375 0.71987218125 0.21279864062499998 0.7149295703125 0.2214487890625 0.7051981859375 0.2344262421875 0.6953603953124999 0.25023008281250003 0.6913863124999999 0.254469390625 0.68828488125 0.2600365546875 0.6875024671875 0.27341076875 0.682867909375 0.31496322656250003 0.672019978125 0.3410064234375 0.6696110843749999 0.37172070156250003 0.66955310625 0.3798899375 0.6706581734375 0.3895253125 0.6703059484375 0.3928182296875 0.67234879375 0.4056756078125 0.6735460437499999 0.4163451703125 0.675803409375 0.433082384375 0.6832196500000001 0.44480341250000005 0.6858294218750001 0.459609921875 0.6937663078125 0.4715036125 0.6976046296875 0.47694998593750004 0.6983428890625001 0.483991421875 0.7044914984374999 0.490154034375 0.706755865625 0.49532402031249995 0.7055275125 0.500443915625 0.7063116546875 0.5060268109375 0.703272275 0.5111810640625001 0.7043008890625 0.5212293484375 0.7021376359375 0.5228405578124999 0.7005337265625 0.51995201875 0.69780921875 0.515194725 0.6972249953125 0.5119466796875 0.6943001343749999 0.5069046828125 0.6928802140625 0.503940009375 0.6907928140624999 0.49844177968750003 0.6920657203125 0.4936860515625 0.6962416671875 0.487953428125 0.694667928125 0.4879619578125 0.6935385625 0.494123440625 0.6910458546875 0.497302734375 0.6839609953125 0.502628103125 0.686218378125 0.5093158843750001 0.6862804109375 0.5133322421875001 0.6887217625 0.5249326796875 0.688093365625 0.5267767375 0.68933631875 0.529973128125 0.6895135046875 0.533688834375 0.693374578125 0.5406525703125 0.6954001265625 0.54635781875 0.69560024375 0.5485889578124999 0.69365833125 0.5511036671875 0.687795040625 0.5566712484375 0.6822553328125001 0.5587544046875 0.67094124375 0.5658193875 0.6641891515625 0.5671618265625 0.6547337390625 0.5726068343749999 0.6459529859375001 0.5758611328125001 0.6334739421875 0.5811350453124999 0.628224809375 0.5833219281249999 0.617648778125 0.5877772234374999 0.6148941 0.589284921875 0.6125536796875 0.59026495625 0.5981395078125 0.5964336218749999 0.5897588109375 0.6021882484375001 0.578432065625 0.6019623828125 0.5744560546875 0.6044267859375 0.5706037109375 0.6044943734375 0.5663355796875 0.6099063703125001 0.562068978125 0.615007621875 0.5555912937499999 0.6178835859375 0.5451692984375 0.6204169234375 0.5418074453124999 0.6242754203125 0.5312473640625 0.630703178125 0.5223300734375 0.63173466875 0.5154224171874999 0.6379035328125 0.5022828796875001 0.6390746578125001 0.49635753749999995 0.6448735375 0.4936649109375 0.6458302421875 0.4921529859375 0.6463109375 0.48131498749999996 0.6477912609375001 0.47760094531249997 0.6532551140625 0.47132317968750004 0.6566142703125 0.464339271875 0.6619212109375 0.459336375 0.6643326109375 0.44797773125000007 0.6730851203125 0.42946539375 0.67727144375 0.4236180515625 0.6803892031250001 0.410156259375 0.6854386 0.4056897390625 0.6854704796875 0.39641851250000004 0.68695235 0.39270425468750003 0.6955867671875 0.38522983593750004 0.696911709375 0.378030059375 0.704992434375 0.361866890625 0.7128502078125 0.3512465046875 0.718327296875 0.3284356859375 0.7225654734375 0.3205771796875 0.72921733125 0.31563456875 0.7278874140625 0.2990425609375 0.72576696875 0.29583299687500003 0.7252492015625001 0.292148890625 0.727326521875 0.2914814125 0.7296007859375 0.293416540625 0.7330144921875 0.2939387140625 0.7411740484375 0.2866556828125 0.7539749953125 0.25655463125 0.7612456515625 0.246516940625 0.7623651203125 0.2378439234375 0.7674304656250001 0.23112198281250002 0.77032505625 0.22320142656250003 0.7755125375 0.2197174375 0.778612603125 0.213270121875 0.7784215140625 0.2047812921875 0.7803681484375 0.197244840625 0.7844350140625 0.19291640625 0.7856050078125 0.1822339890625 0.7922052093749999 0.17454370156250001 0.795219259375 0.1651042375 0.8022323703125 0.155602921875 0.8046794765625 0.14924737500000002 0.81062384375 0.14165083750000002 0.8096399640625 0.1370303 0.817066184375 0.12095911562499999 0.8180460187499999 0.11130378437499999 0.822570246875 0.1090395984375 0.8273277406249999 0.10486498124999999 0.832867528125 0.10270894687500001 0.8347452296875 0.0946820046875 0.83364054375 0.08682175156250001 0.8307951109375 0.083213896875 0.83169028125 0.07532504062499999 0.8301901812500001 0.067020178125 0.83369751875 0.06464960625 0.839271865625 0.057979203125 0.8368494390624999 0.056191126562500006 0.830524259375 0.0563290125 0.8281375390625 0.05954403125 0.8287244578124999 0.063720178125 0.827733178125 0.06498608125000001 0.8231831218749999 0.0658764296875 0.814833825 0.069429253125 0.8201504453125 0.0728144546875 0.8128267859375 0.075345846875 0.8108013187499999 0.074002159375 0.8109036984375001 0.069981596875 0.8083849437499999 0.06156901875 0.8100381296875 0.0543246875 0.8044536687500001 0.0526038984375 0.8003858734374999 0.0474164171875 0.8005915453125001 0.0441308171875 0.8027279234375 0.0403245734375 0.8113780703125 0.030593189062499998 0.8111193953125 0.026372489062499997 0.80758488125 0.0226106 0.8047928687500001 0.021751751562499998 0.7878423828125001 0.028266390625 0.7851033562499999 0.030153454687499998 0.7786571703125 0.031810467187500004 0.7779420625 0.035041434375 0.7710398609375 0.0393928203125 0.7531845265625 0.04540821875 0.7453617453125 0.0515173296875 0.7294528453125 0.05475511875 0.7272818937500001 0.058315342187499994 0.7131669609375 0.064808578125 0.7066529734375 0.070732171875 0.69886341875 0.07232868125 0.6958985265625001 0.070239734375 0.6896424999999999 0.0708696609375 0.6888757375 0.0713529515625 0.6908320515625 0.0722045984375 0.694468728125 0.0719443765625 0.695768990625 0.072888225 0.695830940625 0.074507865625 0.6916417218750001 0.07559680156250001 0.685169709375 0.075879975 0.6849456109375 0.07190529531249999 0.67898146875 0.0674829296875 0.6762570421875 0.0623559515625