0 0.49073882031249993 0.7074627625 0.49937017656249993 0.7157176578125 0.511100584375 0.7274260328125 0.518542196875 0.744625765625 0.521784665625 0.7516219046875 0.5380853359375 0.7437142062500001 0.548253465625 0.7560051421875 0.56433555625 0.7615710984375 0.5951120265625 0.7653014328125 0.6268866796875 0.76915 0.666513609375 0.768268628125 0.6966334421875 0.746154159375 0.7088225171875 0.7335348749999999 0.7286511375 0.714126778125 0.7517536812500001 0.6862529203125 0.7698529609375 0.6793164843749999 0.788145865625 0.6754178265624999 0.7658809546875001 0.6610868796875 0.765969121875 0.6549770171875 0.770017809375 0.647919515625 0.784816146875 0.6299453984375 0.7748024375 0.61863053125 0.7797833484375001 0.5937138281250001 0.7581684421875 0.588949471875 0.751508984375 0.59228695 0.7368354046875 0.5837119046875 0.7406613906249999 0.5754800734375001 0.7140905328125 0.5610587328125 0.7386442421875 0.5303926031249999 0.6954293125000001 0.523715459375 0.6760145484375 0.5260315984374999 0.63352033125 0.5370175046875 0.6082898171875 0.53616961875 0.599207559375 0.5170718984375 0.57649705625 0.525885053125 0.5623719484375 0.54503179375 0.5570933625000001 0.5474003625 0.5342284937499999 0.5406393140625 0.51935319375 0.5505767578125 0.50210726875 0.57254225625 0.48747052343749997 0.58989769375 0.4602282625 0.6128517765625 0.4553893390625 0.6201165453125 0.4731430546875 0.631903540625 0.477599796875 0.6392600625 0.46290885 0.6694937984375 0.46076390624999997 0.6895898468749999 0.47673660625 0.7006816015624999 0.49073882031249993 0.7074627625
0 0.8067502328125 0.6992565078124999 0.809006246875 0.694804209375 0.8085846125 0.690819253125 0.8070560609375 0.6863728453125 0.8010835359374999 0.6839492890625001 0.7966077421875 0.685782921875 0.7988235875 0.689102753125 0.80109071875 0.6918785296875 0.802106440625 0.694719890625 0.8000554265625001 0.697978571875 0.7978177515625 0.698630953125 0.79405981875 0.6970551546875 0.79283868125 0.6954293359375 0.792197221875 0.6928327875 0.7930809046875 0.6897213375 0.7938455624999999 0.68747355 0.78862856875 0.6832251390625 0.778377903125 0.67682315625 0.774561871875 0.6801993734375 0.78703574375 0.6882106453125 0.787746896875 0.6898381578125 0.786456603125 0.6945058328125 0.7885322484375 0.700106440625 0.7960287312500001 0.7025299265625 0.8012039203124999 0.7027562625 0.8067502328125 0.6992565078124999
0 0.7736022546875 0.20740320781250002 0.787537046875 0.1998213390625 0.7923384312499999 0.18670520468750001 0.7865975203125 0.178281615625 0.7856349218750001 0.179529015625 0.7645923546875 0.18165508749999998 0.7600857249999999 0.1807209171875 0.7516605796875 0.1824016578125 0.7443469078125 0.1843621125 0.7272964890625 0.18659189375000002 0.7203624015625001 0.1874059109375 0.713944425 0.1861557140625 0.70982321875 0.18770946718749998 0.70227724375 0.1881033703125 0.6964735390625 0.189468359375 0.6874446140625 0.19192864375000002 0.68456443125 0.1910093703125 0.6785840875 0.19234762968750002 0.6742767781250001 0.1943210734375 0.6496710328125 0.1976321265625 0.6385656671875 0.20173145468749998 0.645278225 0.2077368140625 0.6453440390625 0.218994109375 0.6420417859375 0.23333815625 0.6260121078124999 0.24131144999999998 0.6206823578125 0.24368895781250002 0.6300623046875 0.24956860781249998 0.639998240625 0.2539061078125 0.6488950015625 0.25414863125 0.6604875703124999 0.2553451265625 0.66604034375 0.25638719375 0.662710009375 0.2478936 0.6710483093749999 0.24345111875 0.6839962296875 0.2443262390625 0.69271285 0.2451320890625 0.7069678015624999 0.242882959375 0.714483315625 0.252028725 0.7227745203125 0.25328558125 0.7307480109375 0.2500325734375 0.7373225140625 0.24576076093750002 0.7378572625 0.2393051765625 0.7467043906249999 0.22937542031249997 0.7600792249999999 0.22051329062499997 0.7624057328125 0.2111364921875 0.7736022546875 0.20740320781250002
0 0 0.280391734375 0.0021009890625 0.2802161890625 0.0037206999999999995 0.27986374999999997 0.007651709375 0.281248978125 0.0112187 0.28174891875 0.0193426859375 0.27939708125 0.023630226562500002 0.27841978749999996 0.029031434374999998 0.27857012812500004 0.034839796875 0.2769357765625 0.0356583609375 0.27491047343749997 0.035224629687499995 0.27176949375000004 0.030325384374999997 0.272240609375 0.0266800453125 0.2735894890625 0.022074309375 0.27479468749999997 0.0176792203125 0.2759888453125 0 0.2780441578125 0 0.280391734375
0 0.1805423171875 0.2541806734375 0.171390409375 0.2553690890625 0.156065065625 0.25761485781250004 0.1318480453125 0.26076002656249997 0.1222608265625 0.2611060078125 0.1346846453125 0.2670874296875 0.15194220625 0.2651080890625 0.16381535 0.26464230781250003 0.1803204359375 0.261471028125 0.1888135078125 0.2575336390625 0.1915978359375 0.254116046875 0.1805423171875 0.2541806734375
0 0.23594779843749997 0.24787858906250002 0.2216902953125 0.24942219687499997 0.21676051875 0.250176546875 0.2094429625 0.25077909374999996 0.203852196875 0.25107209375 0.1963038640625 0.25282423125000003 0.20399967812500003 0.252602409375 0.20896493125 0.2536893515625 0.2155636875 0.253343525 0.2227611 0.25346388124999997 0.2304806390625 0.253276803125 0.2360102140625 0.2504428984375 0.23594779843749997 0.24787858906250002
0 0.275983896875 0.2472214234375 0.287700925 0.246762259375 0.28973294374999997 0.24361879062499997 0.2904193046875 0.24151905468749998 0.28645137656249997 0.24107141875 0.278499740625 0.24354721875 0.2609402578125 0.24496033437500003 0.2537022078125 0.2462440296875 0.2629076640625 0.2468834421875 0.2712049109375 0.2468225515625 0.275983896875 0.2472214234375
0 0.307739846875 0.23883075781250002 0.31707321093749996 0.2418511140625 0.32662880156249996 0.2404537859375 0.33063580312499996 0.2402437875 0.341608046875 0.235037409375 0.31430378281250004 0.238119065625 0.307739846875 0.23883075781250002
0 0.45628174843749997 0.22024683125000002 0.45237046249999996 0.2228504140625 0.46901987343749996 0.224672171875 0.4721753265625 0.22230534687499998 0.4880296875 0.2168384140625 0.4702902875 0.2196550578125 0.4656317671875 0.21892755625000002 0.45628174843749997 0.22024683125000002
0 0.8429494765625 0 0.8414880171875 0.0004573546875 0.8434622640624999 0.006690698437500001 0.8615305921875 0.00597065 0.9180141578125 0 0.8429494765625 0
0 0.922626421875 0.184228375 0.9263429437499999 0.180386415625 0.92836404375 0.1757508484375 0.9263978843749999 0.172657321875 0.9243931953125 0.1710976015625 0.9196872390624999 0.169853125 0.9157564453125 0.17154710625 0.9125489296874999 0.1731593703125 0.9068275124999999 0.17600489375 0.9048758703124999 0.1781443421875 0.9033825015625 0.186789034375 0.9035084343750001 0.1891919859375 0.9048993484375 0.1936393484375 0.9078538265624999 0.194304384375 0.9144146125000001 0.1918905234375 0.918781125 0.18773286250000001 0.922626421875 0.184228375
0 0.880381521875 0.610689378125 0.8827296828125 0.60363650625 0.8902464546875001 0.5997893984375 0.8892805875 0.5921372734375 0.8853784078125001 0.591839528125 0.8722365062499999 0.6115950203125 0.880381521875 0.610689378125
0 0.9421789015625001 0.6260684171875 0.9363294312500001 0.6242314125 0.9310942765625001 0.62077096875 0.9266069484375 0.61945870625 0.9217791546875 0.6213827609375 0.9356619921875 0.630961503125 0.941485265625 0.635373721875 0.9459522343750001 0.6366557578125 0.9491923203124999 0.632619715625 0.9505035312500001 0.629157284375 0.9456247328125 0.6270628765625 0.9421789015625001 0.6260684171875
0 0.9003556749999999 0.6824892859375 0.89635469375 0.6899495296875 0.906651021875 0.6904457171875 0.9048873453124999 0.6845580765625 0.9003556749999999 0.6824892859375
0 0.8951669640625 0.7222497078125001 0.8876503437500001 0.7162176421875001 0.8799565812499999 0.710567246875 0.86451840625 0.7057936765624999 0.86323634375 0.7048563640625 0.8639717328125001 0.714529571875 0.8730104484375 0.719719884375 0.8799231046875 0.7218406984375 0.8907411406250001 0.7250069906250001 0.9035988937500001 0.72807264375 0.906916221875 0.7278690625 0.8951669640625 0.7222497078125001
0 0.7946791984375 0.7444908734375 0.8089820234375 0.7455734921875 0.8119438671875001 0.7437816515625 0.7985265421875 0.7358605046875 0.7891217796875 0.7333586578125 0.7881337562499999 0.7418235296875 0.7946791984375 0.7444908734375
0 0.425489515625 0.7949287671875 0.42671945625 0.8034698515625 0.43731486718749996 0.79665599375 0.425489515625 0.7949287671875
0 0.3831863296875 0.8386088562499999 0.3851555625 0.846328875 0.3959962984375 0.8441960921874999 0.3915638640625 0.8342581984375 0.3831863296875 0.8386088562499999
0 0.675624278125 0.8506641078125 0.6753756359375 0.8608473265625 0.68744963125 0.8523913343749999 0.675624278125 0.8506641078125
0 0.6554280265625 0.8235589515624999 0.655015834375 0.8306214531249999 0.6656930187500001 0.825367953125 0.6554280265625 0.8235589515624999
0 0.4839388546875 0.895132090625 0.477530553125 0.9072027671875 0.4850870203125 0.9021128171875 0.4839388546875 0.895132090625
0 0.515568171875 0.84184120625 0.5121988125 0.852187975 0.5244363562500001 0.8468527 0.515568171875 0.84184120625
0 0.8476604968749999 0.5357601140625 0.8557076140625 0.5400323140625 0.8545594484375 0.5330515890624999 0.8476604968749999 0.5357601140625
0 0.84223349375 0.56655509375 0.8452691187499999 0.5796954796875 0.8527438125 0.573045171875 0.84223349375 0.56655509375
0 0.7482064171875 0.5487955015625 0.7500121015625 0.553394803125 0.75510536875 0.5460869765624999 0.7482064171875 0.5487955015625
0 0.9175661234374999 0.45151733437499997 0.9155935718749999 0.458661609375 0.9201928734375 0.45685592656249996 0.9175661234374999 0.45151733437499997
0 0.9651581390624999 0.6281749125 0.96852418125 0.6326924390625 0.972138865625 0.627026746875 0.9651581390624999 0.6281749125