0 0.583623228125 0.4525239671875 0.5903363765625 0.45241304062500004 0.5930293703125 0.45440540625 0.5957893984375 0.456477865625 0.5981751625 0.45429839687499995 0.5992381453125 0.44948223593750003 0.6027125453125 0.44404577187500005 0.6046782484375 0.44161578281249997 0.602910821875 0.439021234375 0.601203259375 0.4382446671875 0.594021240625 0.4362040734375 0.5908600703125 0.433801065625 0.5877716140625 0.43386278906250003 0.5833236515625 0.43437643125000003 0.5823746812499999 0.4423223296875 0.581864946875 0.4463349609375 0.5828169515625 0.4502017484375 0.583623228125 0.4525239671875
0 0.4249056734375 0.732681953125 0.42334319374999996 0.7376209109375 0.4249436375 0.742825021875 0.42665854062499997 0.74643939375 0.42909968281250005 0.7511928265625001 0.43243789843749997 0.7385810828125 0.4326077125 0.7364918640625 0.42786155781249996 0.7335304953125 0.4249056734375 0.732681953125
0 0.4655577390625 0.0405639390625 0.4662306421875 0.0738322609375 0.46982852968750005 0.07842485625 0.472070484375 0.078391975 0.4724933671875 0.0749543828125 0.4783545796875 0.0663242140625 0.48299313125000004 0.059718815625 0.4871928328125 0.05518858125 0.48900749218749995 0.0477760953125 0.48371550625 0.039239028125 0.482190296875 0.035300984375 0.47991127968749997 0.032315303125 0.4714795578125 0.0377335953125 0.4697318703125 0.0406567296875 0.4655577390625 0.0405639390625
0 0.49193228906249997 0.12034704062499998 0.497458675 0.12324322031249998 0.4992569484375 0.12321808281249999 0.50039393125 0.12058221250000001 0.507413765625 0.121836453125 0.507302034375 0.0982457484375 0.4928794109375 0.09770206249999999 0.4886318328125 0.0993998890625 0.48730979531249996 0.10629588593749999 0.48553681718749997 0.1103665125 0.483159071875 0.115780709375 0.49193228906249997 0.12034704062499998
0 0.47600070156249996 0.10390383125 0.475816259375 0.09602303749999999 0.46826470000000003 0.0967158734375 0.471539428125 0.10275964062500001 0.47600070156249996 0.10390383125
0 0.563349046875 0.0980331859375 0.5652221187500001 0.10077122499999999 0.571559540625 0.10115911875000001 0.5733300890625 0.10160484843749999 0.574715009375 0.0983114265625 0.5694909703125 0.0950099078125 0.5674014109375001 0.095268290625 0.563349046875 0.0980331859375
0 0.5844614421875 0.10554242968750001 0.5804404671875 0.10670340625000001 0.5767058453125 0.11039258437499999 0.57228195625 0.1166723109375 0.5754344875 0.11911766406249999 0.5814185796875 0.1246 0.5883791281249999 0.1271132796875 0.59075595625 0.12648107656250002 0.5964406140625 0.123940853125 0.5974419515625 0.11980087187499999 0.6004132249999999 0.117412715625 0.603663928125 0.112500546875 0.6005152859375 0.108218909375 0.5989514046875 0.104572209375 0.59708033125 0.102485796875 0.5932364171875 0.10358429843750001 0.589717759375 0.1071118703125 0.58748933125 0.10881508437500001 0.5844614421875 0.10554242968750001
0 0.724589615625 0.1113055453125 0.7234570015624999 0.10855145625 0.72042934375 0.1069931203125 0.717537753125 0.1065153875 0.713959078125 0.10964863437500001 0.7171033296875 0.11430540625 0.7189455125 0.1151843265625 0.722875234375 0.11354049375 0.724589615625 0.1113055453125
0 0.7435527234375 0.1089367328125 0.740417125 0.108088203125 0.7364763828124999 0.10883209062500002 0.734763059375 0.10933707031249999 0.7329664984375001 0.111698471875 0.7371414015625 0.116670115625 0.7395323546875 0.116847165625 0.744711646875 0.11418293125000001 0.7463913375 0.1124674171875 0.7435527234375 0.1089367328125
0 0.7639520640625 0.26844094687500003 0.76057748125 0.2674199984375 0.7590445390625 0.2715442546875 0.7619153078124999 0.27593232031250003 0.7656590515625 0.2793909484375 0.766711 0.27662841875 0.7639520640625 0.26844094687500003
0 0.8729712093750001 0.361249309375 0.8700624890625 0.363550425 0.8691090906250001 0.3682880984375 0.8716681921875 0.3709360265625 0.87426324375 0.37000309374999996 0.877162653125 0.367616190625 0.8861407109374999 0.35929729843749997 0.8834130953124999 0.3582759953125 0.8761814796875 0.3579599703125 0.8729712093750001 0.361249309375
0 0.659348884375 0.4870857609375 0.655852640625 0.486973325 0.6525942140625001 0.49027913281249996 0.655118353125 0.49405753125 0.6583836562500001 0.4929363109375 0.659348884375 0.4870857609375
0 0.8066252203125 0.586060196875 0.8074058671875 0.5899581046875 0.8103234796875001 0.58968839375 0.8151770875000001 0.5900318640625 0.8155752390625001 0.5894748296875 0.8116597546875 0.5838766875 0.8095845734375 0.5833471984374999 0.8066252203125 0.586060196875
0 0.8281627015625 0.57951456875 0.825616565625 0.5793105375 0.8233767578125001 0.5810780203125 0.8243625234374999 0.58285015 0.8254736656249999 0.5835683671874999 0.82865786875 0.5818297171875 0.8281627015625 0.57951456875
0 0.8571427140625 0.5960222500000001 0.8595908765625 0.595806053125 0.8615611781249999 0.5943558203125 0.8630101421875 0.5924036734375 0.862023709375 0.59104099375 0.8595723 0.5867737515625 0.8556228625 0.584512646875 0.8541134078124999 0.5852375390625 0.8519980765625 0.586526215625 0.8499246875 0.5883376765625 0.8524183781250001 0.5911774000000001 0.8528088828125 0.5921519843749999 0.8544113703124999 0.5953245 0.8571427140625 0.5960222500000001
0 0.681583915625 0.6001836828125 0.6834696171875 0.5958563625 0.6818766953125001 0.5892925390625 0.6773664390625 0.590355790625 0.6660938796875 0.5978458515625 0.6637422078124999 0.6009936234375 0.6656018546875 0.60305210625 0.67253660625 0.6028341703125 0.6772230687499999 0.60300240625 0.681583915625 0.6001836828125
0 0.7006353734374999 0.5964303046875 0.69537591875 0.5944124125 0.688884603125 0.5967573078124999 0.68547415 0.597531009375 0.685119840625 0.60221134375 0.741325828125 0.6043916828125 0.8860820390624999 0.6148544328125001 0.8826147765625001 0.6112097015625 0.883477475 0.609333421875 0.886505559375 0.605454984375 0.88017379375 0.6021681125 0.8743152750000001 0.607013284375 0.8681216671875 0.6111938890624999 0.8655329999999999 0.6112390750000001 0.8545169984375001 0.6092544656250001 0.8403617531249999 0.6082716718750001 0.8310391125000001 0.6080405890625 0.827334203125 0.6036733328125 0.8213997187500001 0.6019281999999999 0.8170684078124999 0.6017834578125 0.8077879093749999 0.6047724421875 0.80253224375 0.6063737859375 0.7767370312499999 0.60239680625 0.7716598343750001 0.5970330359375 0.7638403171875 0.5966991421875 0.758461546875 0.5966195640625 0.753439621875 0.59692913125 0.745422890625 0.5948765421875 0.7430376734374999 0.5924318609375 0.73866425 0.591217378125 0.7314645890625 0.5930901890625 0.730371859375 0.5952173968750001 0.7216314390624999 0.5932462000000001 0.7167973765625 0.59285863125 0.7149429703125 0.5928910000000001 0.7086413765625 0.5942871281250001 0.7006353734374999 0.5964303046875
0 0.973410709375 0.480814609375 0.969861540625 0.4822361421875 0.9639787265624999 0.4865847859375 0.9661287203125 0.49032595937499995 0.9666846671875 0.4875283296875 0.9697173015624999 0.49169947656249996 0.9702209125 0.4896638140625 0.9740694640625 0.485428815625 0.973410709375 0.480814609375