0 0.4291998140625 0.5650703578125 0.42268367500000004 0.566688571875 0.4196115171875 0.5653530625000001 0.416456028125 0.5639545906250001 0.414621684375 0.56661488125 0.4146693453125 0.571546721875 0.4125069328125 0.5776254203125 0.411138240625 0.5804353156250001 0.4134440125 0.5825657828125 0.4152825015625 0.582938328125 0.42273947968750003 0.5833110171875 0.4263601875 0.584941328125 0.42935560156249997 0.5841864359375 0.43357401875 0.5826853828125 0.43271122812499996 0.5747296671875 0.432305253125 0.5707052140625 0.43050781093749996 0.5671516859375 0.4291998140625 0.5650703578125
0 0.5208276140625 0.25638912187499996 0.521239021875 0.2512252671875 0.5185089281249999 0.246514559375 0.5160249218749999 0.24337859375 0.5125770546874999 0.23929612812499998 0.5121614218749999 0.25233556875 0.5124659328125001 0.25440944062500004 0.5177566078125 0.2562272578125 0.5208276140625 0.25638912187499996
0 0.636910134375 0.939912921875 0.628770734375 0.907648634375 0.6242319515625 0.9039830953125 0.6220548546875 0.9045194656250001 0.6224160999999999 0.9079640796874999 0.618646475 0.91769154375 0.6156127 0.9251710921875 0.61253971875 0.9305299453125 0.6124390140625 0.938160659375 0.6195157890625 0.945288484375 0.621887775 0.9487824984375001 0.6247800140625 0.9511789890625 0.6317767812499999 0.9440028437500001 0.6328221140625 0.9407614843750001 0.636910134375 0.939912921875
0 0.5932642703125001 0.8681076390625 0.587228025 0.8665288546875001 0.5854814968750001 0.866957871875 0.584966596875 0.8697819499999999 0.5778445375000001 0.8701389734375 0.583260159375 0.8930999171874999 0.597435434375 0.890385284375 0.60119221875 0.887775475 0.6009291109375 0.8807588281250001 0.60174095625 0.8763936984375 0.6028398312500001 0.870583390625 0.5932642703125001 0.8681076390625
0 0.61248645 0.8805455828125 0.6144389578125 0.8881829015625 0.621641115625 0.8858090921875 0.6170907671875 0.880656878125 0.61248645 0.8805455828125
0 0.5286974437499999 0.9059148671875 0.5262564546874999 0.9036683515625 0.519994203125 0.904716009375 0.518168765625 0.9046799906249999 0.5175601999999999 0.9082005421874999 0.523393028125 0.9102422890625 0.5253709078125001 0.9095204796875 0.5286974437499999 0.9059148671875
0 0.5064369453124999 0.9033473390625 0.5100937 0.9013115953125 0.51290271875 0.8968768640624999 0.51580059375 0.8897629281249999 0.5121787765625 0.8880894140625 0.5051148000000001 0.88409371875 0.49776728437499995 0.8832106359375 0.49559358906249995 0.88436130625 0.4906260546875 0.8881151921875 0.49058167499999994 0.89237431875 0.4882237734375 0.8953696578124999 0.4861613828125 0.9008871765625001 0.49019248437499996 0.9043507875 0.4925366125 0.9075522250000001 0.4948290703125 0.9091642640625001 0.49832735625 0.907229221875 0.5009623000000001 0.9030005359375 0.5027504734375 0.9008396890625001 0.5064369453124999 0.9033473390625
0 0.3686038296875 0.9292539109375 0.37032695000000004 0.93168263125 0.3736275578125 0.9325199515625 0.376552503125 0.9323349734375 0.3793346296875 0.92847700625 0.3752234203125 0.9246468890624999 0.3732307390625 0.9242048953124999 0.3697715171875 0.9266905937500001 0.3686038296875 0.9292539109375
0 0.35065961093750003 0.9358277828125001 0.353905721875 0.9359492093749999 0.35757812499999997 0.9343379125 0.359133940625 0.9334604625 0.36035325625 0.9307554453125 0.35516697812500003 0.9268503718750001 0.352797478125 0.9272157078125 0.348350253125 0.9309767453125 0.34709951875 0.9330261390624999 0.35065961093750003 0.9358277828125001
0 0.2949024640625 0.7850005046875 0.29842021875 0.7852361703125 0.2989861171875 0.78087278125 0.29520182500000003 0.7772429640625 0.2907760109375 0.774715140625 0.290372459375 0.777643503125 0.2949024640625 0.7850005046875
0 0.1678001328125 0.7190947859375 0.17011666406249998 0.7161983281250001 0.1699798828125 0.7113676140625 0.166890715625 0.7093632249999999 0.164572040625 0.7108560046875 0.1622838796875 0.71383395625 0.155407271875 0.7239592609375001 0.158294721875 0.7243408078125 0.1654120828125 0.7230219734375 0.1678001328125 0.7190947859375
0 0.3476402875 0.548428946875 0.3510722171875 0.54775201875 0.35350348593750003 0.54379795 0.3501940859375 0.5406842000000001 0.347264690625 0.5425112171875 0.3476402875 0.548428946875
0 0.18187423125 0.4851211875 0.1802367546875 0.481498790625 0.17745459218749998 0.4824179078125 0.1726481171875 0.48317506562499996 0.1723854765625 0.4838073875 0.17745991562500002 0.4883812578125 0.17960101875 0.48843036093750003 0.18187423125 0.4851211875
0 0.1623612015625 0.4963439296875 0.164887978125 0.4959699765625 0.16667278125 0.493743946875 0.1653136375 0.49223898593750004 0.1640694109375 0.4917891296875 0.1613579296875 0.4941995078125 0.1623612015625 0.4963439296875
0 0.130410525 0.48677842499999996 0.1280737421875 0.487539796875 0.1264801703125 0.48939608124999995 0.12550748125 0.49162414062500004 0.12677516718749998 0.49272999687499996 0.1301236671875 0.496336421875 0.1344805203125 0.49765114375 0.135788221875 0.496605278125 0.1375594484375 0.494873784375 0.13917220624999999 0.49264234062499995 0.1361036296875 0.49043635625000004 0.1355039 0.4895745953125 0.1332288234375 0.486843871875 0.130410525 0.48677842499999996
0 0.30053364375 0.4432315125 0.29966970625 0.4478721125 0.30269834218749997 0.453909378125 0.3068538203125 0.45185879062499995 0.3161525671875 0.442024925 0.31773587187499996 0.43842881875 0.3154608296875 0.4368414234375 0.308752840625 0.4386137546875 0.304148646875 0.43950405468750003 0.30053364375 0.4432315125
0 0.28281480000000003 0.4511743375 0.2883933828125 0.45195739062499996 0.2941908375 0.448212365625 0.2973398375 0.44669130937499996 0.29663221875 0.4420512296875 0.2413763171875 0.45257036875 0.09797659375 0.47493884062499997 0.10217487656249999 0.47771019375 0.10175635937500001 0.4797324484375 0.0996783421875 0.48419265312500004 0.10658721093750001 0.4859709453125 0.1112056515625 0.47993207499999996 0.11630008437499999 0.47446536093749997 0.118812240625 0.47383900937499995 0.1299923421875 0.47329469218750003 0.1440058703125 0.471068059375 0.1531415546875 0.46919608281249997 0.157733925 0.4726179828125 0.1639088796875 0.47298341875 0.1681617390625 0.47215011875 0.176532003125 0.4671500828125 0.18129274374999998 0.46440751406249997 0.2073214515625 0.4624799046875 0.2134751046875 0.46656408125000004 0.22116931874999998 0.46513040781250004 0.22642813281250002 0.46399798593749997 0.231251709375 0.462566665625 0.23952470468749998 0.46276327500000003 0.24239872187499997 0.46460874375000005 0.2469332546875 0.46480829218749997 0.2535270984375 0.461363909375 0.25411330312499997 0.45904541249999997 0.2630731296875 0.45899992031250003 0.2678704796875 0.4582901265625 0.269670075 0.45784143750000006 0.2754960984375 0.45506354218749995 0.28281480000000003 0.4511743375
0 0.043038549999999995 0.6251879078125 0.0461769796875 0.6230044203125 0.0509307859375 0.6174438859375 0.0479943140625 0.61428224375 0.0480819453125 0.6171332296875 0.044188734375 0.613751184375 0.0441559546875 0.615847959375 0.041358709375000004 0.6208401515624999 0.043038549999999995 0.6251879078125