0 0.6034603328125 0.42131943281249995 0.60856686875 0.423810115625 0.6129293453125 0.419174203125 0.616469971875 0.4151599734375 0.6259254375000001 0.40635667499999995 0.5958740296875 0.39627089375 0.59534208125 0.3964287140625 0.59543596875 0.403065240625 0.5934265953125 0.40726781562500003 0.5890510015625 0.41440552343750003 0.5912764890625 0.41728943906250004 0.5936285203125 0.4207574140625 0.59780430625 0.4212227515625 0.6034603328125 0.42131943281249995
0 0.5752937390625 0.3902960125 0.5779569203125 0.39776464375 0.5804379015625 0.39991696875 0.583522109375 0.396150159375 0.58559648125 0.391957778125 0.5752937390625 0.3902960125
0 0.600578721875 0.3603892625 0.6063450140625 0.353611109375 0.6083073812500001 0.3473755421875 0.6063427703125 0.3301226609375 0.588911484375 0.3399726796875 0.580180946875 0.3713151671875 0.58579850625 0.37322465781249997 0.5887619875000001 0.3717728359375 0.5938566140625 0.3663967125 0.600578721875 0.3603892625
0 0.6874150671875 0.427113003125 0.686111771875 0.42014434375 0.68318251875 0.41753733750000005 0.6822543953125 0.4236829421875 0.6811419875 0.4292792625 0.6748694203125 0.4384309234375 0.6762484546875001 0.44700944375 0.676960265625 0.45086526562499996 0.6866989015625 0.45342149843749996 0.691994409375 0.45146091562499996 0.6952110312500001 0.44816245937500004 0.7016764015625 0.44363519218749997 0.7064713109375 0.4384945578125 0.7040371109375 0.430777315625 0.7003690796875001 0.42839744218750003 0.6951717296875 0.43018985625 0.6895304343750001 0.43034192656250003 0.6874150671875 0.427113003125
0 0.600558159375 0.7973719765625 0.6047993375 0.8011173390625 0.6075090796875 0.8028830921875001 0.6110043203125 0.798287503125 0.61292788125 0.7949984109375 0.6189788234375 0.79130074375 0.6193727609375 0.78544073125 0.6160063734375 0.7822613453125 0.6116455125 0.780930634375 0.6097367546875 0.7774944374999999 0.605913859375 0.7742850296875 0.603684353125 0.7742802515625 0.602016409375 0.77554528125 0.5981444453125 0.779786096875 0.5949107203125 0.785638346875 0.5942689703124999 0.7914812375 0.596062503125 0.7960069375 0.600558159375 0.7973719765625
0 0.46348225625 0.9123073937499999 0.45585356875 0.9145663984375 0.45223728437500005 0.9186096656249999 0.44932545 0.9288050140624999 0.4563107765625 0.9308330359375001 0.46578208749999994 0.9254201984374999 0.4682610953125 0.9199196890625 0.46348225625 0.9123073937499999
0 0.6612362968750001 1 0.65822328125 0.99537485625 0.6528895875 0.9961463734375 0.6447771015625 0.995902715625 0.6369263578125001 0.9982275171874999 0.6381828390625001 1 0.6612362968750001 1
0 0.6693220046875 0.872861196875 0.6699806749999999 0.8676812921874999 0.6660978656250001 0.8701700750000001 0.6693220046875 0.872861196875
0 0.665603725 0.863072315625 0.66138863125 0.86217295 0.6601049140625 0.8661982828125 0.6621630234375 0.86806375625 0.6625119953125 0.8683720328125 0.665603725 0.863072315625
0 0.93160726875 0.7843679031249999 0.9275340421875 0.789258215625 0.9286270140624999 0.7960821015625 0.9316925812499999 0.798765478125 0.943251234375 0.7894583171875 0.9392185718749999 0.7864073453125 0.93160726875 0.7843679031249999
0 0.834600896875 0.6496432328124999 0.8300563375 0.6464756828125 0.8278279359375 0.6509323765625 0.8300224453125 0.6569441781250001 0.8345124265624999 0.65887558125 0.8360465250000001 0.6537101640625 0.834600896875 0.6496432328124999
0 0.8397402234375001 0.6733298546875 0.8350577640625 0.6745243328125 0.8364366171875 0.6775607671875 0.8389610296875001 0.6786567265625 0.840814178125 0.6769020593749999 0.8397402234375001 0.6733298546875
0 0.83756058125 0.475441103125 0.8397352953125001 0.48272640468750005 0.8456915359374999 0.47980706875 0.847398684375 0.47884455 0.8500379140625001 0.4782206953125 0.8463589515625 0.4737696546875 0.83756058125 0.475441103125
0 0.8221850359375 0.46500231249999996 0.8179981703125 0.4678009515625 0.8216665859375001 0.47231851249999995 0.8244381765625001 0.472705015625 0.8283690187499999 0.471279284375 0.8253053703125 0.46687889374999997 0.8221850359375 0.46500231249999996