0 0.5290099609375 0.357681340625 0.5316531890625 0.3479014828125 0.5370764515625 0.336519378125 0.5348771046875 0.3345415296875 0.5327892828125 0.3344167078125 0.517037825 0.3374386421875 0.5082518203124999 0.33962137812500004 0.5070702921875 0.3409651546875 0.5063456375000001 0.35502555625 0.509297040625 0.3588562671875 0.51275276875 0.3592988140625 0.518367040625 0.363957603125 0.5210876375 0.35877693437499997 0.5290099609375 0.357681340625
0 0.4866195234375 0.322138578125 0.4905202375 0.31082150468749997 0.49776596562500003 0.29809696875 0.49526831250000003 0.292603084375 0.4869505703125 0.2797685484375 0.48356183750000004 0.27862218125 0.4791382609375 0.282717571875 0.474297196875 0.29051917656250004 0.47370713750000004 0.29358737968750004 0.47971511875 0.3217627640625 0.48258270156250005 0.32527461875 0.48410484531250003 0.325208078125 0.4866195234375 0.322138578125
0 0.622379696875 0.32906864687500004 0.621728790625 0.32376579843750003 0.618691653125 0.3196151234375 0.6091988796875001 0.3203615296875 0.6038734140625001 0.331631696875 0.5969167 0.322198290625 0.594744553125 0.3265461328125 0.597021471875 0.34271074375 0.5989381296875 0.3469901828125 0.6056893015625 0.352541378125 0.609453909375 0.35221690625 0.613628803125 0.345279671875 0.617188446875 0.3446671859375 0.6154463546875 0.3400853890625 0.6196085265625 0.33597430781250004 0.622379696875 0.32906864687500004
0 0.47197316093749997 0.23944764843750002 0.47381257187500003 0.2355302796875 0.4711608328125 0.2328179296875 0.46961985000000006 0.2366537171875 0.47197316093749997 0.23944764843750002
0 0.7056102 0.6847254046875 0.7081765578125 0.6799289984375 0.7080913296875 0.6748175125 0.7025032515625 0.671693296875 0.694973628125 0.6723407296875 0.6897797609375 0.66876795 0.68562990625 0.6700513671875 0.6815667890625 0.6764458671875 0.683825978125 0.6820036468749999 0.68406585 0.6867323796875 0.6895850203125 0.6905593125 0.7041473953125 0.6931634 0.7056102 0.6847254046875
0 0.6287758765625 0.8701565671875 0.629524103125 0.86696025 0.6394182171875 0.8602861109375001 0.6389766328125 0.85672435 0.6307843640625 0.85849079375 0.6280035984375 0.854101575 0.6234697546875 0.8587392968750001 0.6197048921875 0.861459528125 0.6228931203125 0.8781515593749999 0.62674439375 0.874552453125 0.6287758765625 0.8701565671875
0 0.8206768999999999 0.844413309375 0.8158306484375 0.8495634093750001 0.8402372421875001 0.8460195125000001 0.8417985765625 0.8434610453125 0.8406217578125 0.8390691015625 0.836273815625 0.836981096875 0.8206768999999999 0.844413309375
0 0.90625406875 0.8245645406250001 0.9025916140625 0.8262301453124999 0.899204290625 0.8298764046875 0.8912987906250001 0.8319946781249999 0.8795935234375 0.832392465625 0.8750674875 0.83035218125 0.8709864421875 0.8357259140625001 0.8513385734375 0.8443276921875 0.8825677687500001 0.8410957953124999 0.8912739046875 0.840045765625 0.9474224578125 0.8339882968750001 0.95220078125 0.8331366171875001 0.9531329671875 0.8313452484375 0.9487264156249999 0.8268772546875001 0.94210359375 0.824201765625 0.9304166609375001 0.825621828125 0.9267710296875 0.8283101125 0.91078906875 0.8271152078125 0.90625406875 0.8245645406250001
0 0.980146321875 0.806390878125 0.9832048390624999 0.803431240625 0.9869496765625 0.8054236453125 0.9904141953125001 0.8027838890625001 0.9874658921874999 0.79801089375 0.98256231875 0.79504458125 0.9787989671874999 0.797764409375 0.97544010625 0.8008045234375001 0.980146321875 0.806390878125
0 1 0.8188875734375 0.9985784296875 0.817285265625 0.9961120609374999 0.8176614265625 0.9923471984375001 0.8203816578125 0.9892530921875 0.82320848125 0.9859167453125 0.8235314328125 0.9803411578125001 0.825881128125 0.9805829953125 0.8283834890625 0.9951719640625001 0.8293240093750001 0.995813303125 0.827727040625 1 0.8272713421875 1 0.8188875734375
0 0.97409871875 0.5302774640625 0.9735986249999999 0.5324076062499999 0.9748116843749999 0.5329382875 0.9779202484375 0.53495883125 0.9795464609375 0.5362345296875 0.9818983859375001 0.5370310734375 0.98165655 0.5345287109375 0.9834246609375 0.5323435062499999 0.98674655 0.5271731890625 0.9868315781250001 0.5242969265624999 0.9851357000000001 0.52275519375 0.983993815625 0.522490140625 0.9803290953125 0.5231873984375001 0.97700745625 0.5243621296875001 0.97523934375 0.5265473359375 0.97409871875 0.5302774640625
0 0.7812317734375 0.716043684375 0.7807327374999999 0.7141812578125 0.7754284015625 0.7207368734374999 0.7786797203125 0.7232901843749999 0.78131740625 0.7211566781250001 0.7812317734375 0.716043684375
0 0.78696416875 0.7190726140625 0.7859526953125 0.7224818171875 0.7868505796874999 0.724238990625 0.788704575 0.72317119375 0.78696416875 0.7190726140625
0 0.7959810734375 0.7702919359375 0.7935285578125 0.767526203125 0.7920308421875 0.76992365625 0.7948121375 0.7723165921875 0.7959810734375 0.7702919359375
0 0.7325279328125001 0.8289462265624999 0.7356650578124999 0.8286766546875001 0.736705946875 0.826971009375 0.73606415625 0.824575815625 0.7325279328125001 0.8289462265624999
0 0.5713018765625 0.9842686453124999 0.5657981171875 0.98288989375 0.568309215625 0.9930583296875 0.5708759265625 0.9986469421875 0.573471853125 0.9979513671875001 0.57606626875 0.9972561953125 0.57806301875 0.9967211671875 0.5713018765625 0.9842686453124999
0 0.61055816875 0.9574880296874999 0.6105730765625 0.9663275578125001 0.6122996296875 0.9735680312499999 0.615794496875 0.9866110484374999 0.6175905140625 0.9861298062499999 0.6189880890625 0.985755328125 0.60207011875 0.9098362015625 0.599902053125 0.9121285734375 0.6003586765625 0.9194230062500001 0.6010149250000001 0.926665565625 0.60305514375 0.932679953125 0.6053808734375 0.9397598781250001 0.60679225 0.9482268406250001 0.61055816875 0.9574880296874999
0 0.5847838765625 0.8796617281250001 0.5853120781250001 0.8872232984374999 0.588078865625 0.896752203125 0.589933715625 0.8996780796875001 0.5913881609375 0.8987189593749999 0.583613884375 0.8697049625 0.5816179890625001 0.8742336625 0.583756840625 0.8782254796875 0.5847838765625 0.8796617281250001
0 0.548885396875 0.8199543984375 0.5466184984375 0.8162815906249999 0.5451629484375 0.8172426234374999 0.54738768125 0.8223518515625001 0.548885396875 0.8199543984375
0 0.845041471875 0.46959181250000004 0.8429886828125 0.4722479953125 0.8447918968750001 0.4767681203125 0.84691159375 0.4780442359375 0.8484775062500001 0.4757805640625 0.8506109421874999 0.4741558421875 0.8497146390625 0.47228986562499997 0.846279190625 0.46978589218750005 0.845041471875 0.46959181250000004
0 0.8249270703124999 0.45496665 0.8288246453125 0.4591892640625 0.8315890890625001 0.4621350875 0.832812078125 0.4615437171875 0.83552375625 0.457657915625 0.8348653859375 0.455200840625 0.8307461171874999 0.45235437031250003 0.8280861453125 0.4520140375 0.8249270703124999 0.45496665
0 0.75903225625 0.2938098859375 0.75468775625 0.29602706093750003 0.7566633875 0.29971159062499997 0.759111865625 0.3022147328125 0.761520684375 0.30236030625 0.7685886890625 0.2933553875 0.75903225625 0.2938098859375
0 0.73588540625 0.3010651359375 0.7401766890625 0.3030745 0.7431784796875001 0.301744446875 0.7449421484375 0.30021880312500004 0.7454078109375 0.29824994375 0.7406763140625 0.2960948625 0.7363723953125 0.296984421875 0.73588540625 0.3010651359375