0 0.530463540625 0.8459317640625 0.52633425625 0.8525911921875 0.5234117671875 0.85816496875 0.5229288140625 0.8655195078125001 0.5220590125 0.8703424578125001 0.5234352015625 0.874965340625 0.5220579046875 0.878242875 0.5221102046875 0.8821764171875 0.524909696875 0.8862237468749999 0.5249547109375 0.8919862359374999 0.5216730828125 0.9020239609375 0.5184321656249999 0.9083883890625 0.5178551859375 0.9145788453125 0.5224234140624999 0.9152162484374999 0.5230707421874999 0.9191522421875 0.5221992703125 0.9299349046875 0.5218829171875 0.9489513484375 0.52118951875 0.9527747921874999 0.518739184375 0.9587418390625 0.516801653125 0.9725622250000001 0.5199794609375 0.9867669359375 0.522829184375 0.9885951765625001 0.5244619562499999 0.9892575609375 0.530463540625 0.8459317640625
0 0.5098288109375 0.8916725296875001 0.5142013375000001 0.9014028078124999 0.515546046875 0.9029143546875 0.5194196484375 0.8986570046875 0.5197992078125 0.8922882796874999 0.5188261125 0.8883295062500001 0.5158682531250001 0.8837918109375 0.513494396875 0.8840957093749999 0.515787515625 0.8863799828125 0.513018615625 0.888054978125 0.5038768546875 0.8875504265625 0.50295314375 0.892427559375 0.5098288109375 0.8916725296875001
0 0.4846948125 0.827668046875 0.48425469843749996 0.8391810156249999 0.4864046796875 0.83842759375 0.4889553203125 0.8308244968749999 0.4846948125 0.827668046875
0 0.5315710234375 0.75655693125 0.5292416796875 0.796184725 0.5321053828125 0.79693945 0.5342944125 0.7575038984375 0.5315710234375 0.75655693125
0 0.538822465625 0.725295990625 0.5396051453124999 0.7210245578125 0.539569221875 0.7150872765625 0.543611103125 0.71668875 0.5463463156249999 0.7164586749999999 0.549358625 0.7090852171875001 0.5365808671875001 0.7080961640625001 0.5349878359375 0.740957275 0.5390803578125001 0.7386762609375 0.53941864375 0.7367952765625 0.538822465625 0.725295990625
0 0.6350436375 0.8175468203125 0.630896590625 0.8187260359374999 0.6237600890625 0.8200752546875 0.6194611734375 0.8179608515625001 0.6121043687500001 0.8178238953125 0.6081953140625 0.81638364375 0.6024664 0.8145373296875 0.5978658703125 0.8155266343750001 0.5956897375 0.8186699921875 0.5840524328125001 0.81801443125 0.5774514171875 0.8172160859375 0.568675871875 0.8160886875 0.5644016281249999 0.8161077656250001 0.5597126718750001 0.81491214375 0.5545272781249999 0.814432071875 0.5485296578125001 0.8120829765625001 0.543194140625 0.811711446875 0.5397251484375001 0.8134753218749999 0.5343732046875 0.8167881843749999 0.6508099390625001 0.8234187390625 0.6402935421875 0.8194786796875 0.6350436375 0.8175468203125
0 0.9040566328124999 0.822969178125 0.904726825 0.8290197296875 0.906610259375 0.831518134375 0.9101416828125 0.8321989453124999 0.91356066875 0.8314637749999999 0.9172686421874999 0.826103121875 0.9153649390625 0.8215874515625 0.9110004281249999 0.8200526984375 0.9072259125000001 0.8189507796875001 0.9029449578125 0.8162659265625001 0.8975039375 0.8118929156249999 0.8945262859374999 0.8148956453125 0.89768545 0.8175177171874999 0.9020110953125 0.8204594374999999 0.9040566328124999 0.822969178125
0 0.8818057328125001 0.84108773125 0.8852520046875 0.84132871875 0.8915451484375 0.8414899734375 0.9015624109375 0.8407635359375 0.9020661343749999 0.8384430203125 0.881615425 0.83605908125 0.8703831953125001 0.8356808906250001 0.8434708875 0.834760715625 0.8425494859375 0.8358193328124999 0.8469833625 0.8372132703125 0.8527850390625 0.8376158312499999 0.8589290484375001 0.8371323 0.866338696875 0.8377679062500001 0.8818057328125001 0.84108773125
0 0.968624971875 0.79783545 0.9702821265624999 0.808632034375 0.9750328234375001 0.8141189796875 0.978910040625 0.8190608546875 0.97933163125 0.8130318265625001 0.973783565625 0.8031786234375 0.968624971875 0.79783545
0 0.8999077156249999 0.6807520796875 0.9018389078125001 0.685636190625 0.9034784984374999 0.6913081296875 0.90785611875 0.695656903125 0.9090793421875001 0.6949859078125 0.9022013171875001 0.6811254828125 0.8981866671875001 0.6744306890625 0.8927520140625 0.666942721875 0.8908159859375001 0.670370709375 0.89434494375 0.6737970984375 0.8983439437499999 0.681118890625 0.8999077156249999 0.6807520796875
0 0.8439703984375001 0.924830590625 0.8368724078125 0.9196932578125001 0.836584378125 0.9166892859375 0.8324943375 0.9147461203124999 0.815692903125 0.9132391906249999 0.814564709375 0.9151495203125 0.8173494937499999 0.9179960234375001 0.818054953125 0.925670178125 0.815915440625 0.9278418484375001 0.8151199312499999 0.9320951546874999 0.8136129484374999 0.9323218359375 0.80879289375 0.9230332906250001 0.80958684375 0.918779875 0.8089372234375001 0.91740778125 0.8060601203125 0.9158814906250001 0.796636640625 0.9155530296875 0.7938748546875 0.9123776421875001 0.7965389359375 0.906265778125 0.7880709343750001 0.8993739171874999 0.7885955046875 0.8954337234375 0.7918416625 0.8916822765625 0.79175525 0.8893565203125 0.7901158609375 0.8879152140625 0.7743734078125 0.885487725 0.7726185921875001 0.8856970750000001 0.76959726875 0.8897947374999999 0.7677099375 0.8883376593750001 0.7613003140625 0.887557396875 0.7520307890625 0.8885663703125 0.74833663125 0.8916239390625 0.7482444218750001 0.89294259375 0.751546309375 0.8954947640625001 0.7519019921875 0.89750885625 0.747960109375 0.9005475359374999 0.741342853125 0.9027365843749999 0.73985306875 0.9062787921875 0.7402950546875 0.9106201984375 0.7318174 0.9216290812500001 0.7328414609375 0.9283309046875001 0.737179334375 0.9302914 0.74031389375 0.9387979640624999 0.7459123671875 0.9405161171875 0.7471425046875 0.94424851875 0.7505137125 0.945809359375 0.7528332953125 0.9446464578124999 0.752476053125 0.9426322562499999 0.7532657640625 0.9420233609374999 0.75720018125 0.942630540625 0.7595369640625 0.9447831656250001 0.7628448671875 0.9436878078125 0.76460548125 0.9398340468749999 0.7644976296875 0.937837284375 0.7658259921874999 0.936603503125 0.7682549843750001 0.9374374718749999 0.7714646640625 0.9413082968750001 0.7732194796875 0.941098946875 0.775112609375 0.9389116140624999 0.7749645609375 0.9339282109375 0.7859406078125 0.9476240984375 0.7894732375 0.9468765140625001 0.7912569578124999 0.942692309375 0.7933057109375 0.9418409625 0.7979472546874999 0.9501208468750001 0.8022866843750001 0.9520814515625 0.808022021875 0.951819953125 0.8104280156250001 0.9529828078125 0.81110074375 0.954024459375 0.809563296875 0.9582258843749999 0.8106855828124999 0.9599615234375 0.809682440625 0.9671841421874999 0.813520190625 0.9727576140625 0.816126353125 0.9745970171874999 0.8722431046875 0.9791836343749999 0.88589660625 0.9794758281249999 0.8885547812500001 0.9770099343749999 0.8892811875 0.9737448390625 0.8874630671875 0.971297990625 0.8865253078125 0.9669234828125 0.8792010328125001 0.9614382671874999 0.8741212234375 0.9594258906249999 0.8679363265625 0.9589934 0.8616822171875 0.95955068125 0.8598336328125 0.9610785765625 0.8566411546875001 0.960523278125 0.8608078718750001 0.9578308124999999 0.8630164859375 0.9546709312500001 0.8673848218750001 0.95265668125 0.8677710781249999 0.9506944703125001 0.8648135796875 0.9431948968749999 0.8616270078125 0.938993628125 0.85805418125 0.936754571875 0.8558342734375 0.9329529578125 0.8573025078125 0.929741303125 0.8564281625 0.9280214359375 0.84791228125 0.9217919109375 0.8439703984375001 0.924830590625
0 0.7229156703124999 0.71685931875 0.712331796875 0.7114202765625001 0.71262066875 0.7184888953125 0.7229156703124999 0.71685931875