0 0.4585783734375 0.3415524546875 0.4642722359375 0.33562153125 0.4588022734375 0.33787211875 0.45059008125 0.340697828125 0.44487187187500005 0.3398728203125 0.43643326875 0.337553415625 0.3955559546875 0.38208694374999996 0.38239981093750003 0.404427884375 0.3515371234375 0.448027025 0.357317803125 0.4541306859375 0.36924427187500003 0.44945585781249997 0.379776834375 0.44905482656249995 0.3803177625 0.45622567968750005 0.3658925296875 0.4735803234375 0.36419373906249997 0.4776271453125 0.3730740828125 0.47384608906250003 0.3918852484375 0.45404869843749995 0.37835030625 0.4299300265625 0.393108103125 0.4156439515625 0.40855280625 0.41959842812500003 0.4135957 0.414371759375 0.40704231718750006 0.403429403125 0.41525686562499997 0.38955163125 0.4381748234375 0.38000202656250004 0.45779429687500006 0.3693533234375 0.47598520625 0.3631990578125 0.5108785328125001 0.3552663109375 0.519494190625 0.35531759375 0.521164084375 0.3613462125 0.5095667046875 0.3742315828125 0.421007521875 0.420546125 0.42242011249999994 0.42427100624999997 0.45149539375 0.414483378125 0.48825283124999996 0.3877462578125 0.499527840625 0.4062161015625 0.5121388890625 0.4159316640625 0.519897165625 0.4151442453125 0.5317720953125 0.42042188593749996 0.5300204515625 0.4299681203125 0.510699790625 0.4325552015625 0.477091346875 0.45319495468750004 0.4667128265625 0.46131061874999996 0.4884842375 0.45724697656249996 0.5092458125 0.44013535312499996 0.5145147703124999 0.43984186875000003 0.49458313125000003 0.4579784671875 0.49246049062499997 0.475140565625 0.5035681000000001 0.4790194578125 0.5055760671875 0.47075199375 0.5067421000000001 0.46014524999999995 0.512334165625 0.452822490625 0.5164622640625 0.4459451671875 0.53475550625 0.432616246875 0.5375403953125 0.44260830156250003 0.5350955328125 0.45538873593750007 0.529194128125 0.4791766625 0.5247489359374999 0.48679869531250003 0.518877509375 0.49069959062499996 0.5264283109375001 0.4975416859375 0.5395152249999999 0.496068490625 0.57283555625 0.486334640625 0.5811226421875 0.49574789687500004 0.586635696875 0.5053157625 0.603301234375 0.5144113031249999 0.6232857046875 0.5334048234375001 0.6351627421875 0.5476851593750001 0.6488764109375 0.5633435875 0.6525683859375 0.5602150171875 0.63490725625 0.5245275171875 0.6127894 0.5013933171875 0.5873205109375 0.4866965875 0.5899235453125 0.478031134375 0.61125621875 0.466802603125 0.626791109375 0.45413678593749995 0.6240407218749999 0.44614046875 0.5972062234375 0.45430444531249997 0.5810522359375 0.4587265546875 0.5975571562499999 0.4402293859375 0.602876671875 0.42759005625 0.6215525078125 0.4246273484375 0.6332023421875 0.4207129703125 0.640116728125 0.41859271875 0.639288653125 0.4252004859375 0.6256763140625 0.43715997812499996 0.6364572328125 0.43682876875 0.651164065625 0.43064099375 0.665207509375 0.438603078125 0.672571215625 0.43927978437500004 0.6883437781249999 0.4497190625 0.6803405578125 0.43989066250000003 0.6824007375 0.43107389375 0.6866534375 0.43234458125 0.695761871875 0.428725146875 0.70527790625 0.41979848437499995 0.7205470640625 0.41013937968749997 0.732725584375 0.40205185625000006 0.7360468734375 0.39596358593750003 0.703761515625 0.41117325937500004 0.6921088906249999 0.4238696328125 0.6808306015625 0.42420684687500004 0.6577208437500001 0.41706375468749995 0.6613049546875 0.4110667421875 0.6703800265625001 0.4017131796875 0.6751059875000001 0.3934866578125 0.6839552453125 0.38448525624999996 0.6990886421875 0.3778344265625 0.6989074921875 0.3691495890625 0.6723352484375 0.358533515625 0.6779026015625 0.3549101671875 0.6863428125000001 0.35158640625 0.693627825 0.3488996390625 0.6959100078125 0.344500971875 0.7038124390625 0.3434850640625 0.7098361578125 0.345160246875 0.723276203125 0.3391446359375 0.7368031765625 0.3280545125 0.7337877578125 0.3262255859375 0.7212696234375 0.3265155484375 0.7131316671875 0.32711315 0.7063996125 0.329845225 0.690021778125 0.330746503125 0.6675593328125 0.33105640625 0.662150815625 0.330658525 0.65569295625 0.32888915937499996 0.648689025 0.32924545312500003 0.6402649171875 0.33108276875 0.6282902406249999 0.33278637031249997 0.6164756859375 0.33384289375 0.6066826765625 0.333799321875 0.5998667078125 0.33346457812499997 0.5886615203125001 0.3346429 0.5838982203125 0.334762959375 0.572873590625 0.3360724640625 0.5700852515625 0.3339892578125 0.5673411640625 0.33237521875 0.5594522140625 0.3321977625 0.5489561890625 0.3349469875 0.5422460640625 0.335120696875 0.534669434375 0.33440810781249997 0.5280995374999999 0.337354959375 0.5000491078125 0.338910603125 0.4951020125 0.3373907875 0.48486185 0.33654162187500003 0.478579221875 0.337696471875 0.4708450015625 0.337826725 0.4642622125 0.3406522234375 0.4585783734375 0.3415524546875
0 0.3593431484375 0.2756540078125 0.3598987703125 0.267505834375 0.3596317046875 0.259726840625 0.357863528125 0.25234854218749997 0.3548037984375 0.2519678140625 0.35424045625 0.26622996875 0.35678625625 0.28041574375 0.35468525156249997 0.3040969046875 0.35232239375 0.3229185765625 0.3585154890625 0.31407684375 0.36026451875 0.306541715625 0.359381725 0.2977417859375 0.358965325 0.2866627109375 0.3593431484375 0.2756540078125
0 0.380922065625 0.508993303125 0.3986831671875 0.49991559218750004 0.41137764218750006 0.490760778125 0.4210772171875 0.48226381875 0.43686712656250004 0.4740947203125 0.4196449390625 0.4767765703125 0.40788252187499996 0.4817180796875 0.39821806406250004 0.487550175 0.394759678125 0.4894267890625 0.37717031562500003 0.4951440734375 0.356947075 0.5009020125 0.3480381734375 0.506630259375 0.3507158984375 0.51232998125 0.3656406125 0.5109438 0.380922065625 0.508993303125
0 0.3113538609375 0.5369753609375 0.3298799640625 0.5307300374999999 0.35339238906250003 0.52445430625 0.359657746875 0.517926634375 0.35695707187500003 0.5157077328125 0.3386246703125 0.5184815765625 0.3289358625 0.5216329140625 0.3066239140625 0.529205565625 0.28684813125 0.53776866875 0.2878684046875 0.54477975625 0.29237751562500003 0.546490753125 0.3113538609375 0.5369753609375
0 0.51218548125 0.53453615625 0.525541196875 0.5380162703125 0.537769159375 0.5434752921875 0.5353280171875 0.5325871828125 0.5302902390625001 0.5299854203125001 0.510860546875 0.527938759375 0.50103735625 0.5289931125 0.48955523906250004 0.5306503390625 0.4884515359375 0.5341694484375 0.49142400156250005 0.539093196875 0.48821908281250004 0.5417111625000001 0.473261640625 0.54855401875 0.4696920859375 0.5527152140625 0.4629249296875 0.562566996875 0.45802346875 0.5701948531250001 0.45821943125000003 0.5816600421875 0.4522831515625 0.5887272515624999 0.4428572703125 0.597623815625 0.43224420625000004 0.6082239453125 0.4300995578125 0.6111137703125 0.43883209218749997 0.6175962609375001 0.45557792656249996 0.6186189140625 0.464597109375 0.6271109921875 0.4881668125 0.633442453125 0.5134553671875 0.6387802953125 0.5273705890625 0.6395203984375 0.5239569875 0.632440678125 0.5005758124999999 0.6243929703125 0.49133080937500007 0.6164128328125 0.48277574999999995 0.6099022328125 0.4731800328125 0.5979198734375 0.4874565796875 0.591032990625 0.49730715 0.5820011375 0.4908586515625 0.5739783171874999 0.48363658750000005 0.5608416765625 0.48425037031249996 0.552521346875 0.494511853125 0.54970960625 0.499624775 0.54637338125 0.51218548125 0.53453615625
0 0.470522059375 0.6796418046875 0.480051184375 0.6732948546874999 0.48817351093749994 0.667694353125 0.49676694218749995 0.6625412890625 0.4971456296875 0.6582700890625001 0.46066734218749994 0.6743843187499999 0.45521345 0.6752481296874999 0.44896795 0.6640023125 0.44621178125 0.6527432921874999 0.43700698750000005 0.6410217406250001 0.43188722031250004 0.64380535625 0.4314810609375 0.6550147125 0.43590903125 0.6649031421875 0.44032202031249995 0.671490778125 0.441602828125 0.6795774765625 0.44800689531250004 0.685052440625 0.4600755796875 0.685610415625 0.470522059375 0.6796418046875
0 0.38615792656250003 0.6189704218750001 0.37253758124999997 0.6219898500000001 0.366911415625 0.627139628125 0.366313321875 0.6310643234375 0.3697473109375 0.6340577328125 0.3740544296875 0.6470485781249999 0.4045678671875 0.6368623140625 0.41882711562499997 0.634061253125 0.414157171875 0.627259615625 0.401000171875 0.6262127484375 0.38615792656250003 0.6189704218750001
0 0.334632446875 0.6582708875 0.3315071515625 0.6459597828125 0.3195697859375 0.634285025 0.328578178125 0.6224029515625 0.3189944046875 0.6230112359375 0.3036857625 0.632660775 0.308801171875 0.6399676953125 0.31492805156250003 0.6453805703125 0.32002821875 0.6534302703125 0.3222035828125 0.6588947453125 0.306220015625 0.6706254890625 0.3052294515625 0.6783647937499999 0.325444375 0.7007610296875 0.332324415625 0.6825227109374999 0.32362195312500003 0.6655327125 0.334632446875 0.6582708875
0 0.5497850890625 0.6061864140625 0.5406317203125 0.5966873046875001 0.532184890625 0.6055427046874999 0.5358962421875 0.61338365625 0.5487879343750001 0.6150926796875 0.5729762 0.6346685625 0.57375388125 0.626124528125 0.5568927296874999 0.608672328125 0.5497850890625 0.6061864140625
0 0.22853229062499997 0.8994852312500001 0.228127046875 0.8893156093749999 0.21686044999999998 0.884033371875 0.20634048593749998 0.8866614125 0.208082778125 0.8915490328125 0.21034235625000003 0.9107396375000001 0.22417948437500002 0.912944365625 0.22853229062499997 0.8994852312500001
0 0.7148777703125 0.4765042515625 0.6854711421874999 0.48797537812499997 0.664914084375 0.497219078125 0.6582343859375 0.5066741718750001 0.6745916671875001 0.5023669875000001 0.68790838125 0.49511323906250004 0.68850365 0.49411723125 0.7024902156249999 0.4882760859375 0.7148777703125 0.4765042515625
0 0.7563092390625 0.32655810625 0.7443876703125001 0.3299254453125 0.7397862140625 0.3345332515625 0.7375805921875 0.33867616875 0.737863275 0.3424186484375 0.7546467109375 0.3400230203125 0.7669827453125 0.330083365625 0.7675992984375 0.3285825 0.7563092390625 0.32655810625
0 0.4537315234375 0.47589591093749994 0.45165527812499995 0.475402128125 0.4416718859375 0.476763446875 0.443149309375 0.4805081171875 0.446875325 0.48096049687500003 0.45323487656249994 0.48915085625000004 0.4499895859375 0.49584880625 0.45836753750000003 0.49737575625 0.46185602187499997 0.4960986890625 0.471986525 0.4923600875 0.464539625 0.484515965625 0.4537315234375 0.47589591093749994
0 0.1250454046875 0.9230755203125 0.124880021875 0.906929165625 0.1412346046875 0.89442460625 0.1534997265625 0.8855054843750001 0.17072089375 0.8732085421875 0.17240675156250002 0.8638562359374999 0.19061359375 0.8618078390624999 0.22585110468749997 0.8630798890625 0.2330191984375 0.860334121875 0.22720716875 0.8540724828125 0.2088829703125 0.8519140078125 0.18467334375 0.8558053859375001 0.18180211875000002 0.8609696890625 0.16939951250000002 0.8623186796875 0.154113475 0.8628318859374999 0.1477361875 0.8664854328124999 0.1400067578125 0.8643985765625001 0.135839715625 0.8671246328125 0.13362221406250002 0.8754774890625001 0.0996936984375 0.8778755390624999 0.0755106453125 0.8831532671875 0.05567809218749999 0.8908884953125 0.0566333203125 0.8969195671874999 0.0869110625 0.8919073140625 0.1155415953125 0.882098371875 0.1227606640625 0.8808031140624999 0.126985928125 0.8853465125 0.11898014999999999 0.89566815625 0.11268945 0.9049224234375 0.1137774015625 0.9208008453125001 0.1250454046875 0.9230755203125