0 0.6508676375 0.6356971828125 0.662617053125 0.6340689312500001 0.6746680453125 0.633035153125 0.68328955 0.6329303671875001 0.69019411875 0.6317019859374999 0.69608844375 0.6285252671875 0.7012688375 0.62692093125 0.723225284375 0.622169940625 0.7393861 0.619363909375 0.7465601953125 0.620511578125 0.7546240078124999 0.619263221875 0.7668865296875 0.616729784375 0.7694132453125 0.6142694109375 0.7537382312500001 0.606506434375 0.7392894359375 0.60366835625 0.7337969390625 0.6066556453125 0.7258685171875 0.6074434359375 0.7226553421874999 0.6036708859375 0.714952653125 0.60269175 0.7059810796875 0.6013518109375 0.6997413421875 0.5990737125 0.72324444375 0.5827522734375 0.7214672890625 0.574249278125 0.705225646875 0.57117318125 0.694578321875 0.5643931359375001 0.688122921875 0.5574405687499999 0.67717635 0.550368184375 0.6723350640625 0.5453311249999999 0.6932456734375 0.5331725453125 0.704310759375 0.5309640531250001 0.718520790625 0.54071375 0.7534001078125 0.548270975 0.74879438125 0.5430858734374999 0.7351086984374999 0.5379452031249999 0.7180580609375 0.531968475 0.7067778625 0.52541124375 0.6970886796875 0.5239335265625 0.69323081875 0.526128296875 0.6892400984375 0.518000940625 0.6948272890625 0.506624109375 0.681807303125 0.5203438828125 0.6747845531250001 0.5226597187500001 0.6628921234375 0.5335768234375 0.6471702765625 0.530855959375 0.6365911671875 0.5329584171875 0.6525449234375 0.541549278125 0.6548381984375 0.5478014124999999 0.6476240765625 0.5472908999999999 0.6353922828125 0.546097490625 0.6165286421875 0.547411865625 0.6085022359375001 0.5362931125 0.5882593765624999 0.5219828234375 0.6049940968749999 0.5226577375 0.6329773249999999 0.5245760234375 0.6338584390625 0.5161659484375 0.61587251875 0.507319346875 0.5925607296875001 0.5011774078125 0.5880751078124999 0.49331960468749997 0.6095851875 0.4732702984375 0.6259321015625 0.44575359218750005 0.6351126375 0.40700787031249996 0.6308115109375 0.4047899984375 0.620971703125 0.42313200625 0.61261145 0.439718090625 0.5974117921875 0.46272033593749995 0.58321944375 0.4753316890625 0.5799999890625 0.485894496875 0.574042821875 0.4969306828125 0.5393868484375 0.494941753125 0.52630395625 0.49645023125 0.5204858171875 0.5048155249999999 0.5270842703125 0.50729565625 0.533130115625 0.5137223875 0.5442313875 0.5355731031250001 0.5494885593750001 0.5474760015625 0.549022771875 0.5578384234375 0.528200028125 0.5489662078124999 0.522630671875 0.5431937687499999 0.51553466875 0.5373166328125001 0.512012521875 0.5272440390625001 0.5081962437499999 0.5196401640625 0.498245884375 0.525918309375 0.504174753125 0.542163053125 0.5276753937499999 0.5553511703125 0.5224754578125 0.5562504640625 0.4983967234375 0.5442477484375 0.47626919218749997 0.5451857609374999 0.4882073390625 0.5507587609375 0.525597334375 0.5633092640624999 0.545004775 0.5614838343749999 0.5488589593750001 0.570391365625 0.53847559375 0.5782050187500001 0.53073903125 0.5791830140625 0.5206367281250001 0.5914864359374999 0.5138055078125 0.612019225 0.4719756171875 0.5942359984375 0.4414437984375 0.5912397421875 0.44090532656250003 0.59518691875 0.5376132484375 0.6203929406250001 0.551811965625 0.6303392171875 0.551541015625 0.6365889671875 0.5431577125 0.6385770374999999 0.5073742203125 0.638696896875 0.488265134375 0.6367924265625 0.46675306875 0.630830071875 0.44227430312499993 0.626680640625 0.4311484734375 0.6150064265624999 0.43507239843749995 0.6028703328125 0.4289830109375 0.5989120265625 0.41482371718750005 0.6062394531249999 0.3972304953125 0.5956393109375 0.404993015625 0.5690940999999999 0.3822105359375 0.55403570625 0.3727072421875 0.5523492015625 0.3752728296875 0.555910159375 0.393232290625 0.5695750328125 0.3943183171875 0.5766837796875001 0.38396549062499996 0.5786623375 0.3712930890625 0.576790196875 0.36703359375 0.5840377921875 0.4069129453125 0.6195768953125 0.42475751562499997 0.6383857515625 0.4746050109375 0.6725824921875 0.4823055796875 0.6684242609375 0.487691646875 0.66633408125 0.49632900781249994 0.6672400265625 0.502165046875 0.66820245625 0.49528295 0.6637043828125 0.50102361875 0.66330295625 0.5080732921875 0.6645752328125 0.515638584375 0.662962325 0.522019975 0.6626742937500001 0.5318066609375001 0.65954335625 0.5362850796874999 0.6569496390625 0.5639665218750001 0.6521554390625 0.5710309296875 0.6535488578125 0.5782530734375 0.6511501609375 0.5848302953125 0.6498099671875 0.5956757484375 0.6501276375 0.6033225843750001 0.648180103125 0.6056332624999999 0.6459901453125 0.6078815171875 0.6433330921875 0.6189181609375 0.6421290328125 0.6235863859374999 0.6411745062499999 0.6347694500000001 0.639802009375 0.6413354250000001 0.6379425859375 0.6508676375 0.6356971828125
0 0.402478265625 0.7235708171875 0.40985252499999997 0.746172409375 0.41056307812500004 0.7605672828125 0.41432027031249996 0.774337175 0.41721593281249997 0.773277915625 0.4172790359375 0.7656909703125 0.4157893640625 0.7580512749999999 0.41341504218749997 0.7502369265625 0.41057048281249997 0.7395953671875 0.4084839609375 0.728706578125 0.407364575 0.7199336046875 0.4039653375 0.7129850484375 0.39594201406249996 0.705763071875 0.402478265625 0.7235708171875
0 0.381410778125 0.5323621359375 0.399835434375 0.533976140625 0.4036273296875 0.535026690625 0.4143560234375 0.5385352796875 0.42692856875 0.5407041718750001 0.44431263750000005 0.5394431359375 0.42708977499999995 0.5350353671875 0.4157274 0.5289381140625 0.4012988984375 0.522873571875 0.381950971875 0.5180239015625 0.36662241562500003 0.519560975 0.3517683984375 0.5215676515625 0.35044146249999997 0.527723646875 0.360410603125 0.5313010125 0.381410778125 0.5323621359375
0 0.3592220953125 0.5141029625 0.35164890937500004 0.5091519921875001 0.327327375 0.508326253125 0.307871203125 0.5064084624999999 0.28724072343749996 0.5014056984375 0.28323207031250003 0.504087171875 0.283815096875 0.511148078125 0.3050103078125 0.5150431249999999 0.32845387812500004 0.51740259375 0.338603259375 0.5182936546875 0.35708978281250003 0.5168725140625 0.3592220953125 0.5141029625
0 0.4068959421875 0.407458246875 0.40963569218749996 0.40979156406249995 0.42236125468749997 0.41773259375 0.43354684218750006 0.42428077656249996 0.440920753125 0.4298314828125 0.44330891875 0.4410469 0.4498006484375 0.4473766671875 0.45861053281249997 0.45545367031249995 0.463024665625 0.4587052390625 0.47913805781249996 0.462008021875 0.48284974687500004 0.46383793906250004 0.48106106875 0.46930415156249994 0.48292811249999995 0.4724847859375 0.49448873750000005 0.471516625 0.5042973374999999 0.47033421875 0.52276865 0.4639692828125 0.5270920421875 0.46030095 0.5270213265625 0.4491427640625 0.516334778125 0.457212565625 0.5041042234375 0.46360786718749997 0.4892026515625 0.45489957187499996 0.48347028437499995 0.4527990125 0.47283929999999996 0.4523676671875 0.47036958125000006 0.444398659375 0.4744514421875 0.4299740984375 0.4789299265625 0.42070630624999994 0.46730009843750003 0.41412183437500005 0.45184024687499996 0.4106229859375 0.458494584375 0.3967891671875 0.46536581093749996 0.3885209640625 0.47257872343749996 0.378665684375 0.4935503 0.3655646171875 0.49528382187500003 0.35789845625 0.4818917328125 0.3617498359375 0.45845207656250003 0.37263955625 0.43691073124999996 0.384110771875 0.43003301250000003 0.3944140734375 0.41394641875 0.3991775078125 0.4068959421875 0.407458246875
0 0.407711734375 0.3313863453125 0.40270340156250006 0.3381615875 0.40327453125 0.34632914375 0.40045654218750004 0.3537406453125 0.398366475 0.3643717125 0.4012837796875 0.37520240781249997 0.40689850468750005 0.3767629828125 0.41323060468749995 0.363271225 0.4133834046875 0.3516807703125 0.416939075 0.33931825 0.4224475 0.3389330625 0.46161576406249993 0.34642845625 0.46028597187500003 0.34235191249999997 0.4507536 0.3392640234375 0.4415796109375 0.3356341890625 0.4308669640625 0.331593496875 0.41934558125 0.3281278078125 0.407711734375 0.3313863453125
0 0.3483626890625 0.40980954687500004 0.3623131703125 0.4096876765625 0.375145840625 0.3992921921875 0.3877301328125 0.3953124734375 0.39075034999999997 0.38763465468749997 0.376226465625 0.3881130171875 0.34420367343749997 0.38505185625 0.34292924999999996 0.3986786375 0.3402566453125 0.40236780625 0.341722275 0.40605736875 0.3483626890625 0.40980954687500004
0 0.2700980609375 0.370020525 0.27280420156249996 0.37733864375000004 0.29101695312500003 0.3851732078125 0.29012658281250003 0.39098697968749996 0.2869679203125 0.3999776546875 0.2822157046875 0.40663004531249997 0.27887510312499997 0.41490040781250004 0.295962059375 0.4208589328125 0.3054370359375 0.41929574687500004 0.29398664218750004 0.4097446578125 0.30299180468750003 0.3956838 0.30326760468749997 0.382985190625 0.2909057515625 0.3783863078125 0.295563253125 0.359874134375 0.28475681875 0.343650934375 0.2700980609375 0.370020525
0 0.5408119890624999 0.3523669109375 0.5216472828125001 0.376882240625 0.50947045 0.3814474625 0.5076180515625001 0.3899223234375 0.517840421875 0.3966506359375 0.5246223546875 0.385335928125 0.5309886171875 0.38131485781249996 0.543491728125 0.360517021875 0.5408119890624999 0.3523669109375
0 0.13772858593749998 0.18950191875 0.1475181765625 0.1818206328125 0.145625365625 0.17182049531250002 0.1383564765625 0.1596854875 0.1253699484375 0.164946384375 0.1274852296875 0.18415342968749998 0.1268870671875 0.1893077109375 0.13772858593749998 0.18950191875
0 0 0.064625803125 0.0099643203125 0.073071309375 0.016954868749999998 0.0718181203125 0.02736683125 0.0651302140625 0.031385590625 0.0315477625 0 0.033742456250000004 0 0.064625803125
0 0.6841915828125 0.46249132499999995 0.6695844375 0.45841909843749995 0.6526774875 0.4579018953125 0.66131291875 0.46561205 0.6834224796874999 0.469994503125 0.714655859375 0.4745565734375 0.6999377124999999 0.46587304375 0.6849956484375 0.4633279 0.6841915828125 0.46249132499999995
0 0.784107121875 0.5985937328125 0.7672149453125 0.6000349578125 0.7677813828125 0.6037451078125 0.7708624281249999 0.6072856843750001 0.77638248125 0.610740290625 0.7887559875 0.61133955625 0.7993012937499999 0.6068273359374999 0.7983629203125 0.6055036312500001 0.784107121875 0.5985937328125
0 0.4489911078125 0.5317809296875 0.44839391875 0.535761971875 0.45842766875 0.5348426265625 0.46033962187500005 0.5338944453125001 0.46893162187500004 0.5230640281250001 0.4744231140625 0.5137457624999999 0.46371125468749996 0.5123818484375 0.4600249015625 0.5119222515625 0.452205165625 0.51529469375 0.45687398906250004 0.5210909453125 0.4525198640625 0.5305019734374999 0.4489911078125 0.5317809296875
0 0 0.22212711718749997 0.00019954843749999998 0.222156253125 0.024950021875 0.2218587109375 0.0585483953125 0.21656304375 0.062588046875 0.2242029875 0.0672615171875 0.22592179531249998 0.0743234015625 0.22214968124999998 0.081359109375 0.22427500937499997 0.0963688140625 0.221336453125 0.1087569984375 0.219860890625 0.1127163484375 0.224246946875 0.13718085468750002 0.222592609375 0.154549853125 0.21636740625 0.15880435937499998 0.20895883125 0.1512023203125 0.2078959078125 0.11715409218749999 0.2170620703125 0.0989531015625 0.219161821875 0.095206640625 0.21042845 0.075660640625 0.2023205984375 0.0617035078125 0.196389125 0.042955178125 0.1878840359375 0.03948418125 0.172114309375 0.0290166671875 0.176865434375 0.0315284671875 0.1925816296875 0.039739695312500004 0.2001836109375 0.04986215 0.20843980312500002 0.046767221875 0.21381723125000002 0.0394418078125 0.2141791078125 0.0093385421875 0.2110620375 0 0.2116496265625 0 0.22212711718749997