0 0.5814401703125001 1 0.5924805484375 0.9429272 0.6111422296875 0.83137776875 0.6119508046875 0.8191797359375 0.6023554390625 0.80313380625 0.5965077875 0.7963100171875 0.5890122234375 0.7912106421875 0.582129284375 0.7902492640625 0.57782850625 0.7879788875 0.572103596875 0.7766438124999999 0.5652109171874999 0.7681253078125 0.55876038125 0.7647206468750001 0.552425503125 0.7663738484375 0.549818840625 0.7659142234375 0.5437805328125 0.7620792953125 0.5410395765625 0.758575096875 0.5358724687499999 0.7574117265625 0.5219608859375 0.758231903125 0.5112420078125 0.761883884375 0.503499421875 0.7658068078125 0.494630665625 0.7723013703125 0.4907533953125 0.7771581234375 0.49012573593750003 0.7788101671875001 0.4937988546875 0.7827325875 0.4934974125 0.784442153125 0.48886332968749996 0.7916834015624999 0.48351043593750004 0.7972874562500001 0.479865153125 0.7989119515625001 0.47591355625 0.7984674484375 0.47305013125000006 0.799472996875 0.463339821875 0.80884165 0.4522781703125 0.8144465921874999 0.45211075 0.81920226875 0.458279746875 0.8223050171875 0.45871548281249996 0.8236400250000001 0.4450584484375 0.8363427390625 0.43859441875 0.8387283906249999 0.437622175 0.8423346625000001 0.44071718437499996 0.8514432984375 0.44045025937500004 0.8624770749999999 0.44306179375 0.8667152625 0.4124372828125 0.8842338312500001 0.392837965625 0.90016941875 0.389002296875 0.9047812375 0.382817590625 0.9208165109375 0.382325490625 0.9255149390625 0.3839745234375 0.9409165249999999 0.3918874578125 0.9493626578125 0.3922864625 0.9547211640625 0.3882353609375 0.9605547609375 0.38392081718750004 0.964076234375 0.373940925 0.9673523921875 0.3653256015625 0.9686034890625 0.3614036515625 0.973704634375 0.357587615625 0.976306515625 0.3574881109375 0.9825846140625 0.456255671875 1 0.5814401703125001 1
0 0.5995324828124999 0.75028128125 0.58662609375 0.7507725749999999 0.5716765015624999 0.734012609375 0.57869718125 0.727687203125 0.5792981968750001 0.721894184375 0.5768761671875 0.71678821875 0.574248265625 0.7107082703125001 0.5716902484374999 0.7072823406250001 0.5668755234375 0.7107790828125 0.564976978125 0.7112074749999999 0.5583296843750001 0.7066241796875 0.5545730718749999 0.7011147109375 0.5502368093750001 0.6994774796875001 0.5563142937500001 0.69410114375 0.5572000765625 0.6890596171875 0.5551388421875 0.6840220296874999 0.5484430406249999 0.6820893296875 0.5450445453125 0.684707715625 0.536004671875 0.6921637328125 0.5271392609375 0.7005739140625 0.5423291046875 0.7019433453125 0.5372878578125 0.7115117453125 0.5382006625 0.7185093734375 0.5575808796875 0.7391968140625 0.56894980625 0.7497104203125 0.5738982046875 0.7584667921875 0.5726448828125 0.7683191468749999 0.5720218671875 0.7734181140625 0.5779316859375 0.773644659375 0.5780356328125 0.768070209375 0.5791111796874999 0.7555638515624999 0.5872575234374999 0.7547409468749999 0.5935528031249999 0.75796433125 0.601051275 0.7553358703125 0.5995324828124999 0.75028128125
0 0.5631404390625 0.6349805046875 0.557724334375 0.639053446875 0.5544483359375 0.6438654953125 0.553514928125 0.6455508890625 0.5446227593749999 0.6457536109374999 0.5372381421875 0.6470075234375 0.524322040625 0.646645096875 0.5243808484375 0.6497128515624999 0.539758434375 0.6525100125 0.5454118609374999 0.651014309375 0.5522916999999999 0.65181330625 0.558333853125 0.657264075 0.5717459734375 0.67651680625 0.5807874187500001 0.6797055953125 0.5773602453125 0.673335571875 0.572261746875 0.6604815078125 0.563375746875 0.6503914296875 0.5653571328125 0.639712315625 0.5647584390625 0.6348834296875 0.5631404390625 0.6349805046875
0 0.5840121921875 0.6021466515625 0.57743136875 0.591958496875 0.57328739375 0.5840928437499999 0.572710190625 0.5769465453125 0.5747076765625 0.5752821828125 0.5728913109375 0.5685139484375 0.5663762 0.5700195484374999 0.5626570937500001 0.57970208125 0.5645286078125 0.5879571671875 0.5684653984375 0.5945233515624999 0.5772113234375 0.603608209375 0.579691321875 0.6044532578124999 0.5840121921875 0.6021466515625
0 0.2250951140625 0.362745246875 0.2358970015625 0.35654395 0.2430620703125 0.35166718750000003 0.2612139046875 0.343553771875 0.2517575328125 0.3402616765625 0.2440886796875 0.3361360671875 0.2389847421875 0.3342635171875 0.22722168437499998 0.3351721875 0.2169625375 0.336342865625 0.2264187953125 0.34205610000000003 0.2215518984375 0.3511395953125 0.21959695625000003 0.363216409375 0.2250951140625 0.362745246875
0 0.595487665625 0.45743300781249996 0.59849803125 0.4508431375 0.58860545 0.44736147812500004 0.5775447265625 0.4505406640625 0.5701676359375 0.4577266296875 0.5707352953125 0.46394625468750006 0.581273440625 0.465647340625 0.595487665625 0.45743300781249996
0 0.6190152890625 0.46643181250000004 0.6154954765625 0.46949526874999997 0.6088190453125 0.47666674374999995 0.6112772453125 0.48021786874999994 0.6174834031249999 0.478484853125 0.6251824203125 0.47238853125 0.632426015625 0.46461895625 0.6276656093749999 0.46169794375000006 0.625708275 0.461137034375 0.6190152890625 0.46643181250000004
0 0.5874725734374999 0.5343551343749999 0.5941664828125 0.5408965859375 0.610958778125 0.5637535359375 0.6147771390625001 0.5622452359375 0.604276415625 0.5387365296875 0.61413051875 0.5330424203125 0.6203153453125 0.5289289109374999 0.630343971875 0.526591096875 0.627158475 0.5209110234375001 0.607537028125 0.5202896671875 0.6024281546875 0.5317262687500001 0.60154674375 0.52332685625 0.5930322953125 0.5274881203125 0.58384375 0.5274370828125 0.581563315625 0.53165993125 0.5874725734374999 0.5343551343749999
0 0.5926916671875 0.5974813875 0.6035989453124999 0.5947765109375001 0.614914284375 0.5864191187500001 0.614565834375 0.5807648984375 0.60827069375 0.5811399578125 0.6001340453124999 0.5859390140625 0.5926916671875 0.5974813875
0 0.570368925 0.030660996875000002 0.561056390625 0.030710265625 0.5555069796875001 0.0329747734375 0.558001275 0.037688896875 0.5617811359375 0.042445653124999996 0.5539154546875 0.04314351875 0.5634461546875 0.045906103125 0.564455809375 0.050959765625 0.5637113109375 0.05531699375 0.5640243218750001 0.061928034374999996 0.564168828125 0.0668132828125 0.56288173125 0.0713683578125 0.5499845921875 0.0713392890625 0.5384907734375 0.0680845875 0.542633959375 0.06508503593750001 0.529616465625 0.0444580765625 0.5293237937499999 0.052596521875 0.5327766781250001 0.058361821875 0.53362588125 0.06296674375 0.5343159359375 0.0693380515625 0.539278253125 0.07729564375 0.5397993015625 0.08092723125 0.531181284375 0.0868995875 0.530274859375 0.0906094875 0.536936946875 0.09027691875 0.5480881937500001 0.0884829328125 0.5637224546875 0.08528039062500001 0.5653316578124999 0.0909109921875 0.5724009890625 0.095305328125 0.5707203234375 0.0854369984375 0.569557096875 0.077340121875 0.5725985 0.0771878171875 0.5805821734375 0.0840360203125 0.5857316046875 0.08826000625 0.589022165625 0.09311929218750001 0.5897898125000001 0.0970529796875 0.58702363125 0.10934849531249999 0.586873715625 0.11371695468750001 0.5831256890625001 0.1126578390625 0.568350325 0.10363790312500001 0.558922015625 0.11336884218750001 0.563278925 0.1241660078125 0.5785476125 0.13013621250000001 0.5698449 0.1323778078125 0.5612826765625 0.132760875 0.550588721875 0.1360015609375 0.537801378125 0.1405327125 0.5268760046875001 0.14784824218749998 0.51787520625 0.1589968296875 0.51762739375 0.1603842515625 0.5315302703125 0.156194178125 0.5440319265625 0.1521045 0.56139766875 0.1467036015625 0.5712923984375 0.1448102265625 0.5785858453125 0.1362450328125 0.5994169015625 0.1504499890625 0.6036148828125001 0.1542031671875 0.6080700875 0.150693803125 0.6085471796874999 0.1474301921875 0.6114983953124999 0.13791847343750002 0.6143703359375 0.1311058703125 0.6151558609375 0.11977640468749999 0.619566490625 0.1146662296875 0.62801193125 0.11413564218750001 0.631757975 0.1263006375 0.6317227921875 0.13623609375 0.6258509250000001 0.1459531421875 0.63575388125 0.14463398125 0.639263046875 0.130113365625 0.6356363828125 0.11595760625 0.6408463265625 0.119235540625 0.6462015921875001 0.136509146875 0.6570976374999999 0.1408864765625 0.6553312250000001 0.1366513390625 0.648303621875 0.125757696875 0.64585830625 0.1185342703125 0.639858634375 0.1139493453125 0.6319371046875 0.108773275 0.6493517984375 0.1039045890625 0.6562868500000001 0.1027617984375 0.666953303125 0.10091882187500001 0.6735379078125 0.0927744328125 0.6829830890624999 0.09044321718750001 0.6843502609375001 0.0889342625 0.6772170656250001 0.07571507968749999 0.6775664078125 0.0715293390625 0.6781306546875 0.06949008749999999 0.6782241390625 0.058981040625 0.6840529765625 0.057462321875 0.6843613093750001 0.054525940625000005 0.6888680328125 0.056339196875 0.6940140625 0.060186559375000004 0.708083928125 0.06828562031249999 0.7115401203125 0.0763536671875 0.7166598375000001 0.086235003125 0.7255693140624999 0.0926736859375 0.7357877562499999 0.10339536093749999 0.7384981578125001 0.1104291265625 0.73363865 0.11927276093750001 0.7188429234375 0.12326256093750002 0.7149372921875 0.12985481875 0.7230694890625 0.128185346875 0.732278296875 0.12750060000000002 0.732526009375 0.136443540625 0.723520378125 0.1473405921875 0.7138363515624999 0.1569471109375 0.712399684375 0.1709525984375 0.713799884375 0.17651778906249999 0.715650371875 0.1592296015625 0.7229908421875 0.166594271875 0.7309015546875 0.17273150312500002 0.7363249015625 0.1576218328125 0.739824759375 0.1328152078125 0.74278803125 0.120184765625 0.743988603125 0.1143657765625 0.7499984796875 0.0849880671875 0.7553790593749999 0.056560832812499996 0.7514398078125 0.057018112499999996 0.7448787375 0.057371665625 0.73621699375 0.051579573437500005 0.73786196875 0.05473979375 0.733213396875 0.0528221953125 0.732635253125 0.0506211765625 0.72521345625 0.0474609453125 0.71934909375 0.0447720734375 0.714646715625 0.0451661890625 0.707492928125 0.0433113921875 0.6917012421875001 0.036600046875 0.689736028125 0.034059253125 0.6871418890625 0.0325388125 0.6815409406249999 0.031946278125 0.6787594609375 0.029283767187499997 0.6691159984375 0.024686225 0.6657944031249999 0.025104859375 0.6621826734375 0.025891198437500002 0.655280603125 0.020782235937499997 0.652135525 0.020019829687499997 0.63434875625 0.0159760046875 0.6158697625 0.012717659375 0.5756495984375001 0.005625759375 0.5647797828125001 0.0037091171875000004 0.566259925 0.010062665625 0.5730345484375 0.0092898265625 0.571167440625 0.014470881250000001 0.57375166875 0.017622190625 0.5767019796875 0.02175669375 0.5771391921875 0.0265475859375 0.583035334375 0.028012445312500002 0.570368925 0.030660996875000002
0 0.7891515124999999 0.0870193421875 0.7914766890625 0.0868978203125 0.8028450578124999 0.07001543593750001 0.8198089046874999 0.0488886515625 0.8169505796875001 0.0481736328125 0.8039898359375 0.061327548437500004 0.7891515124999999 0.0870193421875
0 0.5255189359375 0.1296121046875 0.5253379625 0.126094425 0.5206540765625001 0.11693568593749999 0.512841303125 0.1030175640625 0.5098409015625001 0.1051238609375 0.5107771296875 0.1113227984375 0.514004175 0.11832390781249999 0.519032503125 0.12321671249999999 0.5255189359375 0.1296121046875
0 0.6670328515625 0.154771084375 0.6692230625 0.1617226453125 0.675039384375 0.1795217984375 0.6924252046875 0.196097321875 0.69951818125 0.202598078125 0.7015147265625 0.19419048125 0.6936687328125 0.1861115515625 0.6872047968749999 0.17876975 0.6804968078125 0.1692667984375 0.6724305609375001 0.1576949953125 0.6670328515625 0.154771084375
0 0.6406518484375 0.1669215390625 0.6480548203125001 0.1681459671875 0.6494228375 0.161647290625 0.65931723125 0.1592969140625 0.6631666421875 0.1571626203125 0.656381228125 0.15585510625000001 0.6417089 0.160053884375 0.6306544015625 0.16177607968750002 0.6310006375 0.16454546406249998 0.6406518484375 0.1669215390625
0 0.606651940625 0.176795653125 0.6018271515625 0.17495963125 0.5917543515625 0.17078140625 0.5823632921875 0.1704661890625 0.5741770640625 0.17477258906249998 0.592720628125 0.178924471875 0.596018890625 0.19295410156249998 0.573803746875 0.205683621875 0.5857925453124999 0.2190703921875 0.56622981875 0.22218315 0.5426987125 0.22587339218750002 0.547394496875 0.23078054374999998 0.5905398828124999 0.23408695625 0.6035774843749999 0.23466913125 0.6029510453125 0.228197978125 0.600179853125 0.2097124921875 0.604691525 0.20675570312499997 0.607502715625 0.19918985625000002 0.60592966875 0.19321023125 0.6023659718750001 0.185976821875 0.6089252203125 0.1816294640625 0.606651940625 0.176795653125
0 0.5565730265625 0.20441603125 0.5510781390624999 0.2049766203125 0.5393715609374999 0.20848934843750003 0.5202488 0.216017459375 0.5224875 0.21952670625 0.5383223859374999 0.2192804765625 0.5526027359375 0.21532514374999998 0.5565730265625 0.20441603125
0 0.5940063296875 0.2514368578125 0.5770820484375 0.249898046875 0.5680157890624999 0.2589614 0.5560783578125 0.24590418125000002 0.5504470343750001 0.24753547031249998 0.5586359265625 0.262352878125 0.570189265625 0.26794245 0.576905865625 0.2612810109375 0.5940063296875 0.2514368578125
0 0.6258662859374999 0.2484441265625 0.6080741015625 0.24711244062499998 0.60192461875 0.2469943625 0.601463034375 0.25372426406250004 0.6129020484375001 0.261860803125 0.6236676578125 0.2629467296875 0.6322607875 0.258312253125 0.634585478125 0.2533975140625 0.631286984375 0.2494110484375 0.6258662859374999 0.2484441265625
0 0.6464613921875 0.28097559375 0.6472329578125 0.27794953906250003 0.6621485890625001 0.2770319203125 0.6629779640625 0.269898821875 0.659997121875 0.264254834375 0.6566783875 0.2618228453125 0.6563062765625001 0.26564282499999997 0.656514615625 0.2706789515625 0.64576331875 0.2716264015625 0.6394389171875 0.2724643484375 0.6305636984375 0.27154515625000003 0.6343697328125 0.2790148609375 0.6384547453125 0.28270686875 0.6436471312500001 0.28925169687499996 0.6464613921875 0.28097559375
0 0.721916996875 0.23941409687499998 0.7216069375 0.2318865203125 0.7240280203125 0.22499441718750002 0.7197512125000001 0.2291206953125 0.7169832296875 0.22198157968749999 0.706286703125 0.21000310625 0.6975311125 0.20235876562500002 0.6903157249999999 0.20014246875000002 0.6928275562499999 0.20728560156250003 0.6984042359375 0.2116959859375 0.7080447203125 0.21765113593750002 0.7128058140625 0.226821903125 0.7166529625 0.2376846703125 0.721916996875 0.23941409687499998
0 0.4524294015625 0.7727376375 0.44867015156249995 0.77492749375 0.452979334375 0.78489755625 0.46934233125 0.799355484375 0.47125684375 0.7985396031249999 0.48730280937500003 0.798302034375 0.4795986421875 0.7914793171875 0.4524294015625 0.7727376375
0 0.271812678125 0.96383488125 0.27046341875 0.9672398140625 0.285035496875 0.9698092640624999 0.2824022140625 0.9627970296875 0.2778721984375 0.9633564 0.271812678125 0.96383488125
0 0.435805084375 0.8427060187500001 0.438032115625 0.83587965625 0.43938940000000004 0.83096251875 0.42435340312500003 0.8320048812499999 0.4173631578125 0.8391384765625001 0.42014430625 0.8472287015625 0.41395399062499993 0.8522281546875 0.4015636921875 0.8571529828125 0.437731025 0.8589576671874999 0.440811684375 0.8586187187500001 0.4469978046875 0.8618403078125001 0.4406139171875 0.8514980734375 0.435805084375 0.8427060187500001
0 0.3726215734375 0.9515297828125 0.3527565171875 0.9512732296875 0.3321482609375 0.949760728125 0.3250443984375 0.9534805421874999 0.3235264140625 0.9607127578125001 0.30580941250000004 0.9656312687499999 0.29645018749999996 0.9703274015625001 0.311736096875 0.9745172999999999 0.32406237187500003 0.9758673078125 0.3332626265625 0.96966125625 0.3415897546875 0.9748945656249999 0.35282610625 0.9784576812499999 0.3533132578125 0.97592885625 0.3539761671875 0.971314490625 0.3633746828125 0.9686180609375 0.3735060140625 0.9628363875 0.3854717703125 0.9595994171875001 0.39165301406249997 0.953157728125 0.3900612953125 0.9502353687499999 0.38859218906250004 0.946428678125 0.38515845 0.9468624437500001 0.3726215734375 0.9515297828125
0 0.6345901921875 0.3873251828125 0.6220030203125 0.3772599671875 0.606704009375 0.3732343515625 0.6056399203125 0.3737622828125 0.6035176124999999 0.3799407375 0.61675669375 0.3870016375 0.6188463328125 0.38737009843750003 0.6218114531250001 0.3984121140625 0.6270400484375 0.404985540625 0.6311591203125 0.40756658281249997 0.6276725859375001 0.41365362968749997 0.6326493515625 0.4148707 0.64338440625 0.41102800625 0.6502059499999999 0.4124545390625 0.6630113796875 0.4240353671875 0.6760137609375 0.4375405703125 0.6756758703125 0.4258067578125 0.6679097984375 0.415780878125 0.6527557859375 0.4045713 0.6446882109375001 0.3997105984375 0.640270778125 0.393665746875 0.6345901921875 0.3873251828125
0 0.5883982328124999 0.391893753125 0.5900862265625 0.39783335625 0.5982123500000001 0.3986997921875 0.602415834375 0.3906162890625 0.5991569640625001 0.385829228125 0.5930109781249999 0.3861322171875 0.5883982328124999 0.391893753125