0 0.7880108546875 0.84287529375 0.7871305703125 0.8415529156250001 0.7839017234375001 0.8405238359375 0.7848370375 0.8336338234375 0.7831195015625 0.8304971953125 0.772215525 0.822321990625 0.7546650968749999 0.8028620703125 0.7461816671875 0.797389365625 0.7386691828124999 0.7959855171875 0.7346091 0.7968741015624999 0.7324593265625 0.798677975 0.7274956140625 0.79849309375 0.72392086875 0.8014176624999999 0.7174458453125 0.80334033125 0.718460096875 0.806914203125 0.7026253078125 0.8209641375000001 0.7022577562500001 0.8251652765624999 0.7045414953125 0.825612896875 0.7056219890625 0.8284475421874999 0.709424340625 0.8305227734375 0.7179453328125 0.8317654671874999 0.7323375796875 0.8380045140625001 0.737657121875 0.8417056640625 0.7438078984375001 0.8434891515625 0.7627099671875001 0.8551010734375 0.772570878125 0.8562131781250001 0.78396644375 0.8549688203124999 0.7865526421875 0.8519593328124999 0.786261771875 0.8477005875 0.7880108546875 0.84287529375
0 0.45860900625 0.6278321015625 0.433933640625 0.6177054671875 0.42903630625 0.6167798015625 0.42631458593750005 0.617537659375 0.42442997968749996 0.6201113234375 0.41674468124999997 0.6206827421875001 0.4077898953125 0.624380415625 0.40601328125 0.62571973125 0.40336644687499995 0.633205028125 0.39970522656249996 0.637118009375 0.41406423437499995 0.6513204 0.42032888125 0.6556030078124999 0.42738173125 0.6584598265625 0.42731677343749996 0.6592023015625 0.42099304687499994 0.6593956390625 0.4145381203125 0.661070678125 0.3980390296875 0.6713295390625 0.3969641421875 0.6722314765624999 0.398001603125 0.6755579921875 0.396408003125 0.6823888453125 0.4058365390625 0.688443009375 0.4218108 0.695567053125 0.43561377031250004 0.704740909375 0.44238135625 0.7070755640625 0.445551225 0.6973946859375 0.44376900468749997 0.6949974203125 0.4443151125 0.6925560390625 0.467532740625 0.6813917921875 0.4743161015625 0.6797454859375 0.4808992515625 0.6765869140625 0.48656455625 0.6763359734375001 0.49271546875 0.678117903125 0.492915678125 0.6796301703125 0.48767102500000004 0.682656459375 0.4833024703125 0.6832702375 0.47603782343749995 0.6866170046875 0.46102434062500003 0.6912793609375 0.44790134375 0.697101521875 0.4659922390625 0.6951991328125 0.4760219125 0.6905995234375 0.4796672234375 0.690669059375 0.4861263375 0.692728909375 0.4882544578125 0.691172528125 0.49387503749999995 0.691414878125 0.5018298234375 0.6953465828125001 0.50897056875 0.69721668125 0.519387653125 0.7033557625 0.5274287796875 0.7063006125 0.5373113421875 0.7071652234375 0.5430847734375 0.705678378125 0.5439376625000001 0.7035132234375 0.5537023046875 0.6981422671875 0.556111365625 0.6933747140625 0.5600161015625 0.690479015625 0.55948158125 0.6852045453125 0.561431009375 0.6818899609375 0.5537846937500001 0.6782330625 0.5464177640625001 0.6713648578125 0.5360439859375 0.664730790625 0.5222684109375 0.6590444703125 0.5187354140625 0.66147391875 0.517440221875 0.6611112171875 0.5058128640625 0.6536208859375 0.5044038015625001 0.6507590624999999 0.5128830453125001 0.652496878125 0.5162631890625 0.651796625 0.525709190625 0.65386840625 0.5418017453124999 0.6520390046875 0.5497681203125 0.64825485625 0.5485479171875001 0.6394336921875 0.5508273359375 0.636147978125 0.5447571546875001 0.629642609375 0.5381857265625001 0.625083775 0.5286274109375 0.62051300625 0.5182145125 0.6181088140625 0.5161728671875 0.6186767843750001 0.516438034375 0.619446575 0.5216494484374999 0.624383628125 0.514337309375 0.6244904906250001 0.510189059375 0.62636890625 0.5077798609374999 0.6311380171875001 0.500467721875 0.631244878125 0.49197257031249997 0.63348958125 0.4846230046875 0.637824896875 0.466184653125 0.643680796875 0.45827293437499994 0.65444156875 0.4572671921875 0.65833591875 0.45353540625 0.65925479375 0.44540780468749996 0.65729835625 0.43994869062499997 0.6476091312500001 0.4408232328125 0.645196484375 0.446991475 0.6429975890625 0.447024715625 0.6350342453125 0.4550976609375 0.6300140578125 0.45885109999999996 0.628847690625 0.45860900625 0.6278321015625
0 0.20382419375 0.3339217875 0.20953280312499997 0.3331758625 0.21416639062499998 0.3333334296875 0.220230828125 0.3361037734375 0.23213338437500003 0.3366479078125 0.2388562453125 0.33947585468749997 0.24101176249999998 0.34140700625 0.2511378390625 0.3432889 0.25474403125 0.3475883109375 0.2533939453125 0.35543644531249996 0.256050709375 0.3554210640625 0.2619539203125 0.3524508234375 0.27512596562499997 0.34986870468750003 0.284210396875 0.3446891921875 0.28672184375 0.33495070937500004 0.2824166890625 0.334821875 0.27190296406250003 0.3373887484375 0.2719405265625 0.33315873906250004 0.26866263125 0.32888961875 0.25355288125 0.3270689140625 0.24483012343750002 0.324313815625 0.2408506375 0.32048051875 0.229844275 0.3172762453125 0.23168557656250002 0.315197565625 0.2315732625 0.31269857968750003 0.2240941546875 0.30332983125 0.22420228281250001 0.302093928125 0.2266588359375 0.3005662796875 0.226460046875 0.29905570625 0.2220425796875 0.29642788593749997 0.218024109375 0.29682290624999996 0.21547520156250002 0.29560549687500004 0.20822788593750002 0.2949714390625 0.1975614421875 0.2992659515625 0.19134584375000002 0.298223384375 0.1876140578125 0.299142259375 0.1667724890625 0.29831483593749997 0.163942640625 0.300308596875 0.1657249984375 0.30270430625 0.16528688125 0.30391134062499997 0.1582830796875 0.3042945640625 0.158483425 0.305805275 0.16643807500000002 0.3097385359375 0.1703095703125 0.3148061796875 0.17945142187500002 0.3203364890625 0.180359103125 0.32514640156249996 0.1788518421875 0.3309903984375 0.180526071875 0.3346220125 0.17877110937500001 0.3357138359375 0.17917024374999999 0.3387351203125 0.17535772656249998 0.3443774328125 0.17531874375 0.34860575 0.1921534296875 0.34211234375 0.20382419375 0.3339217875
0 0.14336278281249998 0.31294741406250004 0.1364293828125 0.3104821859375 0.1225730875 0.31744320625 0.108621546875 0.322391390625 0.10111936875000001 0.335946928125 0.1170323875 0.3352373890625 0.13226777812499999 0.320473121875 0.14336278281249998 0.31294741406250004
0 0.37583635625 0.33872880156249996 0.3652107046875 0.3421626578125 0.34463230624999996 0.347936415625 0.33412382812499997 0.35338345625 0.3238506796875 0.3657319578125 0.3324451890625 0.3678374671875 0.34270296718750004 0.36421614999999996 0.3447225890625 0.36024267499999996 0.3648258984375 0.3485330484375 0.379462240625 0.3398271234375 0.37583635625 0.33872880156249996
0 0.423724825 0.37137522500000003 0.42982827187500006 0.3670485234375 0.431763684375 0.363105325 0.42260303437499996 0.3589551921875 0.41342450781249995 0.36058487031249997 0.4029959640625 0.368201821875 0.4002247953125 0.378775534375 0.41421747187499997 0.3724428546875 0.423724825 0.37137522500000003
0 0.48117437343749997 0.3705541578125 0.4733066609375 0.3791088078125 0.4732298609375 0.39099421562500003 0.47927174843750003 0.3867436890625 0.49170908124999996 0.3790060421875 0.49773169375000004 0.3702429140625 0.49555362187499996 0.3661672609375 0.487889559375 0.36215747343750004 0.484608834375 0.36055607031250003 0.48117437343749997 0.3705541578125
0 0.5166425859375 0.361818425 0.51536140625 0.36183338125 0.5081028437499999 0.3628875796875 0.50395215 0.3655468796875 0.5052927484375 0.37053583125 0.51457450625 0.3700209546875 0.5187091359375 0.36637995624999997 0.5166425859375 0.361818425
0 0.53610654375 0.44017078749999994 0.5365487109375 0.4427002 0.5431376046875 0.44327665312500003 0.5415930624999999 0.440260246875 0.5478932000000001 0.4360338828125 0.5641466171875 0.4232047671875 0.5610891640625 0.42019872812500003 0.5591513234375001 0.4157974609375 0.5615331265625 0.4075408171875 0.55966024375 0.40239707343750003 0.560880684375 0.3960307796875 0.5600650859375 0.3939690375 0.5692834828125 0.39104101875 0.5697216 0.3898339859375 0.5763479203124999 0.3861819859375 0.5779473984375 0.38308460312500003 0.583784096875 0.3808567015625 0.5840002156249999 0.37838645 0.59040623125 0.3734698109375 0.5913946421875 0.3735562859375 0.5908701875 0.37575017499999996 0.587381915625 0.3776863328125 0.5860692578125 0.38130601406250003 0.589087728125 0.38854036875000003 0.5956808078125 0.3928517125 0.60370028125 0.396044053125 0.60822003125 0.40888684687500004 0.6178763093749999 0.4199392546875 0.6163633046875 0.422048225 0.6172711203125 0.42685658125000003 0.6141917765625 0.4392854953125 0.6125491296875001 0.4428763046875 0.6077915046875 0.447937159375 0.60722374375 0.4506260328125 0.6091573984374999 0.451292409375 0.6276663140625 0.448430615625 0.6421494609375 0.4422286796875 0.651585534375 0.4368305453125 0.6616311171875 0.42824841874999997 0.66432544375 0.4240030265625 0.65909825625 0.423046934375 0.6522499374999999 0.4254357171875 0.647459175 0.42327401093750006 0.6447764359375 0.41980355156250004 0.64253458125 0.4188592546875 0.6436526375 0.417463890625 0.6467043484375 0.41673490312499994 0.649718734375 0.405048465625 0.6421197750000001 0.40463302968750003 0.64126114375 0.4030631578125 0.6431024437499999 0.400984478125 0.645780996875 0.4007200484375 0.649378815625 0.3975496796875 0.6524305265625 0.3968206921875 0.6496382390625 0.39458444375 0.65110638125 0.392970321875 0.6603263359375 0.3900424390625 0.6617944765625 0.388428315625 0.6654829578125 0.388004425 0.672234871875 0.3791341390625 0.6704309984375 0.376984365625 0.670955453125 0.3747904765625 0.6679902171875 0.374531053125 0.6470088374999999 0.38290301250000003 0.64067936875 0.3793613234375 0.6370066624999999 0.375804253125 0.6274051765624999 0.3717269125 0.6247425343749999 0.368008825 0.6269571296875001 0.36546403125000004 0.626801646875 0.363458471875 0.6199376562500001 0.3546423125 0.61334301875 0.350330834375 0.6032817640625 0.34770801875 0.6035310218750001 0.352460328125 0.6088330953125001 0.36014385937500004 0.6011750578124999 0.36420436875 0.5964765125 0.3647892765625 0.5972877890625 0.3631176859375 0.5939277421875 0.36357031093750003 0.5890779 0.36588455 0.5902450046875 0.36772922812500003 0.58949855 0.3686598984375 0.5842064046875 0.3684462828125 0.5826460453125 0.3673137921875 0.58248900625 0.365308096875 0.5729580859375 0.3642248625 0.5697234953125 0.359460759375 0.56185950625 0.3582739765625 0.557944840625 0.353699759375 0.55754584375 0.35067691875 0.5540029171875 0.3456364515625 0.5500924390625 0.34479712500000004 0.545350725 0.3458754609375 0.5416364046875 0.342811953125 0.5373959375 0.34194375625 0.53294090625 0.343545946875 0.533097946875 0.345551640625 0.5439630765625 0.3579536046875 0.551701609375 0.3643571171875 0.551312540625 0.3688041921875 0.5498211890625 0.370665671875 0.5504637015625 0.37470579375 0.5489623203125 0.3842832609375 0.5485026859375 0.3857362296875 0.542271040625 0.3886777359375 0.5434149359375 0.39076976874999997 0.5420216812499999 0.39911133125 0.5458713890625 0.40442802499999997 0.5450183640625 0.40659473593750006 0.5521676171875 0.4159330578125 0.55190819375 0.41889829375 0.54980328125 0.42020731875 0.550925525 0.42254684375 0.547798825 0.4317342953125 0.5372446953125001 0.43852779374999995 0.53610654375 0.44017078749999994
0 0.685802759375 0.36889017812499997 0.6958351609375 0.3784760359375 0.7051326687499999 0.3806854 0.707094278125 0.3722476953125 0.6859766609375 0.3649842203125 0.685802759375 0.36889017812499997
0 0.7151717750000001 0.389495453125 0.7069257328125 0.39215563593749997 0.694943365625 0.4020254234375 0.687569021875 0.41419150312499997 0.688568403125 0.41901100625 0.69739176875 0.41977354062499994 0.7119082109375 0.40691636875 0.7242635015625 0.4016403140625 0.7295898859375 0.39443493281249997 0.7288277375 0.387405821875 0.7151717750000001 0.389495453125
0 0.7730836578125 0.3921027265625 0.780657040625 0.3951948703125 0.7888838359375 0.3905316375 0.7844511437499999 0.387002184375 0.77412898125 0.38348918125 0.7693025078125 0.37551474375 0.7638827015625 0.369822278125 0.7553681828125 0.369778459375 0.7730836578125 0.3921027265625
0 0.8002316078125 0.3953373859375 0.7816040125 0.39891029218749996 0.7704535546875 0.4114800484375 0.766325475 0.4179683890625 0.7806580015625 0.4147788515625 0.7936680140625 0.41092934999999997 0.81748575625 0.39848127187500004 0.8186932703125 0.394933953125 0.8139909140625001 0.3938951625 0.8002316078125 0.3953373859375
0 0.8729091265625 0.40674631406249995 0.8659216890625 0.4054903515625 0.8527104453125001 0.410402921875 0.8366068859375 0.41999528125 0.83871255625 0.4307070640625 0.8541137140625 0.4223127328125 0.8733683093750001 0.4119138109375 0.8729091265625 0.40674631406249995
0 1 0.38970841875 0.9976676531249999 0.39569173125 0.9952456953125 0.399118684375 0.980296665625 0.387465196875 0.9739961390625 0.389992875 0.983303328125 0.40014110468749997 0.9764939015625 0.40052564999999996 0.982403259375 0.4111639796875 1 0.41436895937499996 1 0.38970841875
0 1 0.422652140625 0.9902872609375001 0.42700200781250003 0.9978811562500001 0.43226200156249994 1 0.43202785625000006 1 0.422652140625
0 0.9175291968750001 0.40932470781249997 0.9251523718750001 0.4177100828125 0.90568300625 0.431101675 0.9260897937499999 0.4236142515625 0.9470233265625 0.4166497265625 0.9518891249999999 0.41282644843750005 0.940228396875 0.4120101671875 0.9319273921875 0.4132727421875 0.9304916921874999 0.40856406874999995 0.9249243484375 0.399663725 0.9186265640625001 0.3969968765625 0.9119272015625001 0.3885041078125 0.90507080625 0.38888768125 0.9175291968750001 0.40932470781249997
0 0.30645646718749997 0.9356157812499999 0.3186643921875 0.930392709375 0.335819134375 0.9264619484375001 0.3515794953125 0.9205772234375 0.3616399203125 0.9134927140625001 0.3841019078125 0.9097643421875 0.383561203125 0.9049190921875001 0.377529134375 0.9032667625 0.36837989531250004 0.9035218875 0.3564779953125 0.9092987390625 0.34261456875 0.9136162656250001 0.329432134375 0.9180561109375001 0.31145275156249996 0.9273071203125 0.30645646718749997 0.9356157812499999
0 0.2786624796875 0.9384745671875001 0.278053325 0.9438058249999999 0.292292765625 0.9437419437499999 0.2919596921875 0.934300425 0.275647296875 0.9277067390625 0.2786624796875 0.9384745671875001
0 0.23994625468750003 0.9045570968750001 0.249228584375 0.9100055890625001 0.256504534375 0.91165695 0.26828819375 0.9023014890625 0.25984730312500004 0.9007348546875 0.250211265625 0.89877349375 0.23994625468750003 0.9045570968750001
0 0.088760765625 0.949672403125 0.0763925296875 0.9648490671875001 0.0910283578125 0.9623699171875 0.11241186249999999 0.9443102031249999 0.0922370171875 0.91705595 0.10247853437500001 0.9103935171875 0.1277344640625 0.9006357109375 0.1404317125 0.8902857765625001 0.1253527546875 0.887700784375 0.109300178125 0.8925153437500001 0.094080390625 0.90028874375 0.06138245 0.9138608890625 0.0771795546875 0.9313103484375 0.08654014843749999 0.935810490625 0.088760765625 0.949672403125
0 0 0.88851186875 0.0223498015625 0.8803690234375001 0.0141928328125 0.8741767203125 0 0.8759094734374999 0 0.88851186875
0 0.032615946875 0.3251070875 0.0481890890625 0.3223303734375 0.058212371875 0.3135549421875 0.0740640171875 0.3035970484375 0.0710244796875 0.2984500484375 0.0654584234375 0.29518218749999997 0.0483458 0.303812628125 0.046280829687500004 0.3012588734375 0.0367541421875 0.3011312078125 0.0268054890625 0.304177278125 0.0281546125 0.3145546640625 0.027815925000000002 0.3248439875 0.032615946875 0.3251070875
0 0.26022482343750003 0.051470426562500005 0.2341072046875 0.050837028124999996 0.22940192656249997 0.0444353875 0.21016545937500003 0.0299944921875 0.2033921171875 0.0333011140625 0.23006726875 0.059329740625 0.238108671875 0.0696934703125 0.24795059218749999 0.060499075 0.26022482343750003 0.051470426562500005
0 0.539579721875 0.224350671875 0.5295620078125001 0.22142738281250002 0.526888375 0.22301603124999997 0.5369100109375 0.2269701453125 0.539579721875 0.224350671875
0 0.4997236765625 0.233938471875 0.5166528140625 0.2350604 0.5164924375 0.2321964625 0.5107136671875 0.22956717968749998 0.50198516875 0.22845533437499999 0.4968899609375 0.22774762656249997 0.493496178125 0.22851413125 0.49263939843750004 0.230741684375 0.4997236765625 0.233938471875
0 0.5041227640625 0.0832437515625 0.513107071875 0.09387348437500001 0.516477953125 0.08790079843750001 0.5143916828124999 0.082363521875 0.50713300625 0.0733795125 0.501513325 0.069899921875 0.49627610625 0.0644869328125 0.49290559062500006 0.06656514375 0.491032728125 0.07009816875 0.5041227640625 0.0832437515625
0 0.5836668406250001 0.0636221203125 0.5870976265625 0.059169817187499994 0.5854718812499999 0.058695067187500005 0.5805317078125001 0.058276973437500004 0.5726012125 0.0620454375 0.5606027609375 0.07084412343749999 0.5593299968750001 0.0820931890625 0.56436619375 0.0984270890625 0.5706377875 0.09762846875 0.5709633328125 0.0744200890625 0.5752020124999999 0.06854998906250001 0.5836668406250001 0.0636221203125
0 0.60282221875 0.08205551718750001 0.6122040984375 0.09341172812500001 0.6197320859375 0.09800876562500001 0.6173815765625 0.111985215625 0.602120365625 0.13014609531250002 0.6129284765625 0.143379065625 0.6092393890625 0.13124260625 0.6267235453125 0.121251871875 0.64656951875 0.107786571875 0.6490898734375 0.1011732578125 0.62443676875 0.10861228125 0.6298522328125 0.0811343953125 0.6329023031250001 0.07466937500000001 0.6460105015625001 0.06623755625 0.6451097406249999 0.0642169859375 0.6390122609375 0.06275656093750001 0.6313249375 0.06831710156250001 0.60282221875 0.08205551718750001
0 0.6933988328125 0.0765616953125 0.6920903703125 0.0742890078125 0.68511088125 0.077459959375 0.6729242 0.08423296875 0.6753179015625 0.0889454625 0.6865706687500001 0.0855147140625 0.6894356953125 0.0784218015625 0.6933988328125 0.0765616953125
0 1 0.1281003 0.9975262 0.130939128125 0.9877838046875 0.13186071562499999 0.9964598734375001 0.145619240625 0.993612165625 0.16336043281249998 1 0.1595816234375 1 0.1281003
0 0.949163709375 0.1145570328125 0.9412555375 0.125904721875 0.9366149437500001 0.12030552187500002 0.928775315625 0.1227126640625 0.9480642765624999 0.14912086093750002 0.9514321109375 0.12136501875000001 0.960544278125 0.115312728125 0.9761196062499999 0.1062184125 0.970667390625 0.1061492078125 0.949163709375 0.1145570328125
0 0.88494299375 0.11815790625 0.8768398124999999 0.11468532812500001 0.8727923093750001 0.119822425 0.8752566234374999 0.12679341875 0.886849778125 0.1379196046875 0.892784584375 0.138048284375 0.8918762796875 0.131345175 0.88494299375 0.11815790625
0 0.8197439515625 0.122309984375 0.838238940625 0.13364474843750002 0.8412212468750001 0.1345158015625 0.8381177953125001 0.11749617812499999 0.8312029750000001 0.11137647343749998 0.8217468515625 0.1142429140625 0.8197439515625 0.122309984375
0 0.723320221875 0.13104716249999998 0.73092174375 0.1258398640625 0.7336339015625 0.120763175 0.733162371875 0.10245240156249999 0.733162925 0.089358875 0.7248114359375 0.09971414843750001 0.7173278843750001 0.09658124375 0.7145406828125 0.1035554859375 0.72607783125 0.115519040625 0.723320221875 0.13104716249999998