0 0.4202109 0.57734956875 0.4290082578125 0.5826784859374999 0.4392876484375 0.591038934375 0.44152341406250006 0.5916854296875 0.4531034796875 0.5831494187499999 0.4529762703125 0.5705356984375001 0.45060494375 0.56684281875 0.45028735 0.557216421875 0.44836625 0.5490715890625 0.4509616328125 0.541973815625 0.44803029062500005 0.541456940625 0.4460674390625 0.5506812328125 0.448142465625 0.5598607015625 0.43661083281249996 0.5548048828125001 0.4095426671875 0.554062009375 0.4027888796875 0.55236818125 0.4019659640625 0.5532289859375 0.40472501406249994 0.554722975 0.40136280781250006 0.5566496546875 0.3930920671875 0.5559465234375 0.39107019374999996 0.554077978125 0.38989268125 0.5493374234374999 0.3880244640625 0.548505053125 0.38850793906250003 0.5533755 0.38987918593750004 0.5551277359375 0.40191420000000005 0.563042525 0.4202109 0.57734956875
0 0.2904326828125 0.545903265625 0.2931534640625 0.55142048125 0.2919611890625 0.552468428125 0.2728822265625 0.5521267734374999 0.2768187890625 0.5583613171875 0.29706109375 0.5825818203125 0.356358565625 0.6119260859375 0.35852822500000003 0.611048890625 0.3592834984375 0.608664125 0.3565958453125 0.595346659375 0.35069029218750003 0.594556034375 0.33951271250000004 0.595104653125 0.3336500296875 0.5940709046875 0.3335160078125 0.5910247921875 0.33533621406249997 0.5883232625 0.33287860625 0.585119709375 0.334864421875 0.5776637703125 0.3320279859375 0.5670886937499999 0.328674403125 0.5594464984374999 0.3210879578125 0.5510563484375 0.3162883984375 0.549707103125 0.31388034062500003 0.5500377203125 0.31248585625 0.546518671875 0.3052105953125 0.5439760828125 0.3028186890625 0.5556426609375 0.30046545625 0.549939571875 0.3000682625 0.5445797984375 0.2958103515625 0.5420662968750001 0.29372670156249997 0.542455703125 0.2904326828125 0.545903265625
0 0.3003572859375 0.5303973359375 0.3008367515625 0.5279210984375 0.291076209375 0.5333905421875 0.29164108125 0.5345420625 0.294124046875 0.5358921734375001 0.3003572859375 0.5303973359375
0 0.3183897578125 0.5991386000000001 0.319723815625 0.5970796015625 0.3179310078125 0.595684590625 0.31551224218749996 0.5958149953125 0.3139681796875 0.597778259375 0.3142608078125 0.5997179171875 0.3155819953125 0.6001254046875 0.3183897578125 0.5991386000000001
0 0.3066880796875 0.5910430109375 0.3076045046875 0.592837215625 0.309057653125 0.5931981609375 0.3107145515625 0.593582340625 0.31167967343749997 0.593444715625 0.3123524296875 0.591284978125 0.3097677203125 0.589882021875 0.307717425 0.5899472953125 0.3066880796875 0.5910430109375
0 0.4880422578125 0.8259346140625 0.48656701562500004 0.8300630359375001 0.50216733125 0.8378956859375 0.5097913265625 0.8474855828125 0.5145002812499999 0.8566281171875 0.5265444796875001 0.8681080390625 0.5374807453125 0.8805175046875 0.5408070375 0.8845802687500001 0.5471590125 0.8893447234374999 0.4407344734375 0.7591599328124999 0.3829887171875 0.68920725 0.38006155937499997 0.690790190625 0.38280484531250003 0.6967286500000001 0.3811786265625 0.6989059 0.384970309375 0.707959678125 0.39241834531249997 0.7175486953125 0.39509853906250003 0.7227922046875 0.40447206874999997 0.7278768343750001 0.40824690468749997 0.7329500265625 0.4112266796875 0.7380781796875 0.4191885359375 0.74489715 0.42680728593749995 0.7545257875 0.4339184125 0.7613645171875 0.4434663796875 0.7737291 0.44863413750000003 0.7795587875 0.45653022656250003 0.78208074375 0.4600245453125 0.7883309171875 0.464962 0.7939010453125 0.46491443125 0.795493540625 0.467693875 0.7984825328125 0.474433175 0.805990296875 0.479216034375 0.8148126765624999 0.48136593281250006 0.821515965625 0.4880422578125 0.8259346140625
0 0.3738025875 0.68440951875 0.37401709375 0.6823831703125001 0.368973275 0.6806465625 0.3655822203125 0.680802265625 0.3636275640625 0.6851841000000001 0.3647474234375 0.6879931125 0.36607709375 0.6895222375000001 0.3682121859375 0.690001840625 0.373034790625 0.687198246875 0.3738025875 0.68440951875
0 0.19395124531250002 0.5128805640625 0.1917763546875 0.5151911250000001 0.1943148875 0.5184486140625 0.197378759375 0.52104826875 0.198259065625 0.5234612281250001 0.2021295546875 0.519299796875 0.19730743906249998 0.513921359375 0.19395124531250002 0.5128805640625
0 0.22887266562500003 0.5731841890625 0.2310216890625 0.5742596390625 0.23473640312500002 0.573339146875 0.22808841875 0.564449684375 0.22782734843750002 0.5655253796874999 0.2275873203125 0.5708188062499999 0.2275761734375 0.5713769125 0.22887266562500003 0.5731841890625
0 0.115240196875 0.5300737359375 0.1209945546875 0.5312359390625 0.1157629796875 0.5364218968750001 0.1170791140625 0.5382437437500001 0.12214402656250001 0.540004696875 0.1260498953125 0.5312245546875001 0.1292231875 0.5265990687500001 0.14161198749999998 0.51805651875 0.138738590625 0.5150604796875 0.1033527890625 0.4881999140625 0.09333665 0.4885773015625 0.09612581718749999 0.49444452187500004 0.0967471828125 0.49893787187500005 0.0953930703125 0.5025862859375 0.095411253125 0.5077110499999999 0.0969354953125 0.5116099640625 0.0992689671875 0.51580546875 0.10171594531249999 0.5200320953124999 0.10223853125 0.5236639546874999 0.0913864578125 0.5250029796875 0.0799541203125 0.515415875 0.078301421875 0.514638959375 0.0808885453125 0.5223268796875 0.0891959765625 0.52651114375 0.09648480937500001 0.5264033234375 0.10424296250000001 0.52637825625 0.11136736093749999 0.5277788609375 0.115240196875 0.5300737359375
0 0.1101202265625 0.567109825 0.105112896875 0.566111075 0.09944502656250001 0.5672297921875 0.08826688906249999 0.5644162984375 0.10876438749999999 0.5791542421875 0.10965632968750001 0.5767412171874999 0.108628903125 0.5727601375 0.11042198125 0.5708963109375 0.11157190624999999 0.5692697203125 0.1101202265625 0.567109825
0 0 0.65172724375 0.005472148437499999 0.6517392125 0.014177296875 0.6533439750000001 0.015181196875 0.6554249140625 0.0212630625 0.6548646953125 0.023819781249999998 0.6541588796875 0.0279730453125 0.6520289781249999 0.0286313875 0.65556578125 0.027939759375 0.650895034375 0.0318785625 0.6615169328125 0.039494299999999996 0.6625155 0.0405860484375 0.6597521609375 0.038906953125 0.656614484375 0.0429750640625 0.654634575 0.0464502734375 0.6556122671875 0.055408832812499996 0.6557258796875 0.0681518734375 0.656080003125 0.04503651875 0.6170560140625 0.0380747140625 0.6165329125000001 0.032964925 0.616844084375 0.0313016125 0.6158844234374999 0.027120968750000002 0.6170448421875 0.026294825 0.6142257421874999 0.023287350000000002 0.6084358515625 0.02198575625 0.6063785765625 0.0203914609375 0.6031558953125 0.017979943749999998 0.602048440625 0.0103902203125 0.60131625 0.0020093453125 0.6001129578125 0 0.60008111875 0 0.63716195625 0.0026598578125000003 0.6377698875 0.002913859375 0.6340258640624999 0.0048519578125 0.632941246875 0.006972728124999999 0.6352207062499999 0.002215075 0.6384117781249999 0 0.6409483578125 0 0.65172724375
0 0.0524314375 0.6910755890625 0.050722674999999995 0.69328905625 0.0529029640625 0.693989234375 0.055824768749999996 0.6942632640624999 0.05612726875 0.69364546875 0.055986024999999995 0.6913961453125 0.0524314375 0.6910755890625
0 0.18615114375 0.33649324531249997 0.180080290625 0.3348944515625 0.18232024687499998 0.336381 0.1819340796875 0.338058171875 0.1787697234375 0.34249801406249997 0.17413254218750002 0.3404888140625 0.17941848124999998 0.34675503124999996 0.195226584375 0.3634601171875 0.2003220265625 0.3582723671875 0.205708575 0.3519015703125 0.20005626875 0.3478031046875 0.2015254453125 0.34366409375 0.1982843828125 0.34390494843749997 0.1949880046875 0.34341573125 0.1923298671875 0.3418443390625 0.18615114375 0.33649324531249997
0 0.12335552187500001 0.3637181328125 0.11701404687500001 0.36350115 0.1204944703125 0.368768353125 0.1271261578125 0.3763285390625 0.13048204218749998 0.3725571109375 0.138273246875 0.36807951562499996 0.14089294531250002 0.3659457546875 0.1361240671875 0.364584465625 0.12929254375000002 0.363646434375 0.12335552187500001 0.3637181328125
0 0.201051475 0.2894122703125 0.196821240625 0.286741815625 0.19913581875 0.28525870468750003 0.199890740625 0.28230904687499997 0.19283714999999998 0.28239646875 0.1885967796875 0.28428254062499997 0.1883321078125 0.2835520453125 0.18821415625 0.2776163875 0.18354341406250002 0.27379095468750003 0.18449818125 0.28833393906250004 0.2008751046875 0.2916452546875 0.201051475 0.2894122703125
0 0.20398398437499998 0.25671062031249997 0.202988334375 0.2540789984375 0.2022286046875 0.24850774531250003 0.2013988625 0.2451961640625 0.1938719375 0.244341771875 0.19747169375 0.2433803828125 0.19556085 0.241287078125 0.1903865296875 0.24097444218750003 0.1868199375 0.24415023281249998 0.179214665625 0.23576786875 0.1799582453125 0.24626267968749999 0.1809844609375 0.2513033984375 0.18158723125 0.25550629375 0.18082888125000002 0.2598341078125 0.1808793234375 0.2632732390625 0.1893287984375 0.26442040312500004 0.19630581875 0.26630590781249996 0.2033589796875 0.2670307515625 0.2063309796875 0.26247607500000003 0.2071622046875 0.2601824453125 0.20398398437499998 0.25671062031249997
0 0.23293081093749998 0.2611420078125 0.2251305828125 0.2612707171875 0.22472547187499997 0.2653498421875 0.23068486406250002 0.26992925156249997 0.2362550640625 0.2687615796875 0.2452296765625 0.2684512265625 0.2548810140625 0.2691439375 0.26581552343750003 0.2702437796875 0.270504753125 0.2716338609375 0.282013603125 0.275586146875 0.269578865625 0.27013626875 0.26487825 0.260433546875 0.2756460890625 0.265825909375 0.282988990625 0.2646645984375 0.282818853125 0.2616073578125 0.2796008046875 0.25876632499999996 0.26966338125 0.25891325468750004 0.2628935796875 0.251425496875 0.26044273281249997 0.25062208125 0.258585240625 0.2566124125 0.25447233593749996 0.2593142609375 0.2481378296875 0.259750603125 0.2385100203125 0.2544704078125 0.233645959375 0.2527131375 0.23666599375000003 0.2570550875 0.24211855 0.26125160625 0.23293081093749998 0.2611420078125
0 0.2702399125 0.0077825015624999995 0.26883255 0.004732403125 0.26400192968749997 0.0058718234375 0.26191129062499996 0.0035294515625 0.260478484375 0.008200040625 0.2595639703125 0.0136204609375 0.2596584703125 0.016251846875 0.26221654375000003 0.0220259609375 0.2638389109375 0.0240366671875 0.2685640875 0.02488095 0.2714664828125 0.022268696875 0.275848509375 0.017797639062500002 0.27614516718750004 0.0155303328125 0.27283348749999997 0.0156587796875 0.2712462 0.0114155609375 0.2702399125 0.0077825015624999995
0 0.476785421875 0.1365281265625 0.4744618359375 0.13637068593749999 0.472357434375 0.12164402968750002 0.47057062812500006 0.11654376875000001 0.4684193328125 0.1154092140625 0.46299365156250005 0.115712284375 0.4603701625 0.11726467812500001 0.45941628437500004 0.1188592015625 0.460159871875 0.1222634796875 0.45148304218749996 0.1257709890625 0.44949081562500004 0.12944809375 0.4477765234375 0.1296503578125 0.44682418437500004 0.1312451515625 0.4467182703125 0.13374441718750002 0.44802160156250004 0.1339742296875 0.44945895468749997 0.1372501546875 0.44596272656249997 0.136130721875 0.44357790625 0.1382281546875 0.4455445328125 0.1632561359375 0.44711130781249997 0.165798071875 0.451541509375 0.167334459375 0.44770556875 0.17194781718750002 0.45632576406250003 0.17447528437499998 0.46077586875 0.17400019375 0.4622882234375 0.1692293953125 0.46938478437500003 0.1689702625 0.47636722656249997 0.16365354062499998 0.48150955937499995 0.1630498265625 0.483329765625 0.16034829687500002 0.4825632140625 0.1551756640625 0.4838417703125 0.1536383921875 0.4725965453125 0.1526630484375 0.4712072046875 0.1529210234375 0.47094863125 0.15438746406249998 0.4692774796875 0.154345065625 0.46015877656250004 0.15273719218749998 0.45939709375 0.1513431234375 0.460632509375 0.1500505125 0.46247595312499995 0.1491157984375 0.49605282656250005 0.14722862812499998 0.49967306406249995 0.1438385859375 0.4994649875 0.13548967812499998 0.4918351296875 0.1273457296875 0.48468901875 0.12407069062500001 0.47909131718750003 0.125349334375 0.476785421875 0.1365281265625
0 0.5103613515625 0.134358375 0.5092409984375 0.14099115625 0.5145610171875 0.1411073578125 0.51562028125 0.1364676859375 0.5103613515625 0.134358375
0 0.5429829890625 0.144448225 0.5379389156250001 0.1467352 0.5403467234375 0.1485115484375 0.5426232765625 0.148260871875 0.5470068125 0.146174746875 0.546141803125 0.1444038859375 0.5429829890625 0.144448225
0 0.547492646875 0.1679841953125 0.5491636718749999 0.17036681250000002 0.5510850984375 0.167856071875 0.5495852 0.165879653125 0.5485448749999999 0.16417625 0.547492646875 0.1679841953125
0 0.380603271875 0.29623856875 0.38859617343749997 0.2965468296875 0.39181173125 0.2945070296875 0.39138934375 0.2908737984375 0.387032265625 0.29055136406250004 0.3736206484375 0.2931161125 0.37701795625 0.29560638125 0.380603271875 0.29623856875
0 0.6846858421875 0.29140445000000004 0.6521429515625 0.29235855625 0.649834996875 0.29395706875 0.6480174562500001 0.2969494171875 0.6492170265625 0.300845028125 0.65428419375 0.30255719375 0.6601499390625001 0.307370775 0.6604943921875 0.3129306796875 0.6656963593749999 0.31678473125 0.6676164124999999 0.320661415625 0.670925903125 0.3236677125 0.672486446875 0.332156728125 0.6749385796875 0.335040409375 0.6893878625000001 0.3365426359375 0.6939693609375001 0.3332348265625 0.698776790625 0.3351963015625 0.7068969 0.32862843750000004 0.7046357671875 0.3232668421875 0.702956553125 0.31926603125 0.6949776046875 0.3190586 0.694247253125 0.31580420781249996 0.694487625 0.30713455 0.6908333484375 0.2994250546875 0.6879576203125 0.29593834375 0.6846858421875 0.29140445000000004
0 0.7232491375000001 0.28986976875 0.7169409609375 0.286323615625 0.7093432953125001 0.281866265625 0.7102070046875 0.2892503015625 0.7078722234375 0.3042461296875 0.7140012312499999 0.30487624375 0.7224706578125 0.307592903125 0.7249500156249999 0.30968332187500003 0.72726758125 0.313411146875 0.7185431859375 0.31593768125 0.7190618953125 0.31968150624999997 0.7100130953125 0.32932070156250004 0.706105446875 0.337031159375 0.7069872078125 0.340794575 0.7093207171875 0.345259809375 0.7126294875 0.348945046875 0.7221426125 0.3502956265625 0.7330254546875 0.34696449218750003 0.7480152890625 0.348514434375 0.752250203125 0.34384291093749997 0.7557904171875001 0.3403848140625 0.7628619390625 0.333870046875 0.7727238421875 0.329589390625 0.7810395390625 0.3203286421875 0.7991910343749999 0.30718721875 0.8074948624999999 0.3004502515625 0.8171415703125 0.29194618906250003 0.8201198562500001 0.28247890781249996 0.8141396359374999 0.26418756718749997 0.8046492234375 0.2621413 0.78807254375 0.2608176796875 0.763326259375 0.26098875781249997 0.752681915625 0.25519295937500003 0.7486766921875 0.2544407203125 0.747254559375 0.2616692109375 0.7461237390625 0.2685413109375 0.7458569765624999 0.276190890625 0.7489119375 0.28305217968749996 0.7346708609375 0.28758561562499996 0.7331726171875 0.2909896640625 0.7232491375000001 0.28986976875
0 0.709403909375 0.3771810875 0.7154804125 0.37256615000000004 0.70646529375 0.3718824921875 0.689657303125 0.37215863437499996 0.6842759390625 0.3702577921875 0.6829693015625 0.372296240625 0.69311796875 0.375945225 0.701788528125 0.3768013578125 0.709403909375 0.3771810875
0 0.5719645265625 0.3922517578125 0.5810198109375 0.3947321875 0.58404084375 0.4023347859375 0.5773383109375 0.415763984375 0.58138595625 0.4234650984375 0.59744900625 0.4341083 0.6047284687500001 0.4479736359375 0.6092316390625 0.4470176421875 0.6113708531250001 0.44265089687500003 0.6219850984375 0.4376937296875 0.6273967171875 0.4345640265625 0.6355706624999999 0.435645153125 0.6413717937500001 0.432753896875 0.6490035062499999 0.4256175890625 0.6546843046874999 0.4204933890625 0.6590973703125 0.41791586406250003 0.663452184375 0.412375396875 0.6651637078125 0.4033527125 0.6670475437500001 0.3941446328125 0.6662513140625 0.38515415937499997 0.6617896921875001 0.3796298546875 0.6549027140625 0.37565004375 0.6354650296875 0.375183259375 0.6267836765625 0.37156294375 0.632163559375 0.3660667765625 0.6369550421875 0.3627198375 0.6314241625 0.3544144828125 0.6272505671874999 0.34833646875 0.6214112390625 0.3466753703125 0.6062128078125 0.34668635625 0.5891442484375 0.3483952703125 0.580031725 0.350864471875 0.5766907609375 0.355838003125 0.5769723734375 0.36448070781249997 0.5840090140624999 0.3752601203125 0.577906203125 0.38270568125 0.5719645265625 0.3922517578125
0 0.7257577765625001 0.8947463859375 0.728756621875 0.8866741828125001 0.7348785828125 0.8821973625 0.73737696875 0.8525876140624999 0.73340111875 0.849581228125 0.7305977421875001 0.8710137859374999 0.7156487828125 0.8705007578125 0.7061622 0.864104696875 0.6937724046875 0.8524972 0.6974017484374999 0.8443045250000001 0.69933283125 0.8376988750000001 0.6931489546875 0.8310902812500001 0.6888642609375 0.830582284375 0.682798015625 0.8406188703125 0.6858539609375 0.8486893265625 0.6896840078124999 0.855707909375 0.6753215578125 0.8589681140625001 0.6667999906250001 0.8607672546874999 0.6849816468750001 0.873756171875 0.720753109375 0.8985555171874999 0.7229529265625 0.8990909578125 0.7257577765625001 0.8947463859375
0 0.6372140875000001 1 0.6229391484375 0.9819576796874999 0.5764323 0.9248216375 0.5708736109375 0.9235035437500001 0.5672765703125 0.92447651875 0.5625369625000001 0.932451209375 0.56318123125 0.9376244921874999 0.5672593781249999 0.9505064875 0.5723638156249999 0.95856688125 0.5777399625 0.9684966062499999 0.5825228171875 0.9759783046875 0.5931855374999999 0.9843873046875 0.5992426078124999 0.9936136484375 0.6039013609375 1 0.62880941875 1 0.6273390265625001 0.99712716875 0.631385440625 1 0.6372140875000001 1
0 0.9344294312500001 0.1343643015625 0.9267920390625 0.1351531921875 0.926929909375 0.1346412296875 0.92600408125 0.13551879375 0.925875196875 0.1381663234375 0.9265133390625 0.138983296875 0.9369778500000001 0.1384025546875 0.9478002484375001 0.13650298593750002 0.9611491984375 0.13566134531250001 0.9526267078125 0.1314819984375 0.9463474968750001 0.1311998390625 0.941953990625 0.1338284109375 0.9344294312500001 0.1343643015625
0 0.9367433281249999 0.11173957187500001 0.9398538125 0.11432682031250001 0.940380865625 0.1149369875 0.9412600796874999 0.1160154203125 0.945034028125 0.11732344374999999 0.9476336109375 0.11763426562499998 0.952399321875 0.11706092500000001 0.9538109625000001 0.115740684375 0.9501782343749999 0.113919703125 0.9468156359375 0.11238434374999999 0.9421021890624999 0.10998884375 0.9374512625 0.10936232500000001 0.9367433281249999 0.11173957187500001
0 1 0.080450184375 0.9642901296874999 0.0741535703125 0.950215071875 0.0716717578125 0.9442723734375 0.07062389999999999 0.933515165625 0.0739803609375 0.9291088656250001 0.0763845515625 0.928949571875 0.0796994390625 0.9317219718749999 0.0828093578125 0.9340396875 0.08695924687499999 0.9355913749999999 0.091656303125 0.9356779859375 0.09482732968749999 0.9364394812500001 0.0987869046875 0.94130543125 0.097852040625 0.9544028796875 0.10440246718749999 0.9727159171875 0.1073332671875 0.9801755796875 0.10681449375 0.9880820953124999 0.10491324843750001 1 0.1039580984375 1 0.080450184375
0 0.7684436546875 0.8768048890625 0.76989663125 0.8856700015625 0.769698909375 0.88733121875 0.7794450546875 0.881808465625 0.7932478671875 0.8727330484375001 0.7855782328124999 0.872741990625 0.7727298203124999 0.8722836109375001 0.767027371875 0.873391471875 0.7684436546875 0.8768048890625