0 0.27270574999999997 0.071914946875 0.26959163125 0.0732941078125 0.2639561734375 0.077841725 0.2699193625 0.081599653125 0.2768014671875 0.0821655234375 0.284532478125 0.0811564171875 0.287619659375 0.07871112031250001 0.2918971640625 0.076041565625 0.29521045 0.0725482328125 0.288201503125 0.071145125 0.28031788125 0.0710604984375 0.27270574999999997 0.071914946875
0 0.5349464359375 0.258032596875 0.5285284984375 0.2683981609375 0.5281119875 0.27279649687499996 0.5299589703125 0.2767137140625 0.5336941093750001 0.2799772 0.5425409218749999 0.28342090937500003 0.5474766109375 0.2819916140625 0.5533696531250001 0.27313215625 0.5656000828125001 0.26546232812500004 0.5738043984375001 0.25395669062500004 0.572745328125 0.252153096875 0.5693882015625 0.2514721390625 0.5553753296874999 0.2539426921875 0.5473182859375 0.25261380624999996 0.5414952515625 0.2538515296875 0.5349464359375 0.258032596875
0 0.142634546875 0.46173297968749993 0.144579371875 0.4724758859375 0.150415559375 0.47846203593750003 0.15683343593750002 0.47684388593750004 0.1732737125 0.47943551875 0.178415690625 0.478976728125 0.207949396875 0.4707966328125 0.2212440359375 0.4585891984375 0.226846365625 0.4579063625 0.2329639265625 0.459647496875 0.2430431203125 0.45775908593750003 0.2445715578125 0.4554055 0.248739153125 0.45274493125 0.25532487812500004 0.4503307375 0.2615512109375 0.4462182171875 0.27300814375 0.434909375 0.28156257500000004 0.4202862578125 0.2805035046875 0.41848266250000005 0.276462971875 0.4161722484375 0.27167651406250004 0.41592130000000005 0.264602865625 0.41286105937500006 0.25691963281249997 0.41170510781249997 0.2387302125 0.4120219484375 0.22585341250000002 0.4023343640625 0.21493465 0.40186614687500005 0.203126196875 0.3987979640625 0.19844304375 0.3990330328125 0.1857487109375 0.4045203703125 0.1835737796875 0.4070113734375 0.174334153125 0.4112564140625 0.16799009843749999 0.4164083109375 0.1571851234375 0.4212400640625 0.1517101203125 0.42570086093750004 0.14816138750000002 0.43127294687499995 0.14404544375 0.434176525 0.14069726875 0.4383098484375 0.14238994375 0.4415010953125 0.1467358703125 0.4428584375 0.14837689062499998 0.44580667656250006 0.147921940625 0.4484384640625 0.144982790625 0.452106259375 0.1456385640625 0.4567846515625 0.142634546875 0.46173297968749993
0 0.2817595390625 0.4689269734375 0.2879473703125 0.47179531875 0.2937427734375 0.47360652812500004 0.3015938546875 0.47396643593750004 0.31599134375000004 0.4764843015625 0.3314701296875 0.47534908593749997 0.3378033171875 0.4741291203125 0.344777921875 0.47036552499999995 0.34775010625 0.4660565359375 0.3476246328125 0.4622797796875 0.3450779734375 0.458257296875 0.3418863484375 0.45437190625 0.3382712796875 0.452477434375 0.332529059375 0.45090890781250004 0.322694590625 0.45553437499999994 0.31758444531249996 0.455353825 0.31198758125000003 0.44969698906250005 0.3036431109375 0.45020231875 0.2891903578125 0.453782321875 0.2825052015625 0.45811856406249996 0.2796414015625 0.4653197828125 0.2817595390625 0.4689269734375
0 0.20156465156249997 0.5505033796875 0.1978663625 0.5577541828125 0.20029376875 0.5628163671874999 0.2018131921875 0.564395915625 0.20751850312500003 0.5641975687499999 0.2123601640625 0.5670980640625001 0.2173619234375 0.5643863828125 0.2218682734375 0.5601330765625 0.2349896609375 0.54631394375 0.23544308281249998 0.5436824812500001 0.23804500625 0.5416070953125 0.2338222078125 0.54161811875 0.22943358125 0.5448320468750001 0.2239493 0.5444770343750001 0.21878362812500002 0.5416454109375 0.2172789484375 0.538541996875 0.212787340625 0.5412714375000001 0.208540459375 0.54673793125 0.20156465156249997 0.5505033796875
0 0.0420603984375 0.61762194375 0.0404433984375 0.617965646875 0.0373073 0.61673133125 0.03906965625 0.6122993171875 0.0484029875 0.60372295625 0.0521210984375 0.5973545015624999 0.042117639062500004 0.59403045 0.0113792421875 0.5957463171875 0.009327553125 0.5964348078125 0.0097144640625 0.5982550796874999 0.020697725 0.6499272546875 0.0223903984375 0.6531185015625 0.0323423265625 0.6387047156250001 0.046771384375 0.6318342984374999 0.050535745312500005 0.6233011109375 0.052040485937500006 0.617657109375 0.0503478125 0.6144658625 0.046294390625 0.6136805171875 0.0420603984375 0.61762194375
0 0.10072337499999999 0.5953909875 0.0997345140625 0.6034620171875 0.1028706125 0.604696334375 0.10763490312499999 0.6016565421875 0.11054489218750001 0.6010380046875 0.12284133125 0.60083320625 0.133820759375 0.5976112984374999 0.1373919859375 0.5953314796875 0.1462109640625 0.584327765625 0.155698928125 0.576478903125 0.1659460328125 0.565047034375 0.1670618953125 0.5607524359375 0.16109896875000002 0.5597387968749999 0.156678896875 0.5548461796875 0.15118888749999998 0.5520818968750001 0.13930114843750002 0.5518196421875 0.129390128125 0.5529135375 0.1164433203125 0.5508476875 0.09778573593749999 0.55531985625 0.092885428125 0.5585163515625 0.0932940671875 0.5667967109375 0.087583615625 0.5733362609375 0.098666290625 0.579347784375 0.10072337499999999 0.5953909875
0 0.13071611562500002 0.788185353125 0.1263992875 0.7925261671875 0.1261875359375 0.7978953343749999 0.1162262671875 0.8162407265624999 0.1171027453125 0.8203642296875 0.12214681875 0.8218271640625 0.16213019374999998 0.810255025 0.162852396875 0.82418905 0.1696319234375 0.825016334375 0.1831860984375 0.8216353171874999 0.194103525 0.8097798234375 0.20054934531250002 0.8066397953125 0.21127197187500002 0.810160815625 0.223367575 0.7882691765625001 0.22552388906249998 0.784893971875 0.22504547812500003 0.776240271875 0.21856407187500002 0.772787378125 0.20913964687500003 0.773164440625 0.1936036203125 0.7834394078125 0.19164399062499998 0.78296778125 0.1907542984375 0.78036781875 0.20147710000000002 0.7726318734375 0.188778115625 0.7719574031249999 0.18911251874999999 0.7651436671875 0.1788404984375 0.769469175 0.172288646875 0.7785884734375 0.16667189843750002 0.7807967031249999 0.1546292 0.779805421875 0.14596104375000002 0.7803811515625 0.13071611562500002 0.788185353125
0 0.26716114687500003 0.7477727875 0.2638000828125 0.7534311781249999 0.26367689375 0.760810228125 0.273879153125 0.769037596875 0.2769623953125 0.7700307578125 0.29078727031249996 0.7674723734375 0.3680429640625 0.7420497796875 0.37366905 0.7359099421875 0.37661253125 0.7271822375 0.3668953921875 0.7294888875 0.36127483125 0.7205416359375 0.3572327703125 0.718231546875 0.35169683749999997 0.7176335265625 0.35106420156249996 0.707344915625 0.3448101546875 0.7090799953125 0.33353027812499997 0.70511673125 0.3273859140625 0.704076165625 0.30294353749999997 0.7125286656250001 0.2933009390625 0.71965003125 0.2799402296875 0.7331398515625 0.275454025 0.7382770328125 0.27005803125 0.7429366859375001 0.26716114687500003 0.7477727875
0 0.3917422890625 0.710426684375 0.377341321875 0.714235290625 0.38920856718749997 0.7223371859375 0.398663759375 0.7238784578125 0.40359163750000004 0.72638044375 0.41174811250000004 0.7257872812499999 0.42676299531249995 0.7224695734375 0.4426264609375 0.7175753609375 0.4459268578125 0.7156070953125 0.45405550000000006 0.7005665078125001 0.45345030625 0.6911059109375 0.45318324062500004 0.6896691015624999 0.4492973125 0.688236346875 0.4364523390625 0.687017840625 0.4301621 0.6903787859375 0.42241740468750005 0.6941191734375 0.41551562343750004 0.6914616859375 0.4117710078125 0.6934668671875001 0.3917422890625 0.710426684375
0 0.5426418078124999 0.6705981875 0.5388682515625 0.66984440625 0.523630221875 0.675193525 0.5174560109375 0.68078375 0.52257843125 0.68574911875 0.5230792453124999 0.689698484375 0.5483054640625 0.681927596875 0.55169055 0.679561146875 0.5501657234375 0.6755738578125 0.54639755 0.6729515640625 0.5426418078124999 0.6705981875
0 0.42702222812499996 0.6187092 0.43286775625 0.62076374375 0.443204565625 0.62008731875 0.44776999375 0.6208916265625 0.46552695625 0.6264988390624999 0.47092840156250004 0.6272532390625 0.4764072796875 0.625200509375 0.48405906718749997 0.6182499124999999 0.489088459375 0.6124892984375 0.4915784484375 0.6051151453125 0.4960460359375 0.5990937625 0.490847003125 0.5969018015625001 0.490889378125 0.5923290031249999 0.48526335156249994 0.589721425 0.4822248328125 0.58656385625 0.46384933281249996 0.578046653125 0.46496519531249997 0.5737520546875 0.46963906875 0.568701178125 0.47075525625000003 0.5644081078125 0.462269040625 0.5626608734375 0.46074606874999996 0.5586747859375001 0.45167047812499994 0.550968303125 0.44116975468749997 0.546101421875 0.43980141718750004 0.5428428328125 0.442922834375 0.5368535999999999 0.44661178437500004 0.5335344046875 0.448018621875 0.529812128125 0.4545821796875 0.5241071953125 0.4595509046875 0.5220367078125 0.46790973124999996 0.5287533984375 0.46841086875000004 0.5327042921875 0.47313093124999994 0.5342360968750001 0.4777017625 0.537448146875 0.484701590625 0.536974640625 0.4877572 0.5410167359375 0.4908602609375 0.54289224375 0.5018345515625 0.5460115375 0.5077605671875001 0.545258303125 0.51297401875 0.54592486875 0.5174640968750001 0.543195753125 0.522784465625 0.5380074593749999 0.5317532625 0.5340739734375 0.5372522859375 0.5329051203125 0.548835896875 0.5253711796875 0.5569740796875 0.52389534375 0.5833385921875001 0.5238695390625 0.59171069375 0.520315275 0.5996846390624999 0.5132946046875 0.6021136359375 0.50960905 0.600721278125 0.5030585171874999 0.598283328125 0.5019297921875 0.594434340625 0.50211375 0.5934875921875 0.49686303593750003 0.60400699375 0.493866703125 0.6094912734375 0.4942217140625 0.612520515625 0.49256347656250005 0.615356684375 0.48841119062500005 0.6194726265625 0.4855076125 0.62450234375 0.4797485265625 0.6258890359375 0.4751423734375 0.6296957109375 0.4707838015625 0.6321709578125 0.46493351406250005 0.6302777859375001 0.454433615625 0.6213474890625 0.45138623593749994 0.611437671875 0.4524782796875 0.60584888125 0.45163910312500005 0.6019774015625 0.4485307921875 0.60059825625 0.44045672031249994 0.6028909125 0.436926340625 0.6043218328125 0.4277485921875 0.5724859906249999 0.4171469015625 0.5616717375 0.417162846875 0.5557826312499999 0.41968295624999996 0.5505043140625 0.420296921875 0.5469940796875 0.41888814218750003 0.544176590625 0.41517721406249997 0.5386721640625 0.41393832656249996 0.5252889625 0.424135878125 0.5096314578125 0.42999906875000005 0.49894814531250004 0.427452096875 0.48571456093750004 0.42722351875 0.48322463281249994 0.4258502578125 0.48110681875 0.422244596875 0.4698601703125 0.41943718125 0.45833182499999997 0.4208732546875 0.43928568749999997 0.4266963546875 0.4129448703125 0.43001257343750005 0.4071272375 0.43365803906249994 0.40698188125 0.43774635 0.4049468421875 0.442488715625 0.40574435937500003 0.44941967343749994 0.4095840078125 0.4531673234375 0.4052524375 0.4590320015625 0.39534103125 0.468871784375 0.3934240390625 0.47257630156249997 0.3930723953125 0.47569410625 0.3955766796875 0.48428938906249996 0.3998235 0.487570309375 0.384165996875 0.49343349999999997 0.37997076875 0.49914300312500004 0.376074003125 0.5014920171874999 0.36179596875 0.515430809375 0.3509249234375 0.521544946875 0.3474683640625 0.522786040625 0.3311461359375 0.519156559375 0.310017240625 0.5231396687500001 0.30147608593749997 0.5274918296875 0.2917076890625 0.5308349109375 0.2864518640625 0.53474114375 0.27809291406250003 0.5455192828125 0.2777520765625 0.5534525703125001 0.28203193125000003 0.5560922984375 0.2855292140625 0.5677735609375001 0.28136549375 0.572842196875 0.2736969421875 0.5789097953125 0.263402384375 0.5925082500000001 0.26289578125 0.5948970296875 0.258934471875 0.5985281046875001 0.25793633437499996 0.6017833265625 0.26374850156249996 0.6044775328124999 0.29339473125 0.610346678125 0.311245721875 0.6116241 0.3141719203125 0.6182287875 0.3199603921875 0.61763258125 0.323827671875 0.618331296875 0.327958296875 0.62265126875 0.3375218734375 0.627084771875 0.3430854390625 0.6246338578125 0.3485568296875 0.6265139390625001 0.3651661609375 0.6283076750000001 0.3703120109375 0.6302569515625 0.3867667078125 0.6313231890625 0.39421602031249997 0.63455756875 0.40347934375000005 0.6336029421875 0.40943299218749996 0.6298007734375 0.4170315984375 0.62260749375 0.4218456875 0.6198095078125 0.42702222812499996 0.6187092
0 0.6555776078125 0.3889615140625 0.672759875 0.3958330296875 0.68061095625 0.3961929375 0.6958612265624999 0.39954389218749997 0.7092497703125 0.4005014953125 0.712216490625 0.4025321796875 0.7331481125 0.3936454296875 0.735627234375 0.3902032078125 0.7362275390625 0.383483109375 0.739560971875 0.3808736515625 0.7613822234375001 0.3833342796875 0.7680063875 0.38268663593749996 0.7710671359375 0.3803875296875 0.765118953125 0.377850025 0.7671536671875 0.37310613125000003 0.765446575 0.371440278125 0.7538591515624999 0.3678187375 0.7509236140625 0.36514565625 0.746475909375 0.363301971875 0.7416420593749999 0.3564701953125 0.7340062796875 0.3531476578125 0.6986403203125 0.3490022546875 0.6903991578124999 0.3499936015625 0.6856751578125 0.3548011453125 0.677901771875 0.3603830515625 0.6779771218749999 0.363916475 0.6853972734375 0.37020011249999996 0.68438051875 0.3725711328125 0.675286571875 0.3727293921875 0.663796665625 0.37593201249999997 0.658273884375 0.38255786718749996 0.6555776078125 0.3889615140625
0 0.7162757531249999 0.5281951874999999 0.7245354734375 0.5368354562500001 0.7278262046874999 0.53879726875 0.7306199984374999 0.539217784375 0.7470509984375 0.5369936078124999 0.7522181984375 0.5398249078124999 0.7569476015625 0.53742510625 0.7614007703125 0.5329291171875 0.7697744625 0.5206271124999999 0.7709032140625001 0.5148074453125 0.77419433125 0.5080233734374999 0.7733178546875 0.50389986875 0.7697505640625 0.49984034062499993 0.7692494265625001 0.49588944531249995 0.77477995625 0.494079725 0.7851540015625 0.4951717015625 0.790807659375 0.49473034531250004 0.792993459375 0.4883074109375 0.7907708109375 0.48421605625 0.7900117328125 0.4790516484375 0.795139028125 0.471369309375 0.794314203125 0.4674888140625 0.7910045296875 0.46464127031249997 0.7912439140624999 0.45622316874999996 0.784783784375 0.44491928906249995 0.778155746875 0.44315886562499995 0.7696990171875 0.4383639 0.765967753125 0.4375084796875 0.767669503125 0.4280191765625 0.758503759375 0.42705055156249994 0.75489409375 0.427563821875 0.75075051875 0.43351633281249996 0.7461058046875 0.4355179515625 0.7274614359375 0.43846657968749997 0.7153526671875 0.43875768437499996 0.7092071484375 0.44006395468750004 0.6995777640624999 0.44566177968750004 0.6920215328125 0.448282259375 0.6836109921875 0.450069975 0.669187075 0.45059919062500003 0.6644891796875 0.45235812500000006 0.6512885703125 0.46023576874999994 0.640675403125 0.4763108359375 0.6409053874999999 0.48057175625 0.64428888125 0.48695304687499996 0.655301609375 0.49183888906249995 0.6723142375 0.49075782968750004 0.6766255984375 0.49275668906250003 0.6736549421875 0.497065353125 0.6700491515625 0.499986690625 0.6694065328125001 0.5025321734375 0.6641798671875 0.503389146875 0.66141396875 0.5086686421875 0.6611136546874999 0.5120279265625001 0.6561818390624999 0.5158652890625001 0.6562944234375 0.5211671140624999 0.659384271875 0.5245661640625 0.6640199703125 0.52649768125 0.6689754796875 0.5259507328125 0.6746660484375 0.52727625 0.6793786859375001 0.5239934515625 0.684135659375 0.5272921296875 0.6964375015625001 0.529495071875 0.7127138671875 0.5265434 0.7162757531249999 0.5281951874999999
0 0.6015358749999999 0.650837221875 0.5984693984375 0.6507270593750001 0.5928910890625 0.6547018375 0.5875244703125 0.6620548640624999 0.58644551875 0.6681163359375 0.5888135234375 0.6681193796875 0.5976828890625 0.6661079421875 0.6156183046875 0.6582382375 0.6152519796875 0.6541324937499999 0.6093088734375 0.654001203125 0.6015358749999999 0.650837221875
0 0.8589892203125 0.286646534375 0.857667071875 0.2899706265625 0.8589417062500001 0.29756053437499996 0.877350565625 0.3054380734375 0.8896652984375001 0.306115946875 0.899659803125 0.3046257203125 0.9045601109374999 0.301429225 0.9194755640625001 0.30003356718749996 0.9245289765625 0.29756489531249997 0.9236152640625 0.2916729890625 0.91993025 0.2886528359375 0.91845893125 0.2849097578125 0.9276889546874999 0.27584738125 0.9280036875000001 0.27096270312500004 0.9242856390625 0.26858374218750003 0.907779290625 0.2672744953125 0.8974848546875 0.26337812031249996 0.8805383000000001 0.2631767953125 0.866657834375 0.2718315203125 0.8684018359375001 0.27526424843749997 0.8725654953124999 0.278943028125 0.8698788828125 0.281416596875 0.862865840625 0.2834136421875 0.8589892203125 0.286646534375
0 0.9131937375 0.38897221718749997 0.9152325906250001 0.3953853328125 0.9170757 0.3968944828125 0.938390675 0.4017454171875 0.9466706015625 0.402522146875 0.9524590734375 0.401925940625 0.9576154671875001 0.39994175625 0.9637478328125001 0.3914116125 0.956598834375 0.38481794687500004 0.954324534375 0.38048358437499996 0.9562616703125 0.37766294375 0.9625249124999999 0.375317296875 0.9635560859375 0.37142088281249996 0.9565655968750001 0.3679627828125 0.945351984375 0.364514175 0.9395304781249999 0.365751575 0.9359580484375 0.368033246875 0.9297092250000001 0.3688535 0.9250116546875 0.3706139625 0.918449625 0.3763185703125 0.9149855796875 0.381492471875 0.9131937375 0.38897221718749997
0 0.8404536390624999 0.327480109375 0.835057596875 0.3291334515625 0.8301444 0.33385501562500003 0.8274997765625001 0.34050167187499997 0.8373357109375 0.3446232953125 0.849293396875 0.3460112328125 0.8545678390625 0.3429892 0.8577280203125 0.33876804531250004 0.864234459375 0.33915977812500003 0.8697851359375001 0.3382339328125 0.870919290625 0.33482200781250004 0.8650539421874999 0.3318851171875 0.853518171875 0.328506584375 0.8464682187499999 0.32873675625 0.8404536390624999 0.327480109375
0 0.795562234375 0.3644048265625 0.8005165421875 0.36385973125 0.81695649375 0.3664498359375 0.8197704343750001 0.3677542265625 0.8236287000000001 0.3723860765625 0.8330265109375 0.37127507187500003 0.8440062656249999 0.3680546921875 0.8475732921875 0.36336527812499997 0.8481976187500001 0.359937121875 0.8467244468749999 0.356192840625 0.8387280703125001 0.351173828125 0.8288975375 0.3494599453125 0.8131646859374999 0.3517897125 0.785610165625 0.3525748390625 0.7755495890625 0.3553474515625 0.7773452437499999 0.3590231875 0.782834928125 0.361785940625 0.795562234375 0.3644048265625
0 1 0.448325465625 0.993276540625 0.415816490625 0.9875378687499999 0.416654503125 0.9825971015625001 0.41567758593750004 0.9691181640625001 0.4085380609375 0.960370271875 0.4258508 0.969659509375 0.42717495781250003 0.9711031968749999 0.4339669703125 0.9797425171875 0.436442028125 0.9778714515625 0.43798028437500003 0.966226909375 0.4404554078125 0.964357371875 0.44199333906250005 0.9536782765625 0.45312886093750004 0.94996876875 0.468811565625 0.9562034718750001 0.4732306140625 0.9600205390625 0.47169404843749996 0.96947540625 0.47323379374999996 0.9874588640624999 0.47194797499999996 1 0.4732789484375 1 0.448325465625
0 0.8289104796875 0.47915068437499997 0.8336693046875 0.48245056562500005 0.8369879328125001 0.4901123890625 0.84563233125 0.49499365937500006 0.8578588249999999 0.4936631796875 0.86976485625 0.4948081078125 0.8733562296875 0.493412165625 0.8772989203125 0.48889688906249995 0.87456973125 0.47844689999999995 0.8651665156250001 0.4771501640625 0.8571223625 0.474296209375 0.8485716046875 0.473831034375 0.8380060140625 0.47024468593749996 0.8280061062499999 0.46932717031250004 0.8186398015625 0.46979730937499997 0.815372765625 0.471125909375 0.81894005625 0.4751854390625 0.8289104796875 0.47915068437499997
0 0.790231021875 0.600965478125 0.7695204312499999 0.6092988687500001 0.7663932859375 0.6128788328125 0.762553515625 0.6266260124999999 0.7674483578125 0.629769190625 0.792420775 0.631941796875 0.7956878109375001 0.630613196875 0.7993251078125 0.6270509921875 0.8125497390625 0.622465290625 0.8145370015625 0.6198879828125 0.8157251046875 0.6128895937500001 0.80861225 0.61189195 0.8062917000000001 0.6097223203125 0.80590708125 0.604733903125 0.8042660609375 0.601785665625 0.8054906328125 0.600384825 0.8161923 0.5950670546875 0.8247706890625001 0.592483296875 0.8320191796874999 0.588407496875 0.837518203125 0.58723864375 0.8602529671875001 0.57809481875 0.8598590109375 0.5770380078125 0.8548479718750001 0.57493388125 0.8457171156250001 0.5733252656250001 0.8240874078125 0.5733590093750001 0.8187706515625001 0.5722064265625 0.8167080406249999 0.5712503109375 0.815133415625 0.567021215625 0.8109181031249999 0.5630994281249999 0.8053635515625001 0.56161720625 0.801687815625 0.5634128625 0.7990912953125 0.5678959890625 0.7919511890625001 0.57486401875 0.7865185609374999 0.574752015625 0.7797265484375 0.5761957015625 0.7657376984375001 0.581958196875 0.7661024953125 0.5860642656249999 0.763129984375 0.5903717265624999 0.7570508625000001 0.590397140625 0.7552314499999999 0.5921784046874999 0.7573507921875 0.5957837406250001 0.7747654500000001 0.6005771531249999 0.790231021875 0.600965478125
0 0.9347665203125001 0.55249471875 0.93600424375 0.558317753125 0.9381698359374999 0.5597583578124999 0.9488586140624999 0.5559656546875 0.9524736828125 0.5578601265625001 0.9549524171874999 0.5631637921875 0.9593539328125 0.55842479375 0.9617775265624999 0.552331496875 0.9600245718749999 0.544084490625 0.96104253125 0.5417116171874999 0.9638825734375001 0.5399673984375 0.955403615625 0.5406291078125001 0.950086859375 0.539476525 0.9478218359374999 0.5399579703125 0.9400647203125001 0.5440156859374999 0.9391680359375 0.5477557203125001 0.9347665203125001 0.55249471875
0 0.6460063328125 0.6479149359374999 0.6735005875 0.6398871953125 0.6774197109375 0.6333897546875 0.6603234296875 0.63279215 0.65176203125 0.6369137953124999 0.6460063328125 0.6479149359374999