0 1 0.7137631546875001 0.97503165625 0.705848715625 0.94735263125 0.696894525 0.9135486859374999 0.718112065625 0.9164204671875 0.6905421234375 0.8419597421875 0.6713707062500001 0.83250235625 0.6995439578125 0.8317383484375 0.7199441359375001 0.846422240625 0.73692106875 0.8595860859375 0.7389659375 0.883559803125 0.7506266046875 0.8820244328125 0.7587229140625 0.8654042562500001 0.7761617046875 0.8709726265625 0.7882969375 0.8772927859375 0.8191162296875 0.8975372046875 0.8300738375 0.9393139093749999 0.8427579734374999 0.9489750578124999 0.8333442265625 0.9561160734374999 0.8132027453124999 0.9722845109374999 0.7880036625 0.9861431578125 0.7885918625 1 0.7965760937499999 1 0.7137631546875001
0 1 0.659517028125 0.9913601984374999 0.655198646875 0.9737482171874999 0.6529648953125 0.9559098125000001 0.6606025796874999 0.9588591109375001 0.6668512546875001 0.968939096875 0.6872579125 0.9872253375 0.6911561140625 1 0.69389305 1 0.659517028125
0 0.6464391015625 0.5086230671874999 0.6461912359374999 0.5350202656249999 0.65759495 0.5398293062499999 0.6765278296874999 0.54471928125 0.696956878125 0.54776920625 0.7157521984375 0.5412697703125 0.7201324671875 0.5277329875000001 0.7403663890625001 0.507356115625 0.753294840625 0.5136884109375 0.7874908265625 0.5131351578125 0.79979235625 0.510068040625 0.8172488578125 0.4968942375 0.8326111656249999 0.48978856562499995 0.837726159375 0.4811749640625 0.8354631906250001 0.46649254375 0.8102417000000001 0.4635843515625 0.7987975953124999 0.46151972812500003 0.7808671265625 0.4535456375 0.7754941625 0.44043091093750003 0.77576195625 0.4208694421875 0.747171103125 0.41797844531250006 0.7303295484375 0.42053980625 0.7078128796875001 0.4191601625 0.69701905625 0.40873680781250005 0.6813516546875 0.41229368749999995 0.6629989468749999 0.41821737968750006 0.6301764890625 0.4149079859375 0.6158274359375 0.41916033593749996 0.6012148171875 0.43389081875 0.5958248109375 0.4471173515625 0.605111109375 0.458760390625 0.581595965625 0.479404628125 0.6026531562499999 0.48512890625000005 0.59075369375 0.49600251406250007 0.5852309859375 0.5123265984375001 0.6011099828125 0.522936209375 0.6273176296874999 0.51610721875 0.636059990625 0.52495506875 0.6464391015625 0.5086230671874999
0 0.37247479375000003 0.315999603125 0.3921355203125 0.321709734375 0.3872472078125 0.3230364203125 0.4078252671875 0.33135363125 0.43082882187499993 0.3340595703125 0.46085498437499994 0.3408600890625 0.43478382031249996 0.32123913437499996 0.4482618546875 0.313654778125 0.46254360468750005 0.3007749359375 0.47249400625 0.300181334375 0.48427693906249997 0.29859297812499996 0.49907618593749997 0.29136681875 0.5045188625 0.2871353609375 0.51363180625 0.2750836921875 0.509067075 0.2711009453125 0.49806578906250004 0.2597486234375 0.50425401875 0.2577000796875 0.5260536015625 0.26102182812499997 0.5339858125 0.25957390468749997 0.5307892062499999 0.2530825375 0.5231654375 0.24799128750000002 0.5158474203125001 0.2412134703125 0.5228639687500001 0.23032540468749998 0.5273987296875 0.22477117500000002 0.5519636 0.21191527031250001 0.5578127359375 0.2031524421875 0.565483184375 0.19735425 0.5839367249999999 0.1895873484375 0.5895062390625 0.1807428671875 0.5883523765625001 0.1728339578125 0.575941703125 0.17410699999999998 0.5529851234375001 0.182808225 0.541549671875 0.182044203125 0.5250343156249999 0.18474485000000002 0.49387068593750005 0.1956388640625 0.4598766859375 0.203383428125 0.44949195625 0.20822870937500002 0.428265284375 0.21222318437499998 0.38004564687500003 0.22501865156249998 0.336710771875 0.23610505625 0.32383572968749996 0.24179346875 0.3139723109375 0.256447753125 0.3077065734375 0.2761858140625 0.31367286875 0.284104209375 0.33268825 0.277789846875 0.3409044609375 0.280884721875 0.34808066875 0.28478802187499996 0.3659121359375 0.27613433593750003 0.373387903125 0.2851466125 0.35864432968750004 0.2990160109375 0.33771276875 0.3061640140625 0.3098163921875 0.3017310828125 0.30451110937500003 0.28945617968750004 0.2850779328125 0.2870677953125 0.2669977984375 0.28444834218750004 0.250691346875 0.29538207031249997 0.2787070796875 0.31062762187500004 0.33172669843749997 0.3241173421875 0.334459440625 0.3420144140625 0.3446825671875 0.3458150484375 0.35589538906249996 0.33308522812499997 0.37247479375000003 0.315999603125
0 0.25410822187500004 0.2573974609375 0.22248427343750002 0.26450762656250004 0.214019503125 0.2715312578125 0.20854864375 0.2801772265625 0.20886393593750002 0.29396520000000004 0.2120379828125 0.30616599375 0.22034813749999999 0.2997364765625 0.23153790624999998 0.29109943125000004 0.2438427265625 0.2804371609375 0.24862504375 0.273537771875 0.2487006 0.266122671875 0.25410822187500004 0.2573974609375
0 0.675701865625 0.16462556718750002 0.689846278125 0.15138865625 0.685806315625 0.1487549671875 0.6810351890625 0.14994454375 0.6577548484375 0.15705013437499998 0.641631696875 0.1759592328125 0.63067395625 0.194020071875 0.639140290625 0.1988996375 0.6471972453125 0.1937538828125 0.6569212062500001 0.1856900375 0.67201346875 0.170551715625 0.675701865625 0.16462556718750002
0 0.741761353125 0.198819409375 0.7364769875 0.19122053125 0.7264370515625 0.1847831953125 0.7097261875 0.183832040625 0.70897631875 0.1836792234375 0.7054186703124999 0.1824051765625 0.6927890484375 0.1805395171875 0.6836715156250001 0.18247138125 0.6848557890625 0.18903613125000002 0.6987933140625 0.198524303125 0.7212584578125 0.2022807640625 0.737281978125 0.20248379062500002 0.741761353125 0.198819409375
0 0.6723983875 0.23003004374999997 0.678548215625 0.2251858734375 0.674425278125 0.221922296875 0.6488695328125 0.2364037015625 0.6286258921875 0.254171034375 0.638121709375 0.256901778125 0.65145235625 0.24986947499999998 0.6723983875 0.23003004374999997
0 0.5270125734375 0.29006342812499997 0.53537386875 0.2866614703125 0.546745996875 0.279098140625 0.5630713187499999 0.263492959375 0.563891890625 0.2591111625 0.5592440187500001 0.2601556734375 0.5409807468750001 0.2618846921875 0.5351640625 0.2654750890625 0.5270125734375 0.29006342812499997
0 0.7207089109375 0.23890633437500003 0.7224672640625001 0.24314916874999998 0.736918728125 0.233959765625 0.7328664078125 0.23408604843749997 0.7784525203125 0.20051043124999998 0.775652278125 0.1946658234375 0.7468920531250001 0.21450182812500002 0.7278334078124999 0.2287031203125 0.7207089109375 0.23890633437500003
0 0.818856328125 0.159745278125 0.796607396875 0.16525230156249998 0.8211063890625001 0.1756612109375 0.8140560171875 0.20407814218749998 0.8001362578125001 0.2258115234375 0.8182110953124999 0.232614334375 0.8221169359375 0.2298079390625 0.832104403125 0.21435298593750002 0.8474629109375 0.2024720109375 0.8743933203124999 0.17813884375 0.8912657749999999 0.162674225 0.8887668921874999 0.159091075 0.8504454890625001 0.17947355781250002 0.8402767140625 0.1724226015625 0.83238296875 0.16518284375 0.818856328125 0.159745278125
0 0.9232309781250001 0.1307039890625 0.9144680718749999 0.1255779125 0.8946251843749999 0.12986506250000002 0.8876166140624999 0.128739659375 0.897692896875 0.1400247 0.9187311796875001 0.1510790671875 0.9293122890625 0.15509479843750001 0.9274249203125 0.14752497656250002 0.9232309781250001 0.1307039890625
0 0.08967597187500001 0.3494748125 0.081492065625 0.3486279609375 0.07793208125 0.3516460359375 0.0875535828125 0.35758060468749997 0.09395732500000001 0.35811444375 0.08967597187500001 0.3494748125