0 0.21404625625 0.245962915625 0.2304731640625 0.2211973953125 0.2364910921875 0.2016900765625 0.226701496875 0.1814911484375 0.21451544843749998 0.176108903125 0.19437661875 0.1586407078125 0.19795515156250001 0.15121765625 0.2185225 0.138674696875 0.216284696875 0.1255117609375 0.21815651093750002 0.0941068328125 0.20143794218750002 0.07828295625000001 0.164367640625 0.055218415624999996 0.15259923125 0.0618109078125 0.140488540625 0.079417853125 0.11834902656249999 0.0995735984375 0.1051148390625 0.095418559375 0.081127534375 0.0714728375 0.0523635671875 0.06253197656250001 0.021364201562499997 0.0406485671875 0.012088346875 0.04983808125 0.0088935 0.0693009125 0.007094528125000001 0.0891912953125 0.006678070312499999 0.1130501609375 0.019715401562500002 0.1325119078125 0.04396191875 0.144561903125 0.0588224953125 0.155455728125 0.094432221875 0.1782181703125 0.1188505921875 0.1940311125 0.1569942015625 0.18228564687499998 0.147084646875 0.20817289374999998 0.21404625625 0.245962915625
0 0.10119194375 0.22687167812500003 0.0999604171875 0.22007258749999997 0.09550552968750001 0.1977523765625 0.07885130625 0.18925417656250001 0.057800109375 0.1784851421875 0.044855646875 0.17581663593750002 0.0377785390625 0.1864400546875 0.0383680578125 0.1959986734375 0.0489874125 0.2082327453125 0.065550859375 0.22291624062499998 0.08198459062499999 0.229632196875 0.10119194375 0.22687167812500003
0 0.3580835515625 0.42073927031249997 0.3410614125 0.41111572656249995 0.3221178453125 0.4028823 0.30228078125 0.40429568437499996 0.294546190625 0.4162375171875 0.26972779999999996 0.4306831390625 0.25887879375 0.42122048124999995 0.22570481562500003 0.4129043109375 0.213028621875 0.41268304687499996 0.19275730468750002 0.4208898890625 0.1760793703125 0.423777384375 0.16890930312500002 0.43077362656249996 0.16729507187499998 0.44554145468749995 0.1909044671875 0.4548783546875 0.20142425937500003 0.45983457968749997 0.21667991562500002 0.4721777078125 0.21847545937500001 0.48623618593750007 0.21315390937499998 0.505061803125 0.24002230781249997 0.51525415 0.256952928125 0.5171389796875 0.278345284375 0.5242993546875 0.286073553125 0.537161190625 0.3021276890625 0.5377805312499999 0.3213882078125 0.5368087125 0.3522357328125 0.5485004203125 0.36719644375 0.5481067734375 0.3851236796875 0.5376602421875 0.393753303125 0.5262794296875 0.38779686875 0.512629646875 0.415853875 0.4987750109375 0.3969957421875 0.48779578125 0.41130403906249996 0.48037249062500004 0.42086354843749996 0.46603401718750004 0.408271584375 0.45167613281249996 0.38118946875000004 0.45148939375 0.37503498749999997 0.4406803375 0.3607825046875 0.45376952812500004 0.367854021875 0.42833594531249997 0.3580835515625 0.42073927031249997
0 0.5631092890625 0.7001162625 0.5453850625000001 0.686756459375 0.523865684375 0.678188965625 0.49662274218749997 0.6638488265625 0.516727275 0.689548925 0.5017455187500001 0.6933864796875 0.484616859375 0.7021310625 0.47485187343749996 0.7001290859375 0.4630593375 0.698613671875 0.44689409375 0.701763278125 0.44054169062500004 0.704441884375 0.4286200625 0.7137243 0.43199844374999996 0.7187527765625 0.439686671875 0.7325656203124999 0.4331790984375 0.7329427296875 0.4129820515625 0.7240920203125001 0.4049453734375 0.7234375984375 0.40635296875 0.7305351203125 0.4123992515625 0.7374260671874999 0.41771368437499995 0.745866978125 0.40811818125 0.754568025 0.402300396875 0.7587593171875 0.375245203125 0.7648193125 0.3673273828125 0.7717696859375 0.3584176171875 0.7753850515625 0.33858264375 0.7781111734375 0.3309137859375 0.7852127906249999 0.3299813546875 0.7931508515625 0.3422986328125 0.79513330625 0.36672502812499996 0.79267016875 0.377573084375 0.79636786875 0.394224671875 0.7980337328125 0.4271460046875 0.795576665625 0.46198612812500006 0.796894284375 0.47327105625000004 0.79490186875 0.49480829374999996 0.7965373687499999 0.5446965984375 0.7966580578125 0.5894242453125 0.797165303125 0.6033328499999999 0.795003025 0.6166529890625 0.7834009140625 0.6278138125 0.765957103125 0.6241002453125 0.7567643296875 0.604098521875 0.75794199375 0.5969632828125 0.7528260625 0.5910418468749999 0.7471984234375 0.5715782328125 0.7509421203125 0.5666897453125 0.7403020578125 0.5845206078125 0.730721165625 0.6065889828125 0.7292342109375001 0.6323874875 0.7407362078124999 0.6343350171875 0.7539659624999999 0.6524878640625 0.7613026406250001 0.6692739703125 0.7685123218750001 0.6878546484375 0.7621715703125 0.6647393687500001 0.74019449375 0.617017746875 0.7134419375000001 0.6190102234375 0.6954474078125 0.6101191171875 0.6891303359375 0.59599364375 0.6985243062500001 0.5755570828125001 0.7107366859375001 0.5580441703125001 0.7001325546875 0.5631092890625 0.7001162625
0 0.7171038859375 0.7947010578125 0.7246260703125 0.7877656562500001 0.7278901140625 0.77436589375 0.7279820171875 0.7617593265625 0.7182909421875 0.7658189375 0.7052470234375 0.77126555625 0.6906018828125 0.778379796875 0.684196825 0.783806340625 0.6822046734375 0.7909492234375 0.6747230609375 0.797977534375 0.707109696875 0.799294521875 0.7171038859375 0.7947010578125
0 0.229615978125 0.7911864343749999 0.234532415625 0.7912722515625 0.2588585609375 0.7904341734375 0.2793263640625 0.7763423640625 0.29458521875 0.76173300625 0.287670290625 0.754828459375 0.27855605156249996 0.757713584375 0.26707635 0.7629859140625 0.24858025781249998 0.7737022437500001 0.24348374062499997 0.7784718359375 0.22639532187500003 0.7875968671875 0.229615978125 0.7911864343749999
0 0.1996944921875 0.7458698312500001 0.21558977031249998 0.7511136656249999 0.2162745359375 0.7514553562499999 0.2193812125 0.753606778125 0.231097621875 0.7586776546875 0.240404484375 0.75917140625 0.2409596484375 0.7525238328125 0.2299527515625 0.7397516656249999 0.2092253328125 0.7303087968749999 0.193800346875 0.7259654953125 0.1885251921875 0.7283456687500001 0.1916627625 0.737053315625 0.1996944921875 0.7458698312500001
0 0.25954631250000004 0.72345785 0.28797933124999997 0.7160842015625 0.31213171093750003 0.704161715625 0.3036662234375 0.699066321875 0.2889697140625 0.7024087796875 0.263602578125 0.7161509671874999 0.2564085375 0.719238384375 0.25954631250000004 0.72345785
0 0.3976732265625 0.70127605625 0.3778652578125 0.7121242 0.3759385546875 0.7161443109375 0.3806983921875 0.71633835 0.3987868625 0.7193951265625 0.4053346109375 0.7174325390625 0.419572275 0.6957917874999999 0.41061539218750004 0.6969137640625 0.3976732265625 0.70127605625
0 0.20229780156250002 0.6956560546875 0.206244728125 0.6965828921874999 0.1535219140625 0.7172158937499999 0.1547140453125 0.7235861078125 0.1876282265625 0.7118696921875001 0.209713028125 0.7030850375 0.21923555 0.6950734453125 0.21863523749999997 0.6905200875 0.20229780156250002 0.6956560546875
0 0.1058899890625 0.7301787640625 0.12005497031250001 0.7045548875 0.1391254375 0.6871647515625 0.12342718281250001 0.6759156281250001 0.11892808125000001 0.6776154921875001 0.1052808921875 0.6899588828125001 0.087370690625 0.69745995 0.055060025 0.71399388125 0.0347599484375 0.72456464375 0.036246295312499996 0.728672459375 0.078537303125 0.7189028015625001 0.0865346640625 0.728345375 0.09228565 0.7373814953125 0.10394403593749998 0.7461347328125 0.126860175 0.7465738046875 0.1058899890625 0.7301787640625
0 0 0.7516132234375 0.00274701875 0.754391734375 0.023023371875 0.75538638125 0.029501854687500002 0.7582873890624999 0.022689696875000002 0.7447789421875 0.00522935625 0.7286561375 0 0.72488700625 0 0.7516132234375
0 0.9445062796875 0.7396973359375 0.9332296171875001 0.7341434359375001 0.9479196812499999 0.7443310515625 0.9715767265625 0.7597118921875 0.9822024812500001 0.761014721875 0.98903063125 0.7582975390625 0.983302865625 0.7530342734375 0.9689150625 0.74907631875 0.9656541687500001 0.7482395937499999 0.9445062796875 0.7396973359375
0 0.869289471875 0.752538140625 0.86153179375 0.7443155609375001 0.8554844234375001 0.7421425 0.857383790625 0.7515958390625 0.86506965625 0.7545319859374999 0.869289471875 0.752538140625