0 0.827000325 0.399307053125 0.8223641468749999 0.3983408265625 0.820671921875 0.395421678125 0.820057334375 0.3795275640625 0.8211661687499999 0.37698162968750004 0.8227225593749999 0.3763673359375 0.8277595718749999 0.38054924843750004 0.8289813484374999 0.3784855796875 0.8250394421875 0.37023266875 0.821401846875 0.366236015625 0.8174536968749999 0.363839290625 0.8155201812499999 0.364285678125 0.8140511500000001 0.3623332859375 0.8106623328125 0.3623523421875 0.7762844234374999 0.369270821875 0.7677524328125 0.37200390156249996 0.7658311234374999 0.3739757015625 0.768397321875 0.3850911328125 0.7668558296875 0.3872286140625 0.7683233390625 0.38918135781249996 0.776224709375 0.38812049531250004 0.7795713703125 0.38938443125 0.7629266703125 0.393735503125 0.7614532703125 0.3976404671875 0.7763991515625001 0.3962249078125 0.77939746875 0.39451440625 0.779367165625 0.3973212875 0.77738996875 0.39905101875 0.7771923593750001 0.4011332125 0.784567115625 0.4080852453125 0.786970728125 0.4126201546875 0.7918301 0.4145531390625 0.8008643640625 0.41399564531250005 0.8247393296875 0.4056837890625 0.8287902421875 0.401183759375 0.827000325 0.399307053125
0 0.32345274218750003 0.6746469312500001 0.3171199703125 0.6766189125000001 0.3149884921875 0.6791459703125 0.3075350328125 0.6821399968749999 0.306648221875 0.6856545640625 0.30440532187499997 0.6876990046875 0.3055209390625 0.692531271875 0.309790678125 0.6948553546875 0.3137628875 0.700301384375 0.3210883515625 0.701156684375 0.3250109171875 0.7005044578125 0.3297195578125 0.697380809375 0.3344962890625 0.6960246453125001 0.3351721125 0.6930687343749999 0.3393044953125 0.691859725 0.3421370265625 0.689424184375 0.342446059375 0.6878246078125 0.341200571875 0.6868404953125 0.3479167109375 0.6791802359375 0.3484555296875 0.6726927546875 0.350122171875 0.672562953125 0.3526134953125 0.6745326984375 0.354379703125 0.6733616234375 0.35695008281249996 0.665386834375 0.35597111875 0.6640846140625001 0.3544721359375 0.6649406265625 0.3536471015625 0.66283955625 0.35772395 0.66139 0.35915519218749997 0.658768028125 0.35849692499999997 0.6441572578125 0.3580083796875 0.6435067328125 0.3545755296875 0.644807609375 0.352684171875 0.6439710062499999 0.35168621875 0.633765171875 0.34235985 0.6315918203125 0.309004584375 0.6385291765625001 0.3055162 0.63958950625 0.304451396875 0.6408536203125 0.3014961296875 0.6545170421875001 0.29853525 0.6608003859375 0.296824928125 0.66221353125 0.2921465921875 0.662530296875 0.287920534375 0.6589228703125001 0.284499890625 0.661749159375 0.28456763125 0.6635151203125 0.2879583234375 0.6634972343750001 0.28781624843750003 0.6658199765624999 0.2864271640625 0.6671589578125 0.2922092609375 0.67015056875 0.30006695156249996 0.67037305 0.3168215484375 0.6665049468750001 0.32645730156249997 0.66708024375 0.3288372046875 0.668567371875 0.3324373609375 0.6679911828125 0.33244921562499996 0.6695150734374999 0.3247844171875 0.67306623125 0.32345274218750003 0.6746469312500001
0 0.405850653125 0.644932671875 0.403707671875 0.6459373625 0.392275409375 0.6493400234375 0.3907764265625 0.6501960359375001 0.3912224609375 0.652128028125 0.39816775781249997 0.652816125 0.4111682671875 0.6503230624999999 0.4253453515625 0.647050025 0.43645637812500004 0.643721528125 0.43810964218750004 0.6420681874999999 0.449597440625 0.638906075 0.44845152187500004 0.636880690625 0.44063751250000005 0.635374865625 0.4345594078125 0.6355048484375 0.4282266359375 0.637476828125 0.42123613750000005 0.6380724265625 0.414160971875 0.6412324843749999 0.40674967031250003 0.64294351875 0.405850653125 0.644932671875
0 0.4162332765625 0.6707894859375 0.42004325 0.6696565156250001 0.41835726875 0.6608811796875 0.415234153125 0.6605855265625 0.4107795515625 0.6751034359375 0.4124667046875 0.683876896875 0.4146356203125 0.68592268125 0.41913444218749996 0.6833558156249999 0.41814245312500004 0.6805315796875 0.41566298437500004 0.6800857234375 0.41538390312500006 0.6788768953125001 0.4189466234375 0.6737278640625 0.4162332765625 0.6707894859375
0 0.4384921359375 0.681941596875 0.43914834062499997 0.68331833125 0.4416274578125 0.683762665625 0.44576019218749996 0.6825551796875 0.4623864421875 0.6825348796874999 0.47520626874999994 0.6777935890625 0.47692844531249995 0.677904334375 0.47758582031249996 0.6792791953124999 0.47995234531250003 0.679242784375 0.48300807187499994 0.677774 0.48800764531249996 0.677383071875 0.49051741875 0.6750220453125 0.48980415781250003 0.6734051156249999 0.48575761249999994 0.6720477890625001 0.46669085312499997 0.676194725 0.45786827968750005 0.6761966078125 0.45645513437499996 0.6744862859375 0.4421662765625 0.6772751828125 0.4391105515625 0.6787439671875 0.4384921359375 0.681941596875
0 0.828089340625 0.6495219453125001 0.82454506875 0.6503402046875 0.8251634843750001 0.6471425734375 0.823819953125 0.6471993828125 0.8222769390625 0.649337215625 0.8246250156249999 0.653631578125 0.828089340625 0.6495219453125001
0 0.8340054875 0.6295751796875 0.833317809375 0.6310072015625 0.83111706875 0.6317686515625 0.8303872328124999 0.6344836640625 0.8249905640625 0.639037809375 0.821595503125 0.6449130515625 0.8224626953125 0.64573113125 0.8240175640625 0.6451171890625 0.8280703515625 0.6406183296875 0.8310502203125001 0.6432386 0.8267757609374999 0.6467703499999999 0.8291981734375 0.646976009375 0.8294769015625001 0.6481833140625 0.8309762359375 0.647328825 0.8305298499999999 0.645395309375 0.8315961734374999 0.6441308421875 0.83425515625 0.6468267984375 0.8358521828125 0.644929865625 0.83471250625 0.6370482953125001 0.8378288375 0.6299657484375001 0.8376056453125 0.628998990625 0.8340054875 0.6295751796875
0 0.25765295625 0.9497238671874999 0.2540527984375 0.95030005625 0.2479613171875 0.9489065 0.2474031578125 0.9464888437500001 0.24600221875 0.9463039343749999 0.24407022656250002 0.9467499703125 0.2409723421875 0.9495017453125 0.23200617031249998 0.951826721875 0.224080740625 0.9498382796874999 0.2197929046875 0.9518464906249999 0.215107975 0.9580179187500001 0.2122635875 0.95892956875 0.2079891296875 0.96246131875 0.2080387734375 0.9685595749999999 0.209228725 0.9693031390625 0.20996604687499998 0.9739693734375001 0.2133379390625 0.9782807375000001 0.21807216093749998 0.9782060421875001 0.2208051265625 0.9768117734375 0.2338041140625 0.9743190625 0.2380061125 0.9748771859375 0.24348389843749998 0.9736125390625 0.24754854062499998 0.9706375703125 0.25389351875 0.970191003125 0.2551693078125 0.9683682328125001 0.2632246078125 0.9665085203125001 0.26527613906249997 0.9606900875 0.26507139375 0.95539255625 0.2632918078125 0.9550400921875 0.25765295625 0.9497238671874999
0 0.026645470312500003 0.47539471874999994 0.0161107015625 0.4768085765625 0.014829840624999998 0.4844856578125 0.0173333703125 0.4879808171875 0.012469278125 0.4919036671875 0.0072705718749999995 0.494377140625 0.010603503125 0.49411601406249994 0.01137265 0.4959750140625 0.02169608125 0.49511829062499996 0.02418775625 0.497089559375 0.029721078125 0.496065459375 0.035396475 0.49271861875 0.035438984374999996 0.49143715 0.0315042125 0.4905639640625 0.03131284375 0.4867899734375 0.028417290625 0.4816037203125 0.0295575984375 0.476249028125 0.0344775765625 0.47256824843749995 0.033554498437500004 0.47150809843749997 0.031242689062500002 0.471788453125 0.026645470312500003 0.47539471874999994
0 0.11424448281249999 0.39764494375 0.10955990468750001 0.40381789531249995 0.10009859375 0.411347009375 0.0994180515625 0.42015875625000004 0.0955459484375 0.4269058421875 0.099153240625 0.4337093765625 0.097859003125 0.43986291875 0.09956308281250001 0.444305959375 0.1011738375 0.4439340875 0.10633510625 0.43688777031250003 0.10986752343749999 0.4345456203125 0.11069727656249999 0.4307908578125 0.118212865625 0.4221827171875 0.1191531484375 0.4056746609375 0.122281334375 0.4001160046875 0.120069090625 0.3993550859375 0.12084295781250001 0.395358253125 0.11965300625 0.3946146890625 0.1183209796875 0.39619386562500003 0.11424448281249999 0.39764494375
0 0.33022932968749996 0.31443565156250003 0.3317286640625 0.3135811609375 0.33454122656249996 0.31547674375 0.339164028125 0.31491943125 0.345211478125 0.3175948078125 0.34767909218750004 0.3165167734375 0.34919028124999996 0.3171861734375 0.3568000859375 0.32662885468749997 0.36035059999999997 0.3199544109375 0.36634875624999996 0.3165330546875 0.369682040625 0.31627345 0.3746319703125 0.309784265625 0.375152340625 0.30762755625 0.372053565625 0.297143421875 0.3659923875 0.2929429828125 0.36007480625 0.2864194515625 0.35580506875 0.2840953671875 0.3482823453125 0.285323784375 0.3440637734375 0.289097603125 0.34338795 0.29205351562500004 0.33907453125 0.291012775 0.338876028125 0.279859059375 0.33442712812500003 0.275286396875 0.3327589640625 0.27541655 0.333665115625 0.2808071203125 0.33284756875 0.286087296875 0.3303814765625 0.28716498125 0.323211815625 0.285512 0.3170825453125 0.279544078125 0.30892206718750004 0.2750649875 0.3072794859375 0.27824409375000003 0.3082718265625 0.2810698515625 0.3141897578125 0.28759490625 0.319649096875 0.29066103125 0.320039596875 0.29235247656249996 0.318887084375 0.29618175625 0.31567777812500003 0.2984509125 0.315617171875 0.3040646765625 0.3189756875 0.3068525015625 0.3233990046875 0.30837621249999997 0.32430515625 0.31376678281250003 0.323840671875 0.3161655625 0.3175453375 0.322710384375 0.3083934109375 0.3286414453125 0.3065528671875 0.3339012234375 0.3069992546875 0.3358347390625 0.3139338671875 0.3349970703125 0.317410396875 0.3324128515625 0.3212203703125 0.3312798796875 0.3274345875 0.3214455578125 0.33022932968749996 0.31443565156250003
0 0.4908960578125 0.22389000937499998 0.4894407546875 0.22346267968750003 0.491225953125 0.23119521875000001 0.49498004062499995 0.229820178125 0.4989769421875 0.22507925 0.50342495 0.2164160015625 0.5068877515625 0.21230672031250003 0.510208828125 0.21052170312500001 0.514403690625 0.2037001015625 0.5212202875 0.20823447968750003 0.516356196875 0.21215732968749998 0.5163755375 0.22106246718749997 0.52161168125 0.2231618359375 0.530015325 0.22427655937500002 0.5306337390625 0.22107892968749998 0.5288859796875001 0.21791923125 0.528359996875 0.21269586562499998 0.530012909375 0.2110410015625 0.5298892828125 0.2090329703125 0.5329131828125 0.2103714203125 0.5340912796875 0.20959109374999998 0.533700428125 0.2078981265625 0.531866478125 0.207303240625 0.5311279859375 0.20263888125 0.5335937265624999 0.201559675 0.5358755859375 0.204087725 0.53858296875 0.19964450312499998 0.541284109375 0.20105746875000002 0.5451692375 0.1958323984375 0.5447787359375 0.194140953125 0.5407007171875 0.1955923828125 0.5389529578125 0.19243268593750001 0.5351174000000001 0.19051670468749998 0.530873596875 0.1912430953125 0.523666146875 0.18501574999999998 0.5208095546875 0.1844019875 0.5216018703125 0.17607438125 0.5263289578125 0.1686199625 0.527035084375 0.1628571671875 0.5107378359375 0.1569467671875 0.509912803125 0.154845696875 0.5041562875000001 0.1549030390625 0.502017675 0.1500503734375 0.50220343125 0.1464442890625 0.50042536875 0.1460914734375 0.49442721093750003 0.149512828125 0.4904318328125 0.15425340625 0.4843644125 0.155909153125 0.478311890625 0.1590880875 0.4576537171875 0.1725120328125 0.45514394375 0.174873059375 0.45372455624999997 0.1790189234375 0.45441465000000003 0.190822459375 0.456341921875 0.1962322578125 0.45555432656250006 0.1987040296875 0.4562239078125 0.20160430312500002 0.459484378125 0.20543304999999998 0.458120878125 0.2098209828125 0.45894555937500003 0.21192053125000002 0.469809053125 0.21781375781249998 0.48678177343750006 0.2207667234375 0.48921756250000004 0.222495921875 0.49130500781249997 0.2212506828125 0.492929140625 0.22240235 0.4949170203125 0.222198384375 0.4908960578125 0.22389000937499998
0 0.40565047187500003 0.2868420515625 0.40752899375 0.299389503125 0.41254701562499996 0.29466780312499996 0.4200691984375 0.2802049984375 0.42200743437500005 0.27390277812499997 0.4230291859375 0.26068574375 0.41903852812500003 0.2595704875 0.41764347968750004 0.253527871875 0.41520804218749996 0.25180019531250003 0.41392004687500006 0.252097553125 0.406571765625 0.26143038125 0.40515237812500005 0.26557624375 0.40579165625 0.2712834 0.40457140156250004 0.27334671718750003 0.405896834375 0.277622203125 0.40565047187500003 0.2868420515625
0 0.46316271875000004 0.2404740140625 0.46186134687499997 0.23924783125000001 0.4621082484375 0.2432623703125 0.45969839375 0.244583646875 0.45686114218749996 0.252875021875 0.45785313125 0.2556992578125 0.4604428515625 0.25662960468749996 0.4622087078125 0.25545700781249997 0.46396778125000004 0.2469062078125 0.46736319374999996 0.24103248906250002 0.46579611875 0.24012101718749998 0.46316271875000004 0.2404740140625
0 0.5980381703125001 0.1411184109375 0.6005042625 0.14004072812499999 0.60010190625 0.13682539062500002 0.591630521875 0.13394470625 0.5896544984375 0.13567256249999998 0.58514346875 0.13671401562500002 0.58505763125 0.13928035 0.592337540625 0.14141782187500002 0.5980381703125001 0.1411184109375
0 0.5844335140625 0.16156855312500001 0.5866508296874999 0.156475159375 0.587289215625 0.14894640625 0.5901080203125 0.144985803125 0.589338871875 0.1431268015625 0.5852926796875 0.14177099843750002 0.58452353125 0.1399119984375 0.584270034375 0.141752121875 0.579647584375 0.1423109578125 0.5767048031249999 0.1442620078125 0.575062221875 0.1474411125 0.57120891875 0.1498589484375 0.5657248890625 0.15697978125 0.5626584796875 0.1569228 0.5571991421875 0.153856675 0.5530530312499999 0.1535406203125 0.550531403125 0.15437775625 0.5482632734374999 0.15337476875 0.545685759375 0.153969834375 0.54538823125 0.15709177968750002 0.543145684375 0.15913774218750001 0.5440247296875 0.16147971249999998 0.562436178125 0.1691919515625 0.568572584375 0.1825395984375 0.57286041875 0.1805313875 0.5747986546875 0.174229165625 0.5818678562499999 0.163687509375 0.5844335140625 0.16156855312500001
0 0.406835571875 0.1038093453125 0.4063223359375 0.1133457796875 0.4114773625 0.11215564687499999 0.41514526093750004 0.11334541875 0.439968534375 0.1091411421875 0.44752156093749995 0.10510584375000001 0.451901828125 0.0946766359375 0.458332996875 0.09166525625000001 0.460142884375 0.0892108375 0.4862981859375 0.08342738281249999 0.490442775 0.0837437875 0.49495380468750005 0.08270233437499999 0.49515765624999997 0.0747639546875 0.49622398125 0.0734994890625 0.49904874843749997 0.076920484375 0.499185753125 0.0804520546875 0.5013424625 0.080972425 0.51379701875 0.07758711874999999 0.5149617390625 0.075283253125 0.5210713171875 0.07234451562500001 0.5428270109375 0.06808513125 0.5468920046875 0.065111684375 0.5440960171875 0.058884159375 0.53713734375 0.0566725234375 0.5342433140625 0.051485918750000005 0.5300972015625 0.051169865625 0.5123639921875001 0.053737271875000006 0.5027656781250001 0.057734817187499995 0.5012666953125 0.0585908296875 0.5017552390625 0.059241354687500004 0.5110004906250001 0.058125206250000006 0.515313909375 0.059165946875 0.516292521875 0.06046664375000001 0.500083878125 0.06522699062500001 0.4944069578125 0.0685741828125 0.4578857171875 0.07649583125000001 0.454508753125 0.078038778125 0.45130416718750005 0.0744521015625 0.4521472984375 0.07222087656250001 0.47789989374999997 0.0632205640625 0.478376584375 0.062347196875 0.4517312140625 0.0674804796875 0.4223666078125 0.0755330921875 0.4216111890625 0.075199153125 0.441086546875 0.0684113671875 0.44617383281249995 0.06545527500000001 0.44627187656249995 0.064414353125 0.4442706203125 0.0630947796875 0.44305660781249995 0.0593019125 0.44159978281249995 0.058874934375 0.42662324687500003 0.063095853125 0.415767240625 0.0645838734375 0.3960686890625 0.0704049015625 0.39963854374999996 0.07263559375 0.40002904375000004 0.0743270390625 0.3953138109375 0.08330534843750001 0.396404196875 0.08509018593749999 0.388237475 0.08646728125 0.3849482234375 0.08544506562500001 0.3802695359375 0.0857603078125 0.35820328749999997 0.09161962031250001 0.35834029218749996 0.0951511890625 0.354752340625 0.0972527921875 0.359444053125 0.098459565625 0.3604785515625 0.1000023328125 0.361327646875 0.10515270624999999 0.36257313281250003 0.10613681875 0.3623873765625 0.10974290312499999 0.360634896875 0.1124390390625 0.3677911796875 0.11256848125 0.390458096875 0.10784535625 0.402087971875 0.10236050156250001 0.406835571875 0.1038093453125
0 0.3282695578125 0.1089665953125 0.323883328125 0.11201420468750001 0.3430059734375 0.1081093390625 0.34390346875 0.10612053749999999 0.34872352812499996 0.1034795078125 0.3471871078125 0.0997626765625 0.3356312171875 0.10115730625 0.32405570625 0.10688458125 0.324334434375 0.10809188750000001 0.3282695578125 0.1089665953125
0 0.2506257703125 0.2195432828125 0.24542706406249998 0.2220167578125 0.2444418578125 0.2265707234375 0.24586720781250002 0.229806459375 0.24812348437499998 0.22928555625000002 0.251685853125 0.22413500156250002 0.25299229687499997 0.2195068734375 0.2506257703125 0.2195432828125