0 0.47281861718749996 0.4620489765625 0.46484841406250005 0.457513203125 0.4541354703125 0.4542783390625 0.43833696718750004 0.4574010859375 0.43313015625 0.4607663875 0.42413922031249995 0.47082778281250004 0.39384375625 0.4774102 0.3866730671875 0.4803906953125 0.3841743375 0.4829507546875 0.383584378125 0.486638896875 0.3847852140625 0.4931870515625 0.3880851265625 0.49814181093750004 0.39510021875 0.5021127078125 0.4023921578125 0.502124521875 0.43612424218749996 0.4937931953125 0.43843266718749996 0.493954615625 0.44775774375 0.4980870421875 0.453642928125 0.499244140625 0.46440748593750003 0.49701460624999994 0.47272203125 0.4918773984375 0.48013490625 0.4854334859375 0.479524028125 0.47519718749999995 0.4759107375 0.465249028125 0.47281861718749996 0.4620489765625
0 0.649412146875 0.4823529140625 0.641268859375 0.4802923484375 0.6345842109375 0.47634455937500003 0.6286455875 0.475929290625 0.6155379421875 0.4784930671875 0.6086631453125 0.48199077656249995 0.5981095437499999 0.4907008109375 0.5933198749999999 0.49757563437499996 0.571340671875 0.503744971875 0.5590843750000001 0.5083575015624999 0.555144228125 0.512558509375 0.5541562828125 0.517211865625 0.5563280015625 0.52407695625 0.560913575 0.5296181390625 0.56796321875 0.5330949296874999 0.5782243609375 0.5333159359375 0.6100462234374999 0.5238548578125 0.620082509375 0.52729145 0.6305687734375 0.52901933125 0.6383121390625 0.5273241015625 0.652842153125 0.51864308125 0.6600110171875 0.510940015625 0.6580260625000001 0.49190675156249997 0.6547608109375 0.4864563265625 0.649412146875 0.4823529140625
0 0.5100537171874999 0.6454008140624999 0.5141321765625 0.6392218234375 0.5155890984375 0.6326104734375 0.5095601875 0.614536515625 0.504663059375 0.6087245015625 0.490544615625 0.597296184375 0.485126740625 0.5941825421875 0.4785634484375 0.5932255046875 0.4681465546875 0.5952318703125 0.461186775 0.5999672921875 0.45698566406249996 0.6078778812500001 0.4580636921875 0.6114336171875 0.449384153125 0.617041825 0.44827500468750003 0.62342845 0.4190401296875 0.6338159937500001 0.4100474765625 0.6391532625 0.40843464531249996 0.6432679671875 0.4099628078125 0.6498390109375001 0.4120133859375 0.65371023125 0.41673571562499995 0.657273325 0.4272927484375 0.65801154375 0.46234332968749997 0.645048409375 0.4646517546875 0.6452098296875 0.4717015078125 0.6486850609375 0.4820837421875 0.647174359375 0.486911503125 0.6492521250000001 0.49776286875000003 0.6505074484375 0.505523565625 0.6485643875 0.5100537171874999 0.6454008140624999
0 0.6930239296875 0.683553984375 0.6923455578125 0.679031584375 0.68598791875 0.665658646875 0.6789537812499999 0.65721145625 0.6701841109375 0.64988499375 0.658654371875 0.6441072703125 0.65051119375 0.6420451453125 0.640615046875 0.6413531390625 0.6284971734375 0.643986128125 0.6221951625 0.64876754375 0.6196272203125 0.6523173734375 0.6184646328125 0.6594458265625 0.6155143671875 0.6637144875 0.6120277390625 0.67565348125 0.58529341875 0.688203534375 0.5779513140625 0.6936577875000001 0.5756258234375 0.6984666578125001 0.576546540625 0.7042496593750001 0.5789274515625 0.7081455453125 0.58745321875 0.7142112984375 0.5972801546875 0.715893075 0.6013084484375 0.71518015 0.6318617140625 0.70016235625 0.6476777046875 0.7015157953125 0.6597280828125001 0.7045967046875 0.6779578203125001 0.7046277984375 0.6865681484375 0.7000093609375 0.6912382828125 0.6948663546875 0.6930239296875 0.683553984375
0 0.058826640625 0.8143112609375001 0.07591368125 0.807141978125 0.0750130609375 0.8172663171875 0.0828866734375 0.816463596875 0.1090417265625 0.8172149109375001 0.11270180468749999 0.8219693078124999 0.12525280625 0.814844653125 0.1294510515625 0.8101557734375 0.128357640625 0.8057672484375 0.13429216718749998 0.80664429375 0.13989276875 0.8029337453125001 0.14979181875 0.80795211875 0.15317468437499998 0.8075543140624999 0.148308596875 0.80098480625 0.139101309375 0.7983486171874999 0.06742164687499999 0.7906484890625001 0.0536538984375 0.809036015625 0.05303881875000001 0.8172944781249999 0.058826640625 0.8143112609375001
0 0.22078304843750002 0.875246265625 0.21563126875 0.8776677953125 0.20914499687500002 0.8767740953125 0.21229327968749998 0.8718911890625 0.21237172499999998 0.86434076875 0.2006575125 0.8615371093749999 0.196348075 0.865195409375 0.195541821875 0.8770837531250001 0.1958680703125 0.88756015625 0.20103962343749998 0.8991914265625001 0.21109624999999999 0.9030539125000001 0.22677444218749998 0.9072515421875 0.23102096875 0.907830425 0.232070740625 0.9037264687500001 0.23199414843750002 0.8941149015625 0.24084948125 0.8915701687500001 0.2356651109375 0.88760355 0.22938783125 0.8820411828125 0.2289989765625 0.8786871375 0.22078304843750002 0.875246265625
0 0.15208512031250002 0.86668015 0.1567447234375 0.8676011796875001 0.15782309375 0.8692256734375 0.16219607656249999 0.8719608171875001 0.165039565625 0.8639552937499999 0.1647804546875 0.86145613125 0.16035319374999998 0.856518084375 0.1557939765625 0.8582605437499999 0.1519916265625 0.8617005593749999 0.15208512031250002 0.86668015
0 0.3829910671875 0.9761273796875001 0.38464559375 0.9797265609375 0.3892703609375 0.977449871875 0.3903390328125 0.9730308421875 0.38736351562500004 0.9719487703125 0.3842830953125 0.9731508812499999 0.3829910671875 0.9761273796875001
0 0.198457553125 0.9321744671875001 0.2010425578125 0.9298365937499999 0.200141175 0.926711415625 0.1948264203125 0.9259309640625 0.19125305312500002 0.928470696875 0.19408942499999998 0.9310498359375 0.198457553125 0.9321744671875001
0 0.178788678125 0.89701679375 0.1843982 0.8974121828125 0.1881259171875 0.8934939203125 0.1820281796875 0.8908966109374999 0.1811830640625 0.8911554765625 0.1795123875 0.892244715625 0.178788678125 0.89701679375
0 0.794978296875 0.8708832234375 0.7890458609375 0.8728209937500001 0.7896791359375 0.8755468078125 0.799430596875 0.876336771875 0.80195920625 0.871423065625 0.794978296875 0.8708832234375
0 0.5924776171875 0.925733290625 0.5990470921875 0.9276994671875001 0.599462753125 0.9250031453125 0.5986917421875 0.9208423515625 0.597614515625 0.9188655171875 0.59314788125 0.9167080593750001 0.5900534937499999 0.9170571187500001 0.5893308578124999 0.9232922125 0.5924776171875 0.925733290625
0 0.52347465 0.8854216890625001 0.522963496875 0.8820246328125 0.5239211171875 0.8770433609375001 0.52799930625 0.8746313406249999 0.5272066609375 0.8708919390625001 0.51926908125 0.8734381953125 0.51632365 0.8792280859374999 0.5171143265625 0.88440679375 0.52347465 0.8854216890625001
0 0.6723440609375 0.903064896875 0.6755036015625 0.9010225078125 0.6755445953125 0.89738995625 0.6712256562500001 0.8953603015624999 0.6686922921875 0.8994012375 0.6692096624999999 0.901074215625 0.6723440609375 0.903064896875
0 0.9570873671875001 0.2558400421875 0.9583018328125 0.27039145468750003 0.97579315 0.2694467859375 0.9795778578125001 0.2638847453125 0.9809624859375001 0.25940479375000003 0.9788665468750001 0.253337559375 0.9756417140625 0.24833949375 0.9724499734375 0.2467880703125 0.9581861390625 0.249960178125 0.9570873671875001 0.2558400421875
0 0.9656830218750001 0.2404333640625 0.9767891609375001 0.23748528281249998 0.9730449921875 0.230170346875 0.969513953125 0.21745556093750001 0.9720981156249999 0.2142561546875 0.9688866140625001 0.21318890625 0.9591732374999999 0.21546062031250002 0.9578917296875 0.235982153125 0.9656830218750001 0.2404333640625