0 0.44458125 0.0674432125 0.44792602343750004 0.06741153125 0.45009655937500004 0.0662144625 0.4522861390625 0.067273246875 0.45237256875 0.06903839218749999 0.4553015375 0.0719540875 0.45295679218749996 0.074379490625 0.45533454687499997 0.0764682390625 0.46710630000000003 0.0806267078125 0.4707602546875 0.0831441140625 0.474034328125 0.0836042546875 0.4751722421875 0.0802566046875 0.4810342046875 0.0765725171875 0.486117759375 0.076035725 0.489738703125 0.07403897968749999 0.49265017499999997 0.074699040625 0.4892541640625 0.082235690625 0.484358784375 0.0838024453125 0.4876501375 0.0865197703125 0.4959578765625 0.08918946562499999 0.49655917812499994 0.0920289078125 0.48825163906249996 0.0941180546875 0.4915418625 0.1015924546875 0.4803213046875 0.10302132343749999 0.4785118234375 0.10401825625000001 0.478959090625 0.1055848125 0.4939878375 0.112705078125 0.5040186265625 0.1126126953125 0.50767258125 0.1151301015625 0.5204958000000001 0.1189361640625 0.5285617421875 0.11856606249999999 0.5277343765625 0.1149437890625 0.52914844375 0.1143914640625 0.5361972796875001 0.1141292953125 0.540643825 0.1157561546875 0.5439883812499999 0.115726021875 0.5484865812499999 0.11460520468749999 0.5511249953124999 0.11247037499999998 0.5705493640625 0.10969042031250001 0.5740147265625 0.1064205703125 0.572239403125 0.1024141921875 0.5751191953125 0.098561865625 0.5711733375 0.09575255625 0.5717414109375001 0.09407939531250001 0.5704149046875 0.0916397890625 0.5681909671875001 0.090825478125 0.5653641609375 0.0919318921875 0.562055728125 0.0917162234375 0.5607983734374999 0.088784578125 0.55690260625 0.0879877625 0.5468893125000001 0.0903357828125 0.545027759375 0.0893230984375 0.5448203234375 0.0860388296875 0.5419434265625 0.08513275000000001 0.5348068140625 0.088388396875 0.533841578125 0.08574710625000001 0.53561783125 0.08023757031249999 0.5343604765625 0.077305925 0.5303959921875 0.076998053125 0.523829 0.0785807578125 0.5219330890625 0.077812546875 0.52377849375 0.0718109703125 0.51793650625 0.068234996875 0.5145934984375 0.0682653484375 0.5136969796875 0.0651351140625 0.5208854484375001 0.06389063125 0.5254007296875 0.0602681578125 0.5260062750000001 0.0535905734375 0.5248683796875 0.052177834374999996 0.52228316875 0.051565206249999995 0.5200778578125 0.0482494546875 0.5168022375 0.047789096875 0.5155794578124999 0.04461143125 0.4641700203125 0.023109868750000002 0.45863721562500004 0.0220829828125 0.454396559375 0.023740175 0.45050255625 0.0229420296875 0.4472442140625 0.0247388546875 0.44617545156249994 0.027594465624999998 0.4424855734375 0.0300817015625 0.44396744374999997 0.033795959375000004 0.45153289843750005 0.0393671484375 0.461408521875 0.042758953125 0.469956309375 0.0437093875 0.4714568078125 0.0449222078125 0.4625450890625 0.0441699265625 0.45673611249999996 0.045108103125 0.4495319125 0.0440956203125 0.4457057125 0.0475640578125 0.44506693906250006 0.0497290390625 0.4456008546875 0.05305919218750001 0.4483930671875 0.056959185937500004 0.4440489 0.059352889062500004 0.44136017968749996 0.059476771875 0.44046407812500005 0.06110383125 0.44458125 0.0674432125
0 0.2723407328125 0.0930761109375 0.272684490625 0.09537917812499999 0.274770559375 0.09717447500000001 0.27420093749999996 0.0988474171875 0.2718748203125 0.09877138125 0.27137435 0.099952284375 0.275338834375 0.10026015625 0.27826780156250003 0.1031758515625 0.282076921875 0.1022090703125 0.27849211875 0.099199625 0.2786302046875 0.09821709375 0.2803722984375 0.09771086875 0.2801305046875 0.094671071875 0.2833196953125 0.0933662859375 0.2842847296875 0.0912487359375 0.2730311609375 0.088163453125 0.267738821875 0.0901745984375 0.27008221875 0.09250781875 0.2723407328125 0.0930761109375
0 0.357808803125 0.1098466765625 0.3627214609375 0.11053710624999999 0.3674255515625 0.1127003421875 0.375251228125 0.1140510484375 0.3659452265625 0.10898630000000001 0.3551216484375 0.105210390625 0.3514674765625 0.10269453125000001 0.34769293125 0.10341529218750001 0.321876728125 0.0922733140625 0.3141545625 0.0901860953125 0.312413796875 0.090694084375 0.31322388437500004 0.09205917500000001 0.3233914109375 0.0957428828125 0.338059103125 0.10306328437500001 0.3531738640625 0.107191403125 0.357808803125 0.1098466765625
0 0.5738446171875 0.18604050156250002 0.5743264609375001 0.1873610375 0.5866489921875 0.1923495515625 0.5860119828125 0.194513203125 0.59207806875 0.194114496875 0.5981962281250001 0.19572540624999998 0.6058997671874999 0.2003140640625 0.6136910859375 0.2019092421875 0.6212908984375 0.20723595781249998 0.6277198046875 0.2066357859375 0.6419384640625 0.2123909625 0.6474710515625001 0.2134193953125 0.652537528125 0.215384259375 0.6598784656250001 0.2201728359375 0.6653766953125 0.22144574218750002 0.666480015625 0.22310449999999998 0.6737690984375 0.2258819109375 0.6790097828125 0.22661844062499997 0.6804914546874999 0.225573859375 0.6892291828125 0.22755292656249998 0.631820828125 0.20596090781249998 0.5738446171875 0.18604050156250002
0 0.5966937390625 0.281996509375 0.5973960593750001 0.281153234375 0.59747631875 0.2796166390625 0.59192293125 0.2773103734375 0.5893058046874999 0.276655390625 0.58558869375 0.27727061875 0.5852249546875 0.27920759687499996 0.5888186484375 0.28097494218749997 0.5966937390625 0.281996509375
0 0.5794805515625 0.318217459375 0.578365228125 0.319933625 0.5821592671875 0.321667590625 0.58275153125 0.318093359375 0.5794805515625 0.318217459375
0 0.7914572171875001 0.201189375 0.7904654843750001 0.20468695312500002 0.80033444375 0.206116546875 0.802054409375 0.199368371875 0.8000666796875 0.1983553125 0.794785221875 0.19951436718749999 0.7914572171875001 0.201189375
0 0.8249789796875 0.1743103046875 0.7837335796875 0.19767556875 0.7684740640625 0.20511961250000002 0.7558430406250001 0.2138450671875 0.7399352515625 0.222870528125 0.7414202265625 0.22581049531250003 0.745625846875 0.2238075625 0.7478658015625 0.2230147125 0.7511338375000001 0.222080759375 0.75195745 0.21976819062500003 0.7549554703125 0.21835291093750003 0.75660645 0.217911196875 0.7611008531250001 0.2188158125 0.7638741484375 0.2173042578125 0.76584119375 0.2149504234375 0.7664133921875 0.214606396875 0.771011965625 0.21545465 0.7742028890625 0.211409371875 0.772505825 0.2100458546875 0.7699110046875 0.209872096875 0.77817605625 0.20736673749999998 0.7817532921875 0.205681 0.7845144265624999 0.2024147375 0.7875255109375 0.19935716875 0.7933322546875 0.1962680609375 0.8030123265625001 0.19392212343749998 0.8075262015625 0.1925999671875 0.8084368390625001 0.191049109375 0.8078130968749999 0.18844792500000002 0.813434115625 0.18326730156249998 0.8213354109375001 0.18132933906249998 0.8305055046875 0.17568501406249998 0.8414454499999999 0.1713465890625 0.8458988640625 0.1677264671875 0.85071565 0.1650236546875 0.8562631671875 0.16124172812499998 0.8585072390624999 0.15642276875 0.8560046703124999 0.15619886249999998 0.8492132874999999 0.159681325 0.8390807859375 0.165583278125 0.830288415625 0.1699994703125 0.8249789796875 0.1743103046875
0 0.7671040390625 0.1780656546875 0.7575066765625 0.179856765625 0.7541927828125 0.18142015 0.748836803125 0.1839177984375 0.74465529375 0.18719745000000002 0.7500214359374999 0.186839225 0.7580098546875 0.1839557484375 0.7650989125 0.1809711203125 0.76853695 0.1799726984375 0.7745288593749999 0.17658773125 0.7841294671875 0.1736957328125 0.7882784578125 0.16835714375 0.7960706156249999 0.1642879390625 0.7921525500000001 0.16194326875 0.7849732796875 0.16684966875 0.7789255015625 0.1699585484375 0.77272023125 0.17504128125 0.7671040390625 0.1780656546875
0 0.8177122640625001 0.1636720046875 0.8073680015625 0.1651640703125 0.8079851703125 0.1686652875 0.8135235953125 0.1718751375 0.8189008093749999 0.172111740625 0.8207040171875001 0.172439325 0.823540625 0.171757153125 0.821260146875 0.1748479765625 0.8257355578125001 0.1735188359375 0.8245814859375 0.16770791875 0.8207692390625001 0.16593510312499998 0.8177122640625001 0.1636720046875
0 0.88195175625 0.147031721875 0.8795185968749999 0.150613890625 0.8795713296875001 0.154179365625 0.8863407328124999 0.150359309375 0.8837752453125001 0.14558706875 0.88195175625 0.147031721875
0 0.8671935140624999 0.149853671875 0.8738600921874999 0.15242367968749998 0.875366203125 0.15221564062499998 0.8714433046875 0.1475476875 0.8671935140624999 0.149853671875
0 0.9912871171875001 0.08184038906249999 0.9909894609375 0.07920929531250001 0.9889173171874999 0.0779997625 0.9844350984375 0.0809042234375 0.972098178125 0.088457640625 0.9635303171875 0.09384736406250001 0.9577717734375 0.097727440625 0.9482291921874999 0.10184569843749999 0.9443649203125 0.1053829453125 0.9510833968749999 0.10550668125 0.9555242390625001 0.10306502656250001 0.956060975 0.09956030625 0.961009096875 0.0972814609375 0.9649700187500001 0.09835566875 0.9673641843749999 0.0962859171875 0.9696766703125 0.0937644640625 0.9732047015624999 0.0908458171875 0.9759397578125 0.087675296875 0.9793204031249999 0.086995425 0.9853512453125 0.0857697015625 0.9863835171875 0.08367895625 0.9873933234375001 0.08152351875 0.9912871171875001 0.08184038906249999
0 0.42018851250000006 0.273879296875 0.42421521406249996 0.274923303125 0.4385639890625 0.2786187296875 0.434410309375 0.275469375 0.427668071875 0.273347890625 0.4158507625 0.2696595328125 0.413892925 0.27081391250000003 0.42018851250000006 0.273879296875
0 0.1782764640625 0.1973780796875 0.17972688125 0.198430809375 0.1868380421875 0.1999256640625 0.182037653125 0.1953489765625 0.1805861421875 0.1909920640625 0.18412063750000002 0.1887796265625 0.1843714265625 0.18536725781250002 0.1879948640625 0.1810624625 0.1910292171875 0.174628396875 0.1918919734375 0.1685344765625 0.193817403125 0.15992017187500002 0.174587934375 0.1945228859375 0.1782764640625 0.1973780796875
0 0.29690480468749997 0.0837351125 0.2960059515625 0.0824964 0.2943053515625 0.0819102671875 0.291480109375 0.0823431578125 0.2904407203125 0.083148528125 0.2916399234375 0.0845067671875 0.29472373749999997 0.0850632421875 0.29690480468749997 0.0837351125
0 0.22806525312499998 0.0897252953125 0.223692371875 0.0971846140625 0.22810124843750001 0.0949704125 0.2350101609375 0.0895289921875 0.23639926406249998 0.083237653125 0.24002845625 0.0783530140625 0.24561897500000002 0.066260253125 0.24422076406249998 0.0656219484375 0.24088118593750002 0.06327021875 0.22806525312499998 0.0897252953125
0 0.2418313734375 0.0432277203125 0.2393911828125 0.040404384375000005 0.2367375296875 0.045364590625 0.233560046875 0.052895662499999996 0.23137248124999998 0.05836790468750001 0.2261299953125 0.06861299531250001 0.22686256718750003 0.0713604375 0.23516189375000002 0.063514121875 0.240619278125 0.05614095 0.24286677031249998 0.0453360875 0.2418313734375 0.0432277203125
0 0.1903910390625 0.0852888828125 0.19498546562500002 0.084213146875 0.19918121875 0.076307646875 0.19825936718749998 0.07058459218749999 0.1980503828125 0.0702191375 0.1976142296875 0.06916852500000001 0.1963057203125 0.0706650421875 0.1936674578125 0.076369003125 0.1903910390625 0.0852888828125
0 0.2192013453125 0.0153427921875 0.21613178125000002 0.01726713125 0.21016633749999997 0.012941682812499999 0.20808741875 0.013711406249999999 0.20493555468750002 0.016176428125 0.2087501765625 0.0215249984375 0.21476597968750002 0.024088748437499998 0.21307880156249998 0.0267864421875 0.2181281640625 0.028513801562500003 0.224430146875 0.0100676 0.2192013453125 0.0153427921875
0 0.718027575 0.9802059671875 0.717787328125 0.9771663875 0.719527875 0.976659946875 0.7197351125 0.9751853765625 0.7176160140625 0.9736363171875 0.7100837875 0.97257773125 0.69769210625 0.9680812578125 0.6933319906250001 0.9682195437500001 0.6932787874999999 0.9709670015625 0.718027575 0.9802059671875
0 0.5898537875 0.8643195125 0.5887242109375 0.8676415109375 0.5925832546875001 0.8690027703125001 0.5933319781249999 0.864753115625 0.5898537875 0.8643195125
0 0.5841291671875 0.896665715625 0.6004179046875 0.9023315593750001 0.59751968125 0.8999156296875 0.60873340625 0.9000510343749999 0.5851548734375001 0.893240759375 0.5841291671875 0.896665715625
0 0.692163040625 0.9315279015625 0.7066924640625001 0.93585776875 0.70502979375 0.93173468125 0.692777334375 0.9271457468750001 0.6781978125 0.922453821875 0.6572226156250001 0.9161608953125 0.6596964437499999 0.9188122390625001 0.673062328125 0.9229896265624999 0.6729852046875 0.9253234812500001 0.692163040625 0.9315279015625
0 0.5886815546874999 0.929918209375 0.5864832765625 0.9286294125 0.5831003406249999 0.9267433687500001 0.5805259453125 0.92914123125 0.592932571875 0.9342835703124999 0.5935377484375 0.9319197890625001 0.5899343609375001 0.9284138625 0.5886815546874999 0.929918209375
0 0.658654178125 0.9524097765624999 0.65919024375 0.9539619890625 0.6606412359375 0.95614454375 0.66302434375 0.9580604796875001 0.6686135296875 0.9585177937499999 0.6697916140625 0.9568041375 0.664651646875 0.9548794359375 0.658654178125 0.9524097765624999
0 0.9018274500000001 0.7219491921875 0.8984889171875 0.71791719375 0.8936695484375001 0.716854878125 0.8887528484375 0.724602253125 0.8877573015625 0.729923296875 0.896733053125 0.7314324796875 0.9008652578125 0.727751434375 0.9018274500000001 0.7219491921875
0 0.6195251109375 0.38142446093750004 0.61884466875 0.38372875 0.6228827625 0.38307500625 0.6217038015624999 0.3797315125 0.6195251109375 0.38142446093750004
0 0.5963842125000001 0.372813821875 0.5943186828125 0.3750039203125 0.594293196875 0.3773071640625 0.599558546875 0.37430922031249997 0.5990550078125 0.3725817046875 0.5963842125000001 0.372813821875
0 0.6166912625000001 0.2670324359375 0.61589146875 0.27234154374999997 0.620789575 0.2710023828125 0.6228875390625 0.26635854531250003 0.6205397921875 0.266975303125 0.616693846875 0.26554330312499996 0.6166912625000001 0.2670324359375
0 0.605941071875 0.2745563953125 0.6008986484375 0.278707525 0.6039476703125 0.2800953734375 0.6124881 0.27303715624999997 0.6106330359375 0.2715741171875 0.6098118828125 0.2717585046875 0.605941071875 0.2745563953125
0 0.8626528609375 0.115249028125 0.8610964843750001 0.11541055625 0.8576927624999999 0.11770290937500001 0.8575843171875001 0.121326203125 0.8652525734375001 0.1161177296875 0.8626528609375 0.115249028125