0 0.7341293062500001 0.0861793390625 0.73426128125 0.0831331375 0.7319640359374999 0.0802060140625 0.7280677265625 0.079419203125 0.7248116984374999 0.07623679375 0.7193174890625 0.07502020781249999 0.6635935234375 0.0747252328125 0.6612263359375 0.07717251093750001 0.658031234375 0.0763163859375 0.6547056671875 0.07850686875 0.652086596875 0.0780606734375 0.65048715625 0.0789164953125 0.6484354234375 0.08529985 0.6511763484374999 0.09039861406250001 0.6573071109375 0.094352925 0.6552587812499999 0.0968840234375 0.6521933859375 0.0955498671875 0.6454185640625 0.09655892187500001 0.644772265625 0.102804459375 0.64272690625 0.10277080937500001 0.6373003703125 0.0987479953125 0.6335307484375 0.09748234375 0.6312278609375 0.09968964999999999 0.6307101625 0.10545524375 0.6287896265625 0.10750941562500001 0.6234924203125 0.1017240796875 0.620490190625 0.10143403749999999 0.619015978125 0.10437617187499999 0.6169067218750001 0.104580984375 0.6086068828125 0.098507115625 0.60470946875 0.097718390625 0.60240658125 0.099925696875 0.599276884375 0.0988315140625 0.59710710625 0.0967085328125 0.594741784375 0.09658914843750001 0.5925674984375 0.0983165109375 0.5924366578125 0.1000786265625 0.5877067921875 0.10112284062500002 0.5888524296875 0.10579415 0.5856528203125 0.10878836875 0.5875650703125 0.1131523046875 0.6043590828125 0.123300971875 0.605953609375 0.126297003125 0.6096562875 0.1290863078125 0.6127231921875 0.13042086875 0.617451925 0.1306607390625 0.623837975 0.133656265625 0.6249238203124999 0.13471720468749998 0.622746890625 0.13772824687500002 0.6300270203125 0.14122054374999998 0.6433180015625 0.142727475 0.6476651140625 0.141837903125 0.6568624062499999 0.145842284375 0.67347855 0.14516024375 0.6745023640625 0.14389298281250001 0.6732262609374999 0.1422682796875 0.6634559875 0.13656877812499998 0.6694051328125 0.1309741484375 0.6625742984375 0.125805065625 0.664237259375 0.12342629218750001 0.6729277046875 0.1242149171875 0.6770191546875 0.12299964062499999 0.6731251140625 0.1196446578125 0.6729438734375 0.11138020781249999 0.675881803125 0.111910221875 0.6784347093750001 0.11516305 0.6829044046875 0.11764347343749999 0.68686088125 0.12332514531250001 0.68660030625 0.1268512921875 0.6897938984375 0.1277070125 0.6941410109375 0.126817440625 0.7066018093750001 0.12758914062499999 0.7096066828125001 0.1265955015625 0.7083960140625 0.12344674062500001 0.712231396875 0.1219072671875 0.713000653125 0.1203162140625 0.715429871875 0.12019713437499999 0.716960128125 0.12214713906250001 0.7200266296875 0.1234832078125 0.7262934999999999 0.119256484375 0.7261043765624999 0.117408634375 0.7236778015625001 0.1162440328125 0.7206142703125 0.112343215625 0.7247083640625 0.1098442578125 0.7265010296875001 0.10698745312499999 0.7267589609375 0.10474498750000001 0.7245921531249999 0.1000572578125 0.7175650421875 0.09817435 0.7125844265625 0.0950410046875 0.7040872078125 0.092251396875 0.705942309375 0.09172128125 0.714181953125 0.0941862890625 0.7245977953125 0.0949228296875 0.7337386703125001 0.09275058124999999 0.7365540171875 0.0899106015625 0.7341293062500001 0.0861793390625
0 0.8673429796875001 0.216363815625 0.8685592906249999 0.21437814687499998 0.8708603125 0.214737503125 0.8739290828125 0.21350540156250003 0.8698432765625 0.20958625 0.8582787953125001 0.2080291484375 0.8583397234374999 0.2103554328125 0.8607655671875 0.2128026109375 0.8593552499999999 0.21550628125000001 0.8607610593749999 0.2166529546875 0.8605042624999999 0.2176113328125 0.8560285500000001 0.2189808484375 0.8591571109375 0.2213591171875 0.86299249375 0.21981964375000002 0.866762115625 0.22108529531249999 0.8667628468749999 0.21980271875000001 0.864591934375 0.21896382343749998 0.8647212640624999 0.21720130312500002 0.8673429796875001 0.216363815625
0 0.8041629125 0.1978931765625 0.820524903125 0.196885834375 0.8313235000000001 0.19746773281250002 0.832602571875 0.1965276875 0.8311986765625001 0.195379909375 0.8232748437499999 0.1942839140625 0.7951573859375001 0.194452965625 0.7919645234375 0.19231466875 0.787617815625 0.19320272968750002 0.77617929375 0.1924493640625 0.76563411875 0.1934753453125 0.77336545625 0.1952897484375 0.7785408375 0.19513651406250002 0.7833327359375 0.1964205 0.7886367171875001 0.195787321875 0.8041629125 0.1978931765625
0 0.5347606781249999 0.182453140625 0.540188753125 0.18519036093750002 0.540447790625 0.182949809375 0.5537399062499999 0.18317265625 0.5546994203125 0.18214536718750002 0.49354851406250005 0.17782908749999998 0.43226717187499997 0.17527341406250002 0.44108357500000006 0.176865775 0.44203931093750004 0.178406253125 0.44715117187500003 0.179775971875 0.4549460296875 0.18006742343749998 0.4566097703125 0.17897163124999999 0.46216827968749996 0.17994824375000001 0.4707966953125 0.17840867031250002 0.47622814375000005 0.1785796328125 0.4817227578125 0.1797947078125 0.4970598296875 0.1800527140625 0.5027431625000001 0.1831171484375 0.511820140625 0.1811833640625 0.5196153734375 0.18275930468749998 0.5284994515625 0.18154543750000002 0.5347606781249999 0.182453140625
0 0.5038219109375001 0.2636821609375 0.50782048125 0.2634594796875 0.50824249375 0.2615343578125 0.5050612640625001 0.2595156453125 0.5023962640625 0.25909596874999996 0.496383215625 0.2590490140625 0.4958566984375 0.26049481874999997 0.49617369375000003 0.261545475 0.5038219109375001 0.2636821609375
0 0.4949034015625 0.30022045468749997 0.49405201875 0.30374196875 0.49822196406249997 0.30362829375 0.49786586406250005 0.30161276406250004 0.4949034015625 0.30022045468749997
0 0.3480131109375 0.114669 0.3484668296875 0.1110619625 0.34605786250000004 0.1082197546875 0.341649134375 0.10508920937499999 0.3394235859375 0.1052450671875 0.3383701 0.1121288390625 0.3480131109375 0.114669
0 0.348663759375 0.1057992328125 0.352801884375 0.11091164687499999 0.354378915625 0.11490267968750001 0.3556443234375 0.11898815 0.358278515625 0.1219376171875 0.36490761250000003 0.127473225 0.362451175 0.12661929375 0.3603562515625 0.127211321875 0.3617128953125 0.1321818125 0.36627734375 0.1331977984375 0.3666696328125 0.13373805156250002 0.3675605921875 0.136673353125 0.36952281249999996 0.139148359375 0.37401339375 0.140071759375 0.3753605375 0.1411234484375 0.3775672359375 0.143597640625 0.3774217828125 0.1460481828125 0.3800651 0.1481848140625 0.3818171984375 0.14978985625000002 0.384905884375 0.15327683281249999 0.3874215484375 0.1511508046875 0.376304878125 0.1366271546875 0.3680872671875 0.1236599984375 0.3569494296875 0.1108453515625 0.3281123734375 0.0732216515625 0.3249093890625 0.0671789453125 0.3185415140625 0.059678367187500005 0.3115205734375 0.050286506249999995 0.3066297796875 0.044427278125000004 0.304238665625 0.043655553125 0.3044214265625 0.048968256249999995 0.308050228125 0.05461712656249999 0.3114280296875 0.05898714687499999 0.3141129234375 0.06405957500000001 0.3224880390625 0.07232769375 0.3287237421875 0.0811063625 0.3352397 0.0859775484375 0.33838964374999997 0.09294264375 0.336799121875 0.09509333125 0.3370314 0.0968767171875 0.3406698359375 0.09985748125 0.348663759375 0.1057992328125
0 0.37991920625 0.099292009375 0.3759311890625 0.0943136390625 0.372205190625 0.0872103671875 0.3678529171875 0.081985571875 0.3631614484375 0.0746640421875 0.3586387140625 0.0752914125 0.36422146718750004 0.0820817734375 0.3659546796875 0.0886171109375 0.37366209375000004 0.095030465625 0.3778550625 0.1004875703125 0.380629678125 0.1027499703125 0.385989003125 0.10826725 0.39221571875 0.114042828125 0.3970153078125 0.11646929531250001 0.3944476703125 0.11181651562499999 0.39049337500000003 0.1074246703125 0.38805378125 0.10469072500000001 0.37991920625 0.099292009375
0 0.3327785484375 0.07316976562500001 0.33456640625 0.07357279375 0.3396086078125 0.07545604375000001 0.3459609421875 0.07466539531250001 0.347897084375 0.0716836546875 0.3389581359375 0.0662683765625 0.3352599125 0.0671571140625 0.3310580265625 0.0672994359375 0.3277251921875 0.07219748125 0.3313254921875 0.07516964375 0.33043398281249997 0.071433471875 0.3327785484375 0.07316976562500001
0 0.28098698125 0.0271986953125 0.2857256359375 0.03336009375 0.28716731875 0.0300986609375 0.2863272484375 0.025850546875 0.2852131875 0.023808242187500002 0.28098698125 0.0271986953125
0 0.295798725 0.030431473437500002 0.2903637640625 0.0331955484375 0.2916688578125 0.033975534375 0.2988096578125 0.0342146703125 0.295798725 0.030431473437500002
0 0.655141925 0.31962796875 0.6481067328125001 0.3189464046875 0.6430526999999999 0.320222428125 0.657704734375 0.3224272828125 0.661819259375 0.323039628125 0.66881211875 0.322677809375 0.667460971875 0.3208502078125 0.655141925 0.31962796875
0 0.9118210671875 0.32832656718750003 0.913474440625 0.33370494375000004 0.9123719734375 0.3369440359375 0.9147610265624999 0.3403616328125 0.911722521875 0.343805040625 0.9055154859375 0.3461422421875 0.91264543125 0.3475447734375 0.9143918796875001 0.347142453125 0.9189028031250001 0.34595545781250003 0.9147223406249999 0.3065899390625 0.9131288312500001 0.3152717734375 0.91154191875 0.3212183625 0.9118210671875 0.32832656718750003
0 0.8557771796875 0.19816753125 0.8551351015625 0.1970200609375 0.8527035953125001 0.195517675 0.8509091640625 0.195392734375 0.8495977625 0.196181765625 0.8510865031250001 0.19825652656249998 0.8541426015625 0.19894923125 0.8557771796875 0.19816753125
0 0.9117350234374999 0.2371684734375 0.910624353125 0.2285935140625 0.9091640453125001 0.199233903125 0.9051710546875 0.2000938046875 0.9036345890625 0.20013504375000002 0.9040556703125 0.21345087812500002 0.9054877796874999 0.21936524999999998 0.904308234375 0.2256992234375 0.9085417874999999 0.2334076046875 0.9117350234374999 0.2371684734375
0 0.919956853125 0.1925446703125 0.9199745874999999 0.184370740625 0.9194699953125 0.1787679828125 0.9161206234374999 0.18041341875 0.914343728125 0.18194961875 0.9121907609375001 0.1927737125 0.91433338125 0.201693121875 0.9189071515625 0.2121585 0.920655 0.20991570468749998 0.9198323421874999 0.198436646875 0.919956853125 0.1925446703125
0 0.947506409375 0.2297392703125 0.947306590625 0.22345789531250002 0.9466868375 0.22156906875 0.94587485 0.2223657453125 0.945539684375 0.222620490625 0.9424549390625 0.22752839531250002 0.9432282265625 0.23644485781250002 0.94703709375 0.2392302625 0.947506409375 0.2297392703125
0 0.9587150390625 0.166428321875 0.9571021390625001 0.1649074890625 0.94992083125 0.1665582015625 0.94784718125 0.1635874625 0.9450952265625 0.15668856874999998 0.9436887281249999 0.17613076562500002 0.9490116234375 0.1765136671875 0.948512640625 0.17337119375 0.955051953125 0.1733618109375 0.960653184375 0.1699289171875 0.9587150390625 0.166428321875
0 0.8143041765625 0.0746093203125 0.8088590609375 0.0750930671875 0.8115662171875 0.07703974999999999 0.8146447078125 0.076852 0.8143041765625 0.0746093203125
0 0.11308194687499999 0.8541376875 0.11167313906250001 0.8568417640625 0.1380644703125 0.8580073718750001 0.13908901406250002 0.855457534375 0.1351295390625 0.8536266109374999 0.1219660234375 0.8529238203125 0.11461895 0.850955178125 0.1120630453125 0.8515530968749999 0.111677646875 0.8529914203125 0.11308194687499999 0.8541376875
0 0.2715670640625 0.7992893046875 0.270595796875 0.80349368125 0.27467995 0.8037484828125001 0.274938178125 0.8002492078125 0.2715670640625 0.7992893046875
0 0.2435979796875 0.8257633921875 0.253973175 0.830020303125 0.2503613671875 0.8311117515625 0.2675690515625 0.8322608328125 0.2679631203125 0.82870736875 0.2435979796875 0.8257633921875
0 0.1394353859375 0.8204480125 0.15450160468750002 0.8221394453125 0.17457915625 0.823921625 0.1754200734375 0.8217431656249999 0.18935566875 0.8231203265625 0.192668803125 0.8216463546874999 0.170902190625 0.8192433609374999 0.1556483875 0.817865628125 0.1425769 0.8173023468749999 0.1394353859375 0.8204480125
0 0.24476700624999997 0.863448484375 0.2581966390625 0.8635625921875001 0.25676381406250004 0.860349453125 0.25291286875 0.8607637468749999 0.250385771875 0.8610911531250001 0.24982035156250001 0.8592168859375 0.245133540625 0.8610361531249999 0.24476700624999997 0.863448484375
0 0.165633253125 0.8561852999999999 0.1709568125 0.8579482078125 0.173899090625 0.857115734375 0.176087528125 0.85567363125 0.1771874765625 0.8544542703125 0.17070180468750001 0.8543842046875 0.1652183984375 0.85414755625 0.165633253125 0.8561852999999999
0 0.053229332812499995 0.5601366624999999 0.054392023437500006 0.554849625 0.0528933171875 0.545797021875 0.0480419859375 0.5448918093749999 0.0433934234375 0.5472988156249999 0.042012009375 0.5530157671875 0.044377425 0.5580187671875 0.053229332812499995 0.5601366624999999
0 0.4349637015625 0.3417388109375 0.4325720546875 0.34435585625 0.436033703125 0.3465354390625 0.436307709375 0.344148459375 0.4349637015625 0.3417388109375
0 0.45746717343750004 0.34540040312500003 0.4611425640625 0.3502173609375 0.46201905468750004 0.34808725625000003 0.46097346406249995 0.34526419375 0.45860567812499997 0.344006965625 0.45746717343750004 0.34540040312500003
0 0.4822745859375 0.24515688125 0.48361280625 0.23995731718750002 0.4841922765625 0.23858555468749998 0.48009253906250005 0.2384009875 0.4781724140625 0.23691592031250003 0.4782891078125 0.24201033593750002 0.4822745859375 0.24515688125
0 0.49358816250000004 0.256874959375 0.4905685625 0.25108359375 0.48809868593749994 0.24699567500000003 0.48741485625000003 0.2465050953125 0.48513560624999996 0.24712699843750002 0.49023924843750005 0.2569611328125 0.49358816250000004 0.256874959375
0 0.318801540625 0.0117096078125 0.32011745 0.0083319765625 0.31788000156249996 0.004891914062500001 0.31651046250000003 0.0041351015625 0.3137779859375 0.003918956249999999 0.318801540625 0.0117096078125