0 0.047064840625 0.18715755625 0.0475238640625 0.18302529843749998 0.0451359375 0.181132090625 0.0349375109375 0.178060675 0.016713728125 0.17789743593750001 0.0032691656249999998 0.181521553125 0.0007906671875 0.184362290625 0.0012578640625 0.19067188125 0.004351578125 0.19748168906250002 0.006108165625 0.205224715625 0.010473028125 0.21077826875 0.0178753953125 0.2150649015625 0.020029634375 0.2183517421875 0.029017271875 0.25938923125 0.0324335328125 0.269168615625 0.0379428359375 0.27281405468750003 0.048970275 0.2723546046875 0.051639625 0.2704875265625 0.0524432796875 0.2629201484375 0.0438619421875 0.21877300000000002 0.04590043125 0.2136604171875 0.04929863125 0.21165325781250002 0.0499485078125 0.20849466093750002 0.047064840625 0.18715755625
0 0.1487190625 0.22399405625000002 0.143569559375 0.21960377812499998 0.138196553125 0.2179533609375 0.1296577984375 0.216918303125 0.11668244531250001 0.21775639062500002 0.10767448125000001 0.2195073609375 0.1023900359375 0.22221861875 0.0982688671875 0.2257145171875 0.09678998125 0.23240398125 0.10194753906250001 0.23813771718750001 0.11000873124999999 0.2406138125 0.11172930156250001 0.25206942187500003 0.11876198125 0.255756196875 0.12036680156249999 0.2588123828125 0.12579323125 0.286728940625 0.132394253125 0.2894888625 0.134811378125 0.286324196875 0.1415729984375 0.28602062968749997 0.14247539843749998 0.2841611546875 0.139301953125 0.2652393421875 0.13868980625 0.2555882015625 0.143595615625 0.2509290265625 0.14387550625 0.247169040625 0.14222649375000002 0.23738358750000002 0.144841290625 0.23653787343750002 0.148230840625 0.23318418749999997 0.14936692812500002 0.22993107968749998 0.1487190625 0.22399405625000002
0 0.25071988125 0.202818896875 0.240971946875 0.2033670875 0.2403237828125 0.1974285296875 0.242631978125 0.1872097328125 0.24113473281250003 0.1821111203125 0.2265999859375 0.1866204546875 0.225211671875 0.18857597343750002 0.23334346875 0.2109128703125 0.2380579484375 0.2143753578125 0.23966306718750002 0.217433078125 0.2471089703125 0.24664115468749997 0.24939950624999999 0.25192301875 0.251113734375 0.2529380140625 0.25403407499999997 0.2523703578125 0.25499073125 0.24948798593750002 0.2538999671875 0.23218285781249998 0.26026594531249997 0.2272398546875 0.2602402921875 0.22320180937499998 0.25621930000000004 0.20511964218749998 0.25071988125 0.202818896875
0 0.1752311609375 0.17841508281250001 0.1786582625 0.171348515625 0.1772970171875 0.168243390625 0.17233713125 0.1648286046875 0.1622034421875 0.1620820546875 0.15903769375000001 0.1626974140625 0.1587408 0.16376588281249999 0.1629684125 0.18551505937499999 0.1647712015625 0.19089173125 0.1663044640625 0.1922777609375 0.1706233046875 0.19110081406249999 0.172174046875 0.1860830390625 0.17165075937500002 0.18079510781250002 0.1752311609375 0.17841508281250001
0 0.5251991421875 0.7860775140625 0.523871303125 0.7884096640625 0.5260755125000001 0.80625125625 0.5320100015625 0.8155888984375 0.5762176921875 0.809071428125 0.5734546671875 0.7679811953125 0.5544504156250001 0.7738750390625 0.54224625 0.7781892171875 0.5329165359375 0.7812984109375 0.5251991421875 0.7860775140625
0 0.6661188375 0.7959498390624999 0.66222040625 0.7870473171875 0.65688375 0.78524816875 0.6547163390625 0.784170046875 0.6517894625 0.7877585140625001 0.64364399375 0.7922515437500001 0.639137509375 0.7977531250000001 0.6476295765625 0.8048697656250001 0.656096425 0.8119467374999999 0.6661597515625 0.8129719640624999 0.671527978125 0.8113140734375 0.668926034375 0.8041189781250001 0.6661188375 0.7959498390624999
0 0.6743941484375 0.83310981875 0.6658641234375 0.8280252562499999 0.6563713109375 0.8236706265624999 0.6496357484375 0.8277113203124999 0.64733314375 0.831571603125 0.6392626359375 0.839201715625 0.63837109375 0.8446054859375 0.6454213046875 0.86244265 0.6505440890624999 0.8669001984375001 0.6616714109374999 0.8668399609374999 0.670870978125 0.8800857765625001 0.676643790625 0.88033733125 0.6835777203125 0.8742381531250001 0.67801258125 0.8537231125 0.6743941484375 0.83310981875
0 0.55163269375 0.5609968265624999 0.5419376687499999 0.5733470703125 0.544358146875 0.5800426125 0.5543070343750001 0.5680075312499999 0.55163269375 0.5609968265624999
0 0.4753415375 0.5692571937500001 0.4841483453125 0.56435865 0.473587575 0.559726128125 0.4600256265625 0.562107625 0.4449150890625 0.5636138374999999 0.43234760000000005 0.5663782421875 0.40943524687500005 0.5702557406250001 0.413063178125 0.5757440203125 0.44146719843750004 0.5741273890625 0.44912758906250005 0.572748190625 0.4620783765625 0.5709566484375 0.4753415375 0.5692571937500001
0 0.9002621218750001 0.9169191781249999 0.9065823953125 0.915270421875 0.9140285671875 0.9153113140625001 0.917968828125 0.91262894375 0.9107657140625 0.9084993656250001 0.9010303000000001 0.904296946875 0.897222425 0.9047124078125 0.8922569578124999 0.9074842265624999 0.8847384328125001 0.90829943125 0.8810029328125 0.9081946484375001 0.8784375843750001 0.9127586187500001 0.8795898484375 0.9138796656249999 0.88506734375 0.9172304484374999 0.8940902078124999 0.9170301234375 0.8962879109375 0.9167573328125 0.9002621218750001 0.9169191781249999
0 0.890877584375 0.904048359375 0.8901790015625 0.9011423265625 0.8845806062499999 0.9003140828125 0.8820883374999999 0.9005454437499999 0.8796037562500001 0.9018481453125 0.8810508453124999 0.9064184984375 0.8850366421875 0.9086871546875 0.8887531578125 0.9064669046875 0.890877584375 0.904048359375
0 0.84099221875 0.8772049984375 0.8377134156249999 0.8803095375 0.8396221781250001 0.8833734968750001 0.8437851421874999 0.8791754734375001 0.84099221875 0.8772049984375
0 0.9838412515625 0.8936454875000001 0.9885278109375 0.8938853453125001 0.9909751953124999 0.8940208515625001 0.9913083468749999 0.89293419375 0.9908289109374999 0.8916059578125 0.988000175 0.8893447875 0.9849720765625 0.888023296875 0.9818291562500001 0.888780659375 0.9796768 0.8901875078125 0.9783005453125 0.8928028484375 0.9819827515625 0.8935260375 0.9838412515625 0.8936454875000001
0 0.9927781390625 0.8231194890625 0.988840225 0.8188534359374999 0.9806893796875 0.8172590859375 0.9775829609375 0.81749999375 0.9737810437500001 0.8194200875 0.97073991875 0.8179005671875 0.9630511484375001 0.817954584375 0.961381921875 0.8222727375 0.9590132515625 0.8238441968749999 0.966074915625 0.8273279625000001 0.9718543281249999 0.8297016218750001 0.97621760625 0.8305630203125001 0.9809979999999999 0.829828 0.9865170390625 0.826235475 0.987140196875 0.8252404765625 0.9927781390625 0.8231194890625
0 0.8730562671875 0.7905096765625 0.8685911921875 0.7919251593750001 0.8647285640625 0.7931153 0.8639091156250001 0.7949920781250001 0.8650822109374999 0.795434175 0.8703802859374999 0.796944759375 0.87730659375 0.7962765046875 0.8787739453125001 0.7956283625 0.8812573828125 0.7921579265625 0.8775450093750001 0.7907800265625 0.8730562671875 0.7905096765625
0 0.9662024609375001 0.6972496578125 0.9693571390625 0.6978875625 0.9741666609375 0.698055765625 0.9778476656249999 0.6975280765625 0.9840312953125 0.6946850125 0.9898390140625001 0.6947148953125 0.994081671875 0.6949885109375 0.9981394453125001 0.692165509375 0.9925687406250001 0.69001391875 0.9871455484375 0.6917493484375 0.9803451828125 0.6923612875 0.974799265625 0.6931050375 0.9727302874999999 0.6931474718749999 0.9670865843750001 0.694010509375 0.96654008125 0.6948839609374999 0.9662024609375001 0.6972496578125
0 0.944018565625 0.6666739078125 0.9395384953124999 0.6653099359375 0.9360470046874999 0.6650192406250001 0.93126279375 0.666176815625 0.9309509890625 0.6679055734375 0.9364190375 0.6697173828125 0.9440531296874999 0.6692346734375 0.944018565625 0.6666739078125
0 0.8761468546875 0.6403565421875 0.875729325 0.64316276875 0.8805634546875 0.642917109375 0.8819423343749999 0.6426490828125 0.8842733296875 0.641981096875 0.8820111296875 0.639391734375 0.8776518187500001 0.6398363875 0.8761468546875 0.6403565421875
0 0.8986838687500001 0.7121535140625 0.8938617359375 0.7113144546875 0.88932490625 0.7149484515625 0.8895469734375 0.7168360734375 0.8927860875 0.7155172265624999 0.8981495015625001 0.7152021125 0.9031713484375 0.7163398015625 0.9024531109374999 0.713668390625 0.8986838687500001 0.7121535140625
0 0.8872062062499999 0.7074142953125 0.881878715625 0.7076030453125 0.877809109375 0.7088748046875 0.878718596875 0.7115965859375 0.8796870390624999 0.7124270562499999 0.8841023359375001 0.71262254375 0.8901252390625001 0.70873151875 0.8872062062499999 0.7074142953125
0 0.9053629687500001 0.6834851765625001 0.9031550140625001 0.6821411546875 0.9001847062499999 0.681182490625 0.895139009375 0.6812814484375 0.89319056875 0.6846463 0.8927362609375 0.6855272968749999 0.8945944078125001 0.6872417453125 0.8969767234375 0.68547025625 0.8983295890624999 0.6849128125 0.9040073203125001 0.6849536390625001 0.9053629687500001 0.6834851765625001
0 0.9036438640625001 0.6710790109375 0.8993847593750001 0.6722029609375 0.897142721875 0.6729109578125 0.89522088125 0.674643875 0.8962994109375 0.6748369421875 0.8998088453124999 0.674302809375 0.9029598265625 0.6740946234375 0.9081556531249999 0.6748499031249999 0.90945331875 0.673337 0.90930180625 0.6707559890625 0.9063617578125 0.67032149375 0.9036438640625001 0.6710790109375
0 0.860365525 0.66016131875 0.8572404125 0.6595526859375 0.8535458796875 0.6597487375 0.8529905203125001 0.662599265625 0.8569290203125 0.6635846171875001 0.859512678125 0.6633402671875 0.8610480484374999 0.6637135390625 0.8641209546875 0.6611138109375 0.863084315625 0.660767753125 0.860365525 0.66016131875
0 0.94335026875 0.6487088562500001 0.9452702937499999 0.646008509375 0.9415265859374999 0.64498529375 0.938279209375 0.646245259375 0.935075196875 0.64696674375 0.9364032218749999 0.649188540625 0.9387925125000001 0.650376340625 0.94335026875 0.6487088562500001
0 0.822694740625 0.6714344875 0.81880936875 0.6725239937499999 0.8151631515625001 0.672682003125 0.81365279375 0.6722736281249999 0.8127418515624999 0.6744658453125 0.8166291453125 0.676760015625 0.819162790625 0.676413965625 0.8236524218750001 0.6733478453124999 0.8263019703125 0.672025809375 0.822694740625 0.6714344875
0 0.8503491984375 0.7010917171875 0.8484988234375 0.6990733265625 0.845442478125 0.6984417765625001 0.8427533875 0.6998224343749999 0.8417441109375 0.7020656015625 0.844278775 0.7031742078125001 0.8480315562499999 0.7028601859375 0.8503491984375 0.7010917171875
0 0.796635615625 0.6453414640624999 0.7987314734375001 0.641236446875 0.8055861390624999 0.636817640625 0.7995771078125 0.6341225140625 0.7968765390625 0.6337162796875 0.7609877015625 0.638810921875 0.76330765 0.641091403125 0.7683840890625 0.6392180421875 0.7709032609375 0.6421140046875 0.7728252078125 0.6386619828125 0.793059071875 0.6363015609375 0.7946959640625 0.6374509703125 0.7883334703125 0.6390872421875 0.7919218265625 0.6437905265625 0.796635615625 0.6453414640624999
0 0.7830232140625 0.647193165625 0.780795159375 0.64361665 0.7794817218750001 0.6431731796875 0.77252650625 0.645559771875 0.7751940187499999 0.645165415625 0.7802101890625 0.6492218765625 0.7830232140625 0.647193165625
0 0.7867680171875 0.6718631296875001 0.7814403796875 0.6723623 0.7788062640625 0.6721341578125 0.7766583625 0.6718115078125 0.7749109671875 0.672509309375 0.7772627546875001 0.675928065625 0.78464549375 0.6765925187499999 0.7875796296875001 0.6740977609375001 0.7867680171875 0.6718631296875001
0 0.8130010953125 0.666308696875 0.8147968625 0.664655996875 0.8142041453125 0.661893334375 0.813296103125 0.6619631921875 0.8117415343750001 0.662023425 0.8119491140624999 0.6667025984375 0.8130010953125 0.666308696875
0 0.9276712109374999 0.6095562171875 0.9309555984375001 0.610574803125 0.9333404515625 0.6111665609375 0.9354348703124999 0.6089703265625 0.9350695828125 0.608180196875 0.9276712109374999 0.6095562171875
0 0.93908345 0.7002034796875 0.9384942046875 0.701217353125 0.9398655265625001 0.7018931078125 0.9434444609374999 0.7012006171875 0.945154771875 0.7001073124999999 0.946327759375 0.697510790625 0.9436561125 0.698612684375 0.9416837984375 0.6987429765625001 0.93908345 0.7002034796875
0 0.9942202437500001 0.7642581859375001 0.9924601093750001 0.7615330296875 0.9898855140625 0.7654270796875 0.9942202437500001 0.7642581859375001
0 0.9785913562499999 0.768854453125 0.9878075374999999 0.76973873125 0.9877536875 0.767627403125 0.9860428999999999 0.766089646875 0.9843438921875001 0.7656033343749999 0.976118925 0.7672880609375 0.9785913562499999 0.768854453125
0 0.7063924828125 0.7459863578125 0.7080491624999999 0.7454605875 0.7077104875 0.7435462890625 0.706886725 0.743501078125 0.7056857578125 0.742489778125 0.7010061921874999 0.7421466890625 0.6967453124999999 0.7437118984375 0.696886625 0.7452331984375 0.7008446296875 0.7456719734374999 0.703059171875 0.7472709859375 0.7063924828125 0.7459863578125
0 0.6933856984375 0.7087321421875 0.6930711921875 0.706598259375 0.6905978421875 0.706787740625 0.6896698984375 0.7069681140624999 0.692287090625 0.7100981125 0.6933856984375 0.7087321421875