0 0.5116068515625 0.6183938375 0.5096830906250001 0.6125984890625 0.5080569734375 0.6124459703125 0.4913492828125 0.609159578125 0.479798771875 0.611582759375 0.476552540625 0.6171627171875 0.473950171875 0.620599778125 0.4673773109375 0.6261622078125 0.4637143703125 0.6369089781249999 0.510887028125 0.6437457421875 0.527248890625 0.641910575 0.5310861421874999 0.6319368953125 0.52833596875 0.6279568578125 0.5239202406250001 0.6222516859375 0.52130036875 0.62126358125 0.5173963921875 0.6147240187499999 0.5116068515625 0.6183938375
0 0.5374557875 0.505714365625 0.5414857203125 0.5066447484375 0.5446669375 0.5062085625 0.546114259375 0.5009814171875 0.539118903125 0.50223365 0.5374557875 0.505714365625
0 0.318356984375 0.8002181593750001 0.31574637656250004 0.8003499015625 0.31074569687500003 0.8042563656249999 0.307853196875 0.8081027140625 0.3073067296875 0.818207521875 0.3096624796875 0.8194922531250001 0.314318334375 0.811043359375 0.3160498734375 0.8110101453125 0.3196092890625 0.8189101921875 0.31740646093749997 0.8229157640625001 0.30771869218750003 0.8286618875 0.30208639531250003 0.8302753109375001 0.29842042968750004 0.838319315625 0.3045295828125 0.8383009171875001 0.3138845046875 0.8351287 0.320184503125 0.828185115625 0.324653365625 0.8255333640625 0.327093815625 0.8165810234374999 0.327883303125 0.812640434375 0.32038324687499997 0.8032356828125 0.318356984375 0.8002181593750001
0 0.3301240390625 0.8713523984375 0.3280594234375 0.8689385953125001 0.32113914375 0.8663787624999999 0.3214287796875 0.8637628078124999 0.32071278125 0.8608489359375 0.312740228125 0.85331715 0.306352209375 0.8535085 0.29715644218750004 0.8592142656249999 0.292193053125 0.8638413375 0.289007665625 0.8700190546875 0.289183425 0.8803018249999999 0.287025725 0.8976148671875 0.282312228125 0.90754981875 0.27938842343750003 0.911760975 0.2875753859375 0.9120988000000001 0.29489650312500004 0.9089076531250001 0.2984963953125 0.90481730625 0.30728026875 0.9003955421875001 0.311643753125 0.89998535 0.3174198703125 0.8970821593749999 0.3192880546875 0.8873578640625001 0.32177525937499996 0.88061325 0.3245472578125 0.8766637125000001 0.3301240390625 0.8713523984375
0 0.524740340625 0.1042680953125 0.5247423828125 0.0924997453125 0.5221135296875 0.0861326953125 0.4973638421875 0.24106102968749998 0.50619033125 0.24052500625 0.5175597015625 0.16044575781249998 0.524740340625 0.1042680953125
0 0.0492323578125 0.6456864015625 0.071671878125 0.647497809375 0.11153365625 0.6545085046875 0.11427855625000001 0.6485578328125 0.112024046875 0.6441951109375 0.10897833906250001 0.6408075281250001 0.10539760625000001 0.639146978125 0.10220012812499998 0.6393966 0.0932465953125 0.6384199625 0.0920530765625 0.6372480046875 0.088871484375 0.6354422703125 0.0872627546875 0.6359368109375 0.0855014328125 0.6338624328125 0.084834265625 0.632265165625 0.077794728125 0.6313263015625 0.0742967125 0.6330652375 0.06726693593750001 0.6341956671875 0.0620773890625 0.633946896875 0.0571359328125 0.6344850421875 0.05318630625 0.6364019484375001 0.0484407078125 0.6389882078125 0.049710209374999995 0.6416786765625 0.0492323578125 0.6456864015625
0 0.1344907640625 0.6444717390625 0.1335118265625 0.6442457328125 0.12758414375 0.6448672875 0.12214211718750001 0.644427128125 0.120678096875 0.6491292484375 0.12264238593750001 0.652366590625 0.1274015 0.6530211203125 0.132138034375 0.6521758828124999 0.1348051046875 0.6494032187500001 0.1343949 0.6451648125 0.1344907640625 0.6444717390625
0 0.149663815625 0.570185671875 0.1474346296875 0.5742637359375 0.152037865625 0.5798790968749999 0.16963510625 0.5724776031250001 0.16876945625 0.5693575953125001 0.163745890625 0.5662991515625 0.1611231078125 0.56636554375 0.1533982875 0.5671863734375 0.149663815625 0.570185671875
0 0.224331446875 0.6513387453124999 0.2197199109375 0.6530386953125 0.219217353125 0.6545070281250001 0.2159719328125 0.6589373921874999 0.2203154921875 0.65994018125 0.22821030625 0.65971665 0.2392767375 0.6602862796875 0.24187531093749998 0.657351871875 0.242847940625 0.6561604421875 0.2396260453125 0.6532790109375 0.23741556875 0.653928084375 0.23202066718749997 0.6554856671875 0.2305780390625 0.65313528125 0.22846380625 0.6515615343750001 0.224331446875 0.6513387453124999
0 0.021461175 0.6392268109375 0.0164541359375 0.6422578453125001 0.0247718953125 0.6428070734375 0.0249521796875 0.6398243046875 0.021461175 0.6392268109375
0 0.1367092578125 0.44008390625000005 0.136717525 0.44184015312499997 0.13905120625 0.4436858609375 0.145100171875 0.4410733734375 0.1510484015625 0.44364131249999994 0.15734570625 0.442919075 0.158938828125 0.4415197078125 0.1550473140625 0.44067740781250003 0.1518523890625 0.4411729703125 0.1486115125 0.43963097187500005 0.14315159375 0.4376568484375 0.139715171875 0.4394693390625 0.1367092578125 0.44008390625000005
0 0.0563241234375 0.5132867453125 0.055526335937500004 0.5158254734375001 0.058266185937500006 0.5174955484375 0.06250035625 0.516054853125 0.0580320625 0.5114039406249999 0.0563241234375 0.5132867453125
0 0.2572924171875 0.40492849687500004 0.2619808703125 0.40601411875000004 0.26392487187499997 0.40454662499999994 0.26193125 0.40188782500000003 0.26025743125 0.402115571875 0.2582259171875 0.40264239531249996 0.2572924171875 0.40492849687500004
0 0.22028520468749999 0.42636080625000006 0.22049105624999998 0.429233875 0.2229020578125 0.43080718124999995 0.226528446875 0.43015144687499995 0.22479535468749998 0.426787878125 0.2231796109375 0.4259097203125 0.22028520468749999 0.42636080625000006
0 0.18380490625 0.411461725 0.181803246875 0.410831228125 0.183955290625 0.415102940625 0.19179236875 0.41237889531249994 0.18380490625 0.411461725
0 0.0706738859375 0.40383608750000005 0.069811871875 0.408125553125 0.073498184375 0.4103845671875 0.08474142343749999 0.4026033765625 0.0809086359375 0.4012149765625 0.07681874375 0.4027322765625 0.0706738859375 0.40383608750000005
0 0.02126078125 0.421220815625 0.0188254046875 0.42104503125 0.016325454687499998 0.42134343906250005 0.012091531249999999 0.4251446890625 0.023753037499999997 0.42303257343749995 0.02126078125 0.421220815625
0 0.1174691328125 0.6145668703125 0.11572769218750001 0.6127953515625 0.112749403125 0.6160478046875 0.11293838437499999 0.6177367281249999 0.1160051765625 0.617344684375 0.1166739359375 0.616955459375 0.1174691328125 0.6145668703125
0 0.1493288609375 0.635087825 0.14514749062500001 0.63672351875 0.144737521875 0.638700721875 0.15065645 0.6377836875 0.15223160156249999 0.6356633625 0.1493288609375 0.635087825
0 0.943351509375 0.21579511093749998 0.94853971875 0.1966287859375 0.952126575 0.1954219078125 0.9593576203125 0.196073040625 0.9628167296875001 0.192120171875 0.963169725 0.18948677187500002 0.9617759890625001 0.187806753125 0.9459012843749999 0.183801825 0.9076261078125001 0.17869848593749998 0.9023648078125 0.1805386765625 0.901304478125 0.1840270625 0.9016761703125 0.18682776875 0.9087944171875 0.1901693578125 0.9035512718750001 0.21067804375 0.9043878765625 0.2125694015625 0.9085143312499999 0.2145403546875 0.9098339046874999 0.21654161093750002 0.9092197828125 0.22250794375 0.902637125 0.24881869843749999 0.9031386187500001 0.24995276249999998 0.9150358984375 0.2513412171875 0.9223792124999999 0.253714878125 0.9246468468750001 0.2505052203125 0.9264684546874999 0.24040615468749998 0.9298347046875 0.23134041718749998 0.9325126765625 0.219740846875 0.934650509375 0.21819783125 0.938834125 0.2188237328125 0.943351509375 0.21579511093749998
0 0.7517426890625 0.20772151718749998 0.7698765796875 0.21119285 0.7787814 0.1859233421875 0.7583478343750001 0.1826330875 0.7517426890625 0.20772151718749998
0 0.7880718156250001 0.1800020953125 0.7936538875 0.1594978921875 0.7758311124999999 0.167862396875 0.7880718156250001 0.1800020953125
0 0.2406799375 0.5400515734375 0.23836315625 0.5415709140625 0.242476753125 0.54329194375 0.2519960859375 0.5415399875 0.2502719015625 0.5393394812500001 0.2442645703125 0.5388265421875 0.2406799375 0.5400515734375
0 0.129372903125 0.5743001 0.13264429687499998 0.576376728125 0.1364865296875 0.5757098890625 0.13135504375 0.569513940625 0.12875955625 0.5695176796875 0.123189434375 0.5700213328125 0.12333612187500001 0.5731228859375 0.125193990625 0.5747096078125 0.129372903125 0.5743001
0 0.29238582343749997 0.41634669375 0.29372562812499997 0.41867013281250004 0.2994766765625 0.4183205015625 0.303747721875 0.41455989375 0.3044616328125 0.4135027703125 0.30329377343749997 0.4134560484375 0.2961186890625 0.41424343593749996 0.29187865 0.414584309375 0.29238582343749997 0.41634669375