0 0.5006544078124999 0.0947587203125 0.5150546765625 0.115284078125 0.5353949890624999 0.132687140625 0.5595410390625 0.1333205796875 0.5934442921875 0.126265784375 0.6202505875 0.092351178125 0.6101995203125 0.05621265156250001 0.5949502109375 0.014932753125 0.5535030125 0.00685214375 0.4978857109375 0.017100021875 0.4963426453125 0.0347373375 0.4958095109375 0.0661808375 0.5006544078124999 0.0947587203125
0 0.5578339421875 0.1949986875 0.5388674828125 0.20355634218750002 0.54264988125 0.217010634375 0.5620218265625 0.2277696390625 0.5720895203125 0.2389599921875 0.6024172953125 0.22852759531250003 0.6130535953125 0.2186435609375 0.62565875 0.2045416359375 0.613295365625 0.184004696875 0.5862305390625 0.1706230453125 0.5475450734375 0.1520227921875 0.5260358968750001 0.1596866828125 0.5248492546875 0.17317834999999998 0.5400580453125 0.182382659375 0.57016449375 0.19235392812500002 0.5835672578125 0.2018174421875 0.5805347890625 0.2127604109375 0.5578339421875 0.1949986875
0 0.304729471875 0.3822972203125 0.3074866125 0.380471196875 0.3113130140625 0.3758354875 0.3075131453125 0.373032703125 0.26050742968749996 0.374326746875 0.229244525 0.376820871875 0.23307784687500002 0.3820200640625 0.241812190625 0.3873139578125 0.2486310859375 0.3863012859375 0.25884361093749997 0.386477975 0.2739321375 0.38863090625 0.2759788515625 0.38551305 0.2787843953125 0.38494446875 0.2837296453125 0.383565540625 0.293826065625 0.38329447031249997 0.304729471875 0.3822972203125
0 0.3561341734375 0.439005728125 0.3585398640625 0.4389558328125 0.3609344546875 0.4381364171875 0.36521928593749997 0.43907123437499995 0.37356160781250003 0.43889608593749996 0.378862090625 0.436522459375 0.3742445234375 0.435124065625 0.35778041250000003 0.42951151562499995 0.3469834609375 0.4328237296875 0.34012444999999997 0.43431284375 0.3489923390625 0.437273559375 0.3544615703125 0.43652080781249997 0.35469665781250004 0.437222090625 0.3561341734375 0.439005728125
0 0.32605508437499997 0.4327196171875 0.319899575 0.43233478906249995 0.31906118125 0.4344776859375 0.322574059375 0.435415546875 0.32931146093749997 0.43531643593749997 0.3347411109375 0.4306955140625 0.3286135515625 0.429292059375 0.3268976890625 0.431442884375 0.32605508437499997 0.4327196171875
0 0.469091028125 0.46205546562500005 0.47074190781249997 0.4619740390625 0.4731082765625 0.4620508859375 0.47457225156250005 0.4619186015625 0.47949400156250005 0.46082621562500004 0.4753675234375 0.45928257187500005 0.469147478125 0.45909756718750006 0.46572593749999996 0.460396490625 0.464297775 0.461535728125 0.466637846875 0.462325496875 0.469091028125 0.46205546562500005
0 0.4916332984375 0.5296759078125 0.490817996875 0.53153693125 0.4933983171875 0.531839534375 0.49617619062499996 0.53099561875 0.49767154375 0.5302716296875001 0.497755125 0.5298899609375 0.4970338484375 0.5290269390625 0.49403592500000004 0.5287646546875 0.4916332984375 0.5296759078125
0 0.33287261562500003 0.5283527171875 0.336002928125 0.52898419375 0.33780671406249996 0.5284816796875 0.338854809375 0.5276887609375 0.3368973296875 0.5261294078125001 0.3336947453125 0.5263777921874999 0.330368321875 0.5253166499999999 0.325124115625 0.5249315593749999 0.3261122703125 0.5264014015625 0.3287410125 0.5277998953124999 0.33287261562500003 0.5283527171875
0 0.35243100156249996 0.5274790171875 0.355795578125 0.526651925 0.3551016546875 0.5256375859375 0.35312168437499997 0.5259129421875001 0.3505171625 0.5258152593750001 0.3475379171875 0.525554609375 0.3468428359375 0.526991684375 0.35060888281249997 0.5275815374999999 0.35243100156249996 0.5274790171875
0 0.43094491718750005 0.5168533984375 0.432077790625 0.5181570953125 0.43315385781250004 0.5184786671875 0.43587119531249996 0.5188465859375 0.4399447875 0.5186461734375001 0.43949496874999994 0.5172798937499999 0.4364020953125 0.517009303125 0.433119321875 0.5167220968749999 0.43094491718750005 0.5168533984375
0 0.44603895781249997 0.571740290625 0.4472002296875 0.5721995 0.44858244999999997 0.5723204281250001 0.4512158984375 0.5718544249999999 0.453244403125 0.5705402828125 0.4513023625 0.5698621921875 0.4459945828125 0.5705443734375 0.44521543750000003 0.5710957515625 0.44603895781249997 0.571740290625
0 0.4349708078125 0.5413647375 0.43838916718750004 0.539169940625 0.4345246875 0.538629509375 0.4332530484375 0.539162896875 0.4349708078125 0.5413647375
0 0.082726325 0.79603840625 0.07886275312499999 0.7964736421875 0.0795431453125 0.7986286421875 0.0788065875 0.800557725 0.0811620046875 0.8007418390625001 0.08468294374999999 0.798844615625 0.082726325 0.79603840625
0 0.0778798703125 0.75874754375 0.050618762500000004 0.7592265296875 0.058782215625 0.7622432515625001 0.06410249375 0.7623683578125 0.0655590125 0.7617476265625001 0.07951417656250001 0.7607021078125 0.0778798703125 0.75874754375
0 0.10399018593750001 0.7638567125 0.1040028734375 0.76238503125 0.098484959375 0.7612560671875 0.0924644703125 0.7615151453125 0.0895179625 0.7639817890625 0.10399018593750001 0.7638567125
0 0.0448784109375 0.6832103984375 0.036794953125 0.68417360625 0.032561040624999996 0.68498738125 0.029891812499999997 0.68553965625 0.027056028125 0.6874936875000001 0.0538241078125 0.6895485609375 0.05273139375 0.686530903125 0.051455426562499997 0.68462180625 0.0491965453125 0.683495646875 0.0448784109375 0.6832103984375
0 0.11695956249999999 0.6916294093750001 0.1163121671875 0.689402009375 0.10520977812500001 0.6889984609375001 0.10687567812500001 0.6925101421875001 0.1051065203125 0.694212428125 0.11781344687499999 0.6950104453125 0.11679865468749999 0.6934865140625 0.11695956249999999 0.6916294093750001
0 0.0600522296875 0.6881532546875 0.0631653375 0.6884256171875001 0.0634377 0.6853125078125 0.060324590624999994 0.685040146875 0.0600522296875 0.6881532546875
0 0.030559285937500003 0.6081000234375 0.0262712328125 0.60775780625 0.022601375 0.608417028125 0.02041571875 0.6098601515625 0.021208846875 0.610385965625 0.034306934375 0.6128980359375 0.0365809109375 0.6118437765625 0.0356420921875 0.60986379375 0.0340874609375 0.6077515109375 0.030559285937500003 0.6081000234375
0 0.016021935937500002 0.6094177125 0.0175452453125 0.6085534390625 0.0179969234375 0.60729896875 0.014232871875 0.6076723312500001 0.0109383796875 0.6085588828125 0.016021935937500002 0.6094177125
0 0.0705718953125 0.618719953125 0.06977613125 0.6172920375000001 0.0660240953125 0.6168288890625 0.06429486718750001 0.6173755703125 0.0624462953125 0.6181031625 0.0683314609375 0.61944463125 0.0705718953125 0.618719953125
0 0.0919745984375 0.6227428171875 0.091855734375 0.6208565296875 0.0900741578125 0.6204418640625 0.0868598640625 0.6210750671875 0.0843294859375 0.6220661140625 0.0974374421875 0.624859803125 0.0987602078125 0.62388544375 0.096790790625 0.6230183109375 0.0942427109375 0.6227953828125 0.0919745984375 0.6227428171875
0 0.1159290203125 0.6616191437500001 0.1150509390625 0.660737696875 0.11326704218750001 0.6598475828125 0.1118425 0.6595112078125 0.11042285781250001 0.660535125 0.1159290203125 0.6616191437500001
0 0.0430630453125 0.47932633906250005 0.0459896296875 0.4804936609375 0.0495070484375 0.48026811562500005 0.051823854687500004 0.47987165625 0.052763678125000005 0.479437853125 0.0517684828125 0.4783532390625 0.04884083125 0.477538728125 0.0453310546875 0.4771391234375 0.04281633125 0.4775747328125 0.041959826562500004 0.47825736875 0.0430630453125 0.47932633906250005
0 0.06065339374999999 0.534687290625 0.0562231890625 0.5343922375 0.052909309375000005 0.5345681453125 0.052449703125000004 0.5366124296875 0.056978092187499996 0.5373270125 0.065190028125 0.536705990625 0.06516271875 0.535619790625 0.0631135484375 0.534929190625 0.06065339374999999 0.534687290625
0 0.081924075 0.5345719640625 0.0801215359375 0.5352753515625001 0.0781727296875 0.535104853125 0.07534258125 0.5345921765625 0.066098975 0.5347606203125 0.0720390265625 0.537643990625 0.074610709375 0.5380273984375 0.0761219359375 0.537104034375 0.0799787375 0.5366744796875 0.08236960625 0.5368836531250001 0.0831254109375 0.5370830984375 0.08907868125 0.5371083062500001 0.092609853125 0.5367255484375 0.09503626875 0.537030371875 0.0989618984375 0.5373738203125 0.10250014375000001 0.53615725625 0.1035519296875 0.5347843265625001 0.10166033906250001 0.5340494796875 0.098638675 0.53350279375 0.09465078437499999 0.5331538984375 0.0937141765625 0.5340349953125 0.09325531406250001 0.53479790625 0.0869121984375 0.534155121875 0.08490268749999999 0.5339793125 0.081924075 0.5345719640625
0 0.1295042515625 0.5345641328124999 0.133249321875 0.5348917828124999 0.136173821875 0.5357781687500001 0.137375715625 0.5359523328125 0.1389566953125 0.5350742828125 0.13974509531249998 0.5337896703125 0.13703690468750002 0.5335323453124999 0.1329913296875 0.533735209375 0.12909140937500002 0.5323807796875 0.1297975375 0.533865159375 0.1295042515625 0.5345641328124999
0 0.1297753296875 0.533240534375 0.1226667671875 0.531432853125 0.123436971875 0.5334576859375 0.1297753296875 0.533240534375
0 0.19358848281250002 0.5314297015625 0.18435059375 0.52948905625 0.1901240671875 0.5335592984375 0.1972589625 0.5325381984375 0.19358848281250002 0.5314297015625
0 0.15178555 0.573094884375 0.1504320296875 0.5713013421875 0.1462119140625 0.572262190625 0.1498133578125 0.5729944890625001 0.15178555 0.573094884375
0 0.0918806734375 0.55812938125 0.093710596875 0.560035184375 0.10051905312500001 0.559697609375 0.0918806734375 0.55812938125
0 0.04767164375 0.562039628125 0.049456259375 0.561057053125 0.0475225796875 0.5599248390625 0.0453882484375 0.5610681703125 0.04767164375 0.562039628125
0 0.250693865625 0.5434525140625001 0.24839081406250002 0.545484521875 0.25193880156250004 0.5473477140624999 0.2556222015625 0.5466771296874999 0.2569496390625 0.5458286578125 0.250693865625 0.5434525140625001
0 0.2611073640625 0.547284065625 0.25881160468750003 0.5472965234375 0.257261228125 0.548021971875 0.2583949015625 0.549603359375 0.260471425 0.5498916875 0.26309155624999997 0.5487532140625 0.2611073640625 0.547284065625
0 0.2906009953125 0.564008871875 0.2890037109375 0.5650015625 0.2908870171875 0.5661717187499999 0.2944392828125 0.5660856796875 0.29682594687499997 0.5661815546875 0.29793421875 0.56511314375 0.29374803125 0.563857578125 0.2906009953125 0.564008871875
0 0.9886385796875 0.439195340625 0.9796500453125001 0.42811195 0.9638732250000001 0.4115959359375 0.9277930968750001 0.4120515171875 0.8569843390624999 0.41641077812500005 0.856847253125 0.443004715625 0.8616427609375 0.4501498609375 0.8793972796875 0.453006578125 0.893953659375 0.44987583593749997 0.9040575937499999 0.4483177109375 0.9144327921875 0.447907909375 0.9332995921875 0.44108096874999997 0.9495274203124999 0.43992843125 0.9843021750000001 0.44044559375 0.9886385796875 0.439195340625
0 0.8762291624999999 0.1825654109375 0.8741555640625001 0.1844308453125 0.8856013687500001 0.18148282031250002 0.89280383125 0.17990455 0.8951574609374999 0.18552325 0.905541209375 0.1808385515625 0.908382296875 0.178196428125 0.9073998703124999 0.172161275 0.8965022203125 0.1712282453125 0.886585171875 0.1749170171875 0.8762291624999999 0.1825654109375
0 0.8731247671875 0.6731428890625 0.8889155578124999 0.6653865078125001 0.8853462265625 0.6567754640625 0.8681435937499999 0.665269415625 0.8731247671875 0.6731428890625
0 0.435698771875 0.37219695 0.4430086609375 0.37276119531249996 0.44789739375000004 0.3753628015625 0.4512166546875 0.3761472671875 0.453445203125 0.3756301546875 0.45308058593749995 0.37081599375 0.448783878125 0.370841609375 0.43990759218750003 0.370450878125 0.435698771875 0.37219695
0 0.3220853609375 0.3784875765625 0.32499082968750004 0.3791433 0.3302295515625 0.37978827656249997 0.3331294125 0.38004198125 0.3346918890625 0.37908859375000004 0.33561941875 0.3773252234375 0.334112303125 0.3753331640625 0.33295684531249997 0.37450273749999996 0.32934004687499996 0.3734977515625 0.32413041875 0.3732552796875 0.32101776718749997 0.3737844453125 0.32025773125 0.37467314687500003 0.3204998390625 0.3769435125 0.3220853609375 0.3784875765625
0 0.3064332109375 0.40258698125 0.309125015625 0.402475853125 0.311522378125 0.402431503125 0.3134530265625 0.40225378125000005 0.31535980937499997 0.40100427656250004 0.315945225 0.4006414171875 0.311231246875 0.3991796921875 0.3086771109375 0.398506084375 0.30695503749999997 0.3984510984375 0.3030936390625 0.4019450390625 0.3064332109375 0.40258698125
0 0.3498118046875 0.387031921875 0.3535625828125 0.3879576578125 0.3549436171875 0.3881459265625 0.3564934125 0.38774980625 0.357697478125 0.3871462 0.36067617812499997 0.3857457953125 0.360823209375 0.385302234375 0.3595023671875 0.3844259671875 0.35753688437500003 0.38405167812499996 0.3536981328125 0.384005996875 0.350474509375 0.3837239671875 0.3465581875 0.3840808703125 0.3473496453125 0.3848229859375 0.3498118046875 0.387031921875
0 0.39298486875 0.5489436375000001 0.387298625 0.5471929484375 0.383679371875 0.5475068296875001 0.3837441171875 0.548577484375 0.38513179218750004 0.5492635390625 0.39298486875 0.5489436375000001
0 0.4285616765625 0.5478229078125 0.43012205937500003 0.5475030000000001 0.42799713749999996 0.5463336625 0.423279221875 0.5459208984374999 0.42113384531250003 0.5477282953125 0.4239098546875 0.54721045625 0.4285616765625 0.5478229078125
0 0.472352309375 0.5581428453124999 0.47427990312499996 0.5596493921875 0.4754457625 0.5597513921874999 0.477607696875 0.559780553125 0.4796391296875 0.5593293234375001 0.48415944843750003 0.558666084375 0.482593253125 0.5576899296875 0.4771188515625 0.55721098125 0.472352309375 0.5581428453124999
0 0.451194634375 0.52189998125 0.44904315625 0.5209086953125001 0.4463433 0.5212732109375 0.44880313593750004 0.5226302640625 0.4492754703125 0.5225021937500001 0.4584597125 0.5223489453125 0.4596935078125 0.521710296875 0.45552745625 0.5203859125 0.4517312828125 0.5208395921875 0.451194634375 0.52189998125