0 0.19575653125 0.7508562203125 0.1950864171875 0.7534259171875 0.19419600937499998 0.7591745859375 0.1935214703125 0.7627470140625 0.194466921875 0.7640394921875 0.19792135 0.767334478125 0.2028396703125 0.768291815625 0.21565256875 0.7655899640625 0.22152622187499998 0.7600062640624999 0.2236877234375 0.7571661749999999 0.2249099578125 0.749247778125 0.224320628125 0.74572154375 0.2174083734375 0.7427089703124999 0.2094701078125 0.7429442109375 0.20392889687500002 0.744784734375 0.20023550625 0.7478231890625 0.19575653125 0.7508562203125
0 0.1873664734375 0.779357571875 0.176475578125 0.7774126703124999 0.1626916203125 0.77557394375 0.1584193390625 0.7699675312500001 0.1571314609375 0.7654350890625 0.1554751734375 0.77417669375 0.16771724999999998 0.7842212453124999 0.180900603125 0.7955673703125 0.18926522968749998 0.8000777609374999 0.20391558125000003 0.8017809890625 0.211935609375 0.80468966875 0.22625113125000001 0.80671631875 0.2384014578125 0.8072409078125 0.274067546875 0.7999248703124999 0.286955984375 0.7976228703125 0.307459446875 0.7902691984375 0.3132850296875 0.7845960328125 0.30957457499999996 0.780461484375 0.29957398281250003 0.7819194671874999 0.2808100328125 0.7879505265625 0.2640874984375 0.7904725515625 0.23349407812499998 0.7943788656249999 0.2253869671875 0.7919476234375 0.2197166234375 0.7780664484375001 0.20550683125 0.77843376875 0.1873664734375 0.779357571875
0 0.36902894375 0.7352798328125 0.3588383328125 0.7357883953125001 0.354418046875 0.7389018046875 0.3504360796875 0.7440315671875 0.3458665671875 0.7482063546875 0.34221973906250003 0.751922421875 0.3394182375 0.760049384375 0.344961825 0.7658331984375 0.352062225 0.7595764796875 0.357263803125 0.75486889375 0.36631521875 0.7490226890625 0.371715484375 0.7381495171875 0.36902894375 0.7352798328125
0 0.3151067703125 0.741350421875 0.3168956046875 0.7369446046875 0.3137629046875 0.73127145625 0.30972734062499996 0.7342615671875 0.30942303125000004 0.736664371875 0.3084812328125 0.740979775 0.3151067703125 0.741350421875
0 0.32874831250000003 0.6550057406249999 0.3272026265625 0.6512541765625001 0.3229072 0.6516842328125 0.320831325 0.6527557625 0.3192289484375 0.655351775 0.3177943484375 0.6605066453124999 0.32213561562500004 0.6624951515624999 0.32874831250000003 0.6550057406249999
0 0.1437241484375 0.361677471875 0.122202690625 0.3673960375 0.119592475 0.3714720171875 0.09231724218750001 0.381375609375 0.0852109703125 0.3843342171875 0.0955188390625 0.39615412031249997 0.21729709375 0.3458989375 0.2670064703125 0.3246562140625 0.2702764234375 0.3128471734375 0.2605653 0.31319915 0.2484913171875 0.3189938 0.24037993124999998 0.322719928125 0.22167543437499998 0.3312176875 0.20048482812500001 0.339903734375 0.18361256718750002 0.34607506875 0.1695561484375 0.352004890625 0.1437241484375 0.361677471875
0 0.2598304359375 0.5079912109375 0.261307665625 0.505539125 0.259299090625 0.503263703125 0.25517256875 0.502672565625 0.2548128578125 0.5075852015625 0.2579521734375 0.507594765625 0.2582606265625 0.506429275 0.2598304359375 0.5079912109375
0 0.431602059375 0.1516929390625 0.4351299984375 0.14841070625 0.43423056562499995 0.14745780625 0.4298202125 0.1480469546875 0.4264225078125 0.1485382140625 0.428154640625 0.154691 0.431602059375 0.1516929390625
0 0.44333969375000004 0.15222219374999998 0.435297403125 0.1551533046875 0.4341224203125 0.1572675484375 0.4371376921875 0.1568700296875 0.43817281562500004 0.15599035625 0.44647445 0.1558432640625 0.44981066406250003 0.153710303125 0.44981092812499995 0.15149602812500002 0.44705278593750003 0.15098723281249998 0.44333969375000004 0.15222219374999998
0 0.4895101140625 0.14029514999999998 0.4845277171875 0.142381215625 0.48223013124999997 0.14288643437499998 0.48235333281250004 0.14462064218749998 0.48485790156249997 0.1458045875 0.4882548421875 0.14532318125000002 0.49047547968750005 0.14425098593750002 0.492977275 0.1420329890625 0.49203987031249996 0.1394035359375 0.4895101140625 0.14029514999999998
0 0.5311292796875 0.2091193734375 0.5276411999999999 0.20929982656249999 0.5262901515625 0.21117293906249998 0.5260612359375 0.2130062125 0.5258195734375 0.212824915625 0.5291646796875 0.2164048109375 0.532358940625 0.21642161093749998 0.537842378125 0.21544735781250002 0.5401379421875 0.212150325 0.5413051656250001 0.20972077968749997 0.5398580703125 0.20766930156250002 0.537372115625 0.208213434375 0.5311292796875 0.2091193734375
0 0.71311956875 0.135658265625 0.71303335625 0.1347570390625 0.7101186296875001 0.134963625 0.7082448109375 0.135327759375 0.7058032421875 0.13759354375 0.7094076640625 0.138609546875 0.71311956875 0.135658265625
0 0.75206878125 0.07414591875 0.739556028125 0.07683735 0.733674528125 0.0780493390625 0.7294787046875 0.0803773015625 0.729788278125 0.08043699531250001 0.73928870625 0.08067379218750001 0.743854653125 0.07913923125 0.7475865703125 0.0792973453125 0.75206878125 0.07414591875
0 0.78509886875 0.06793478281250001 0.789183021875 0.06601148125 0.787045528125 0.0650468078125 0.7836436734375 0.06550850625 0.7810508281249999 0.06548829687499999 0.778520703125 0.06816103125 0.7799094484375 0.0695974171875 0.78509886875 0.06793478281250001
0 0.8737435906250001 0.0454418609375 0.878559978125 0.04458883125 0.8814815156250001 0.0438024390625 0.8836389015625 0.042076115625 0.8873684796875001 0.038743609375 0.8542562578125 0.0477900875 0.865041665625 0.0475551328125 0.8668103109375 0.048106125 0.8737435906250001 0.0454418609375
0 0.8307740984375 0.058226246875 0.8336765171874999 0.0559099734375 0.8349391421875 0.05483186718750001 0.8359770843750001 0.0524909171875 0.8353901562500001 0.0523586671875 0.80732425 0.060117971874999995 0.8158654343749999 0.059297615625 0.8174477515625 0.0608580453125 0.822581534375 0.059682721875 0.8244355265625 0.058909674999999995 0.8307740984375 0.058226246875