0 0.7458835703125 0.412933709375 0.7054324359375 0.3871347375 0.689647525 0.3793168828125 0.6787170625 0.379717875 0.6742347484375 0.3781936796875 0.67008415 0.3782560015625 0.66340644375 0.3795815859375 0.6504672671875 0.386178046875 0.6427119890624999 0.3914818109375 0.618418425 0.40076893125 0.6125162109375 0.3983963203125 0.607123334375 0.397715675 0.601041384375 0.393618028125 0.5938229828125 0.3913837546875 0.588829778125 0.38816775625 0.5841735156250001 0.38815753750000004 0.57489634375 0.391627525 0.569658953125 0.39242623125 0.5514490578125 0.40581238906249995 0.5444380796875 0.4055516203125 0.5414832125 0.407483571875 0.5416889 0.418932603125 0.5394469578125001 0.4229090453125 0.5408210343750001 0.42650542968750005 0.5532660328125 0.43417628124999996 0.555930328125 0.4373872515625 0.564087378125 0.440644640625 0.5795627234375 0.4360251578125 0.5876108359375001 0.43667653125 0.592642740625 0.444999271875 0.5913859953125 0.448872165625 0.58833125 0.45143834375 0.5869983171875 0.4545714 0.5830070390625 0.4577340515625 0.58408059375 0.46161025625 0.586745053125 0.46482278125 0.58798716875 0.46556419375 0.593578246875 0.464976546875 0.60367760625 0.4661601734375 0.613404653125 0.4701245125 0.618068421875 0.47337513593749997 0.6312408109375001 0.47847461874999997 0.63576739375 0.47725100937500003 0.6417046531249999 0.47363402031249996 0.651415134375 0.47111771406249997 0.6670904156249999 0.45575441406249995 0.673582834375 0.451081421875 0.6754770406249999 0.4501344859375 0.683397028125 0.44955186718749995 0.6865479796875 0.4447320375 0.6956696640625 0.43978269843750006 0.6975281171875001 0.43372713906250004 0.6964543984375 0.42984938125000005 0.704738865625 0.4232425375 0.7084359171875 0.4141264640625 0.7134603328125 0.409731884375 0.7185999640625 0.4111869921875 0.735856546875 0.4203458609375 0.740944403125 0.4213083703125 0.7463707546875 0.4254764953125 0.7526930578125001 0.42393845937499997 0.7518970015625001 0.41953347656249995 0.7458835703125 0.412933709375
0 0.34545394375 0.601906465625 0.34582609375 0.5991241984375 0.3434637109375 0.595631690625 0.3346416765625 0.58920143125 0.3277269046875 0.5866870093750001 0.3171997859375 0.586172071875 0.305743803125 0.5894955671875 0.29644816875 0.5959588828125 0.287594921875 0.597139203125 0.277910409375 0.5999025859375 0.2809728234375 0.600578365625 0.2847512703125 0.6032983109375001 0.284584990625 0.6080542453125 0.2857531984375 0.6096769609375 0.28732491250000003 0.610385303125 0.29828134375 0.6102313875 0.304666925 0.6140488875 0.3090988546875 0.6150787671875 0.31384960781250004 0.61283394375 0.3313503953125 0.608501190625 0.3379190015625 0.6045680375 0.34545394375 0.601906465625
0 0.2014348359375 0.7090647734375 0.2123243359375 0.6924589796875 0.2135795265625 0.68858625 0.211272225 0.6666337328124999 0.2092652453125 0.663353675 0.20394416093749998 0.6601721390625 0.200515546875 0.66551919375 0.1793346 0.6854517734375001 0.1716479890625 0.6977318890624999 0.1711538265625 0.7025222859375 0.1797980796875 0.7088455421875001 0.1810959671875 0.7117020875 0.1851282234375 0.7152673203125001 0.18844771875 0.7167896140625001 0.1936833921875 0.7159895171875 0.2014348359375 0.7090647734375
0 0.21702051875 0.73872466875 0.22096369375 0.7366888421875 0.21737366093750002 0.7278390609375001 0.2193656453125 0.7151613921875 0.21641602031249998 0.7092356875 0.2138279125 0.70676455625 0.2079462625 0.7124951234375 0.204635990625 0.7142146234375 0.20383452812499997 0.7176657421875 0.198776475 0.7185712890625 0.20191818593750002 0.7199865812499999 0.202531234375 0.7226653 0.1905957015625 0.7356418015624999 0.1898460125 0.73958551875 0.1960684390625 0.738681709375 0.2028277234375 0.7397167796875 0.20775992968749998 0.7391983843750001 0.2119068578125 0.7375166375 0.21702051875 0.73872466875
0 0.15267974374999999 0.400217609375 0.1665132828125 0.40686898437499996 0.1705342 0.405572834375 0.1708728765625 0.3993030875 0.169706240625 0.38820329062500003 0.16588124375 0.3866100078125 0.1643874359375 0.38664289531249996 0.1545938046875 0.396275628125 0.15267974374999999 0.400217609375
0 0.1528718640625 0.35489926875 0.1562607328125 0.35993669375000004 0.1631845421875 0.3580227859375 0.162581271875 0.3425668 0.1594320546875 0.33791110468749996 0.15806550156250002 0.3280782078125 0.1467445875 0.334256346875 0.145463428125 0.33788200156250003 0.13893213124999998 0.3469236140625 0.149482775 0.34606293125 0.16184931875 0.3439886 0.1528718640625 0.35489926875
0 0.5078961375 0.2635040796875 0.485798165625 0.2509891390625 0.48431115468749997 0.24316420781249998 0.48030470156250005 0.23984449687499998 0.47463204687499994 0.23807148906250003 0.47432204687499996 0.22841034218749998 0.4623760734375 0.232886684375 0.4561872046875 0.2492372296875 0.44747114374999997 0.2548917828125 0.430103853125 0.2715562609375 0.4272548140625 0.276094553125 0.426406803125 0.280672334375 0.3962484609375 0.2689888609375 0.395928746875 0.2795048875 0.4181186828125 0.29594421406250004 0.44048507499999995 0.2944056734375 0.4464207625 0.30026576562499996 0.46017639531250004 0.3061759109375 0.47179014375 0.305952909375 0.4661325625 0.3144282171875 0.477967271875 0.31122516875 0.48308890625 0.310625590625 0.48853043124999995 0.32127607812500003 0.4932461375 0.3250208546875 0.4923461890625 0.3291044828125 0.4983003390625 0.331971246875 0.5020885734375 0.3395527375 0.5130800328125 0.342886140625 0.516844015625 0.3502219453125 0.5235330640625 0.3537577453125 0.5255142359375 0.3567922796875 0.5289113109375 0.3590526953125 0.5351337375 0.3581488859375 0.5402527874999999 0.36097773437499997 0.5460626296875 0.3672249765625 0.5596331359375 0.36978926875 0.5672739078125 0.3697340390625 0.573322103125 0.3820159875 0.591358778125 0.36447046250000004 0.6029511171874999 0.348527646875 0.6098303140625 0.33645808125 0.606481178125 0.333069284375 0.6077104 0.3289494765625 0.6046427609375 0.3266544359375 0.59957931875 0.325939165625 0.5974724625000001 0.3232933359375 0.5888578515625 0.31883658125 0.5829090890625 0.3175906328125 0.58090055625 0.3143107390625 0.5773272515625 0.31194315625 0.5755963796875 0.3081360375 0.580894621875 0.3015932546875 0.5827811609375 0.297404359375 0.5897236343750001 0.29069033125 0.5910306000000001 0.28731019999999996 0.594388975 0.2844638734375 0.5980691171875 0.2783409640625 0.6061447703125 0.269762334375 0.6060593578125 0.2657807 0.6043802609375 0.26246618125 0.5864975718750001 0.2457658203125 0.5757333890624999 0.2414108765625 0.564395746875 0.24110681718750002 0.5703453453125 0.21986385625 0.5339684140625 0.24868824687500002 0.52427068125 0.2564679921875 0.523249471875 0.2608927265625 0.5206484546875 0.2630372921875 0.5221018281250001 0.2673731890625 0.519880465625 0.2699758921875 0.51268191875 0.26474657343749997 0.5078961375 0.2635040796875
0 0.8183343031250001 0.058416903124999996 0.8115922687499999 0.05898097812500001 0.7964076796875 0.0671740203125 0.800187103125 0.07565825312499999 0.8062575000000001 0.074174971875 0.820791834375 0.0643094890625 0.8183343031250001 0.058416903124999996
0 0.7873162421875 0.17002212187500002 0.7935011203125 0.17645932656250002 0.7974678078124999 0.1762466546875 0.8012032140625 0.17183044375 0.8059918203124999 0.16966176718749998 0.8015764046875 0.1624211390625 0.7920751359375 0.158646740625 0.7863665140625 0.1604030765625 0.7873162421875 0.17002212187500002
0 0.9191915906249999 0.890158940625 0.9254519359375 0.8785094906250001 0.9215249984374999 0.8776653421875 0.9041019296874999 0.8839333859374999 0.8986702062499999 0.8962467343749999 0.9066123171875 0.9000750296875 0.9191915906249999 0.890158940625
0 0.5403219265625 0.4971100046875 0.5350545546875 0.5013305906250001 0.5435000234375 0.5068986125 0.546120378125 0.5076585625 0.5483982562499999 0.5034709562499999 0.5403219265625 0.4971100046875
0 0.7225337296875 0.5350889249999999 0.735499421875 0.5434686078125 0.7351216843749999 0.5386190265625 0.72500726875 0.5327927906250001 0.7225337296875 0.5350889249999999
0 0.1424097515625 0.932013725 0.1461243859375 0.9239468750000001 0.133385509375 0.913315521875 0.1236549125 0.90695561875 0.10511752968750002 0.9017397296875 0.10493182968749999 0.8864299593749999 0.10367732656249999 0.8781265421875 0.0979714203125 0.8787278281249999 0.0720111125 0.8883158171875 0.0656086515625 0.8810640812500001 0.052505359375000005 0.8812409671875001 0.058888234375 0.8949881468750001 0.0700267296875 0.8999746109375 0.067707140625 0.9005216328125 0.0531093453125 0.9165996578125 0.0408952078125 0.9152958015625 0.042642793750000005 0.931922965625 0.07280764375 0.9495429671875 0.078364009375 0.9528254625000001 0.0684814609375 0.96516984375 0.0754070875 0.9704184203124999 0.08327744375 0.96662810625 0.10163267812500001 0.9584066109375 0.122277675 0.9479192953125001 0.1424097515625 0.932013725
0 0.0436291359375 0.56760534375 0.0048646328125 0.5575396968749999 0.0116029921875 0.6141768609375 0.0436291359375 0.56760534375