0 0.3498552375 0.49420940937499996 0.345956775 0.49565448125 0.3395724875 0.5002120421875 0.32936089687500003 0.5012432015625 0.3281675359375 0.506894653125 0.32277399375 0.5113987265625 0.3296157796875 0.5124060984375001 0.3388754671875 0.512169596875 0.34737795781249997 0.5164429671875 0.35538086875 0.51751309375 0.3604939453125 0.5171215218749999 0.37086283125 0.5159569484375 0.37568719375000004 0.5132210234375 0.385653665625 0.504377925 0.384798928125 0.5006973015625 0.371527240625 0.49704782343750004 0.3498552375 0.49420940937499996
0 0.238847803125 0.495929259375 0.24474121875 0.5072926437499999 0.2517356296875 0.51437691875 0.25510850937499996 0.5092324078125 0.2592496515625 0.487160428125 0.2584209171875 0.483976 0.25514671718750004 0.48153933125000004 0.2455613265625 0.49135444218749996 0.238847803125 0.495929259375
0 0.6900607203125 0.5787030375 0.6842907687500001 0.57602478125 0.678624671875 0.5753281796875 0.6731013531250001 0.5773559640625 0.6530109859375 0.5920682 0.6490866 0.5930186390625 0.6378338968749999 0.5931123765625 0.6351631296875 0.59586060625 0.6345357109374999 0.6028467671875 0.635617390625 0.6045284 0.642112303125 0.608410990625 0.6428698749999999 0.61656689375 0.646697096875 0.6200917359375 0.6457566 0.6242388296875 0.6289010859374999 0.6248734109375 0.6237781640625 0.621912465625 0.6184039375 0.620455796875 0.6112816875 0.6235609281250001 0.5937000734375 0.6387628484375 0.5962658484375 0.6498046375000001 0.595164934375 0.6540853078125 0.5976720921875 0.65767933125 0.5992159406249999 0.658715578125 0.6044863125 0.6581905906250001 0.6098361765625 0.65915254375 0.625480528125 0.6670242578125001 0.6331932109375 0.6688559296875 0.646914146875 0.6716134859375 0.6505207390625001 0.6709284796875 0.6600899703125 0.663969690625 0.6639883531249999 0.6625230578125 0.6703077921875 0.65672813125 0.6777738421875 0.6538537625 0.6827134171875 0.6533461109375 0.6885092921875 0.6565190015625 0.6991555328125 0.6574521625 0.730911203125 0.6694472625000001 0.7380562203125 0.6699411859375 0.7444633546875 0.6689842390625 0.7570050703125 0.66186966875 0.762262521875 0.66109814375 0.7664657765625 0.6591395421875 0.7691349828125 0.6563913921875 0.7716791296875 0.648062453125 0.779902375 0.6406782109375 0.7806724921875 0.6364148765625 0.773186834375 0.632585771875 0.7699807203125 0.628283609375 0.7652015953125 0.625553425 0.7591850109375 0.6181691265625 0.755117928125 0.6163967390625 0.7527499343749999 0.6059641859375 0.7433604703125 0.6037243984375 0.7377136875 0.597067053125 0.7321514453125 0.5983521078125 0.72409660625 0.5962911531249999 0.7209164140625 0.5924836234375 0.7148691546875 0.5908134484375 0.69978098125 0.5809254890625 0.6900607203125 0.5787030375
0 0.6810718890625 0.81473914375 0.6858054 0.8102696609375 0.6913463906249999 0.8022796546875 0.6924733078124999 0.798495178125 0.6855406703125 0.795754246875 0.6792046953125 0.7917397203125 0.670773446875 0.7824964343749999 0.6646727 0.7798355140625 0.6568365546875 0.7693187140625 0.6423174781250001 0.75766104375 0.6513176125 0.7524719640625 0.6541473171875001 0.749591796875 0.656675303125 0.7441191796875 0.6656072703125 0.740794034375 0.6673942187499999 0.7369749671875 0.6716509984375 0.7329028531249999 0.6768014390625 0.7332540937500001 0.67655480625 0.728548053125 0.679306659375 0.7241824234375 0.6978334609375 0.7099385984375 0.6797963375 0.7180311781250001 0.6748275421875001 0.709263584375 0.6583218328125 0.7060339375 0.6579614968749999 0.6967400593749999 0.6329724953125 0.677541884375 0.634517146875 0.6941181359375 0.61698868125 0.6945407718750001 0.60726366875 0.6985270781249999 0.60135295625 0.7057916890625 0.58687725625 0.7098892796875 0.5767806281250001 0.7212645359375001 0.5768583140625 0.7249561531250001 0.5761530453125 0.730456853125 0.5652653453125 0.7343804859375 0.5614011359375 0.7427786078125 0.55354769375 0.750889803125 0.5473273546875 0.7648751421875 0.5427948640625 0.7668510000000001 0.5398223796875 0.76700678125 0.536348803125 0.7670652171875 0.527631090625 0.76599969375 0.5331316234375 0.77518065 0.52458389375 0.7763733890625 0.5129421546875 0.7817024734375 0.5033049187499999 0.7905283171875 0.5112505296875 0.780832 0.4893703859375 0.7936368546875 0.47707824531250004 0.7937506437499999 0.45491954687499997 0.8135108593749999 0.45481541718749996 0.8245408 0.46362113125000004 0.8235535921875 0.4898309921875 0.8051425796875 0.4892440578125 0.8128713890625001 0.4935173703125 0.8186087296875 0.5056865484374999 0.8296432156250001 0.5141209531250001 0.83578208125 0.5291442796875 0.8444326765625 0.530046546875 0.8588724328125 0.5486057046874999 0.8622933093749999 0.54242589375 0.8514362312499999 0.5472210953125 0.8513085328125 0.5528887890624999 0.8489007953125001 0.5565114578125 0.8453579078125 0.5554100875 0.8369712421875001 0.556983096875 0.8353992625 0.573781590625 0.8242125796875 0.5816869609374999 0.8170922109375001 0.5865372453125001 0.8148509203125001 0.591917784375 0.8100987500000001 0.594598396875 0.8107030359375 0.5968557640625 0.8126954359375 0.589471 0.8182254421874999 0.59785328125 0.8191004453125 0.6011867703125 0.8241313171875 0.6124356875 0.8288615765625 0.6208141828125 0.8323513 0.6389533890625 0.8466872390625 0.6579838546875 0.8578174531249999 0.6459570578125 0.836572459375 0.663394671875 0.8344162640624999 0.6707683078125 0.8298084187500001 0.6812926 0.8189505515625 0.6810718890625 0.81473914375
0 0.9283470796875 0.8975346656250001 0.9293596140625 0.9061966703125 0.9338166828125001 0.9109918515625001 0.9483252265625 0.8925635281250001 0.9441345 0.8906411562500001 0.9394881546875 0.8876082953125 0.9317613859374999 0.8878067062499999 0.9293452765625 0.8913239125000001 0.9283470796875 0.8975346656250001
0 0.8589918609374999 0.20308772187500002 0.84873710625 0.1999216375 0.8509377546874999 0.2051010625 0.8551371109374999 0.2106811203125 0.8578055640625 0.2131432765625 0.8616898296875 0.21423367187500003 0.875508034375 0.21278662499999998 0.8721111374999999 0.2103673390625 0.867994684375 0.2068169734375 0.857933025 0.20097618125 0.8589918609374999 0.20308772187500002
0 0.834040228125 0.12647453125000002 0.8386436265625001 0.1283893578125 0.8443652734375 0.12745894687499998 0.8457240671875 0.124217765625 0.8398012390625 0.12101084843750001 0.837122953125 0.12101821718750001 0.835152925 0.1216424875 0.8325927421875001 0.12345552500000001 0.834040228125 0.12647453125000002
0 0.7962505859375 0.10736046875000001 0.800519171875 0.10557368125 0.8033109843749999 0.10247801406249998 0.802323478125 0.10089158437500001 0.797671753125 0.0995175296875 0.7938379249999999 0.0998373640625 0.7909835953125001 0.10266562500000001 0.7933312921875 0.106530865625 0.7962505859375 0.10736046875000001
0 0.213337115625 0.333771840625 0.22105804375 0.32552051406250004 0.2124830953125 0.322461975 0.20619571093750003 0.319673146875 0.1948500109375 0.3081401921875 0.18830139375 0.311234034375 0.186458278125 0.3106077625 0.17362345625 0.3034118109375 0.1679094875 0.30305568125 0.1604154671875 0.305784440625 0.1623557140625 0.3112794890625 0.1672299625 0.31794446249999997 0.15962956875 0.3226142609375 0.1511835359375 0.3270013671875 0.139966834375 0.3335739734375 0.120728378125 0.34513574375 0.12321953125 0.350155996875 0.13175011406249998 0.350725946875 0.1462606015625 0.34382895 0.1599016328125 0.3524659328125 0.16510704375000002 0.354522884375 0.1794725015625 0.36602588125 0.183882915625 0.3649748671875 0.1824292875 0.3604056203125 0.173587615625 0.349929 0.1811456265625 0.3486003734375 0.18983189843749998 0.34703581250000004 0.2044544578125 0.3409934953125 0.213337115625 0.333771840625
0 0.14144096718750002 0.36806127499999997 0.1464500078125 0.370550971875 0.1544836375 0.3671915453125 0.1606934125 0.36079684843750004 0.16411875781250002 0.35790737031250003 0.1585667328125 0.3575662234375 0.15140074375 0.35831416250000003 0.1424919015625 0.3636330171875 0.14144096718750002 0.36806127499999997
0 0.130547390625 0.3236267546875 0.1332310015625 0.32882624374999997 0.13720654062499998 0.328284625 0.1345806796875 0.3222763171875 0.13036845625 0.3184211734375 0.12868590625 0.317365596875 0.12234885468750001 0.31780879687499997 0.130547390625 0.3236267546875
0 0.0633291453125 0.65926716875 0.07061263906250001 0.6519540828125 0.08118189218750001 0.6486417046875 0.0994667890625 0.641992821875 0.11051659062500001 0.6373706859375 0.1184509640625 0.6320277984375 0.118830821875 0.6278115140625 0.113417690625 0.6211043734375 0.1100647625 0.6185388374999999 0.10380405781249999 0.620946359375 0.0970862296875 0.6142731718750001 0.103538409375 0.6028307468749999 0.1013754015625 0.5956825921875 0.0952242359375 0.59262689375 0.092171759375 0.587285578125 0.08431379375 0.587697396875 0.0723616703125 0.5950454921875 0.06017686875 0.602133534375 0.052921651562500005 0.6071200765625 0.048761084375 0.6113561296875 0.0445044140625 0.616415528125 0.0327724296875 0.6099315843750001 0.023797153125 0.6163413484375 0.023970725000000002 0.6249675234375001 0.0204400546875 0.63062411875 0.0074761968750000005 0.6352964984375 0.0066619984374999995 0.6402114703125 0.007572643749999999 0.657587625 0.0083848328125 0.6730851062500001 0.025772165625 0.6783886421875 0.034540175 0.6848026125 0.04069974375 0.6881082140625 0.0421593453125 0.68099864375 0.03393668125 0.6695852171875 0.0368330765625 0.6674103390624999 0.0503083609375 0.6643759390625 0.0633291453125 0.65926716875
0 0.204203775 0.24294255312500002 0.2065736640625 0.2448727296875 0.21581932187500003 0.24568214687499998 0.21293633125000003 0.24005187656250002 0.204203775 0.24294255312500002