0 0.464539746875 0.8300516484375 0.4659528921875 0.8317619703125001 0.4629801578125 0.8365214249999999 0.46717181874999997 0.8392435875 0.4794850015625 0.8381840687500001 0.48300369062500004 0.8343168578125001 0.48942265156250003 0.8297800656250001 0.49110739062500003 0.8253179671875 0.49556288437499996 0.8240359671874999 0.499342203125 0.82570835625 0.5061213625 0.825669890625 0.5152623281250001 0.8314508500000001 0.5197477734375 0.82736044375 0.52239455 0.8285309875 0.5302507171874999 0.8287538203124999 0.5357877828125 0.8314203453125 0.537380440625 0.8353807671875 0.543970453125 0.8352592859374999 0.5501799484375 0.8312807984375 0.555697671875 0.8250421843750001 0.5562165203125 0.8228858265625 0.559848503125 0.8195024046875 0.5641969453125 0.8118804296875 0.566973590625 0.80920281875 0.568301875 0.8039330171874999 0.5773676140624999 0.8005667687500001 0.5802981890625001 0.7970903046875 0.5972507499999999 0.7911415296875 0.59930415 0.78901255 0.600787534375 0.7829420234375 0.6107304499999999 0.7782282921875 0.6067956765625 0.77735510625 0.6053269968749999 0.7754042359375 0.5946733203125001 0.7689542281249999 0.583768021875 0.764345515625 0.578921134375 0.7507001609375 0.5786168218750001 0.7464439046875 0.5816335890625 0.7404026296875 0.5844879609375 0.7373254171875 0.5940170124999999 0.7315622625 0.595749175 0.7295074453125 0.5957117375000001 0.724934603125 0.5923953796875 0.7208637859375 0.5937152 0.7177591953125 0.58513204375 0.7143943703125 0.5781918187499999 0.7078519625 0.57326845 0.7078436421875 0.5663400796875 0.7028251234375 0.5555836390625 0.703271871875 0.5461236578124999 0.7012560515625 0.5431315828125001 0.69711036875 0.542839125 0.6943780015625001 0.5433220578125 0.68764845 0.547275278125 0.6841908640625001 0.5450167828125 0.681020790625 0.53403651875 0.6937370421875 0.5277293296875001 0.698757975 0.5227416093749999 0.70067279375 0.5079352328125 0.6960731140624999 0.5017367 0.688339584375 0.4943656859375 0.6850781734375 0.4918877390625 0.6846319671875001 0.4865994515625 0.685981153125 0.4825685046875 0.6898383406249999 0.47236835 0.6927015734374999 0.4677714828125 0.696309359375 0.4433164328125 0.7256275984375 0.43757294375000005 0.72720695625 0.43229311875 0.72639093125 0.4288943140625 0.72857555 0.42986820625 0.73573208125 0.4256614890625 0.7410297921875 0.42456486250000003 0.745101140625 0.43293043750000004 0.7548792828125 0.438545228125 0.7571462062500001 0.44603140625000004 0.7645808578125 0.4417762890625 0.7770177453125 0.4439205125 0.7892504859375 0.44235718124999995 0.7920296390625 0.43494927031249997 0.7974297734375 0.4335991453125 0.8033412453125001 0.428958246875 0.8082308546875 0.42882837812499996 0.8120790093749999 0.43319108906250003 0.8192164828124999 0.4369841359375 0.8224139328125 0.44875475781249996 0.824151271875 0.464539746875 0.8300516484375
0 0.306543878125 0.6271344171875 0.3125794734375 0.6282859046875 0.318113146875 0.627263328125 0.3304928265625 0.6147323375 0.3398542203125 0.608242971875 0.34053850625000004 0.60312185 0.337985684375 0.5935299578125 0.3314899734375 0.58891989375 0.3275177625 0.583473865625 0.31684376875 0.577665178125 0.311710934375 0.5782151609375 0.30033170625 0.5914051765624999 0.2902567 0.5962760890625 0.2884639328125 0.60394466875 0.2914512875 0.6139461859375 0.2966437515625 0.6173288968749999 0.298893784375 0.6226641796875 0.306543878125 0.6271344171875
0 0.329593571875 0.7475544734375 0.3352945515625 0.747256584375 0.3425807046875 0.743537871875 0.35369645 0.734353540625 0.360928590625 0.7303939296874999 0.36345868124999997 0.7273915828125 0.3616541421875 0.7107539046875 0.3580165484375 0.7067572515625 0.351603828125 0.705437859375 0.3502768734375 0.701162725 0.351403803125 0.6942844953125 0.35793079375 0.68654121875 0.36394115781249997 0.6846452765625 0.366364740625 0.6848490625 0.3722586109375 0.6883248125 0.3800163828125 0.6895870453125 0.383989921875 0.6854881390625 0.385409309375 0.681342275 0.3884734984375 0.6777082812499999 0.40939791562499994 0.6772040109375 0.4147083953125 0.6752146765625 0.422795521875 0.67054773125 0.429047175 0.6652862515625 0.43602527343749997 0.6536206578125 0.43588265625 0.6427090109375 0.4325847484375 0.634307421875 0.4271288015625 0.6349303984375 0.4209136921875 0.6315288109375 0.416346778125 0.63232819375 0.41171212187500006 0.631361615625 0.40904128437500004 0.6271417687499999 0.40431926718750005 0.628741878125 0.4036397015625 0.6280071656249999 0.4029145859375 0.6248663453125001 0.407555484375 0.6199767375 0.4085540671875 0.6169463109375 0.4070598046875 0.6119464890625 0.408056865625 0.6089164125 0.4098449140625 0.6071036671875001 0.414999940625 0.6059135343750001 0.41764297343749995 0.6033934546874999 0.41952567500000004 0.5968506859375 0.41702214531250004 0.5933555265625 0.414251740625 0.5901769531250001 0.40627042343750003 0.587946440625 0.39840559999999997 0.5803442343749999 0.3889908203125 0.5770447203125 0.380677109375 0.5770558078125 0.3784005171875 0.5782180296874999 0.375194603125 0.5841762890625 0.366767790625 0.5932481703125 0.3607649140625 0.6025253609375001 0.3617132234375 0.6066329390625 0.3564586296875 0.60886434375 0.3562610203125 0.6109465375 0.3501888796875 0.61845811875 0.347072546875 0.625540665625 0.34639200312499996 0.6343524125 0.3531610921875 0.6592618765625 0.353043078125 0.6646339218749999 0.342919671875 0.676644009375 0.337405340625 0.6865717234375001 0.33132099375 0.6925578921875 0.3269928703125 0.6995385468750001 0.31973194843749997 0.7063046890625 0.310901259375 0.7121615859375 0.3022312875 0.720909553125 0.3004906625 0.7251295796874999 0.3020270828125 0.728846409375 0.31678131718749997 0.7368946421875 0.324435153125 0.7450555046875 0.329593571875 0.7475544734375
0 0.2732918109375 0.5058866203125 0.2709612 0.510496225 0.26794104218750003 0.5128483984375001 0.25458899062499996 0.51822250625 0.2540586359375 0.522544778125 0.2604410515625 0.5266710531250001 0.265433684375 0.5284449828125 0.283445975 0.5270864046875 0.287201584375 0.5257110125 0.29852679531250004 0.515968378125 0.30709685468750003 0.50457188125 0.3178595375 0.498268946875 0.31985740156250003 0.4958994203125 0.32057538281250003 0.491660515625 0.3122068515625 0.455412428125 0.308356134375 0.4255010875 0.29828824374999996 0.37895412500000003 0.295720715625 0.377383628125 0.28563857656249997 0.374874815625 0.2703914234375 0.375721696875 0.26442731249999996 0.38002679375000004 0.259357146875 0.3881970484375 0.2590671046875 0.398700240625 0.26349755625000004 0.407603675 0.26395107812499996 0.4169169140625 0.2687530421875 0.4186081796875 0.26652235 0.422178034375 0.266183015625 0.4265844921875 0.26427473125 0.43007830937499997 0.2645731515625 0.44019227499999997 0.2627207546875 0.4439281609375 0.2639903015625 0.44796157656249996 0.26604896562499997 0.44952286875 0.2763543 0.4529984390625 0.2776868671875 0.4646536484375 0.2756456734375 0.4683080421875 0.2715688265625 0.46975759687499996 0.2598877859375 0.46914454687499996 0.25589462812499997 0.4775761 0.25136515 0.482948325 0.25053574843750004 0.4867046109375 0.2539317015625 0.49406527968749997 0.267484128125 0.4998460578125 0.2732918109375 0.5058866203125
0 0.19865584218750001 0.0664733 0.195184578125 0.07274779218750001 0.1912953546875 0.07428071562500001 0.1909560203125 0.07868717343750001 0.196579275 0.0787888859375 0.2025271578125 0.0825055359375 0.21153111875000002 0.08475492500000001 0.2195002296875 0.0854600234375 0.2299220546875 0.0835639 0.2323237984375 0.0844093578125 0.231647975 0.08736527031249999 0.224622453125 0.0966235828125 0.22351736249999998 0.10286014218749999 0.23395256562500003 0.1024875578125 0.2443063 0.0988239515625 0.2536620796875 0.0849545109375 0.2632348109375 0.0779080140625 0.27494713125 0.066167725 0.27567170625 0.056074157812500004 0.2741230796875 0.050831915625 0.26176906718750004 0.043629490625 0.2559007796875 0.0432026921875 0.21065839999999997 0.053774403125 0.19865584218750001 0.0664733
0 0.325522228125 0.346391675 0.3092106609375 0.34512860624999997 0.30189611875 0.34335512968750004 0.295317978125 0.3426736734375 0.279625071875 0.3445904359375 0.2689687 0.34809619999999997 0.26068486874999997 0.3545019609375 0.258338009375 0.355693234375 0.2616571734375 0.3572200921875 0.263050490625 0.35855975 0.2716724703125 0.3562998046875 0.27569782656249997 0.35526624375 0.2773441953125 0.3537636296875 0.2806023796875 0.3519562484375 0.2835223609375 0.3541156796875 0.28906495625 0.3520759640625 0.29590233125 0.35338712031249997 0.3001917125 0.3503923375 0.3034818890625 0.3487860390625 0.303658359375 0.3510576890625 0.306839609375 0.349354665625 0.312498721875 0.34843783125 0.3209116796875 0.3489747125 0.3265837609375 0.3502117265625 0.333083659375 0.348282946875 0.336793734375 0.3483981890625 0.345238175 0.3462097 0.3441153796875 0.34474985937499997 0.3435008890625 0.3436024296875 0.325522228125 0.346391675
0 0.41031952812499994 0.5754159984375 0.3984970765625 0.5767118078125 0.41117950312499996 0.5816831734375 0.41517293750000006 0.582435375 0.41486152187499997 0.57985010625 0.41031952812499994 0.5754159984375
0 0.2022961171875 0.6275055109375 0.1969341890625 0.6316058359375 0.207840784375 0.6362896171875 0.20931101093749999 0.6347603171875 0.210807521875 0.63253219375 0.2022961171875 0.6275055109375
0 0.1921338796875 0.5689918140625 0.189141084375 0.5671490671874999 0.18543336875 0.56721769375 0.1808583921875 0.5694685921875 0.182013540625 0.5724924921875 0.1894315171875 0.5745195125 0.18971869218749998 0.5721376140625 0.1921338796875 0.5689918140625
0 0.5230341546874999 0.5335630359375 0.5498285375 0.54510646875 0.5504666046875 0.540424178125 0.541351471875 0.5341160859375 0.5350795171875 0.5314684859375001 0.5226837125 0.5306836968749999 0.5230341546874999 0.5335630359375
0 0.6443574640625 0.547391271875 0.6497835390625 0.5529249984375 0.6544001781250001 0.5453533578124999 0.6488539265625 0.5446405359375001 0.6443574640625 0.547391271875
0 0.6845469453125 0.5592482484375 0.7089509203125 0.5684394312500001 0.710848596875 0.5667264546874999 0.7070831937500001 0.562335959375 0.6930983984375 0.5567592343750001 0.6829839171875001 0.5540478171875 0.6845469453125 0.5592482484375
0 0.745068771875 0.5861723 0.7499403890624999 0.57757963125 0.7491215375 0.5752205578125 0.7467253890625 0.5765803640625 0.740624134375 0.5845909703125 0.7378103078125 0.59167103125 0.7408113140625 0.5911529859375 0.745068771875 0.5861723
0 0.8915624796875001 0.8749782765624999 0.8886861078124999 0.8807385812499999 0.8909795203125 0.8828374046875 0.8944669734374999 0.8843222046875001 0.9075546078125001 0.8817480906249999 0.911169540625 0.881360921875 0.920789675 0.8815004375 0.9200187874999999 0.8735770234375 0.9153980578124999 0.870017415625 0.9038063046874999 0.8711316765625 0.8915624796875001 0.8749782765624999