0 0.6759430125 0.9164151468749999 0.6757798 0.9225114203125001 0.6770041515624999 0.9270741328125001 0.68171043125 0.93222228125 0.6882182953125 0.935379146875 0.6992752046875 0.9385351875 0.7098054953124999 0.9372459765625001 0.7168415125 0.9448477953125 0.7182001765625 0.9483736421875 0.719383465625 0.9665887734374999 0.76385424375 0.9579445296875001 0.7687208515624999 0.956113546875 0.7728824234375 0.9523996859375 0.7676218578125 0.9478638625 0.7477671499999999 0.9375742078125 0.7431964171875001 0.9313873625 0.744014790625 0.9269337578125001 0.7517851828125 0.9201180609374999 0.7578179781250001 0.9078270671875 0.7546946484375 0.9038865656249999 0.7479046046875 0.90015421875 0.7436269531249999 0.898079184375 0.733971575 0.8969253171875 0.7166722171875 0.899781796875 0.7126755078125 0.898284075 0.7138114171875001 0.904127825 0.7086164625 0.905137621875 0.7028016125 0.9012141234375 0.697235921875 0.9020444890625001 0.6907968515625 0.9053176328125 0.6858933265625 0.9095545515625 0.6784344265625 0.91277284375 0.6759430125 0.9164151468749999
0 0.7028740906250001 0.501243903125 0.709968025 0.49961189375000004 0.7158239109375 0.5020104828124999 0.728386165625 0.4860515296875 0.7288198343750001 0.4778827609375 0.7253239359375 0.4737615921875 0.7190512609375 0.4718228546875 0.709100971875 0.46655594218749996 0.7049073421875 0.4623173109375 0.709896421875 0.45591649843750004 0.7150834765625 0.4531382171875 0.7250032421875 0.45045234062499995 0.7276320359375 0.445772575 0.721951796875 0.44081374531249995 0.7158149671875 0.43783784375 0.7014298812499999 0.43835941875 0.6979005484374999 0.43753010937500003 0.6928949109375 0.43951386562500006 0.6879515859375 0.44527386093750004 0.6796670078125 0.45118033906250005 0.6718142421875 0.46104432187500005 0.658478159375 0.4686903828125 0.6564124859375 0.4745229421875 0.65961536875 0.49967230625000003 0.6647750328125 0.5140806421875 0.665268215625 0.521817753125 0.6631646890625 0.5300596140625 0.666577865625 0.5614825531250001 0.66826169375 0.5649451937500001 0.6677672484375 0.5693374234374999 0.6702080515625 0.5766943640625 0.6696738046874999 0.582609671875 0.6713363328125 0.592898671875 0.6737605796875 0.5958385546875 0.6824909359375 0.597425315625 0.7032295375000001 0.595794490625 0.7091099046875 0.5922511125 0.7122516484375 0.588482396875 0.7135371 0.5846956734375001 0.7130089468749999 0.5802507218749999 0.7145721578125 0.57615691875 0.7132469296874999 0.5693392125 0.7095541109375 0.562477134375 0.71065024375 0.5577164515625 0.70975105625 0.553090534375 0.7039989328125 0.5538297984375 0.7022250140625 0.5507635046875 0.7036555625 0.5485912578125001 0.7071314234375 0.54740944375 0.710590728125 0.5418105734374999 0.7109219859375 0.5313871078125 0.7136348031249999 0.5245437453124999 0.7065132296875001 0.5191058203125001 0.6984255984375001 0.5156256984375001 0.7003595453125 0.511711328125 0.6991841328125 0.507392190625 0.6997247453125001 0.503245665625 0.7028740906250001 0.501243903125
0 0.6783633874999999 0.376015275 0.6818697984375001 0.37065874375 0.6878417906250001 0.36671871875 0.6943343343749999 0.36545669687500004 0.6977799671875 0.3563236265625 0.6961235078125 0.347801875 0.6901591421875 0.34138134062500003 0.687022140625 0.33390664062500003 0.6799982609375 0.32983931875 0.67243118125 0.3290371984375 0.665756921875 0.3310922140625 0.652900053125 0.342939653125 0.6431282703125001 0.348122865625 0.64162325 0.3551118828125 0.6429542484375 0.3636953046875 0.6453342734375 0.36727570625 0.650123225 0.369377103125 0.65548436875 0.3761663859375 0.6612533468749999 0.3798457125 0.6666942765625 0.3827053875 0.6712891921875 0.38294873281249997 0.6783633874999999 0.376015275
0 0.65768588125 0.25837910937499997 0.6624108734374999 0.25581957499999997 0.663459603125 0.2508150203125 0.6679873749999999 0.24551304218749997 0.6750676390625 0.240346834375 0.680261059375 0.2393373359375 0.6896007328125 0.23019508593750002 0.6926002625 0.2256947515625 0.6910525796875 0.22119648125000002 0.688023759375 0.21774219218750002 0.679238396875 0.2141446078125 0.6665660640625 0.20094190781250001 0.6622413046875 0.1986245328125 0.6559320109375 0.19909326562500002 0.6473633078125001 0.20353803906249998 0.6428323515625001 0.207955625 0.626212609375 0.218640315625 0.6253468328125 0.222850046875 0.6270765046875 0.23868436875 0.62945653125 0.2422647703125 0.635868234375 0.24405073437499997 0.637646571875 0.24799958906250003 0.6357247625 0.25544845625 0.6304091656249999 0.26102931875 0.6286139484375 0.2647893828125 0.625603334375 0.26663684062500004 0.6217090359374999 0.26739381562500003 0.619616021875 0.266157975 0.615788890625 0.2603327640625 0.608447746875 0.2580971328125 0.604693828125 0.259584490625 0.6017827390625 0.2628037875 0.59902251875 0.26940327656249996 0.5962946796875 0.2718292828125 0.589476971875 0.2731545109375 0.5748490953125 0.2706910046875 0.5669231171875 0.2732424171875 0.55266808125 0.2830886203125 0.5441223 0.293719234375 0.5445009109375001 0.307794659375 0.546149471875 0.3145479265625 0.549034728125 0.316387440625 0.5558569703125 0.316829759375 0.5634854234375 0.3214114859375 0.568594821875 0.3225655828125 0.574505715625 0.32697499531249996 0.5712920859375 0.336441803125 0.572759228125 0.343989596875 0.568223853125 0.3475246234375 0.562793709375 0.34731629062499997 0.5593254515625 0.3502650546875 0.5570689265625 0.3551239546875 0.5587056484375 0.35834425625 0.56573848125 0.365061684375 0.5730828078125 0.36818170625 0.5826299796875001 0.3774426703125 0.595590584375 0.3808605921875 0.6016678734375 0.380058121875 0.606827884375 0.370212975 0.614266746875 0.36169170156249997 0.6156941125000001 0.3586350625 0.620645040625 0.3546420171875 0.622904153125 0.3506644421875 0.6208006515625 0.34677879375 0.6233944765625 0.34539118750000003 0.63397508125 0.33310119843749997 0.636417740625 0.328331865625 0.6371136671875 0.31632058281250003 0.6357687000000001 0.30420142656250004 0.6349169156250001 0.29981938124999996 0.6326316984375 0.2967267265625 0.6319157609375 0.29130751718750003 0.63622078125 0.2883234421875 0.642346825 0.28864800156250003 0.6440077296875 0.285924803125 0.640050821875 0.28290400312499997 0.6416614375 0.279054075 0.6457724218750001 0.27421194843749996 0.6479312515625 0.26798244531250004 0.65768588125 0.25837910937499997
0 0.543766540625 0.1497720890625 0.5444016640625 0.14611177656250002 0.553941440625 0.140594828125 0.557028178125 0.1348152890625 0.5578462531249999 0.1303601515625 0.5620169609375 0.1284129421875 0.563447509375 0.12624069531249998 0.558733328125 0.1193240640625 0.5576050218749999 0.11524726562500001 0.5547168796874999 0.11252489375000001 0.542223353125 0.1097738515625 0.522426834375 0.1023794109375 0.5248065859375 0.0938307703125 0.5184865078125 0.09164815937500001 0.5080461921875 0.0916560359375 0.505594578125 0.09377526093750001 0.5056541203125 0.0975536328125 0.49899064531250004 0.1022599890625 0.49528413125000004 0.10399122031250001 0.47923525624999996 0.1063531359375 0.47600633124999997 0.099273546875 0.47168310625 0.096955875 0.4616259625 0.1006792140625 0.44940895937500003 0.097622925 0.44423365312499996 0.09092167500000001 0.43806474062499995 0.0921207890625 0.43149135781250003 0.09643080000000001 0.42553621875000003 0.104789415625 0.42224937812499996 0.10694365312500001 0.42078250937500006 0.111524903125 0.41444266562500004 0.116168353125 0.40973771093750005 0.1240308703125 0.40598850937500003 0.126402321875 0.40335653125000004 0.1301976953125 0.3946948515625 0.134155959375 0.38857304375 0.1355974140625 0.382865140625 0.135696159375 0.3766277078125 0.14259430625 0.3760047203125 0.14978911718750001 0.370999084375 0.151772871875 0.37235928125 0.15529842031250002 0.3775192671875 0.15758078281250001 0.381015165625 0.1617019515625 0.38900828593750003 0.1646958609375 0.39459401562499996 0.169168478125 0.3963449859375 0.1781764421875 0.39957679375 0.1861388890625 0.39316188125 0.195596040625 0.3792670953125 0.20297186875 0.3772383390625 0.2063984921875 0.3777190875 0.210599571875 0.3820591671875 0.21733583437499998 0.3856909109375 0.22041984062500003 0.389829534375 0.222647646875 0.3960242546875 0.2285172296875 0.4025289359375 0.23078970468749999 0.40857885781250003 0.23504634375000003 0.42770242343750003 0.2363828890625 0.433190459375 0.239484903125 0.43673817968749995 0.244732503125 0.44661054062499994 0.241802753125 0.45045290156249995 0.2390343578125 0.45615320156249994 0.23716866093750003 0.45853004375 0.239864671875 0.4698236765625 0.24423854375 0.47421269375 0.25121838125 0.4804472171875 0.25556488593750004 0.48718543593749997 0.2581708 0.49293756093749996 0.2574315359375 0.4969648203125 0.2547545390625 0.5020649671874999 0.253256996875 0.5118838546875 0.24831612500000003 0.5176665296875 0.24340214218749998 0.5306882609375 0.22634311875000002 0.5410461125 0.2163710328125 0.5452200031250001 0.2153082140625 0.5531581171875 0.21629130000000002 0.556908853125 0.21391955 0.55745706875 0.21153997656249998 0.5556313265624999 0.20734724999999998 0.5586750781250001 0.202206396875 0.5639496375 0.19815044531249998 0.5630091140625 0.195047903125 0.5578904640625 0.19124216562500002 0.5543884968749999 0.185353746875 0.5468138140625001 0.1827846765625 0.5388954640625 0.17497553125 0.5400861078125 0.17070106093749998 0.5454351390625 0.1618283390625 0.5459772859375 0.157681515625 0.543766540625 0.1497720890625
0 0.7339378921875 0.8759606265625001 0.723273290625 0.8782867031249999 0.719972778125 0.8769067406250001 0.7116603125000001 0.87771550625 0.709176775 0.86902503125 0.708048765625 0.8649497671875 0.7060502609375 0.8642001390624999 0.7025772859375 0.8662648109375001 0.7058090953125 0.8742272578125 0.7034414796874999 0.8863103953125 0.705818321875 0.88900640625 0.715951884375 0.8965345828125001 0.7176175984375 0.8890702328125 0.7277668171875 0.885263734375 0.7306939156250001 0.8822005 0.7344509328125 0.8788374640625 0.736734409375 0.8790796437499999 0.7339378921875 0.8759606265625001
0 0.799807778125 0.396834475 0.8002481390625 0.4010243046875 0.8021173875000001 0.4016494328125 0.8083902578125001 0.3969808 0.8007789453124999 0.3928557546875 0.799807778125 0.396834475
0 0.7822503546874999 0.33155076875 0.7921758062500001 0.33682091875000003 0.795825034375 0.3299881375 0.7862458015625 0.32591771875000003 0.7822503546874999 0.33155076875
0 0.4263065484375 0.41308162499999995 0.44060289218750004 0.42216756406249994 0.4474099765625 0.42037006093749996 0.42135625781249997 0.40676004062500004 0.4263065484375 0.41308162499999995
0 0.3101193109375 0.39754225625 0.311493921875 0.4001593 0.31614059375000003 0.399162165625 0.3174545625 0.3958251390625 0.3152168609375 0.393238971875 0.3101193109375 0.39754225625
0 0.561787228125 0.374647996875 0.56436520625 0.378059396875 0.577594971875 0.381060490625 0.579412234375 0.37905979375 0.5638617734375 0.372783525 0.561787228125 0.374647996875
0 0.1537597875 0.2719460671875 0.1512945390625 0.2734137359375 0.1547587984375 0.2779453578125 0.1619957453125 0.2723650828125 0.1537597875 0.2719460671875