0 0.41738305000000003 0.46140328437499994 0.4099268921875 0.45785303749999995 0.3987139734375 0.45811618125000003 0.3970777578125 0.45804662343749997 0.38473104375 0.456821528125 0.37843148437499996 0.4625125171875 0.37554540468750003 0.4659320546875 0.3769482796875 0.471212128125 0.3902780625 0.4737814796875 0.40803503281250003 0.4776883625 0.420358771875 0.47057656249999996 0.41738305000000003 0.46140328437499994
0 0.181807928125 0.399321684375 0.17715206875 0.393171328125 0.1760993453125 0.3869312234375 0.170953559375 0.3867806921875 0.1667300546875 0.386294590625 0.1469597375 0.39233928125 0.12054739375000001 0.4062691390625 0.12068649375 0.4126337359375 0.12550410781250002 0.41819066562499996 0.1419812109375 0.4298239328125 0.13995557187500002 0.4321068671875 0.191660225 0.4417505453125 0.22293695625 0.44489985 0.2181216375 0.436990390625 0.2072050859375 0.42639471718750005 0.1991100875 0.41635367656250005 0.18925329375 0.409222790625 0.181807928125 0.399321684375
0 0.6398943125 0.280436415625 0.6346502546874999 0.276578115625 0.629557440625 0.27138517812499996 0.6273680359375 0.26371820156250003 0.6274896156249999 0.2554163140625 0.6301662546875 0.248802503125 0.6323758265625 0.24528747812499999 0.6285781609375001 0.244617846875 0.6244409359375 0.24101500312500002 0.6170076921875001 0.2349683078125 0.6104686484374999 0.2310038359375 0.6021823359375 0.229633171875 0.594869434375 0.229130665625 0.5866843515625 0.233862478125 0.5796657781250001 0.23777344375 0.578214603125 0.2424852203125 0.5861975875 0.24242681406250002 0.5875638046875 0.25095613437500003 0.5926238640625 0.2568747203125 0.60115723125 0.25986761875000003 0.6062216 0.2668325375 0.596474609375 0.2805753359375 0.612164478125 0.27046183125 0.6170321578125 0.27870419062499996 0.6225031578125 0.285342571875 0.6357914171875 0.293924178125 0.6378871890625 0.29867591875 0.6417691140625 0.304491484375 0.6481894328125 0.306708796875 0.6513660859375 0.313221865625 0.6547278375000001 0.3223204171875 0.659414090625 0.3198941921875 0.667157625 0.313680378125 0.6777241703125 0.307428065625 0.6800540859375 0.3049401671875 0.6850666000000001 0.30352501875 0.693555225 0.301759734375 0.706438065625 0.30506420625 0.7182006375000001 0.3013059078125 0.7249695625 0.30445256249999997 0.72869718125 0.29870789375 0.72528174375 0.2888700390625 0.7078480265625 0.28062843437499996 0.7040873921874999 0.278093140625 0.7001063281250001 0.2720839796875 0.6920907203125 0.2679543453125 0.6863181968750001 0.263745834375 0.677617690625 0.261673840625 0.6743050421875 0.2678454921875 0.6738714640625 0.27030443437499996 0.66182425625 0.2813997703125 0.648527984375 0.28223959375 0.6398943125 0.280436415625
0 0.3951486734375 0.28859351875 0.4145268921875 0.297531803125 0.42268736562500003 0.30782237968750004 0.4320357125 0.3166580625 0.44219212499999994 0.3278305015625 0.4534212421875 0.2748997171875 0.44618787343750005 0.2696450765625 0.44337965468749996 0.273855778125 0.4364714875 0.2763217765625 0.4150333828125 0.27462963125 0.4070395171875 0.2713034796875 0.3985896390625 0.2666133578125 0.3949226546875 0.26124345 0.39053242187500004 0.2633315671875 0.3784806796875 0.2730759046875 0.38300727968750004 0.28503423906249997 0.38977706875 0.2872401890625 0.3951486734375 0.28859351875
0 0.41445062187500004 0.226276659375 0.42481637968749997 0.234768159375 0.429933721875 0.2425484125 0.44149998437500004 0.25513718750000003 0.4495756875 0.259213953125 0.4428187859375 0.25336267343749996 0.42900501406249997 0.23379636874999998 0.434050090625 0.2367675765625 0.44375434374999995 0.24241506249999997 0.448683578125 0.25003839375000003 0.454238934375 0.246921340625 0.47341078124999997 0.1570523734375 0.474666296875 0.13111699999999998 0.4607285390625 0.1305109640625 0.4447714609375 0.13337575625 0.4313493515625 0.13339056875 0.4119568359375 0.125784096875 0.400920146875 0.12150255000000001 0.36254437031250003 0.1287043265625 0.3578180921875 0.132959196875 0.35820121875 0.1386956875 0.3628684796875 0.1487225421875 0.369610053125 0.158259975 0.3728983484375 0.1644008375 0.37557268125 0.17631815625 0.37976003281250004 0.18238114218749998 0.3944570328125 0.18245150625 0.3985709984375 0.188012878125 0.38770678125 0.19445069375 0.3633491953125 0.2072102015625 0.352013665625 0.21552912812499997 0.352660690625 0.2216405796875 0.36331440000000004 0.23423980000000003 0.3682627203125 0.2417728859375 0.371934084375 0.2428438703125 0.3867233203125 0.235138684375 0.41080280937499997 0.22598091718750002 0.41445062187500004 0.226276659375
0 0.4581306703125 0.0801161125 0.46860033124999995 0.08596678437500001 0.4777086640625 0.08848829999999999 0.48168313124999995 0.07768146718749999 0.48948005468750005 0.0694192421875 0.49732979374999997 0.02769056875 0.4919509515625 0.025712428125 0.4831693125 0.0201594 0.47887637656250004 0.016368853125 0.47513331562500005 0.013275 0.46547069687500003 0.0115125140625 0.45429328125 0.011934232812499999 0.44745218906249995 0.015738459375 0.43606427031250006 0.02742285625 0.4340339421875 0.038937412500000004 0.4348784890625 0.0491025609375 0.43766432499999997 0.055105640624999994 0.4462043765625 0.0664468421875 0.4493539328125 0.07206980625000001 0.4581306703125 0.0801161125
0 0.4805461078125 0.7893362859375 0.48940526718750005 0.799083684375 0.496508509375 0.8026018484374999 0.5018344140625 0.8085784171875 0.5122980515625 0.81017116875 0.520696971875 0.8168149343750001 0.530583471875 0.8169208156250001 0.5379028453125 0.81254565625 0.544597340625 0.8031481859375 0.5509643765625001 0.8003678203125 0.557864140625 0.799317178125 0.562332340625 0.796831878125 0.5676288703125 0.797261259375 0.5729930453125001 0.7992146015625 0.577982990625 0.7975765234375001 0.5829778078125 0.7997170078125 0.5879447875 0.796310575 0.5983172734375 0.794614090625 0.608666521875 0.7911507906249999 0.6157707343750001 0.78799586875 0.64695345 0.7673025625000001 0.6464684359375 0.7624318437500001 0.64500019375 0.76028489375 0.6296216109375 0.752283496875 0.6246341765625 0.7472487625 0.62271821875 0.742880953125 0.6253748359375 0.73352830625 0.6248283156250001 0.7309140000000001 0.6276672375000001 0.7281398265625 0.6294577968749999 0.7198926484375 0.6356767484375 0.7131831265625 0.6448768625 0.710523109375 0.6476675015625 0.7042165765624999 0.649751153125 0.7038271703125 0.6470349718749999 0.70209005625 0.6459669765625 0.6986269890625 0.6392836156249999 0.6917827703125 0.6290155046875 0.69097971875 0.62393286875 0.6893282890625 0.6038805453125 0.6754669046874999 0.603038696875 0.6716661 0.6006058640624999 0.6702296328124999 0.598039009375 0.665747053125 0.587962528125 0.655282053125 0.580142284375 0.6501254296875 0.57664605625 0.6490059968749999 0.5724545234375 0.6480146453125 0.569352428125 0.64847515625 0.5676491218749999 0.6495599234375 0.5669599546875 0.653468378125 0.56310105 0.656313384375 0.5496803234375001 0.6591097578125 0.5392781921875 0.65526059375 0.535473140625 0.6587449765625 0.5329836734375 0.663343484375 0.5269428546875 0.666181371875 0.5201461984375 0.6647306671875 0.505671671875 0.6516021140625 0.4943172015625 0.6493477453125001 0.48847929375000004 0.65008108125 0.48575727031250004 0.651238490625 0.48320015781250003 0.6543130374999999 0.48548547343750004 0.6584937046875 0.4828852203125 0.6618129140625 0.47452081718750005 0.664493359375 0.4717681765625 0.66677820625 0.46113711718749995 0.66994113125 0.4510387890625 0.6748337796875 0.4465769984375 0.681097915625 0.44349814062500004 0.683325240625 0.445524884375 0.688972346875 0.44889196093750006 0.6908242312499999 0.451635978125 0.6981082609375 0.459206840625 0.70183580625 0.46189059375 0.7047016234375 0.46260940625 0.7063388171875 0.4607821140625 0.7186094921875 0.46309066718749997 0.7245569734374999 0.46759365624999993 0.7313943468749999 0.46614280781249995 0.733908734375 0.461263646875 0.7368261109375001 0.4567339421875 0.7415678234375 0.4564125953125 0.745288865625 0.45434146875000003 0.7465610453125 0.4488603953125 0.746224465625 0.4431381421875 0.7520156640625 0.43908217031249996 0.7540706968750001 0.438068596875 0.7579203640625 0.4463748265625 0.761274621875 0.4482121546875 0.76323596875 0.44841409218750006 0.767804503125 0.44670494375 0.7717837921874999 0.44873779999999996 0.7745348390625 0.4599151078125 0.773987759375 0.466798046875 0.7749491359375 0.4777390453125 0.784308396875 0.4805461078125 0.7893362859375
0 0.289397996875 0.9297805531250001 0.29558689843749997 0.9308718234375 0.30353656406249996 0.9352944578125 0.3054990171875 0.9453013234375 0.3139068359375 0.9469456828125 0.3171322390625 0.94864724375 0.3228284734375 0.9477635843750001 0.3278493078125 0.9449965312499999 0.3343332421875 0.9405994015625 0.338058125 0.934708284375 0.347362615625 0.92954873125 0.3494411234375 0.9253823015625 0.3507711734375 0.914033028125 0.3462807078125 0.9080784281250001 0.34050430625 0.906555353125 0.325138946875 0.8927651828125001 0.32274925468750004 0.8910840515625 0.3175818765625 0.8899222203124999 0.309943665625 0.8913456078124999 0.3000424046875 0.897028228125 0.2971223421875 0.9040687515625001 0.2922000421875 0.9072307921875 0.2891875609375 0.9109802671875 0.287680078125 0.9195296296875 0.289397996875 0.9297805531250001
0 0.3583991984375 0.8745785312500001 0.357141665625 0.891230328125 0.37559716249999997 0.910350571875 0.3807421515625 0.9268731296875 0.38626539531250004 0.9336381312500001 0.392511778125 0.945821965625 0.39818991875 0.9469485171875001 0.40459271250000006 0.9468177390625 0.41526664062499996 0.9434116890625001 0.4260957375 0.9343656499999999 0.43120258125 0.9311108078125001 0.436703559375 0.929435909375 0.43975764218749996 0.9254414984375 0.44533210624999997 0.922396040625 0.4453639671875 0.9145939796875 0.4426802140625 0.9117281625 0.44117981562499997 0.9107083781249999 0.4353865859375 0.911197321875 0.4287928390625 0.9076420671875001 0.4279647796875 0.9047258484375 0.429606284375 0.8992225984375001 0.42928842031250003 0.889597740625 0.42393676874999997 0.888527171875 0.42209916718749996 0.8865673640624999 0.43597066250000005 0.879315959375 0.4415499984375 0.8800490625 0.4579883484375 0.8772802375 0.4604910390625 0.8668929562500001 0.4600146484375 0.8524533625 0.4539145390625 0.8441999515624999 0.43421139843749995 0.832164440625 0.4233786734375 0.8307572921874999 0.41789021875000004 0.8333149640625 0.412353753125 0.8323387359375 0.40716827968749997 0.8331871140624999 0.4030627578125 0.8317079765625 0.3981169234375 0.8264283062500001 0.3971346671875 0.8224789906250001 0.3939279015625 0.8187641421875 0.38863137187499996 0.8183347609375 0.3834137421875 0.8203103046875 0.37629603437500003 0.8292555390624999 0.37312629531249997 0.8281920875000001 0.3715595203125 0.8256501515625001 0.3662632609375 0.8252192328125 0.3658336390625 0.8209881625 0.36033517187499997 0.815990246875 0.35814963125 0.805529940625 0.35957724375 0.8012487390624999 0.36546900625 0.80115478125 0.36959873593750003 0.7977276468750001 0.3728536390625 0.7811757703125 0.3722639765625 0.7788061265625 0.3677306421875 0.7730946515625 0.35904253124999996 0.7690447625 0.34928642499999996 0.76153180625 0.3412060703125 0.75784135 0.33530205625 0.757050996875 0.329433259375 0.758913309375 0.3202446953125 0.7691291828125 0.3114619515625 0.7751359578125 0.30458542187500004 0.7779534140625 0.30161608125 0.7814582265625 0.300883775 0.7856113453125 0.304047671875 0.78956931875 0.3129129453125 0.7964206578125 0.31921109375 0.7987909546874999 0.3287288015625 0.8057573343750001 0.3311971234375 0.809844928125 0.34758760781250003 0.827341290625 0.3494497109375 0.8310697218750001 0.35379390312500003 0.8330938968750001 0.35868434374999997 0.83773391875 0.3636666359375 0.8389916296875001 0.36531106874999997 0.8506131140625 0.360262275 0.8716338765625 0.3583991984375 0.8745785312500001
0 0.41755104843749996 0.9436653515625 0.422937934375 0.9468665953125001 0.43177917031249996 0.94554903125 0.438872184375 0.9425745937500001 0.4390497328125 0.9370956250000001 0.41755104843749996 0.9436653515625
0 0.6356794640625 0.7775219859375 0.643743846875 0.778315659375 0.651038121875 0.776341365625 0.65374369375 0.7720919375 0.6531993984375 0.7672694703125 0.6448982796875 0.770706778125 0.6385913125 0.7739023203125 0.6356794640625 0.7775219859375
0 0.724606028125 0.9671082265625 0.7304147484375 0.9712644171875 0.7358836171875 0.9697536234375 0.738002621875 0.9678139921875 0.7275607640625 0.96077985625 0.724606028125 0.9671082265625
0 0.5960190203125 0.9906510578125 0.5976314875 0.9865722171875 0.590259890625 0.9844679984375 0.58000818125 0.9870361984375 0.5738327984375 0.9887746406250001 0.5829365265625001 0.994633559375 0.5960190203125 0.9906510578125
0 0.18333460937499998 0.8971023203125 0.188883265625 0.897874440625 0.194754778125 0.8921095609374999 0.1961842921875 0.8897881515625 0.1915344484375 0.885241325 0.17861571874999999 0.890715553125 0.18333460937499998 0.8971023203125