0 0.6745517890625 0.6453726109375 0.6724320390625 0.6378655609375 0.6778896015625 0.6344231078125 0.687851775 0.6311325 0.68903289375 0.6281395187500001 0.67300184375 0.622718334375 0.6428243828125 0.6171610453125 0.6249531796875 0.6148005375000001 0.615944284375 0.6144999531249999 0.6090887921875 0.615718534375 0.5989895953125 0.6145364625 0.576349178125 0.6174141078125001 0.5631659765625 0.6280268265625 0.558008046875 0.6295666 0.5536371140624999 0.6322711156249999 0.5407092765625 0.643728959375 0.542742225 0.6472560921875 0.5415647765625 0.6518685 0.5465321750000001 0.654838975 0.5469210546875 0.65853890625 0.5429053625 0.6614543203125 0.5307699109375 0.675697721875 0.528024584375 0.6812227656250001 0.52813751875 0.6854513125 0.53046854375 0.687075928125 0.53654454375 0.687933009375 0.5403955093749999 0.6897733671874999 0.5494821484375 0.6908136296875 0.5563451453125 0.6928354515625 0.55964234375 0.6957300953125001 0.5815811765625 0.6956693421875 0.5975452781249999 0.694115565625 0.6013131125 0.6935954328125 0.6051564093749999 0.6921938328125 0.6062651734375 0.690081990625 0.611501009375 0.6892834484375 0.6162775671875 0.687284146875 0.6216315812500001 0.6828564953125 0.6284107375 0.671419603125 0.633435315625 0.6670265750000001 0.6360661375000001 0.6667500656249999 0.642833090625 0.67102709375 0.6510624953125 0.673403340625 0.6669192140625 0.6692433859375 0.6826094890625 0.6698378125 0.699884553125 0.6665264359374999 0.699975371875 0.66265196875 0.695285634375 0.6591542687499999 0.6958057640625 0.65461095 0.6915141453125 0.648578059375 0.6855897984375 0.6475793515625 0.6823535984375 0.6484191015625 0.6808634609374999 0.6500714140625 0.6745517890625 0.6453726109375
0 0.5719970984375 0.46687089375 0.5700030140625 0.46845205781250004 0.566739290625 0.46904489375 0.561651596875 0.46808393906249995 0.5516376484375 0.47088194687499996 0.54667791875 0.47115342968749996 0.542138425 0.4769927359375 0.534309075 0.48317625 0.5220197093750001 0.4864632203125 0.518733853125 0.488429959375 0.5219365609375 0.49357964687500006 0.524622990625 0.4954167140625 0.5404948843749999 0.497739121875 0.5551541375 0.5011850640625 0.5711222375 0.5012538203125 0.577002153125 0.5049987796875001 0.581195465625 0.5021888156250001 0.5892726734375 0.493610021875 0.591977403125 0.49245220781250004 0.5918051875 0.4844906578125 0.5950894921875001 0.48252408124999996 0.6052848953125001 0.48145250156249997 0.61538425625 0.48263612812499995 0.6269216515625 0.4816717328125 0.63283310625 0.477809221875 0.639912765625 0.47556942500000005 0.6427379531249999 0.47240364531249995 0.6441930625000001 0.4672640140625 0.6375815953124999 0.46446633750000005 0.6349340453125001 0.4582606484375 0.6283525437499999 0.45733258125000004 0.6184163390624999 0.460870265625 0.6122639875 0.45927179218749997 0.6045698875000001 0.4588345875 0.586248628125 0.45851511718750004 0.5770919140624999 0.45997713906250004 0.570924934375 0.462992971875 0.5719970984375 0.46687089375
0 0.6828504171875001 0.42379760781250003 0.6835947 0.42770999062500004 0.6854941328125 0.42838231718750003 0.68886173125 0.4287777859375 0.6943733484375 0.4274490734375 0.69984396875 0.42886939375 0.705762928125 0.4282472859375 0.7102208265625001 0.42952424218749996 0.71631756875 0.4290091359375 0.7354570375 0.42288276874999997 0.7376534015625 0.4195788375 0.725246459375 0.4174719859375 0.7156366828125 0.418255775 0.6985218468750001 0.4162902453125 0.68804878125 0.41788905 0.6828504171875001 0.42379760781250003
0 0.6891371375 0.5690251 0.6830832734375 0.5667941171875001 0.6775974609375 0.5683683515625 0.6722823265625 0.5684273828124999 0.660600075 0.5616755859375 0.654784828125 0.5632844453125 0.6502620796875 0.5661290343750001 0.6492995625 0.57595535 0.6636570671875 0.5796843859374999 0.6615095953125001 0.590882703125 0.6583846125 0.5959496093750001 0.6601733734375 0.6034914484375 0.6659459062499999 0.6046302296875 0.673597471875 0.5983397140625 0.682574465625 0.5856757375 0.6907536671875001 0.5780823046875 0.691473715625 0.5722720859375 0.6891371375 0.5690251
0 0.7871528890625 0.603113278125 0.791523984375 0.6004103171875 0.7955503078125 0.5912580640625 0.8009324078125 0.5886970765624999 0.789074090625 0.58183966875 0.781302084375 0.5806612328125 0.769194190625 0.5761977140625001 0.7627643421875 0.57512801875 0.7266572921875001 0.5764296765625 0.715173059375 0.577884953125 0.7134108140625 0.581686859375 0.7138774359375 0.5861264671875 0.73376326875 0.60448590625 0.7452159625 0.6106381015625 0.750633253125 0.6115659859375 0.763511234375 0.6201874125 0.7831692625 0.61899480625 0.7849871171875 0.6173064765625 0.7873510718750001 0.6113219046875 0.7871528890625 0.603113278125
0 0.8057680359375 0.618306946875 0.814164990625 0.614085790625 0.8193239734375 0.604289740625 0.8287170609375 0.6001288515625001 0.8322918484375 0.5987884671875 0.8340621546874999 0.593658128125 0.8319119265625 0.59273721875 0.8208960218750001 0.5961071546875 0.81713415 0.5998081515625 0.804022540625 0.6065877015625001 0.79133406875 0.611413884375 0.7993465140625 0.6183628609375 0.8057680359375 0.618306946875
0 0.2898756390625 0.2783214734375 0.2809523390625 0.277699240625 0.2724045171875 0.2807092203125 0.2660177359375 0.28401053125 0.25396980625 0.286216340625 0.25807505000000003 0.2916419484375 0.263519109375 0.2929440859375 0.27690109375 0.29192093125 0.2762993796875 0.2941334484375 0.27879990625 0.2970568375 0.29508978125 0.293266128125 0.3009097921875 0.293092759375 0.316600871875 0.2916917953125 0.3210222203125 0.2903189921875 0.33079826875 0.28431579375 0.326799128125 0.2823511796875 0.315076928125 0.28000268125 0.2987920171875 0.27874333125 0.29583637500000004 0.2793524921875 0.2898756390625 0.2783214734375
0 0.34432767656249996 0.2127501671875 0.34987961093750003 0.2135240703125 0.357550346875 0.2132755875 0.37005342343750003 0.209944159375 0.373574146875 0.20550337968750002 0.370667503125 0.206578721875 0.367890446875 0.20271345468750002 0.356488840625 0.202981715625 0.333518040625 0.2056757015625 0.324537296875 0.2052543234375 0.31529539687499997 0.2065037734375 0.30703438437499997 0.211659590625 0.3085435828125 0.2156895375 0.308020521875 0.2201451828125 0.3159908234375 0.21893511875 0.3327351390625 0.21695683593749998 0.34432767656249996 0.2127501671875
0 0.281757653125 0.2362269359375 0.28138702968749996 0.231370321875 0.275917178125 0.232349 0.269493428125 0.2315017609375 0.260054740625 0.23386852500000002 0.24702251249999999 0.23669468437500002 0.2434469875 0.2385661796875 0.25575690156249997 0.2387931875 0.2564936484375 0.24226016874999998 0.26200404375 0.2403816984375 0.27168939999999997 0.2384933328125 0.281757653125 0.2362269359375
0 0.2419185125 0.24321705312500003 0.23990195781249998 0.2415499578125 0.2298133234375 0.242889971875 0.221463075 0.2413371171875 0.21690616718750003 0.245575725 0.2197032578125 0.247374453125 0.2307016453125 0.2477393078125 0.24346463906250002 0.24593910000000002 0.2419185125 0.24321705312500003
0 0.682376396875 0.086079915625 0.679087721875 0.085673009375 0.6680931140624999 0.0857178171875 0.6573420140625 0.08866243124999999 0.6635138406250001 0.089160653125 0.6694090703125 0.08965809687500001 0.682376396875 0.086079915625
0 0.244257684375 0.19301942968750002 0.237048903125 0.1941054640625 0.22757254062499999 0.19526172343749998 0.222378065625 0.1982774640625 0.2290052890625 0.199177159375 0.23669506093749998 0.200604615625 0.2544630125 0.2032084984375 0.244257684375 0.19301942968750002
0 0.224870440625 0.1926925953125 0.23158935781249998 0.1914302375 0.240347909375 0.18809331406250002 0.24351338125000002 0.185070875 0.243980853125 0.1846305359375 0.24083163124999998 0.18416026875 0.23344808593750002 0.1846597953125 0.22485124375 0.18578331406249998 0.217751290625 0.18652955 0.21180574531250002 0.1882290890625 0.21249141875 0.19038799374999998 0.2166915140625 0.19593874687499999 0.224870440625 0.1926925953125
0 0.15290269375 0.2269231046875 0.1432447765625 0.22750299531249998 0.12502886875000002 0.23231154375 0.103314965625 0.236395825 0.1023992578125 0.24031457343749998 0.11087753593750001 0.2416355890625 0.1141030734375 0.24151652499999998 0.12129033593750001 0.23789384375 0.1279334640625 0.23541713125000002 0.1347162375 0.2342690359375 0.14702929843749998 0.232164190625 0.15442866718749998 0.228302403125 0.15290269375 0.2269231046875
0 0.1292266546875 0.10166329999999998 0.111238234375 0.10358381093749999 0.11128401562500001 0.10526008281250002 0.1122811234375 0.10588270468750001 0.1170557828125 0.10710908593749999 0.11967100312500001 0.107222278125 0.125690865625 0.1082926453125 0.12797030625 0.1056147078125 0.12767054687499998 0.103644625 0.130695378125 0.10303604687500001 0.135418071875 0.10083816406249999 0.1292266546875 0.10166329999999998
0 0.1036302375 0.1068956421875 0.09991235312499999 0.10859356875 0.10190574062499999 0.10936756875 0.10507533124999999 0.1087610578125 0.1104837390625 0.1074070578125 0.1036302375 0.1068956421875
0 0.0927593984375 0.11352923125 0.09322111875 0.11428982343750001 0.0942369453125 0.116002396875 0.09801275937500001 0.11623084374999999 0.1006022375 0.1141409078125 0.1032154421875 0.11407049218750001 0.1063683875 0.1137391046875 0.113343290625 0.11039797656250001 0.11171197656250001 0.1095560703125 0.10748233125 0.11040596875 0.10267995156250001 0.11070961875 0.09806602187499999 0.110892909375 0.0933513671875 0.1113884390625 0.0895786 0.1120709140625 0.0927593984375 0.11352923125
0 0.1386794421875 0.1105221828125 0.13367893125000002 0.112169528125 0.1300348234375 0.1132988140625 0.1254750390625 0.1150286671875 0.127173540625 0.11716753124999998 0.1330400984375 0.117437034375 0.13721921406249998 0.11649503750000001 0.1426033109375 0.1147602421875 0.1419872203125 0.11166392968750001 0.1391463515625 0.1115713125 0.1386794421875 0.1105221828125
0 0.09213475156249999 0.1180348328125 0.0850694234375 0.119110503125 0.08119452499999999 0.1196733109375 0.07125509218750001 0.12084838906249999 0.06967291875 0.12216316093749999 0.06729729375 0.12331309374999999 0.05829198437500001 0.1246460828125 0.054175459375 0.125421246875 0.046644009375 0.12615784531250002 0.045414225 0.12918107968749998 0.0541711109375 0.13019315625 0.060906281250000006 0.12907048906250002 0.0611916859375 0.1323539546875 0.0688853578125 0.13082889375 0.07138924375 0.128507575 0.0770865765625 0.1272866015625 0.086459978125 0.1266156390625 0.090684346875 0.1244748453125 0.09840434375 0.125083721875 0.1053354671875 0.122432196875 0.1115732 0.1204034375 0.108236928125 0.11946892812500001 0.1025453578125 0.119399415625 0.097946534375 0.11921819375 0.10202400468749999 0.1176678640625 0.1009945703125 0.1161546796875 0.0999095828125 0.1163252765625 0.09213475156249999 0.1180348328125
0 0 0.142897271875 0.0046906828125 0.141763025 0.012579189062500001 0.1411350109375 0.0189392546875 0.1392237953125 0.0177068921875 0.137827778125 0.012384296875 0.13801013906249998 0.009033875 0.138121903125 0 0.13947887812499998 0 0.142897271875
0 0.1307192421875 0.1364478359375 0.1330654359375 0.1352271546875 0.126452478125 0.135150790625 0.1174986828125 0.1355089921875 0.1123760125 0.136457465625 0.1047331875 0.1381374359375 0.10171910312500002 0.13748799843749998 0.10303484062499998 0.1344902953125 0.10807996718749999 0.1336112453125 0.11746982343750001 0.1323195375 0.1251910421875 0.1308921296875 0.125279009375 0.1300549109375 0.1198855171875 0.1291292390625 0.1108965 0.12931675 0.10958808125 0.1294542703125 0.10762106406250001 0.1294991875 0.09342383125 0.130105271875 0.086619425 0.1304795140625 0.0812134796875 0.13176726875 0.0777472546875 0.13237667656250002 0.066585725 0.13344925000000002 0.06298533125 0.1353532109375 0.059554631250000004 0.136808853125 0.0500983171875 0.137378553125 0.040105596874999996 0.1383157109375 0.035499529687499996 0.13999386875 0.040770628125 0.142759603125 0.0495107671875 0.14365717656250002 0.058125114062500004 0.1430439984375 0.067096828125 0.14210888906250002 0.07416500468750001 0.1406118625 0.0806713984375 0.1411990375 0.084786078125 0.1422748296875 0.08677612812499999 0.142419165625 0.098992965625 0.1416410203125 0.1135675859375 0.141875090625 0.12153975624999999 0.1386648109375 0.1307192421875 0.1364478359375
0 0.15018482500000002 0.1222729765625 0.14819566875 0.1237216484375 0.1484656515625 0.12573728281250002 0.1540876203125 0.1258172515625 0.152127559375 0.1216681546875 0.15018482500000002 0.1222729765625
0 0.10114567031249999 0.1554258921875 0.1060485453125 0.1573190859375 0.11390595781249999 0.158353428125 0.122799584375 0.1573181203125 0.134361578125 0.155959934375 0.13846140468749998 0.1557882578125 0.14723093125 0.15391602499999998 0.15952646406249998 0.1524964515625 0.1682798015625 0.15058978437499998 0.17575103593750002 0.14947459375 0.1845867875 0.14929376562500002 0.16904438125000001 0.13568131875 0.1698139796875 0.1398345640625 0.15073840624999998 0.1390649125 0.1429826890625 0.139880071875 0.1309243859375 0.141478953125 0.12293950625000001 0.1438657375 0.12482456093750001 0.144954346875 0.132792359375 0.1456188765625 0.1395974375 0.1440850875 0.145030121875 0.142827515625 0.1541750609375 0.14186634375 0.1543752 0.143875178125 0.151005128125 0.1451751921875 0.1440395375 0.1444194671875 0.139727109375 0.14537861875 0.140019575 0.1479669140625 0.13866282968750002 0.14857141875 0.1340432546875 0.148775728125 0.124090265625 0.1498218296875 0.11259726562500001 0.1513880046875 0.104826853125 0.15307981406249999 0.10114567031249999 0.1554258921875
0 0.048959 0.1886928109375 0.0554833578125 0.1868648796875 0.063817696875 0.1855757046875 0.054675875 0.18543048906249998 0.051179640625 0.1844389515625 0.0465017765625 0.1850154546875 0.04170798125 0.185849234375 0.038044390625 0.188138475 0.048959 0.1886928109375
0 0.0576216796875 0.14750700781249998 0.0587636734375 0.14627934843749998 0.0552836640625 0.1456066109375 0.051748828125 0.14512973906249999 0.0424318203125 0.1470846546875 0.0382687328125 0.14907603593750002 0.05359658125 0.14886801249999998 0.0576216796875 0.14750700781249998
0 0.015085278125 0.1596573328125 0.0183799578125 0.15931419062500002 0.0272929046875 0.157117375 0.03478600625 0.1563298171875 0.0336520734375 0.155705865625 0.0293278125 0.1549380421875 0.021340012499999998 0.15613109375 0.01369531875 0.15824174375 0.015085278125 0.1596573328125