0 0.38209868281250003 0.3107552859375 0.3716189453125 0.310257209375 0.3694436875 0.3126281234375 0.38246718281250003 0.3234342484375 0.4086487140625 0.33943706093750003 0.424486990625 0.34804525000000003 0.43278979843750004 0.35155437031250003 0.4396266515625 0.3528735140625 0.44863144843749997 0.3575963015625 0.47079935468749995 0.3630233890625 0.486910190625 0.3578399984375 0.49227733906250004 0.358250934375 0.49732716874999994 0.357292453125 0.5135024687499999 0.35122855625 0.512868559375 0.34720715156250004 0.515620740625 0.3433230578125 0.512047796875 0.3387697234375 0.5130106859375 0.335176178125 0.5178044468749999 0.33389350156250003 0.5342382453125001 0.324945096875 0.538781228125 0.3207708609375 0.5401911703125 0.3167827 0.53859718125 0.314430625 0.533231896875 0.311453028125 0.5302962359375 0.3083548421875 0.5221859234374999 0.3041273140625 0.5165033203125 0.29978030312500004 0.51446246875 0.2958963109375 0.49395903125 0.288090853125 0.47849843593749997 0.2838204078125 0.474794459375 0.282955721875 0.4707041453125 0.28288691250000003 0.4689122078125 0.28446114218749996 0.4637379609375 0.2833302890625 0.45856217499999996 0.2834850328125 0.45197704375000003 0.2856998953125 0.44154954062499996 0.293947721875 0.435284371875 0.2962483171875 0.432729196875 0.2955636609375 0.42794445000000003 0.2891456515625 0.4211132109375 0.283978078125 0.40481889375 0.282179190625 0.39038378281249997 0.2760013546875 0.37306943124999997 0.27290196093749997 0.371596159375 0.2764865421875 0.37472094375 0.281432578125 0.3726071796875 0.285487734375 0.37445175625 0.29265789999999997 0.37962470625 0.2957133703125 0.3829469 0.296089146875 0.3849301984375 0.295080596875 0.3891387515625 0.30172920937500003 0.388427421875 0.30949729531250003 0.38209868281250003 0.3107552859375
0 0.42660018749999995 0.5049818578124999 0.4310055828125 0.507702253125 0.441357125 0.508678765625 0.446084721875 0.5102027234375 0.45241532500000003 0.5063780703125 0.4619406265625 0.50341105 0.47459168125 0.5047465140625 0.4783641109375 0.50408795 0.47721960625 0.49813255625 0.4753699546875 0.49545477499999996 0.4613845421875 0.48759864375 0.44893386562500004 0.47912817187499995 0.434051 0.473341528125 0.4299037 0.4677381328125 0.42498190312500006 0.4688587125 0.4143668171875 0.47397309375 0.4114268109375 0.4740847171875 0.40873442187500003 0.48157918125 0.404963503125 0.48223814843749996 0.395061253125 0.47958485 0.3860568625 0.474860553125 0.3749401671875 0.47162625937499997 0.3680371484375 0.4731137484375 0.3606250453125 0.4726676546875 0.35685299062500003 0.474610709375 0.3536526515625 0.478887503125 0.358822390625 0.483868696875 0.3590701703125 0.49061100468749996 0.3648819421875 0.49383602812499994 0.37542598125 0.49409413437499994 0.3805968546875 0.4977912421875 0.3876232359375 0.500956728125 0.40461311718750004 0.5078207296875 0.4136855875 0.5097372890625 0.42052373750000005 0.5091318140625 0.420912509375 0.5051272328125 0.4233407859375 0.50436570625 0.42660018749999995 0.5049818578124999
0 0.3011608265625 0.500385715625 0.2981586265625 0.49880967343749993 0.2925369203125 0.498074946875 0.287938653125 0.49478846875000004 0.2821898859375 0.493248090625 0.27848569843750004 0.49045838281250004 0.2726093015625 0.488754396875 0.25254557499999997 0.48761488125 0.24931106875000003 0.48991226093750007 0.26013891875 0.4963254265625 0.2693913046875 0.4990375328125 0.284664996875 0.5070059203125 0.2950154046875 0.50926651875 0.301985934375 0.5056133328125 0.302693159375 0.5016940812499999 0.3011608265625 0.500385715625
0 0.3586995125 0.37252740625 0.36368277187500003 0.3743770703125 0.372169465625 0.384866959375 0.37817503124999996 0.3854489578125 0.3834167890625 0.38441411406250003 0.38783681406250003 0.37558539375 0.3757692953125 0.3669587703125 0.38178725 0.357273825 0.386520490625 0.3536633546875 0.3875532921875 0.34598140625 0.38257227031249996 0.342849571875 0.37317459999999997 0.3459801984375 0.360255490625 0.354585971875 0.34989830624999996 0.3587438875 0.3471438859375 0.363910153125 0.34816165312499997 0.36777882968750003 0.3530139109375 0.3720311421875 0.3586995125 0.37252740625
0 0.2567839828125 0.3088875 0.2508415828125 0.3093496140625 0.2594548015625 0.3200011984375 0.26628828125 0.32388659999999997 0.27599239062500003 0.33239273593749996 0.281611828125 0.335695634375 0.3157871359375 0.347420040625 0.3270301140625 0.3501770046875 0.33003779375 0.3472591515625 0.33119317812500004 0.342947196875 0.3192075890625 0.3186807390625 0.310720328125 0.3088328921875 0.3059953734375 0.306025253125 0.2970623859375 0.293361403125 0.27828264375 0.287429990625 0.2759804875 0.2883547203125 0.2716288671875 0.293094634375 0.26887217812499997 0.3008290703125 0.26382275312500003 0.30178604062500003 0.2567839828125 0.3088875
0 0.2392594890625 0.2882016609375 0.22899915625 0.2887200046875 0.2251814546875 0.288690271875 0.22169018125 0.2928454359375 0.22336756875 0.2944757515625 0.23485947812500002 0.2952773921875 0.2396978078125 0.2931703484375 0.25436812343750004 0.2915398734375 0.26794338125 0.2915813859375 0.262953409375 0.282222553125 0.256938365625 0.2799734859375 0.24758640468749998 0.280905075 0.2392594890625 0.2882016609375
0 0.6338919 0.78628850625 0.6410375593750001 0.7854952843749999 0.6530757625 0.787753575 0.6511875500000001 0.781217146875 0.646571728125 0.778050521875 0.633711903125 0.7742100421875 0.6350665453125 0.772360115625 0.633779753125 0.7687347890625 0.6172133750000001 0.7664359515625 0.611717796875 0.7645120999999999 0.596566853125 0.7601968328125001 0.5919472 0.759893984375 0.5806691171875 0.76199503125 0.5836985828125 0.76526231875 0.593800571875 0.7716556921875 0.6085525359374999 0.7786673875 0.61153016875 0.77915789375 0.6167255125 0.7822565703125 0.6248331406250001 0.7860352984375 0.6338919 0.78628850625
0 0.53023536875 0.8187296906249999 0.5173688640624999 0.8173591437500001 0.5124905515625 0.8202432546875 0.51558950625 0.8202809828125 0.5167969234374999 0.8248847296875 0.527537375 0.8287202562499999 0.549947903125 0.834437203125 0.5581811421875 0.838049003125 0.5672569609375 0.8401945421875 0.5768169609375 0.8383416546875001 0.57685220625 0.8340385265625001 0.5789372859374999 0.8300662703125001 0.5710627203125 0.8283396625 0.554721603125 0.8241859234375 0.5423915 0.8239587937499999 0.537485665625 0.8212466562499999 0.53023536875 0.8187296906249999
0 0.6132817968750001 0.8301778359374999 0.6189752609375 0.8332708671875 0.62863520625 0.8344438265624999 0.64181464375 0.8364757125000001 0.64582336875 0.8360098734375001 0.6344124265625 0.8313864656250001 0.63496706875 0.8278857328125 0.6291494875 0.8276646875000001 0.6194306984375 0.8259567078125001 0.6092189718750001 0.8244644328125 0.607824521875 0.8291312921875 0.6132817968750001 0.8301778359374999
0 0.6601009999999999 0.8368591343749999 0.6673401343750001 0.8413013109374999 0.67311335625 0.8389772796875 0.671146653125 0.836295634375 0.661009525 0.8320135437499999 0.6484491078125 0.829120334375 0.6489170453125 0.8322156671875 0.6502022296875001 0.834494703125 0.6601009999999999 0.8368591343749999
0 0.1946061015625 0.826526553125 0.20569837343750003 0.8276303687500001 0.20011502499999997 0.8249534531249999 0.19478962187499999 0.8223763875 0.1814012734375 0.821069834375 0.18432569375000002 0.82262826875 0.1946061015625 0.826526553125
0 0.6451245125 0.8821269609375 0.65105471875 0.8811730578124999 0.6451900937499999 0.8779581343749999 0.6385226281249999 0.8738697203125 0.6228679625 0.8650713218750001 0.628744021875 0.8782409015624999 0.6358632 0.8798103968750001 0.6451245125 0.8821269609375
0 0.63062875 0.8842409640625 0.62659038125 0.8859282500000001 0.62599615625 0.8861718156249999 0.628767678125 0.887739428125 0.6358398265625 0.88991910625 0.6442683031249999 0.8919510421875 0.6511641078125 0.8937987671875 0.6573238140625 0.8943428046875 0.6574573640625 0.8920815703124999 0.6555254500000001 0.885394315625 0.646726446875 0.88549379375 0.6400014078125 0.8842644625 0.63062875 0.8842409640625
0 0.7541347453125 0.8842863390625 0.7758700953125001 0.8882549 0.7781293359375 0.8849245937499999 0.7706875906249999 0.8806529765625 0.767633625 0.879608203125 0.759625484375 0.8804145828125 0.7525360140624999 0.880346109375 0.745792309375 0.8789872203125 0.7335427671875 0.87653965625 0.7252509218750001 0.8774932484375 0.7261812437499999 0.8793277953124999 0.7354054999999999 0.8822475078125 0.7541347453125 0.8842863390625
0 0.7068109359375 0.9936003187500001 0.7116877859375 0.9936194421875 0.7108685984374999 0.9910139546875 0.705488275 0.9886599640625 0.701249153125 0.9880417328125001 0.695600971875 0.987731815625 0.6950665218750001 0.990843259375 0.6976855093750001 0.9919478015625 0.6977454328125 0.993094575 0.7030041687499999 0.99334866875 0.7068109359375 0.9936003187500001
0 0.7643409531249999 1 0.7612551578125 0.9995165484375 0.75226388125 0.9967838203125 0.747552903125 0.9972685453125001 0.740563865625 0.9939335109374999 0.7331428843750001 0.9939250312500001 0.726592415625 0.9935836374999999 0.7293721953125 0.9956516890625 0.7346608234375 0.9977562609374999 0.7388892499999999 0.9995735171875 0.734527015625 0.999559640625 0.7346305265625 1 0.7643409531249999 1
0 0.8023866046875 1 0.80070404375 0.99808573125 0.7928660828125 0.9941155875 0.7846041546875 0.991600934375 0.7758932234375 0.989258759375 0.7687580265625 0.9881233453125 0.762894209375 0.9852434859375 0.7594383546875 0.9827645796875 0.7576322078125 0.981916659375 0.7459479453125 0.978264996875 0.7324252484375 0.9728233968750001 0.723832125 0.9729634812500001 0.7144678437499999 0.971743571875 0.7118400296875 0.972042375 0.7179863921875 0.9744835390625 0.7264738484375 0.9773578828125 0.731596175 0.9783082078125 0.739333415625 0.9794787640625 0.7419145671875 0.9811652171875 0.7396119390625 0.983492296875 0.734586884375 0.9825049484375 0.7253577921875001 0.9803458390625 0.7176378765625 0.9789114 0.7172557187499999 0.9796614859374999 0.721959246875 0.98245853125 0.730418415625 0.9855048515625 0.7316892109375 0.985845359375 0.733541678125 0.9865083406249999 0.7470131390625 0.9910303453125 0.7534997156250001 0.9931194421875 0.7590080890625 0.9938545359375001 0.7624624812499999 0.9945277890625001 0.77326704375 0.9975263906249999 0.77731061875 0.9970391546874999 0.7810351078125 0.9969096484375 0.7900675015624999 0.999766628125 0.790900971875 1 0.8023866046875 1
0 0.694061825 0.9753829906249999 0.688841921875 0.9732936000000001 0.68918489375 0.9778695374999999 0.691215340625 0.9780011015625 0.6935915359375 0.9773615 0.694061825 0.9753829906249999
0 0.738014659375 0.9573182812500001 0.7293407234375 0.9550976359375 0.7180599421875 0.9522221625 0.7141708999999999 0.9509131890625 0.7053128937500001 0.949518353125 0.6933252953125 0.9464373140625 0.6844700609375 0.9450804249999999 0.677095415625 0.9434440953125 0.668781728125 0.9404464625 0.6784135484375 0.9587246765625 0.67918345625 0.9545714890625 0.6967162203124999 0.96212609375 0.7042489328125 0.9641444781249999 0.7160793171875001 0.9669731031250001 0.7243891921875 0.9676063718749999 0.7230194640625001 0.965914525 0.7158190296875 0.9624387296875 0.7089162796874999 0.9614319234375 0.703393759375 0.9606590687500001 0.69451176875 0.958279146875 0.695044825 0.9563320140625 0.69865694375 0.956326071875 0.7048890546875 0.9595278453124999 0.70925878125 0.9601778375000001 0.7099133046875 0.9576566453125 0.71139656875 0.9575785046874999 0.7157825328125 0.9590432734375 0.7254493359375 0.9616334859375 0.73674024375 0.9642900593749999 0.7446008390625 0.9654952859374999 0.7488782796875 0.9646242515625 0.744979509375 0.9610997687499999 0.738014659375 0.9573182812500001
0 0.7945316703125 0.9498541265625 0.80301425625 0.9532658312500001 0.8059229359375 0.9554444500000001 0.8104967000000001 0.9565826359375 0.8152708921875 0.9575221765625 0.8195115390625001 0.9566979 0.8095205296874999 0.9522689359375001 0.8027744453125001 0.9516373375 0.7945316703125 0.9498541265625
0 0.7881752343749999 0.9902268125000001 0.7913043937500001 0.9919387828125 0.8007031484375 0.9934526296874999 0.8053033718749999 0.9930854312499999 0.79091904375 0.9877866281250001 0.7866735499999999 0.9876147703125 0.7851674546875 0.988351634375 0.7881752343749999 0.9902268125000001
0 0.8184319484374999 0.9895115796875 0.8111543015624999 0.987561540625 0.8119893140625001 0.988550415625 0.8157511953125001 0.9908169156250001 0.8236359999999999 0.9925656796875 0.831529325 0.9933348296875 0.8307389890625 0.9915151468750001 0.82754016875 0.990654790625 0.8184319484374999 0.9895115796875
0 0.873182034375 0.9958559359375 0.8837265296875 0.997078265625 0.8848361203125 0.9956236984375 0.8807448843750001 0.9927933671875 0.872175915625 0.9919256765625001 0.8623239437500001 0.9900687749999999 0.8631969859374999 0.9907346109375 0.8668207750000001 0.994180559375 0.873182034375 0.9958559359375