0 0.8795466234375 0.93233760625 0.8999915703125 0.95360919375 0.9122617937499999 0.969285353125 0.9162755484374999 0.9788694874999999 0.9252596703125 0.9326501859375 0.9365200843749999 0.874720378125 0.9414077765625001 0.849575384375 0.9253909859375 0.8500291343749999 0.9235621140625 0.8766425718749999 0.8991534609375 0.868351603125 0.8882192765625 0.8677399609374999 0.8689247515625 0.87344445 0.8626624015625 0.8887351578124999 0.869600834375 0.9090924703125 0.8795466234375 0.93233760625
0 0.6407029640624999 0.6307719140625 0.6355311968749999 0.63200939375 0.63473896875 0.6417926625 0.636270359375 0.6535429390624999 0.6375515468749999 0.6524628703124999 0.645677328125 0.6665152734374999 0.6589177765625001 0.679877803125 0.6751977546875 0.6927853796875 0.68691463125 0.7037172265625 0.6945233359375 0.6980906609375 0.7010466109375 0.6905881421875 0.7041227796875 0.680478421875 0.7049776921875 0.6667614015625001 0.698938621875 0.654273403125 0.6930046828124999 0.6476809703125 0.6908492515625 0.6461589171875 0.6832769187500001 0.6446870046875001 0.6667764843749999 0.6411024015625 0.656794715625 0.6395871390625001 0.6407029640624999 0.6307719140625
0 0.6803569781250001 0.6264622 0.671184759375 0.6244835171875 0.6624154734375 0.6276544546875 0.6585930984374999 0.62699423125 0.6535125421875 0.6246998484375 0.64577670625 0.6248388359375 0.643752240625 0.6322321343749999 0.6489202296875 0.6374341218749999 0.6562924531250001 0.6382813734375 0.666470815625 0.634559809375 0.6694581421875 0.63391484375 0.6743881296875001 0.63273383125 0.6803569781250001 0.6264622
0 0.6987032515625 0.710463996875 0.6879741593750001 0.71043500625 0.6688247609375 0.706712740625 0.6650318859375 0.7063511328125001 0.6634802843750001 0.7095020265625 0.6765980046875 0.7189839015625 0.6931767125 0.71993028125 0.6914265937499999 0.7282460000000001 0.6968406796875 0.737758515625 0.7016667734375 0.7424101546874999 0.7130838234375 0.7461797640625 0.722267459375 0.74398074375 0.716428221875 0.72968675625 0.7109572156249999 0.7208683203125 0.702292778125 0.7122648093749999 0.6987032515625 0.710463996875
0 0.627331175 0.7299361328125 0.6281592703125 0.7159066937499999 0.6260471953125 0.6899963953125 0.62119130625 0.676154596875 0.6210481765625 0.67377099375 0.611968065625 0.6717115265625 0.6017779 0.6740443875000001 0.5959670671875 0.6698730515625 0.60022110625 0.6628096734375 0.5849943140625 0.6566934546875001 0.5762619124999999 0.6513875625 0.569619365625 0.6461313453125 0.562067571875 0.6571236046875 0.5516543515625 0.66399415 0.5491418125 0.675650775 0.5396168625 0.6763301859374999 0.5205409765625 0.673621825 0.505171815625 0.6801609562500001 0.4947583171875 0.6928715578125 0.497455309375 0.701491415625 0.5025915671875001 0.7109674359375 0.5011711062499999 0.723122853125 0.5057358703125 0.7244431078125 0.5126632171875001 0.7260395515625 0.5216420281249999 0.7345243031249999 0.5364345796875 0.7342352953125 0.5440509875 0.7360373078125 0.549347675 0.7417482 0.56120111875 0.754360415625 0.5662591031249999 0.7512925984375001 0.582552321875 0.7468208953125 0.587517584375 0.7449097625000001 0.6122313390625 0.7485357375 0.6215835390625 0.7432257875 0.627331175 0.7299361328125
0 0.6173145390625 0.6316200890625 0.612742296875 0.6230256984375 0.6038091171875 0.619407821875 0.6014455421875 0.6189483890624999 0.600244075 0.6284213078125 0.609304290625 0.644250275 0.6215794796874999 0.642376821875 0.6173145390625 0.6316200890625
0 0.500130325 0.452374859375 0.49236754843749997 0.45161245625 0.484677175 0.453188075 0.47820673124999996 0.45793759375 0.4795567890625 0.462677596875 0.47847660937500003 0.47134638281249996 0.47612532500000004 0.477407534375 0.48440477812499994 0.48587890937499995 0.4920120078125 0.4908562609375 0.5091359875 0.496187240625 0.513599290625 0.48962773750000005 0.51215698125 0.480522746875 0.5100002109374999 0.4669700265625 0.50658144375 0.4596313 0.500130325 0.452374859375
0 0.3812066890625 0.4641892859375 0.39331214062500003 0.470591746875 0.40899066875 0.46906944375000004 0.41961259375 0.4709272109375 0.427587890625 0.4725124703125 0.3878148796875 0.4388486734375 0.368670015625 0.4361348625 0.3564293015625 0.43950966718749995 0.35740338125000004 0.44510298125 0.362504253125 0.4500770375 0.37228552812500004 0.45650524687500005 0.3812066890625 0.4641892859375
0 0.268776925 0.3071116546875 0.26138866875 0.30879534375 0.25851743437499997 0.3127737046875 0.2534085484375 0.31810145625 0.24787976718750002 0.3202420953125 0.28355096562500004 0.3471904734375 0.289889784375 0.3373122359375 0.2925469578125 0.32480508124999996 0.288416984375 0.313959978125 0.28180529375 0.30817652500000003 0.268776925 0.3071116546875
0 0.43487085 0.35330411875 0.4417630671875 0.3503890953125 0.44405857031249996 0.35033071250000003 0.45098557968749997 0.3458036484375 0.44760997343750003 0.3405521296875 0.4439062640625 0.34217206718750004 0.43889331406250004 0.34387814687499996 0.4326371359375 0.3438813453125 0.4296171765625 0.3473309890625 0.43487085 0.35330411875
0 0.083248221875 0.3700821171875 0.0815996265625 0.3714473203125 0.09159674375 0.375233803125 0.0961876609375 0.3771401296875 0.10016403437500002 0.37403556718750003 0.0983877546875 0.369924225 0.09043559375 0.3690470140625 0.083248221875 0.3700821171875