0 0.265782821875 0.22611967656249998 0.26514397500000003 0.2459625125 0.269663215625 0.2492044046875 0.274620121875 0.246075371875 0.27657361406250003 0.2463623390625 0.29427753125 0.2413021640625 0.301393190625 0.23948942343750002 0.30445086875 0.2333486953125 0.3008597359375 0.22265808593749997 0.2921372390625 0.204510115625 0.2810285734375 0.198019403125 0.267445571875 0.2007285 0.265782821875 0.22611967656249998
0 0.40718204687500004 0.23375647812499997 0.4179705875 0.24236125937500003 0.4228642171875 0.25149361875 0.4246955703125 0.260784625 0.4344209484375 0.2681074328125 0.4506255890625 0.269771553125 0.4642799828125 0.2630623796875 0.4712505109375 0.2650722640625 0.47982811875 0.25420194218750003 0.488504825 0.24222802968749998 0.49758200312499995 0.2462992640625 0.50746648125 0.25862661249999996 0.5262673203125 0.26782769375000004 0.53906454375 0.271786275 0.5417747171875 0.2609833875 0.548955125 0.24357310625 0.55397174375 0.22713613281249997 0.5593565 0.21188554218750003 0.549595896875 0.18851336875 0.5418413453125 0.18600069375 0.52167685625 0.1895809359375 0.5052383015624999 0.1810478296875 0.48787576250000003 0.1770597765625 0.47505074374999995 0.1767017765625 0.4690161625 0.174724446875 0.4471896390625 0.17541765625 0.4391549390625 0.1837430890625 0.42996814531250005 0.1915431265625 0.42537019374999996 0.2014104890625 0.4210993046875 0.21000537812500003 0.4195087328125 0.2216415203125 0.410587778125 0.2228847546875 0.4040143578125 0.2272916390625 0.40718204687500004 0.23375647812499997
0 0.6261542906249999 0.41812876875000005 0.6277105546875 0.415047009375 0.6154802015625 0.4067000921875 0.6072530671874999 0.40306108281249997 0.6103307765625 0.3990754390625 0.605551253125 0.38837847812500004 0.5953634609375 0.382113490625 0.58388285625 0.38582480937499997 0.5807429546875 0.39087903125 0.5771333765625 0.396378134375 0.5814496359375 0.4057035 0.6043345687499999 0.41204970625000004 0.6261542906249999 0.41812876875000005
0 0.5970946890625 0.4760051578125 0.604286103125 0.47467700781250005 0.6093891296875 0.46950318593749996 0.610865496875 0.45638672187499996 0.6052328375 0.4432634015625 0.5997905578125 0.4273951125 0.5846032484375 0.41727511093749997 0.5680691671875 0.42229335 0.5619072671875001 0.4281621890625 0.554220703125 0.44700941250000004 0.554496221875 0.46056321093749997 0.55665335625 0.46452333125 0.5682371374999999 0.4632564140625 0.558378309375 0.4750223578125 0.5718115140625 0.47629219218749996 0.5970946890625 0.4760051578125
0 0.6463915765625 0.4531319671875 0.6578933 0.45453927656250004 0.6638943765625 0.4670978578125 0.6753463578125001 0.47380836718749997 0.6815375453125 0.47092540781250003 0.6977303515625 0.4633286421875 0.7030426750000001 0.460918340625 0.710084384375 0.45774400000000004 0.7315821890625 0.4639916421875 0.7477233875 0.4608959921875 0.7667263625 0.4560738890625 0.7688978734374999 0.44961431875 0.7691424484375 0.44298084531250004 0.777734459375 0.43362928749999996 0.77306069375 0.42807253906250003 0.756523790625 0.4200275109375 0.7446837656249999 0.41557355625000003 0.7416755046875 0.407478365625 0.7390247796875 0.39816765468750004 0.7249020296875 0.399501375 0.7072893390625 0.396402728125 0.6808889437500001 0.397076834375 0.671708290625 0.4031762828125 0.6523755515625 0.41923243593750004 0.6406815953125 0.4340810015625 0.6406748578125 0.45073046406249995 0.6463915765625 0.4531319671875
0 0.49804109687500003 0.5013807796875 0.495005878125 0.49573185625000005 0.4936635515625 0.5002116328125 0.4934468703125 0.5033103156250001 0.49377271718750004 0.5108357515625 0.49804109687500003 0.5013807796875
0 0.7234630125 0.623264821875 0.707616009375 0.617695825 0.696101321875 0.611859634375 0.6991584734375 0.6213835890625 0.7013397515625 0.6317406640625001 0.712529734375 0.6427355218749999 0.729273134375 0.6463043625 0.7373200328125 0.6488249515625 0.7401985359375 0.64495538125 0.740658253125 0.6385155124999999 0.7378590109375 0.634486996875 0.7276932281249999 0.6256673203124999 0.7234630125 0.623264821875
0 0.6198245390625 0.624565096875 0.6326243765624999 0.6241632390625 0.639520209375 0.620364703125 0.6469824296875 0.61453666875 0.6504647703125 0.6147770453125 0.65090403125 0.605673009375 0.65132979375 0.5989347328125 0.642399003125 0.5888277578125 0.6313140546875 0.58546976875 0.623945596875 0.598468684375 0.6137924796875 0.6101200718750001 0.6128722640625 0.6208382390625 0.6198245390625 0.624565096875
0 0.593966978125 0.7145775046875 0.59665884375 0.7147657390625 0.6092683890624999 0.7144868437499999 0.6119265640625 0.7154480484375 0.616440065625 0.71350816875 0.6067659953125 0.7065492 0.60032025 0.70588231875 0.5952633781250001 0.7084921765625001 0.593966978125 0.7145775046875
0 0.733851984375 0.7497820843749999 0.7405246453125 0.7509221968750001 0.74845110625 0.7485349296875 0.7587867171875 0.745473446875 0.76213184375 0.744405753125 0.762553925 0.7382577203125 0.7583590953125 0.7335348484375 0.754941375 0.724911371875 0.7506982734375 0.721707584375 0.738046309375 0.729805690625 0.728049565625 0.7355473406249999 0.7264437874999999 0.7397627828125 0.733851984375 0.7497820843749999
0 0.6830734296875 0.7113024671875 0.6904382578125 0.7083903671875 0.6855298453125 0.70493486875 0.6811547796874999 0.7087029203124999 0.6830734296875 0.7113024671875
0 0.918972559375 0.709585025 0.918978440625 0.71478716875 0.9216717359375 0.7160077046875 0.925520715625 0.71568635 0.9298588062500001 0.714664596875 0.9204997671875 0.7075459656249999 0.918972559375 0.709585025