0 0.4876119015625 0.5089123078125 0.489115228125 0.5055144546875 0.48835803125000005 0.5010045828125 0.5004541125 0.49766431562499996 0.50367991875 0.48665711875 0.5194895203125001 0.48512618124999995 0.521732325 0.48338179531250003 0.5238130828124999 0.47529523593749995 0.5283782671874999 0.47031796249999996 0.5321275562500001 0.4682801421875 0.524372875 0.467748565625 0.4939128234375 0.4803091234375 0.4802905671875 0.490647859375 0.47176215312499997 0.49541586249999997 0.45475048281249997 0.510419540625 0.44690810625 0.514725940625 0.4446798171875 0.519328128125 0.44019256406249996 0.5228183796875 0.43932326406250005 0.52674701875 0.43580091562499995 0.5307838296875 0.4331265359375 0.5375985156249999 0.4340961109375 0.54435539375 0.43767985625000005 0.5486410140625 0.44293730781249996 0.5494125375000001 0.4425042171875 0.5513769390625 0.43247916562500005 0.553085859375 0.424709803125 0.5496996015625 0.41704437812500006 0.544330128125 0.406897715625 0.5420600453125 0.4040062390625 0.543523221875 0.41240293906250003 0.5538972015625 0.415516265625 0.563994290625 0.420880646875 0.5658901375000001 0.42653374218750006 0.5654416343750001 0.43273009375000004 0.5672559125000001 0.44339716406249996 0.5753893921875 0.44473646093749997 0.5814208765625 0.43826086406250003 0.5912642109374999 0.43336496562500004 0.5962225859375 0.4262084609375 0.6000705046875 0.4271277515625 0.6078167328124999 0.41815168593749996 0.6147971531249999 0.41523744218749997 0.619859384375 0.41299455625 0.6216053296874999 0.4083192859375 0.622353859375 0.4017402921875 0.6215115109375 0.39684431249999996 0.6264714484375 0.3909123484375 0.6259117890625 0.38758778125000004 0.6293393671875 0.387315225 0.6345400421875 0.3841999625 0.637108646875 0.3907577875 0.6446543859375 0.3944713078125 0.646463715625 0.40002370625 0.6511012859374999 0.40122855468749996 0.6533987421874999 0.41854421875 0.6673459625 0.42599726562500007 0.6704684296875 0.42940915156250004 0.67486865 0.4368865609375 0.6774964 0.44678191875 0.6782622078125 0.451656565625 0.6800087828125 0.4577392171875 0.687157234375 0.460134271875 0.6920017203125 0.45630036093750004 0.7019834984375 0.453567821875 0.7035786125 0.45137854062500005 0.707436509375 0.44354908281250005 0.7114963734375 0.4283569734375 0.7233675484375001 0.4260508359375 0.7294551968749999 0.42186845625 0.73345741875 0.415765771875 0.7487840328125001 0.41785751250000003 0.75311663125 0.41676283124999997 0.7550463609375 0.407422603125 0.730253240625 0.364841371875 0.7253163828125 0.38053450624999996 0.750936871875 0.3986375125 0.7657436640624999 0.409431859375 0.77234420625 0.42088314374999997 0.7680516984375 0.42400315937500005 0.7716918515625 0.431086403125 0.7755412734375 0.43419497656250006 0.7794296046875 0.44395891406250004 0.7826731796875 0.46811838281249996 0.7829457750000001 0.4729801078125 0.7849388875 0.4786981328125 0.7832514578125 0.5038743515624999 0.7830813453125 0.50665056875 0.786952259375 0.516403146875 0.790442453125 0.5187431171875 0.7931733484375 0.5182758546875 0.8020892375 0.521214084375 0.8091980671875 0.51979491875 0.8173192984375 0.5215103328125 0.8288326671874999 0.5373828453125 0.838730059375 0.54398784375 0.8390762125 0.5633032578125 0.8433179171875 0.5682688390624999 0.8433293734375 0.5691739078125 0.8355535843749999 0.574971378125 0.83548503125 0.5707598375 0.8368790265625 0.5699830312499999 0.839072628125 0.5705262062500001 0.8413369718749999 0.5739479390625 0.8423846749999999 0.5775237734374999 0.8373571171874999 0.589208053125 0.8323805546875 0.58841193125 0.8286134140625 0.59111686875 0.8244101562499999 0.6063007296875 0.8189958359375 0.6077552859375001 0.8196932296874999 0.6084574 0.822089509375 0.612063909375 0.8227760749999999 0.6135948390625 0.821986365625 0.6127467890625 0.8192100515625 0.6091662015625 0.818028853125 0.6103906609374999 0.813622834375 0.6126350265625 0.81187853125 0.6190650093750001 0.8092348640625 0.6232230265625 0.8057273593750001 0.6282275328125 0.804996084375 0.631362109375 0.808388221875 0.6343200296875 0.80879201875 0.6410387281250001 0.8038040000000001 0.647937534375 0.792244525 0.6504852125 0.791012109375 0.652679246875 0.7933629703125 0.65545386875 0.794129546875 0.65686634375 0.7924652515624999 0.6554101906249999 0.78866351875 0.6585758187499999 0.7851040046875 0.6581234953124999 0.7811061031250001 0.6670185562500001 0.7725067250000001 0.679690046875 0.7771450062499999 0.68222788125 0.77926510625 0.6924394703125001 0.780296265625 0.6941064078125 0.7832406656249999 0.69093921875 0.7868000984375 0.6973786718749999 0.7934696921875 0.7028370609375 0.7967364015625 0.70533596875 0.7995992328125 0.7147171828125 0.8038162984375001 0.717152721875 0.8079181359375 0.727719471875 0.808471915625 0.7233396046875 0.80041915625 0.7235732359375 0.7959612109374999 0.7174937406249999 0.7919171796875 0.71456843125 0.7845618140624999 0.71583349375 0.7825158421875 0.719835728125 0.7819808203124999 0.7237569578125 0.7798268390625 0.72141690625 0.77709750625 0.71705635625 0.7750054875 0.713099734375 0.7683408421875 0.7143241921875 0.763934825 0.7095533171875 0.7602081546874999 0.7144118875000001 0.759096846875 0.7163644640625 0.756590915625 0.7202726921875 0.75468503125 0.729292434375 0.7531706375 0.7330531296875 0.7477803828125 0.7445249484375001 0.7405583734375 0.7522749953125001 0.7379838890625 0.7591655515625 0.7328812703125 0.76418461875 0.7319019812499999 0.7688178078125001 0.7287917625 0.770267646875 0.72638465625 0.7748374671875 0.72451344375 0.7779771734375001 0.7214485640625 0.788132084375 0.7172617921875 0.7932112828125 0.7119406374999999 0.8014364640625 0.7066591843750001 0.80293823125 0.70326125 0.8084697999999999 0.6988321796875 0.8073688046875 0.69455306875 0.8102051984375 0.6909763 0.80711434375 0.689944371875 0.8028170812500001 0.6866149078125 0.80368638125 0.6826862703125001 0.799969703125 0.6777725203125 0.8008975375 0.666397678125 0.8064342343750001 0.6555115890625001 0.8017282890624999 0.65054599375 0.7939153671875 0.6447964046875 0.7814318109375 0.64290140625 0.77852425625 0.6415067015625 0.77530354375 0.6429526234375 0.76849399375 0.6496742 0.7621549453124999 0.6505827484375 0.7573435843749999 0.6475987265625001 0.75339319375 0.64714448125 0.7466989046875 0.64853196875 0.7449914828125 0.6463302171875001 0.7439829 0.640317628125 0.7472310953125 0.6383771546875 0.75985743125 0.6375477671875001 0.7618878578125 0.6335563734375 0.782483190625 0.622839875 0.7851736484375 0.6188830734375 0.7901376328125 0.6157901921875 0.8009671734375001 0.614494253125 0.8078529765625 0.6031828765625 0.819955746875 0.593385671875 0.8232397109375 0.587598046875 0.8234214156249999 0.5841309296875 0.8133169171875 0.584220975 0.8074561140625001 0.588632790625 0.802107809375 0.589594825 0.7966411718749999 0.5927849703125 0.791279946875 0.5939935421875 0.78616018125 0.6000589062499999 0.7809188890625001 0.60214370625 0.775058084375 0.6065555203125 0.7646907953125 0.608495284375 0.7538711 0.6064387078125 0.74901921875 0.601093078125 0.7453222328125 0.5894742953125001 0.7449607609375 0.583742834375 0.7398881703125 0.5826086140625 0.7354984578125 0.5779083703125 0.7296573468750001 0.5756151515625 0.7266702640625 0.5726031296875 0.7249742484375 0.5670489437499999 0.719515778125 0.56378379375 0.7168969390625 0.5600447359375 0.7094438921874999 0.55692226875 0.704459078125 0.5509485093750001 0.6989357593750001 0.548920725 0.6840249125 0.536467034375 0.678793465625 0.5351993171875 0.6714053484375 0.5308379249999999 0.6654037015625 0.5253084328125001 0.6594571390625 0.5218925328124999 0.657008596875 0.5180387921875 0.6565692765625 0.5137927921875 0.6521406390625 0.5098352796875 0.6497065796875 0.505735084375 0.6546316390625 0.503384934375 0.661019540625 0.49837957812499994 0.6594174515625 0.49419781250000006 0.6620591390625 0.4943362578125 0.6656008015625 0.49626018906249997 0.6677641609375 0.492896925 0.673970278125 0.4913602484375 0.6737578984375 0.48911324062499995 0.67088926875 0.4869758046875 0.6756423890625001 0.4847418140625 0.6782534 0.47916613437500005 0.676320515625 0.4749670328125 0.6715771593750001 0.4738500671875 0.66673003125 0.4747131953125 0.6511765328125 0.48085135156250003 0.6449849328124999 0.48524582968749996 0.6409323296875 0.4867717625 0.633671971875 0.4926013359375 0.6234667765624999 0.49777745624999997 0.6187655015625 0.499022178125 0.6115587125 0.5038594468750001 0.5970593281250001 0.50881208125 0.5816435140625 0.521787125 0.579124915625 0.5256293265624999 0.5785864109375 0.5295753015625 0.57348949375 0.532040053125 0.5692162609375 0.5377758328125 0.5639084796875 0.541099475 0.5580300015625 0.53954906875 0.5484072828125 0.5335810249999999 0.5432147609375 0.5315705765625001 0.5379769999999999 0.5240940203125 0.5299288515625 0.5196980375 0.523377340625 0.5183611390625 0.518274109375 0.51461705 0.491628734375 0.5112335265625 0.4876119015625 0.5089123078125
0 0.21361745937499999 0.9317848921874999 0.21847918593750001 0.9337780046875 0.22394434687500003 0.9305862171875001 0.23432771406250003 0.9315043359375 0.22965761875 0.9226900296875 0.22157046249999998 0.9190383390625 0.2174482953125 0.9186971343750001 0.2127600234375 0.9196937593750001 0.21227500625 0.9226489875 0.20980677343749998 0.9255002812500001 0.21361745937499999 0.9317848921874999
0 0.16215060312500001 0.8838866187500001 0.1499668265625 0.892064865625 0.14747423125 0.8954108734374999 0.14097784062500002 0.8992918218750001 0.1347099515625 0.9051718453125 0.13076271718750002 0.9078220203124999 0.1241867984375 0.9100856531250001 0.12433589062499999 0.9135701062500001 0.13073010625 0.9147735890625001 0.14146555624999999 0.9121083499999999 0.15098487968750002 0.9073907125 0.1623949234375 0.9045120484375 0.17035415781250002 0.89797589375 0.18450658749999999 0.8901496 0.19737324375 0.87840533125 0.20800016875 0.871511428125 0.21302584375000003 0.8640767625000001 0.2125865234375 0.8598307640625 0.2109356625 0.8597442453124999 0.20676148749999998 0.8603954296874999 0.1931880828125 0.86663735625 0.16215060312500001 0.8838866187500001
0 0.078401025 0.9054502453125 0.077293340625 0.9076280703125 0.0778299078125 0.9163477890625 0.09015099531250001 0.9276722078124999 0.0919508640625 0.9312447390624999 0.09076533125 0.9349080265625 0.07686744375 0.94734145625 0.0618181125 0.9564882453125 0.0540307375 0.9629097984375001 0.0471126625 0.9654027140625001 0.03978745625 0.9724696515625 0.0395797484375 0.9764329625 0.15201897343749998 0.9824492593749999 0.1486558578125 0.97395379375 0.139985040625 0.9687804078125 0.1375593109375 0.958221796875 0.1344766609375 0.95383883125 0.1271939578125 0.9474958671874999 0.11772226718750001 0.9323465828125 0.10915530468750001 0.9251915421874999 0.1068412578125 0.9219660140625001 0.100392040625 0.9186473765625 0.0886676171875 0.90859655625 0.0841741328125 0.9058764078125 0.078401025 0.9054502453125
0 0.025517715625 0 0.024588209375 0.01773606875 0.0239910875 0.029129807812500002 0.022121957812500002 0.064794925 0.02257428125 0.06879282656249999 0.0215119171875 0.07643520000000001 0.0231041609375 0.0839694828125 0.0211417390625 0.08982793125 0.021139803125000002 0.102493625 0.0199895953125 0.10548283750000001 0.01902440625 0.12389975 0.057882842187500005 0.14508748124999998 0.047035446875 0.11973502656249999 0.05785710468750001 0.129486628125 0.072261028125 0.117757209375 0.0733166359375 0.10522809687500001 0.07842655468750001 0.1025152484375 0.07863418125 0.0985534984375 0.0829916578125 0.0975395359375 0.084665365625 0.094025440625 0.087822709375 0.093818525 0.0879394828125 0.0915903328125 0.0898660546875 0.0895805953125 0.0941586015625 0.0898055578125 0.0950326546875 0.0920856765625 0.1057177390625 0.09041134687499999 0.11354412031250001 0.0832455015625 0.11692368906249999 0.0819330765625 0.1169984640625 0.077341634375 0.11191602812500001 0.07955993125000001 0.108836615625 0.078279825 0.10858366875 0.07677702656249999 0.1115140703125 0.07457111875 0.1175758125 0.07265448906250001 0.11987378281250001 0.073022134375 0.12335051562499999 0.076184990625 0.127300825 0.0766407953125 0.13924621718750002 0.0667117375 0.1431902953125 0.0609571421875 0.1498715828125 0.059817753125 0.1496462015625 0.0578188421875 0.1461305421875 0.0553987171875 0.15096151093750002 0.0516792671875 0.1511692203125 0.047715956250000004 0.14609355468750002 0.0434757546875 0.1500132234375 0.041321692187499995 0.155932184375 0.0421294484375 0.1602959734375 0.047324326562500005 0.1653003984375 0.0465946125 0.1672270515625 0.044583314062500004 0.16610169375 0.04079891875 0.1617021375 0.0394511921875 0.15597464218749998 0.031825362499999996 0.1486400125 0.026473225 0.1463228078125 0.0201432765625 0.14346718125 0.0177577421875 0.140449459375 0.012135853125 0.1434691171875 0.0050920484375 0.14298481093749998 0 0.025517715625 0
0 0 0.9482079484374999 0.007120295312499999 0.949849296875 0.013210962500000001 0.94764941875 0.014342420312500001 0.9375541734375 0.00400245625 0.9309414593750001 0 0.933581296875 0 0.9482079484374999
0 0.077236728125 0.8423700484375001 0.0030992390625 0.8848231734375 0.0020536625 0.8915182515625 0.013717893749999998 0.8945969921874999 0.0186359625 0.8933057390625001 0.040623599999999996 0.882533909375 0.0689102640625 0.8626307921875 0.08821804062500001 0.8422086078125 0.077236728125 0.8423700484375001
0 0.19981278125 0.9585616078125 0.1641361125 0.981841965625 0.177700915625 0.98379519375 0.196378415625 0.9733990765625 0.19981278125 0.9585616078125
0 0.7803250187499999 0.511460221875 0.7637633359375 0.5166834203125 0.755248784375 0.517693875 0.7402120921875001 0.5245991921875001 0.7390501109375001 0.5322316515625001 0.7412061624999999 0.5362327859375 0.74407321875 0.5346384640624999 0.7647428421875 0.5241464734375 0.7850499234375 0.511227496875 0.7803250187499999 0.511460221875
0 0.8214094453125 0.550122775 0.8134935953125 0.553084425 0.8364113874999999 0.570033640625 0.846389190625 0.56856945625 0.83391323125 0.55876714375 0.8214094453125 0.550122775
0 0.7830242359375 0.7414009874999999 0.776942640625 0.7680582968749999 0.7876189390625 0.7689698640625 0.803769903125 0.772479325 0.8050954015625 0.7604728656249999 0.7901266984374999 0.7401068656249999 0.7830242359375 0.7414009874999999