0 0.5533212609375 1 0.553179959375 0.9954012171875 0.555698478125 0.9915605749999999 0.555332253125 0.9796203562500001 0.5532924390625 0.9742969312499999 0.5464459015625 0.9690955453125 0.541517684375 0.968341275 0.5385062765625 0.968928225 0.52877465625 0.9713972953125 0.5268610046875 0.9731604968750001 0.525441840625 0.981281728125 0.52556968125 0.9914711328125 0.5232635421875 0.9975587812500001 0.5237045171875 1 0.5533212609375 1
0 0.4669844453125 0.9151363421875001 0.464070203125 0.9201985718750001 0.46112326562500006 0.9322139328124999 0.47138484687500004 0.9449199578125 0.4788654125 0.9506521296875 0.4829486546875 0.951736065625 0.5056146421875 0.952053996875 0.51138459375 0.949375740625 0.5265486796875 0.9506680125000001 0.53197639375 0.9482205984375 0.5446998125 0.9518680515625 0.5493361578125 0.9518622546875 0.5649805906250001 0.9439889796875001 0.56946784375 0.9404987296874999 0.5847181109374999 0.9338471265624999 0.5933696125 0.93305976875 0.600576484375 0.928220940625 0.6172049734375 0.9268580906249999 0.6194623421875 0.9248656890625 0.6225194453125 0.9170775125 0.6175637109375 0.9137135390625 0.61071876875 0.911616490625 0.6086705875 0.9096472234374999 0.6038529968749999 0.9004528031250001 0.6061721375 0.89411705625 0.6052024796875 0.8873617375 0.5981840828125 0.882274953125 0.5939517484375 0.8777065640625 0.5870532828125 0.8734960046875001 0.5812625015624999 0.867107621875 0.57801115 0.8659436765624999 0.5729547171875 0.867665778125 0.5680135796875 0.8671580453125 0.5602443 0.863770228125 0.5582075609375 0.86155278125 0.5569071890624999 0.854778565625 0.5526634125000001 0.8504583562500001 0.5470492421875 0.8501641296875 0.54234796875 0.8514088531249999 0.5371165203125 0.850141134375 0.53547550625 0.8467021000000001 0.53594276875 0.8377862109375 0.5347380015625001 0.8354871953125 0.5275217421875 0.831011203125 0.5255254890625001 0.8280511078125 0.51866446875 0.823096178125 0.5137897406249999 0.8213511625000001 0.5077362484375 0.8168109375 0.5020960734375 0.8170129046874999 0.4967072859375 0.8187175890624999 0.49264491875000005 0.8235944765625 0.499390678125 0.8338834984375 0.5025885421875 0.836038190625 0.5008889125 0.8400469203125001 0.49562998281250004 0.8392737531250001 0.48573151406250004 0.8322977093749999 0.474637703125 0.8354417265625 0.47239481562499996 0.8371876734375 0.4728991484375 0.8401931859375 0.47674560312500003 0.8426306468749999 0.4743423 0.8442430156249999 0.469147840625 0.8548982609375001 0.478141203125 0.8665458375 0.47597784374999996 0.8699090999999999 0.47011704062500004 0.874320915625 0.46784982656249996 0.879665834375 0.46370637343750004 0.8829253234375001 0.462215965625 0.886076640625 0.4625645171875 0.8920546375 0.4697449265625 0.900379340625 0.47294910312500005 0.9087428703124999 0.470417584375 0.912831609375 0.4669844453125 0.9151363421875001
0 0.5274198140624999 0.7065790890625 0.5324290359375 0.7089523171875001 0.5364879515625 0.7136352234375 0.5408838953124999 0.7245458671875 0.543922903125 0.7265670625 0.5486661765624999 0.7276855890625 0.55204730625 0.7263732453125 0.552837196875 0.7239299859375 0.5484281703125 0.713269 0.5496397078124999 0.70910951875 0.55998423125 0.7107688078125001 0.567709834375 0.7086906 0.574402528125 0.7041987749999999 0.5786498359375 0.6989576296875 0.57811958125 0.6964467484375 0.567249978125 0.6827137453125001 0.56547603125 0.6786465796875001 0.5695238796875 0.670911890625 0.5862047546875 0.6558908765625 0.5760404203125 0.647658571875 0.5705107890625001 0.639421946875 0.5703892625 0.6354413828125 0.5753760125 0.628749446875 0.576406221875 0.6153913078125 0.574192871875 0.6070797046874999 0.5746212093749999 0.5989065453125 0.5819078671875 0.5799165625 0.5808733625 0.5743986078125001 0.5734155624999999 0.565067384375 0.5723145671875 0.5607882734375 0.580364734375 0.552517 0.5826968781249999 0.5459331578125 0.5839928734375001 0.5338328390625 0.5804319765625 0.52594660625 0.58142949375 0.519541596875 0.59436255625 0.5065600453125 0.5959178109375001 0.5021713640625001 0.595619709375 0.495200896875 0.5921688984375 0.4915434078125 0.5848668796875 0.47923970000000005 0.5922164484375 0.471678046875 0.592094921875 0.46769748125 0.581794496875 0.4557326265625 0.585719259375 0.4440172890625 0.5917876890625 0.4356437234375 0.592313190625 0.43194584531249997 0.59092040625 0.4269051078125 0.589386321875 0.42459039687500005 0.5805971343749999 0.418540865625 0.5757452546875 0.4131952375 0.565078184375 0.40506175625 0.5624770171875 0.40728491875 0.5597668687499999 0.41794675468750003 0.546868434375 0.4113094828125 0.5373314390624999 0.4100648984375 0.5323383749999999 0.41054799375 0.528430146875 0.412453878125 0.514228946875 0.42437542031250003 0.506243709375 0.4314077671875 0.5061787796874999 0.4326466921875 0.5078878796875 0.437951221875 0.5114456203125 0.44273303437499995 0.5170467875 0.44327535781250005 0.5260665312499999 0.4417609640625 0.5409014640625001 0.4430344234375 0.55512311875 0.45284529687499997 0.5575441765625 0.4571935890625 0.5562441453125 0.4946284171875 0.5532434265624999 0.5202987390625 0.552237203125 0.5458279390625 0.5501175203125 0.5546572296875001 0.5508227906250001 0.560157928125 0.5493469453125 0.5630612296875 0.5508031 0.5668629625 0.5505435453125 0.5718155406250001 0.546856709375 0.5979490265625 0.5479883796875 0.6079422609375 0.54452069375 0.6298642578125 0.54319006875 0.6615834 0.542004534375 0.6652466875 0.537173484375 0.6689676984374999 0.5348122625 0.67294175625 0.5295158859375 0.6729129640625 0.5237978609375 0.6746003921875 0.5178041234374999 0.678384078125 0.5145865671875 0.6829344203125001 0.5142490828125 0.6893740203125 0.51556245625 0.6959001375 0.5274198140624999 0.7065790890625
0 0.5665547796875 0.3168478296875 0.566308146875 0.3215538703125 0.5696873390625 0.332907221875 0.569148834375 0.3368531953125 0.5742749140625001 0.33699667031249997 0.57866146875 0.3385924953125 0.5798095921875001 0.3387778375 0.586528290625 0.33378981875 0.5867229968750001 0.3300746046875 0.5822683546875 0.326613284375 0.5821728328125 0.322136525 0.5797517734375 0.3177882328125 0.5826011703125 0.3139633671875 0.5757935562500001 0.30801924999999997 0.5707744875 0.30899853906249997 0.5688349953125 0.3112548140625 0.5665547796875 0.3168478296875
0 0.5759355265625 0.21998415625 0.5798889921875 0.22354438124999998 0.5849339828125 0.22207045781249998 0.5888957328125 0.222278084375 0.5908643859375 0.22263003593750003 0.5958072 0.226240546875 0.5995450484375 0.2244509046875 0.600768028125 0.2200432453125 0.5984119 0.214456028125 0.5958610640625001 0.212584025 0.5967578828125 0.21126509062499998 0.6026736890625 0.20896842656249998 0.5867689406250001 0.1933568296875 0.5828850390625 0.191663740625 0.578565009375 0.19193332968750001 0.5766513578125 0.19369653125 0.5757837 0.19762369062500001 0.5749010203125 0.21446620312500003 0.5759355265625 0.21998415625
0 0.588820571875 0.12578722656250002 0.591165634375 0.11895684687500001 0.588796584375 0.11361616562500002 0.58663200625 0.10120931562499999 0.5814280765625 0.1025513015625 0.5801559859375 0.126824240625 0.588820571875 0.12578722656250002
0 0.51627176875 0.1484354171875 0.5218811859375 0.142520884375 0.5272035671874999 0.142053484375 0.5259562609375 0.150060115625 0.522789071875 0.1536195484375 0.52592200625 0.15701316406250002 0.5330556640624999 0.156765859375 0.53525954375 0.155764203125 0.5360706046875 0.146617553125 0.5457716312499999 0.1384328 0.55206868125 0.13516100312499998 0.5540632578125 0.1350183203125 0.5662352515625 0.142858284375 0.5688380140625 0.1437394609375 0.5703834234375 0.14270329531249998 0.5726896421875 0.1366140859375 0.5695809875 0.132727315625 0.5688887203124999 0.12697851875 0.5673806406249999 0.124167615625 0.5596212046875 0.1174272796875 0.5560406171875 0.1162460796875 0.5474409609374999 0.1160441703125 0.5392500328125001 0.1143725734375 0.5286880375 0.1200275515625 0.5191411953125 0.12213548437499999 0.5254606359375 0.1279304109375 0.5266379203125 0.130723978125 0.51161459375 0.13937457343749998 0.51020211875 0.14103886875 0.5099814078125 0.1452502765625 0.51627176875 0.1484354171875
0 0.5437887906250001 0.06568401406249999 0.5367246984375 0.0677984546875 0.5321450328124999 0.0730221828125 0.5190872859375 0.07891874843749999 0.5228298859375 0.083337865625 0.5345817921875 0.092894134375 0.5550131765625 0.0916054140625 0.55871218125 0.09055694375 0.560638753125 0.0885472046875 0.5614934921875 0.08486658281250001 0.5587157140625 0.0809955875 0.560986084375 0.0787550890625 0.5669814171875001 0.07807574218749999 0.5723815671875 0.07612443906250001 0.5796092328125 0.0772479953125 0.5842164984375 0.0746324125 0.5856356625 0.0665111796875 0.5838097062500001 0.063436403125 0.5784453265625 0.061540554687500006 0.57364696875 0.0583084359375 0.567729484375 0.057502321875 0.56404504375 0.058302778124999996 0.5577692812499999 0.05797387968749999 0.5496755171875 0.0607775640625 0.5437887906250001 0.06568401406249999
0 0.3894913453125 0.17283524374999998 0.3867977296875 0.1736876265625 0.3887679796875 0.177143915625 0.3903602234375 0.184678196875 0.3995451359375 0.18950614062499999 0.40266199374999995 0.1900418734375 0.4094389328125 0.190271865625 0.41337308281249996 0.1878713484375 0.41374949218749996 0.1806890171875 0.39784280625 0.1777431140625 0.3894913453125 0.17283524374999998
0 0.617097103125 0.022214225 0.615465853125 0.015424234375000002 0.61552446875 0.007976470312500001 0.6118644359375 0.00517639375 0.603608578125 0.004743721875000001 0.5971641140624999 0.007633843749999999 0.5918677375 0.0076050499999999995 0.59096898125 0.0215896796875 0.59397054375 0.024355246875 0.5997857328125 0.027143098437500002 0.6107367203125 0.029829284374999997 0.61595049375 0.02513478125 0.617097103125 0.022214225
0 0.6421098109375001 0.8907855109374999 0.6410395375 0.8891147078125 0.6397438359375001 0.8885508109375 0.6323101046875 0.8913890859375 0.6238886203125 0.8972814140625 0.628135553125 0.9047060453125001 0.639935009375 0.894396953125 0.6421098109375001 0.8907855109374999