0 0.2723491078125 0.0759217125 0.2770085328125 0.07859882500000001 0.280834171875 0.08262668281249999 0.286389109375 0.08444293281250001 0.294692703125 0.089669940625 0.30611235625 0.1012615109375 0.3168602625 0.1046897234375 0.32273873750000004 0.10371763437499999 0.334430078125 0.0985338671875 0.3427264734375 0.0982661078125 0.34651289687500003 0.0965512515625 0.34891954531249997 0.089009553125 0.3444363453125 0.085062434375 0.34458365625 0.0835441015625 0.3475630640625 0.0806799671875 0.3479168765625 0.0781382140625 0.35137606875 0.0764635375 0.36162553124999997 0.0649599453125 0.3585981609375 0.0565867890625 0.35351561875000004 0.0504636796875 0.352798821875 0.0310610984375 0.3652152421875 0.012794574999999999 0.3031811078125 0.020411407812499997 0.3006764296875 0.0217185828125 0.296289115625 0.0212576390625 0.2296598015625 0.029438689062500002 0.2341719609375 0.052622542187499996 0.2343608203125 0.0595968234375 0.2406096671875 0.0860653859375 0.24696287187500002 0.0835363375 0.25190816875 0.0776822078125 0.259936146875 0.0779464390625 0.2686783578125 0.07587339062500001 0.2723491078125 0.0759217125
0 0.2593197 0.257434440625 0.26284314062499997 0.25900109375 0.268254271875 0.265082284375 0.2710918484375 0.2854744078125 0.27913269218750003 0.3129728828125 0.2833598734375 0.3067063203125 0.282947015625 0.2897663046875 0.2844313796875 0.28558549375000003 0.280676128125 0.249565278125 0.27601646875 0.22789820781249998 0.2688218546875 0.207291725 0.2658032328125 0.20441314687499998 0.264973328125 0.2085136 0.2639885359375 0.20863451875 0.2611688375 0.19923465 0.2635264390625 0.218435765625 0.25745059062500003 0.225928953125 0.248082646875 0.22832913437500002 0.2459368359375 0.22984097343749998 0.24489537499999997 0.2322184296875 0.245530046875 0.237387425 0.2478410453125 0.2453495078125 0.25080280781250003 0.250483075 0.25307477968750003 0.2527039953125 0.2583296640625 0.2548073890625 0.2593197 0.257434440625
0 0.354286153125 0.933190109375 0.36741937187499996 0.934326165625 0.3841274546875 0.9320243671874999 0.3869661578125 0.9334247921875001 0.39293372187500003 0.9331910999999999 0.4004229125 0.9317725109375001 0.399166009375 0.9296772593749999 0.40259511562499994 0.9277575468749999 0.39826291875000003 0.9250402546875 0.4014253484375 0.9236538921875 0.40249553593750004 0.9215232125 0.3974166890625 0.9181482624999999 0.39397495 0.9118236874999999 0.39083929375 0.9107100265625 0.3887753765625 0.9074654953125 0.38259081875 0.9032266703125 0.380423628125 0.8909996453125 0.37809498750000003 0.8910352640625 0.37985301250000003 0.8890704312500001 0.3765714078125 0.8894733625000001 0.378103925 0.8965313921875 0.374173696875 0.9025111890625 0.3774302703125 0.9046096421875 0.3531763265625 0.9105865671875 0.35270159687499997 0.9121435281249999 0.349569634375 0.9137780265625001 0.350438753125 0.9154202859374999 0.3495446015625 0.916279409375 0.346291721875 0.9169291156250001 0.347457984375 0.9182861625 0.34779939843749996 0.9264900796875001 0.354286153125 0.933190109375
0 0.28341839062499996 0.8444386140625 0.28992629375 0.8458875499999999 0.294461109375 0.8448317125000001 0.2993887625 0.8469752859374999 0.3081633921875 0.847897175 0.31272829375 0.8470863718749999 0.32522314531249996 0.8403052750000001 0.3396646921875 0.838532075 0.34183689375 0.8345171109375 0.342126459375 0.828734028125 0.3433493921875 0.8278345359375001 0.3654311328125 0.8258725734375 0.3650027734375 0.8196786093749999 0.3626704375 0.81696606875 0.36190746093750004 0.8053159640625 0.35768724218750003 0.798087334375 0.3510015625 0.7979085953125 0.327883415625 0.8049944296874999 0.32457172343749996 0.8051523250000001 0.32465866875 0.803142371875 0.322001246875 0.803218359375 0.315713840625 0.8089885499999999 0.3097800578125 0.8122154359374999 0.3074213296875 0.81200601875 0.307982815625 0.8084375546875 0.302761903125 0.80932890625 0.299329103125 0.808500459375 0.287543428125 0.8101978609374999 0.28345325625 0.8094517031249999 0.257613628125 0.8133737453125001 0.252419109375 0.811761971875 0.24844966406250002 0.8119990546875 0.24281302500000002 0.814940728125 0.22883380937500003 0.8259026374999999 0.2206622140625 0.8299048984375 0.2212114921875 0.8370836546874999 0.2227350703125 0.8386455578125 0.22942444375 0.8415724578124999 0.239396975 0.8440962359374999 0.25008957187499997 0.849779246875 0.2580587390625 0.8495516656250001 0.2625970578125 0.8512424359375 0.26620744375 0.8507991359375 0.271666496875 0.8491292109374999 0.2778384203125 0.8451237484374999 0.28341839062499996 0.8444386140625
0 0.4746605921875 0.923156303125 0.496530775 0.9194713421875 0.5567783484375 0.9135741156250001 0.5686849406250001 0.91286150625 0.5735823171875001 0.91475849375 0.5846197890625 0.9124036234374999 0.63943315 0.9056733890625001 0.6436710125 0.9049043156250001 0.643580371875 0.904166109375 0.6389797578125 0.9019808078124999 0.6302656828125001 0.901552090625 0.628559271875 0.8985139656250001 0.6198966203125 0.8930807421875 0.6122261499999999 0.8930229187500001 0.6081410328125 0.895023178125 0.6002892796875 0.8934889437500001 0.599482075 0.8923381140625001 0.6015069671875 0.8898414812500001 0.6015032734375 0.887093321875 0.590938790625 0.8878898718749999 0.5838992984375 0.8902528828125 0.5716728640625 0.8965019906249999 0.564452090625 0.8973885906250001 0.5591579906249999 0.8895424828125 0.558765153125 0.8863430718749999 0.5417141046875 0.8804411421875 0.5560007640625 0.87468840625 0.5625794765625 0.8631364953125 0.559413353125 0.861774696875 0.5452386734375 0.8630160968749999 0.5430627765625 0.8642829015625001 0.543813121875 0.8676887203125 0.5343560890625 0.869350503125 0.5251317609374999 0.8674841921875001 0.5236029359375001 0.863174321875 0.513906021875 0.8656133203125 0.5059651796875 0.8633406890625 0.4921493671875 0.8647867546875 0.48328254687500005 0.8631268499999999 0.476031496875 0.8637668640625 0.466340015625 0.8689553828125 0.45303445625 0.8718390421875 0.443943678125 0.879201809375 0.42745453906249997 0.888722925 0.42477208437499997 0.8913002953125 0.44853753906250005 0.8976277406250001 0.451854665625 0.9002193640625 0.45743832968750003 0.9022823890625 0.45583149843750004 0.9054786 0.4281059625 0.9238758734375001 0.4273630046875 0.9259663734375 0.43023024374999996 0.927612025 0.4617404828125 0.923743053125 0.4746605921875 0.923156303125
0 0.403300646875 0.8439610203125 0.4059014 0.846141571875 0.412974671875 0.8467717531250001 0.4153976484375 0.8502225015624999 0.4199965203125 0.85240644375 0.42992983437500004 0.8491875078125 0.44045510312499997 0.8426482453125 0.452775871875 0.8398855031249999 0.4633403546875 0.8390889546875 0.46879785781249994 0.83741921875 0.479262571875 0.830386784375 0.48347015625 0.8293711265624999 0.48227361718750006 0.82776749375 0.46241569374999997 0.8207115343750001 0.454529971875 0.8161825546875001 0.45604985625000005 0.814996296875 0.46258434218750005 0.813943659375 0.469869171875 0.816296840625 0.47318260624999997 0.8161403046875 0.4724910734375 0.8132262984375 0.4740715125 0.8125332125 0.47392031875 0.8113018359374999 0.47180128281249994 0.8103136531249999 0.47152917031249997 0.8080974828124999 0.474003571875 0.8065437234375 0.48879893125 0.8022287718750001 0.49368736875 0.7986296312500001 0.48959874843750006 0.7978832828125 0.49368367500000004 0.795881471875 0.484225090625 0.797543446875 0.48084390624999995 0.7917120421875 0.469914528125 0.7868058671875 0.44098697500000006 0.7818615828125 0.4351706046875 0.7833266515624999 0.42392896249999995 0.7894548421875001 0.41033209531250003 0.7981202234375 0.40997828125 0.8006619765625 0.4077721078125 0.8016821953125 0.3782013671875 0.8050642968749999 0.375609553125 0.8083798734375 0.374845446875 0.81572146875 0.3763137171875 0.8195381671874999 0.38509728593750003 0.825956184375 0.405584828125 0.8354347203125 0.4060345265625 0.8363791421875 0.402938084375 0.8410081953124999 0.403300646875 0.8439610203125
0 0.25298202812500004 0.9438781437499999 0.2619041578125 0.94328325 0.2617566578125 0.94480003125 0.283122025 0.9424269984375 0.2879287609375 0.943585778125 0.292609334375 0.9410118000000001 0.29245833125 0.939781971875 0.28132108906250003 0.9359009578125 0.2803273578125 0.930525746875 0.27286105625 0.9266946031250001 0.2621508140625 0.9290092937500001 0.25946855 0.9315882156249999 0.2615679890625 0.9378273015625 0.26583808124999997 0.9400516124999999 0.260768171875 0.9421727890625 0.2525626078125 0.94318030625 0.25298202812500004 0.9438781437499999
0 0.8770372234374999 0.8762505484374999 0.881904321875 0.8779009500000001 0.886917371875 0.8780347609374999 0.888769921875 0.87955784375 0.9110329437500001 0.8790722953125 0.9215368734375 0.877782575 0.9238905468749999 0.8752455734375 0.9238868531250001 0.8724974140624999 0.921316378125 0.8705634484375 0.9175850734375001 0.8700219562499999 0.9168935406250001 0.86710795 0.9229445484375001 0.8621176953124999 0.9236271421875 0.859535575 0.9260109015625 0.8572436078125 0.924723721875 0.8549017703124999 0.9194121687499999 0.8550549140625 0.9124635078125 0.858157684375 0.907807775 0.8582287296875 0.906110303125 0.8606867328125001 0.8997268203125 0.8629691968750001 0.895823175 0.8664474203125 0.8890521 0.8682784421875 0.8864905625 0.8718406046875 0.8802885515625001 0.8756010312500001 0.8770372234374999 0.8762505484374999
0 0.843883128125 0.8818090109375 0.82968306875 0.88651054375 0.8403769000000001 0.8856776484375001 0.85036811875 0.8846098781249999 0.858373375 0.8825863875 0.849780503125 0.8775932531249999 0.843883128125 0.8818090109375
0 0.3523446828125 0.72647180625 0.35179960625 0.7298918515625 0.35642765781249997 0.7376213859375 0.3614046140625 0.7408844828125 0.36387345 0.740016196875 0.3697030625 0.7363896515625 0.37087146249999997 0.7333921046875 0.4039792703125 0.7219564125 0.4020059921875 0.7206937328125 0.39332769375 0.7215436234375 0.3749475 0.726138165625 0.3675092265625 0.725804678125 0.358865990625 0.7221322109375 0.3523446828125 0.72647180625
0 0.05534418125 0.75071023125 0.0498434234375 0.7509763390625 0.046659484375 0.7529824406250001 0.0463063578125 0.75529899375 0.047232514062499995 0.7577134953125 0.05534418125 0.75071023125