0 0.365648446875 0.6485572203125 0.3652127 0.6368669375 0.35457706718750004 0.6303016593749999 0.34582727968750004 0.6268768359375 0.3375539625 0.6218964140625001 0.3357337265625 0.621995546875 0.3325997265625 0.6222544140624999 0.3208248375 0.630822025 0.3193086453125 0.634756440625 0.323825815625 0.6416983046875 0.3303639953125 0.6433938265625 0.3318058734375 0.64971365 0.3373059890625 0.6551605171875 0.3494241390625 0.6561709062500001 0.3628471125 0.6515254296874999 0.365648446875 0.6485572203125
0 0.26397329375 0.5938231375 0.265238903125 0.5824245609375 0.26323534843749996 0.57967165 0.258456853125 0.577383825 0.2533516125 0.5765119984375 0.2368656390625 0.5684170453124999 0.22541040156249997 0.57144660625 0.2201043890625 0.5757219890624999 0.218234384375 0.5821981578125001 0.207394709375 0.5970234375000001 0.20787818749999998 0.6009610546874999 0.2037364015625 0.605217853125 0.2101609453125 0.6100521828125001 0.21421947968750002 0.6105534953125 0.21711330156250003 0.6096975734375001 0.22009086249999998 0.6054593578125 0.225128646875 0.6017175156250001 0.23157618593749998 0.60267483125 0.2358175515625 0.6046523671874999 0.24620425781250002 0.6051260140625 0.252116703125 0.6071486687500001 0.2558069453125 0.60057336875 0.26397329375 0.5938231375
0 0.6184938734375 0.459713628125 0.6234162828125 0.4591092328125 0.6223261812499999 0.4488720265625 0.613126884375 0.44450433125 0.6110345374999999 0.4423872953125 0.6057815 0.44165797968750004 0.6033355296875 0.44208424687500003 0.6020841671875 0.4441112328125 0.6043914703125 0.44932515781250004 0.6184938734375 0.459713628125
0 0.6057947375 0.3155932625 0.6093447609375 0.3146583421875 0.61053556875 0.312138184375 0.6094812843749999 0.3062698015625 0.6017749953125 0.3018431546875 0.594072590625 0.30016621718750003 0.5919839375 0.3007973390625 0.5897796109375 0.3031916375 0.5890669296875 0.305528725 0.5902027249999999 0.306637634375 0.6037042359375 0.3148503046875 0.6057947375 0.3155932625
0 0.6404357453125 0.6370567890625 0.6373086046875 0.622447746875 0.6382293390625 0.61908705 0.63423420625 0.5838440515625 0.6330662859375 0.5811144765625 0.628499346875 0.5805496484375 0.62602679375 0.5834774890625 0.6174018078125 0.58378716875 0.6138235453124999 0.5858511328125 0.6146094109375 0.5922515046875 0.621424946875 0.598911165625 0.6227723000000001 0.6017430734375 0.6110332281249999 0.61467950625 0.6055262546875 0.6241005484375 0.601295378125 0.6276189515625 0.6032970859375 0.62899778125 0.618728965625 0.6312259046875 0.621000746875 0.6334452749999999 0.617514971875 0.6376215249999999 0.6211590328125001 0.6387986999999999 0.624474609375 0.6413905140625 0.6274875015625 0.640145303125 0.629510546875 0.6362745921874999 0.6313663046875 0.6391700140625 0.6353360453125 0.6403072015625 0.6394830765624999 0.6387983703125 0.6404357453125 0.6370567890625
0 0.649656965625 0.733876559375 0.6482061484375 0.7220606078125 0.6467376875 0.7182423578125 0.64494588125 0.7172139953125 0.6447607171875 0.7129878734374999 0.6399539812499999 0.7118290921875 0.6356309140625 0.7146094781250001 0.6355136906250001 0.7163728453125 0.6332790859374999 0.718520559375 0.624453328125 0.7239774484375 0.623235640625 0.727624909375 0.6104527734375 0.7401888999999999 0.608102984375 0.7454756109375 0.6119641437500001 0.7524980234374999 0.6114931078125 0.7568031421875 0.6078260515625 0.75950298125 0.601425115625 0.7697846968750001 0.5996457515625 0.776999071875 0.5938291921875 0.778462590625 0.603425209375 0.78877940625 0.607169146875 0.797565184375 0.6147350265625 0.8076306625 0.615965346875 0.8122274875000001 0.6142768140625 0.8201816203125001 0.62547238125 0.823178625 0.6319554421875 0.8271304953125 0.647835171875 0.8289289609375 0.6535397546875 0.831976778125 0.656577678125 0.828230184375 0.6571393546875 0.8246632703125 0.649656965625 0.733876559375
0 0.2640719546875 1 0.268599165625 0.997809703125 0.2727942234375 0.9899224765625 0.278523540625 0.9890946406250001 0.27920225 0.983762809375 0.2820323109375 0.9810413765625 0.2875821953125 0.9801112078124999 0.292442203125 0.9776395609374999 0.29166158124999997 0.9739871578124999 0.28559813125 0.9707346749999999 0.2855249453125 0.9619972156250001 0.28387889843749997 0.9594507125 0.27919123125 0.95790264375 0.27400040625 0.9590390296875 0.2643850875 0.9553473875 0.2576709765625 0.956296140625 0.2541229921875 0.9586066921875 0.25709 0.9664882265625 0.25354367031249997 0.9701713062499999 0.25000277656250003 0.97660390625 0.24389480312499998 0.9824764281249999 0.24025598750000002 0.9840472218749999 0.23963764062499998 0.9898706734375 0.2399097515625 0.9920868437499999 0.2454968140625 0.9955237578125 0.257320153125 0.9995692593750001 0.26081355 1 0.2640719546875 1
0 0.6133512750000001 0.8181055015625001 0.609521803125 0.8163670515625 0.6064224312500001 0.8182541484374999 0.607207890625 0.8221767265625 0.6143022375 0.8221195296875001 0.6133512750000001 0.8181055015625001
0 0.0255859046875 0.73896178125 0.026933703125000003 0.749938721875 0.03145008125 0.7558227984375 0.037200759374999996 0.7487583718749999 0.036520576562500004 0.7432187234375001 0.0386319203125 0.7389388890624999 0.0397102390625 0.7357461765625 0.033341746875 0.728316925 0.0247208234375 0.7319162546875 0.0255859046875 0.73896178125
0 0.5905771140625 0.264466734375 0.5892838046875 0.272306221875 0.5957830875 0.2784159484375 0.6031156484375 0.282875890625 0.607525796875 0.28672807968749997 0.6068625984375 0.27598035468750004 0.6066053515625 0.27085947187500004 0.6062092640625 0.2632872375 0.6043260781249999 0.25555283906250004 0.6030960296875 0.2546507078125 0.598623796875 0.2641524984375 0.5930618187500001 0.26325331875 0.5905771140625 0.264466734375
0 0.5826572796875 0.2915588609375 0.593120965625 0.2929030515625 0.5939937765625001 0.2924983546875 0.5948011359375001 0.287893765625 0.5949546140625 0.2867461953125 0.5881113921875001 0.2832714609375 0.5816102562500001 0.288313834375 0.5826572796875 0.2915588609375
0 0.564276725 0.2866372015625 0.5675126078125 0.2868491140625 0.570643228125 0.284408771875 0.5690698390625 0.281248840625 0.5669436640625001 0.2745612328125 0.5663267484375 0.26978046875 0.5541232 0.2722029515625 0.54628460625 0.27236569843749997 0.5447718828125 0.2769309578125 0.5582421906249999 0.283722778125 0.564276725 0.2866372015625
0 0.5449375578125 0.2876909703125 0.5355006343750001 0.2904396546875 0.5370964875 0.296539071875 0.5422800609375 0.2985488953125 0.5441769578125 0.297689440625 0.547396440625 0.292716265625 0.547021621875 0.2891635875 0.5449375578125 0.2876909703125
0 0.49880134375 0.2755354546875 0.50342610625 0.2806867984375 0.509671546875 0.2840239828125 0.5145906874999999 0.284828928125 0.5206804671875 0.2871163203125 0.5193838078125 0.2754404375 0.51095023125 0.27196262187500003 0.5024362171875 0.2701759640625 0.49880134375 0.2755354546875
0 0.46013312656250005 0.2791356984375 0.46033083281250003 0.2858743328125 0.46437783125000004 0.2888202734375 0.47098089062500004 0.2897364546875 0.4746246515625 0.2897188234375 0.47113441875 0.28510195 0.4609818671875 0.279547834375 0.46013312656250005 0.2791356984375
0 0.4075632546875 0.2805340265625 0.40782080625 0.2853368765625 0.4133387703125 0.289531609375 0.41899289531250006 0.29074534218750003 0.42132317812500003 0.290312815625 0.4201325515625 0.2858213125 0.418776975 0.282050596875 0.411295146875 0.2802725875 0.4075632546875 0.2805340265625
0 0.52915208125 0.2266188890625 0.5371363312499999 0.2296040421875 0.54068353125 0.22960771093750001 0.5427151234375 0.2267938359375 0.5406039359375 0.2252285203125 0.53005746875 0.22087668593749998 0.52871484375 0.22076289999999998 0.52915208125 0.2266188890625
0 0.5171413734375 0.1986617375 0.5158139796875 0.20489024531250002 0.518556175 0.2088637984375 0.521151915625 0.2112984171875 0.5225535421874999 0.211995296875 0.5217636031249999 0.20763877968750002 0.521737259375 0.2030137671875 0.5235883953125 0.1947043578125 0.5246645875 0.1904430015625 0.5171413734375 0.1986617375
0 0.5830183859375 0.21515 0.5830135171874999 0.2076997484375 0.580590840625 0.2091747421875 0.5783541718749999 0.21120306718749998 0.5721494046875 0.22031308125 0.5718403125 0.22447552499999998 0.5759367906249999 0.22543972812500002 0.5773026609375 0.2238709515625 0.5799343109375 0.2204182484375 0.5830183859375 0.21515
0 0.5239662015625 0 0.5249992156250001 0.001108134375 0.5317977890625001 0.0033730421875 0.5360535671875 0.0045191859375 0.5357783453125 0.0014186796875 0.5347942125 0 0.5239662015625 0