0 0.217883584375 0.5862513875 0.231070071875 0.5885441453125 0.24787146093749998 0.58018706875 0.2543652359375 0.575642046875 0.25590109375000003 0.5722551328125001 0.2573635265625 0.568914559375 0.24797380000000002 0.55231495625 0.22863626250000002 0.5525618515625 0.2014715109375 0.5582993203125 0.187035525 0.56616104375 0.1793270109375 0.5726777875 0.20470495 0.58221354375 0.217883584375 0.5862513875
0 0.331990815625 0.6088672546875 0.321068553125 0.5936454140625 0.311567984375 0.5939740546875 0.2828364953125 0.5983638171875 0.27783349375 0.603916803125 0.3044929390625 0.6129450265624999 0.33025834062500004 0.611100953125 0.331990815625 0.6088672546875
0 0.5467769062500001 0.6942624109375 0.5561754171875 0.6916828359375 0.5655464859375 0.6893918953125 0.5728498015625 0.6844793328125001 0.5750956328125 0.673083075 0.54266033125 0.682442628125 0.541705734375 0.6878792546875 0.537506425 0.69495668125 0.5467769062500001 0.6942624109375
0 0.6430034515624999 0.709774540625 0.635397284375 0.7013583031249999 0.6089968484375 0.70144846875 0.590976815625 0.7074122421875 0.5801405390625 0.71014365 0.6036384015625 0.72189480625 0.6100332484375001 0.7236054843749999 0.619970890625 0.7174814984375 0.6416317890625 0.7150428078125 0.6430034515624999 0.709774540625
0 0.64702991875 0.7276996265625 0.6446466390625 0.7245042921875 0.6396297859375 0.72227333125 0.6252128734375 0.7200704453125 0.6101408265625 0.72494004375 0.64283393125 0.7367078015625 0.64702991875 0.7276996265625
0 0.6271225 0.6904951578125 0.6386989796875 0.6860822062499999 0.651999334375 0.682054640625 0.6656790203125 0.6721899671875 0.6656599546875 0.6711962765624999 0.675848221875 0.654654071875 0.6788879984375 0.645891084375 0.6409506578124999 0.6540794421875 0.613391565625 0.669746096875 0.6004385015625 0.6843007671875 0.6028761968749999 0.6903975328125 0.6158464375 0.6934373546875 0.6271225 0.6904951578125
0 0.7183786546875 0.608982584375 0.7265649 0.6099678015625 0.7400177515624999 0.606680675 0.745133740625 0.60387073125 0.7455673640625 0.59708115 0.7482944265625 0.590600778125 0.7288885703125 0.5876825046875 0.7185740593750001 0.5886555687499999 0.706189128125 0.593467290625 0.6962427171875001 0.6015787312499999 0.6991035531249999 0.608062528125 0.7183786546875 0.608982584375
0 0.7614028375 0.5434239375 0.7711992921874999 0.5423454515625 0.78904158125 0.539350628125 0.7932237640625 0.5380507546875 0.7926415390625 0.5325708609375 0.7772687890625 0.52582981875 0.77357540625 0.5255913828125001 0.758524784375 0.5348801125 0.7578679390625 0.5393964125 0.7614028375 0.5434239375
0 0.8491492578125 0.463708384375 0.864941453125 0.46276135468749996 0.874502653125 0.45960231250000005 0.877500809375 0.45613931875 0.876795584375 0.45112181093750003 0.8703588234374999 0.44628569218749997 0.8460763234374999 0.45625483750000007 0.84387793125 0.4591598921875 0.8491492578125 0.463708384375
0 0.8133414546875001 0.706949984375 0.8187202093750001 0.7097843078125 0.8281171171875 0.7187993515625 0.8351498109375 0.725120265625 0.8443121890624999 0.7354333468750001 0.842314584375 0.7162851484375 0.837303659375 0.7084036640625 0.8296102078125 0.7014726265625 0.8241739125 0.70016936875 0.8149330140625001 0.7013973078125 0.8133414546875001 0.706949984375
0 0.7229727015625 0.735166309375 0.7267780578124999 0.7470282296875 0.7324403671875 0.754893221875 0.742314453125 0.7619028921875 0.746168765625 0.76504841875 0.74366699375 0.7403722609375001 0.7414537984375 0.7343020515625 0.7322721359375 0.7244664953125 0.7229570015625 0.724508803125 0.7229727015625 0.735166309375