0 0.7286218390625 1 0.7276654859375 0.9763397749999999 0.7140532546875 0.9678956515625 0.6943119203125 0.97002189375 0.68432511875 0.97499271875 0.6866251546875 1 0.7286218390625 1
0 0.549539046875 0.7434996578125 0.56996883125 0.770922878125 0.582988265625 0.7641545140625 0.5834967265625 0.7548174515625 0.5909172875 0.77227468125 0.6317710859375001 0.7857249984375 0.6324729921875 0.7978664421875 0.63368638125 0.8141700890625 0.697464453125 0.8334925625 0.7246604859375 0.8011581921875001 0.7115833312500001 0.7357234234375001 0.7043445453125 0.7144140921875 0.7460225390625 0.728692596875 0.78144730625 0.744871625 0.7683935234375 0.6871220234375001 0.7696612265625 0.6342822609375001 0.778613771875 0.635534290625 0.8109871578125001 0.6705506796875 0.8455727796874999 0.68288970625 0.901538371875 0.6920115484375 0.9202043218749999 0.7128078453125 0.937431834375 0.7393226125 0.9629504296875 0.7349064640625 0.9468031218749999 0.6573358578125 0.9175369 0.6305754218749999 0.8841718406249999 0.6021241515625 0.885926671875 0.579045215625 0.926038115625 0.5977498437500001 0.9561282171875 0.5962823890625 0.9474592203125001 0.5768164703124999 0.9473770015625 0.53347199375 0.9546650968750001 0.5042660015625 0.8957229390625001 0.48630334218750004 0.87531489375 0.46710400625000004 0.8673763875 0.4355906359375 0.8544685453125 0.41709633437500004 0.8145450578125001 0.4021192734375 0.794746653125 0.40070766874999997 0.7728172421874999 0.40179795625 0.7633229421875 0.38590911562499997 0.7312780296875 0.42492951874999996 0.7057236015624999 0.4339468125 0.6730497796875 0.4397868984375 0.627119790625 0.4739307640625 0.6020327515624999 0.4818345640625 0.5827281609375 0.483527521875 0.5723948859375 0.4919293640625 0.60967084375 0.5142778781249999 0.621723634375 0.54168475 0.6334199390624999 0.569703021875 0.6655361625 0.5925618671875 0.6396285828125 0.6015608968749999 0.6400338328124999 0.642698928125 0.6309331359375 0.6682532609375 0.612611196875 0.6918234671875 0.590741234375 0.701182453125 0.549539046875 0.7434996578125
0 0.6998715921875001 0.3951381390625 0.6908557 0.36862862500000004 0.6342947703124999 0.3744388515625 0.630767325 0.3740681015625 0.6094736390625 0.3861506828125 0.647168678125 0.394541540625 0.677823603125 0.4087769609375 0.6929170984375 0.41185747343749995 0.6998715921875001 0.3951381390625
0 0.46656996250000005 0.42082029218750006 0.456386128125 0.42050563125 0.4435659765625 0.4270969796875 0.436935253125 0.43226029062500004 0.43773163593750003 0.438779246875 0.49692317968750005 0.461574134375 0.49691986874999994 0.43791291875000005 0.48446086718750003 0.4288107359375 0.4772377953125 0.4315079953125 0.46656996250000005 0.42082029218750006
0 0.3436677875 0.357687040625 0.3423023890625 0.36445954375 0.364916928125 0.368674621875 0.3807338984375 0.373870471875 0.4034010171875 0.3801115203125 0.43380615 0.385901125 0.445743825 0.38752660625 0.457297990625 0.376029175 0.49183646562499994 0.36990745468749997 0.5021234890625 0.362782775 0.5379872859375 0.3498811984375 0.550282025 0.334282459375 0.550838884375 0.30452923906249996 0.539958534375 0.2878662765625 0.5179945765625 0.276250534375 0.48318177812499996 0.272381034375 0.4596065125 0.272852140625 0.4373855203125 0.2675833640625 0.43223223749999995 0.261275771875 0.419332946875 0.2774095609375 0.4167702734375 0.26945907187499996 0.4096447578125 0.2710338171875 0.3707854875 0.281238759375 0.3549676890625 0.2941828203125 0.3410764671875 0.3064055609375 0.3392555828125 0.31510507187500003 0.3462419734375 0.331685553125 0.3436677875 0.357687040625
0 0.28825578749999997 0.17731462343749999 0.271764903125 0.179367728125 0.259826146875 0.17971073125 0.2471314625 0.1847944359375 0.244942103125 0.1927545046875 0.249820215625 0.198780228125 0.270615784375 0.2004506078125 0.274300384375 0.1979957421875 0.2890051828125 0.18199358906250002 0.28825578749999997 0.17731462343749999
0 0.6795897906249999 0.275317975 0.6805176359375 0.26279793906250004 0.6631606390625 0.272075084375 0.6452103984375 0.277340115625 0.6374153484375 0.28280367812499996 0.641622990625 0.30029085625 0.657245078125 0.304515703125 0.670210190625 0.30960976875 0.691465340625 0.3156521390625 0.7058835578125 0.3240662828125 0.7213826906249999 0.3249616015625 0.7251046484375 0.3473687125 0.7345464828125 0.31460743281250003 0.7334752515625 0.30152535625 0.70613323125 0.271928640625 0.6940657078125 0.26682993593750004 0.6795897906249999 0.275317975
0 0.6613594968750001 0.34236719375 0.6642860140625 0.3210704953125 0.6585327296875 0.3140588265625 0.6363324484375 0.3052745203125 0.620851625 0.29546038281250003 0.612148665625 0.29770830312499996 0.608594853125 0.2856897390625 0.6077970609375 0.279049659375 0.5962756296875 0.29016089843750004 0.5678656421875 0.29947036875 0.5637300515625 0.3111190828125 0.568803234375 0.3182635125 0.5880813953125 0.32377287187500003 0.6019602890625 0.3288577171875 0.6185949421875 0.33663285468750004 0.6216509515624999 0.3482754484375 0.6110453546875 0.3760848296875 0.6209768015625 0.3800414984375 0.6500226546875 0.371169640625 0.6504906640625 0.36879461406249997 0.6613594968750001 0.34236719375
0 0.6208325890624999 0.08225763281250001 0.6038446578125 0.0778138171875 0.5973234828125 0.0764638359375 0.5880494515625 0.0732031359375 0.58821150625 0.07448648125 0.5864451578125001 0.081007884375 0.603023071875 0.090473853125 0.6185184984375 0.09588885625 0.6308083265625 0.08963454374999999 0.6208325890624999 0.08225763281250001
0 0.5600455140625 0.08763310156250001 0.5668594078125 0.08800676874999999 0.571281125 0.084966371875 0.57216725 0.0807059703125 0.5724994046874999 0.073584490625 0.5604373015624999 0.0800638390625 0.5600455140625 0.08763310156250001
0 0.5389315171875 0.13826124687500002 0.5442655046875 0.14588399531250001 0.5532927109375 0.148114815625 0.5669156171874999 0.1386243078125 0.566984421875 0.13149714375 0.532844259375 0.130974096875 0.5389315171875 0.13826124687500002
0 0.4815966078125 0.11775735624999999 0.4781700171875 0.12475312812499999 0.48543768906249996 0.130032353125 0.4949097671875 0.1257882671875 0.497114959375 0.116048228125 0.49089339374999996 0.1065709796875 0.47783502499999997 0.1091356828125 0.4718062703125 0.111381875 0.462343534375 0.112637125 0.454736996875 0.111837646875 0.4453378203125 0.109528453125 0.43279354999999997 0.10791934218749999 0.428539140625 0.10821689062499999 0.419031696875 0.114845340625 0.419307296875 0.11787355 0.42600417031250004 0.1256238328125 0.4369064140625 0.129118509375 0.4559182625 0.1282526078125 0.46970526875 0.12838195 0.4815966078125 0.11775735624999999
0 0.4387640015625 0.063595928125 0.443622240625 0.0633681296875 0.45328555625 0.063433265625 0.46266286562500003 0.057235760937500005 0.46956324218749995 0.050030071875000005 0.43750613125 0.04110844375 0.43243523125000005 0.044839453125 0.41994243124999997 0.0491384015625 0.418460915625 0.05498274374999999 0.42559949843749995 0.061101510937500006 0.43400739843749997 0.0605397984375 0.4405832296875 0.0547627 0.4381077890625 0.060661259375 0.4387640015625 0.063595928125
0 0.7720266312499999 0.081314359375 0.7658945875 0.0757837140625 0.7610198890625 0.0743145578125 0.7551170671875 0.0748991859375 0.7548335328125 0.076027290625 0.7477840359375 0.0939793859375 0.757975378125 0.0936695359375 0.7686290812500001 0.0940728609375 0.7721162765625 0.093854928125 0.775090121875 0.0890441140625 0.7720266312499999 0.081314359375
0 0.6871069421875 0.13981926875 0.69203255 0.13841236562499998 0.6945769078125 0.1318281921875 0.6930853609375001 0.12848521875000002 0.6888105515625 0.12958974375 0.684047071875 0.1369131921875 0.6871069421875 0.13981926875
0 0.6796928890625 0.14191200312500002 0.6736106687500001 0.141692221875 0.6673237453125 0.13890573125 0.66145200625 0.136907584375 0.65755139375 0.1392501921875 0.6555528749999999 0.143286840625 0.660506496875 0.147876653125 0.6692932078125 0.147731821875 0.6754677265625 0.1477162125 0.6824955312500001 0.1483715953125 0.688208271875 0.15239075625 0.6924810406249999 0.15495298125 0.6994704421875 0.15166870625 0.6909433640625 0.14535215625 0.6796928890625 0.14191200312500002
0 0.5801181515625 0.15621320156250001 0.5810580859375001 0.1529655359375 0.5831439609375 0.14431587343750002 0.580913325 0.138901484375 0.5766605578124999 0.13872001875 0.5717028265625 0.1454401703125 0.5707768578125 0.1579274125 0.5801181515625 0.15621320156250001
0 0.8023655812499999 0.15305678125 0.799908375 0.13967820625 0.79770985625 0.1382782296875 0.7843039187499999 0.1373185453125 0.777468278125 0.1401115140625 0.7799604015625 0.14980951250000002 0.7820172515625 0.1594334828125 0.7922440875000001 0.1648399078125 0.798449490625 0.165666515625 0.8023655812499999 0.15305678125
0 0.795606525 0.12120389843749999 0.78014506875 0.11805171875 0.7658767875 0.1165520609375 0.764336221875 0.1171882640625 0.7604602875 0.1261572515625 0.812407709375 0.1436581078125 0.8128509375 0.1480362328125 0.82397418125 0.142806215625 0.8248821156249999 0.1305653140625 0.8079664203125001 0.12416363593749999 0.795606525 0.12120389843749999
0 0.8674975765624999 0.13734447968750002 0.8548346890625 0.130346575 0.84993400625 0.1274654046875 0.8407180609375 0.13055808124999999 0.835303140625 0.13357107343750002 0.831986553125 0.1463066625 0.8203996921875 0.150641125 0.81048190625 0.1539836828125 0.8109187062500001 0.15806419375 0.8197067328125 0.16159903281250002 0.8473266296874999 0.170195690625 0.8571034281250001 0.1742036640625 0.859836125 0.1717021671875 0.8556803203125 0.16088192968749998 0.8570607546875 0.15975128125 0.866353746875 0.16501399375 0.8789150859375001 0.1701080421875 0.88103616875 0.1877309828125 0.8906178359375 0.189185821875 0.914067996875 0.185226278125 0.9179264296874999 0.185631815625 0.921704865625 0.1734648046875 0.9117466578125001 0.16471030625 0.9089995125 0.15699023437499998 0.9026005078124999 0.1508455078125 0.8931806015625 0.145684146875 0.8832680281249999 0.1436854890625 0.8711908234375001 0.1441050640625 0.8674975765624999 0.13734447968750002
0 0.8517982343750001 0.1801488765625 0.844327765625 0.17401879375 0.8335215609375 0.17274947031250001 0.8285354328125001 0.17259461874999998 0.8264646015625001 0.1801743671875 0.8262450625 0.19196444375 0.8364426343750001 0.1969467359375 0.8475462390624999 0.1968364625 0.8533068328125 0.1879037375 0.8517982343750001 0.1801488765625
0 0.7300216374999999 0.37543172343750003 0.7233669546875 0.3676088890625 0.7128951359375 0.36613276250000004 0.7076221640625 0.3668684296875 0.7057277375 0.3712899421875 0.7101141390625 0.3834290078125 0.71692836875 0.390630740625 0.7274014203125 0.3879844125 0.7300216374999999 0.37543172343750003