0 0.3112765609375 0.2976278015625 0.2975537203125 0.2929253125 0.29730430625 0.2904224921875 0.269125275 0.3124731375 0.2591904453125 0.3363352 0.2564892328125 0.3561615890625 0.259343584375 0.3718568953125 0.280201975 0.37711726562500003 0.2954418359375 0.36354838125 0.299683675 0.3530695640625 0.31226118125 0.3333294671875 0.31469995 0.304581290625 0.3112765609375 0.2976278015625
0 0.368053215625 0.29608488125 0.37379419999999997 0.302961734375 0.378068675 0.31736555312500003 0.384447009375 0.3326409671875 0.3967774515625 0.3382917140625 0.40461426874999995 0.341045121875 0.41599812812500003 0.3380613484375 0.43050224843749996 0.3269657 0.4300298859375 0.30753586875 0.42064396249999997 0.2957871390625 0.41496604374999996 0.274742115625 0.4083771921875 0.262513934375 0.39813030625 0.2475279375 0.389444921875 0.2382381328125 0.379758709375 0.2408972015625 0.37192436562500003 0.24760180781250002 0.36645305625 0.2581839578125 0.3629019015625 0.2820595890625 0.368053215625 0.29608488125
0 0.46768191249999996 0.2452732078125 0.476089159375 0.23269586874999998 0.4821506953125 0.20528363437500002 0.4780579796875 0.196479925 0.46491436875 0.1990065265625 0.44357127500000004 0.2225007234375 0.43350810781250004 0.22867276718750001 0.42565430937500004 0.23430327499999998 0.41977872187500004 0.2457074734375 0.42043746249999997 0.2622618203125 0.431702178125 0.2674345953125 0.443263278125 0.25424175937500004 0.4533693671875 0.25110996406249997 0.46768191249999996 0.2452732078125
0 0.5287410312499999 0.281407021875 0.5402650796875 0.26775929062500003 0.547404190625 0.24847613750000003 0.54911754375 0.2275279109375 0.5507683671875 0.2181618234375 0.548861509375 0.21072405624999999 0.5467316890625 0.20669152343750002 0.5308136171875 0.22734275781250002 0.5148693953125 0.2372561640625 0.5063499499999999 0.24372721249999998 0.5016804390625 0.2565979125 0.5027069609375 0.269491253125 0.5085754015624999 0.2772238609375 0.515333253125 0.277853309375 0.5287410312499999 0.281407021875
0 0.5491122421875 0.3964650078125 0.5478569828125 0.37908050000000004 0.5477009625 0.3584438890625 0.5420635328125 0.3408269265625 0.5356645984374999 0.32319445625 0.535000340625 0.3238679390625 0.5219845171874999 0.336543909375 0.5037524890625 0.355079071875 0.5005143125 0.3528141765625 0.49678646875 0.3335216703125 0.49958821249999996 0.31962636875 0.5047264359375 0.30920252656249997 0.5053474140625 0.29968697031249997 0.4897748234375 0.2896327765625 0.47206212187499996 0.262158075 0.46754810312500006 0.26730966718750004 0.45779587499999996 0.2782637109375 0.45170639062499995 0.2916164796875 0.44942871718750005 0.3143346421875 0.42250546718750004 0.34601944218749997 0.4109095921875 0.35907800624999997 0.4055405109375 0.37624155937500003 0.4042403515625 0.394552878125 0.42083506562500006 0.4110873921875 0.4387250296875 0.40607844687499994 0.44715133281249997 0.407051253125 0.460461865625 0.4380396734375 0.47614715781249994 0.449458775 0.48404904687499994 0.443598346875 0.49812532656249997 0.43199919218750005 0.5123280140625 0.4276065125 0.5237687578125 0.4204793953125 0.5366895109375001 0.40739086406249997 0.5433609796875001 0.41649388125 0.567058190625 0.43090243125 0.5491122421875 0.3964650078125
0 0.8685284531249999 0.267916565625 0.8683618843750001 0.2802951 0.8584812421875 0.277612625 0.8496535250000001 0.26208291093749997 0.8409012875 0.26149820625000003 0.8388111078125 0.2685004546875 0.8400604984375001 0.280964384375 0.8488583484375001 0.29754864375 0.854283334375 0.30539406874999997 0.8635012140624999 0.31398240624999996 0.864976046875 0.30885495 0.8683410374999999 0.298361771875 0.878589315625 0.30267219375 0.8856913843750001 0.2795322890625 0.8812531578125 0.2603545328125 0.8693866265624999 0.259026040625 0.8685284531249999 0.267916565625
0 0.5684561203125 0.06931396875 0.561429515625 0.0723594421875 0.5404035390625 0.0721199234375 0.5380898984375 0.103132553125 0.5749025484375 0.07039667499999999 0.5684561203125 0.06931396875
0 0.42187082968749995 0.07460851562500001 0.43361384375 0.0791510984375 0.4402739265625 0.0715619578125 0.43552648749999995 0.061500196875 0.4303574765625 0.050093234375 0.42509790937499997 0.04055435 0.4214972078125 0.0294735171875 0.41761312031250003 0.0166929515625 0.40660986093749996 0.0175748640625 0.4028235875 0.03054918125 0.41235231250000004 0.0425167921875 0.416266034375 0.056377618750000004 0.42187082968749995 0.07460851562500001
0 0.2793738546875 0.057089084375 0.274567403125 0.0432258640625 0.26660056718749997 0.028464059375 0.2526156203125 0.0077868140624999995 0.2468062921875 0.0082784078125 0.23987700625000002 0.01438124375 0.237928284375 0.0219824453125 0.24504370625 0.040826421875000005 0.24790306874999998 0.051916671875 0.263100484375 0.0694792234375 0.2756880296875 0.070898003125 0.283675253125 0.0670013765625 0.2793738546875 0.057089084375
0 0.30548796093749997 0 0.29673104375000003 0.01129974375 0.2956099890625 0.019444865625 0.30777890937499996 0.028310671875 0.312227546875 0.025701282812499997 0.3187851015625 0.0046843828125 0.3206962625 0 0.30548796093749997 0
0 0.3811189046875 0.10198461562500001 0.38581144375 0.11034877812499999 0.39850496875 0.099954846875 0.406364565625 0.0837408984375 0.40679672499999997 0.0712576828125 0.4020175609375 0.07077377968750001 0.4001897296875 0.07322607343750001 0.3811189046875 0.10198461562500001
0 0.0170731859375 0.34355456093750003 0.015494440625 0.354787915625 0.014175123437500001 0.36417534687500003 0.01935576875 0.379732125 0.02000709375 0.38961425781250003 0.032170153125 0.389865725 0.033650849999999996 0.37934125 0.031039746875000003 0.3708293921875 0.0235734375 0.362307346875 0.0196600578125 0.354630184375 0.0170731859375 0.34355456093750003
0 0.5720421359375 0.859733478125 0.583258353125 0.8824735921875 0.5992584078125 0.8881951140625001 0.6173424203125 0.8830067406250001 0.62177800625 0.8666697531249999 0.6164042484375 0.8561807296874999 0.624075328125 0.835964090625 0.6203913484375 0.8282039828125001 0.6129130703125 0.8240446046875001 0.5981783609375 0.8114415906250001 0.588289128125 0.8121771203125 0.581428684375 0.819597671875 0.571106896875 0.8429572406249999 0.5720421359375 0.859733478125
0 0.20690302031250002 0.765558809375 0.2115659265625 0.7699236765624999 0.21377952812499998 0.7685212265625 0.2148612640625 0.7626206015625 0.2122887421875 0.7604918578125 0.20880989687499998 0.7626900265625001 0.20690302031250002 0.765558809375
0 0.6011207984375 0.7426330203125 0.5965064921875001 0.7409873171875 0.5981093109375 0.7487247484374999 0.6085573375 0.7656813546875 0.6108817328125 0.7615931859375 0.6047280749999999 0.7475595640625 0.6011207984375 0.7426330203125