0 0.5061894062500001 0.8437369359375 0.5112488234375 0.8455692640624999 0.52275856875 0.846543721875 0.5366601875 0.8459456234375 0.537686228125 0.8440147984375 0.546114115625 0.8426694921875001 0.552160921875 0.8387869328124999 0.55137539375 0.830609478125 0.541294484375 0.825309296875 0.529628815625 0.8246727937499999 0.5055306875000001 0.8305328031249999 0.5016830890625 0.8360915 0.5061894062500001 0.8437369359375
0 0 0.8360056078125 0.0104140328125 0.8429233999999999 0.03212001875 0.84330696875 0.0509350171875 0.8426117921875 0.067355821875 0.8438907562500001 0.0755090921875 0.846370928125 0.089166125 0.8458185671875 0.107414528125 0.85081436875 0.10844450312500001 0.8487476546874999 0.10060890625 0.845168171875 0.08667534375 0.8415978921875 0.0720536703125 0.8364450484375 0.0580659671875 0.8265759890625001 0.0486847671875 0.8207613796875 0.0357697265625 0.8117517953125001 0.0263340421875 0.80288108125 0.0199320171875 0.7912128859374999 0.013518896875 0.7552017281250001 0.028458221875000002 0.7290850390625 0.0522940203125 0.7086197890625 0.0842170515625 0.6942387953125 0.1411799046875 0.6814653640625 0.15694800312499999 0.6847738718749999 0.19793921875 0.6797259984374999 0.245710859375 0.6851699328125 0.28798019375 0.6989347296874999 0.33005699375 0.708151725 0.35347092812500003 0.7309247609375 0.3749232765625 0.7565827515625 0.3720183078125 0.787282040625 0.3471250328125 0.8130905859374999 0.327571421875 0.8280781749999999 0.2940953234375 0.8435166000000001 0.2614014546875 0.8534444000000001 0.2617591515625 0.8607955125 0.27122721875 0.86270791875 0.281751071875 0.8600005484375 0.291053884375 0.8562498328125001 0.30644780781250003 0.8598659203125001 0.313482553125 0.8580259140625 0.3183324640625 0.8564618796874999 0.327900496875 0.8597199859375 0.3379848859375 0.85667364375 0.3595294625 0.85762010625 0.3661546625 0.8528318765625 0.40127143125 0.854952884375 0.40867651406250005 0.8401329890625 0.428250809375 0.8475960562499999 0.4399581890625 0.8549749406249999 0.44467785624999995 0.85773898125 0.49266289687500003 0.8647446890625 0.5046402671875 0.86372856875 0.47633106875 0.849683928125 0.4594942515625 0.8315920171875 0.4461160765625 0.8016649156250001 0.4537993171875 0.768850259375 0.427495071875 0.7362752875 0.461216790625 0.7133009390625 0.47959795468750005 0.691083975 0.5016814921875 0.6927571421875001 0.5418836015624999 0.6484910859374999 0.5048634734374999 0.633027015625 0.48491325312500005 0.616034059375 0.4510370390625 0.6118687671874999 0.426322 0.62164673125 0.41273945 0.6248257921875 0.4056721546875 0.6166230765625 0.395487425 0.612883821875 0.38657256875 0.62368456875 0.3717830703125 0.62680349375 0.314178696875 0.6218958484375 0.274670525 0.615752275 0.238497915625 0.615478746875 0.1817506 0.6075777921875 0.15435294375 0.599146790625 0.11374890468750001 0.6021573609375 0.08490835468749999 0.6184643203125 0.0443199640625 0.637499478125 0.0629124265625 0.654925053125 0.0447200859375 0.664891884375 0.025514848437499998 0.667083603125 0.01945155 0.6735225140625001 0 0.6709001484375 0 0.8360056078125
0 0.2527064015625 0.783252271875 0.2568066390625 0.7840802078125 0.2634377875 0.7870088828124999 0.267716084375 0.7886478609375 0.2688729203125 0.7873709812499999 0.25677132187499996 0.7774192015625 0.248648190625 0.770795175 0.240073615625 0.7672043562499999 0.2281573140625 0.76302075 0.22106018125000002 0.7610934703125001 0.2153217234375 0.7690664093749999 0.222027059375 0.77750346875 0.22867562343749998 0.7808668890625 0.2334373171875 0.7788059281249999 0.239287959375 0.78320714375 0.24346953437500002 0.783941171875 0.24700710781250002 0.781013403125 0.2527064015625 0.783252271875
0 0.26345741718750004 0.8191891265625 0.2644818296875 0.8291694625 0.2698759703125 0.8296417999999999 0.2757966859375 0.8293122687500001 0.2842180125 0.828163753125 0.2904419296875 0.8199539375 0.29438356875 0.8119621374999999 0.2925311359375 0.8091309390625 0.2789668078125 0.8085800624999999 0.27006718749999997 0.810092159375 0.26345741718750004 0.8191891265625
0 0.31328977812500003 0.745161609375 0.31083882812499997 0.7434935796875 0.29690448125 0.7477572921875 0.2999651171875 0.751830078125 0.30601887968749997 0.7528311953125 0.3133041609375 0.7475606625 0.31328977812500003 0.745161609375
0 0.5433912453125 0.8730531625 0.5567449718749999 0.8739410390625 0.5713324296875 0.8728173296874999 0.5727087281250001 0.87006905625 0.5619975625 0.8263879671875 0.5558487859375 0.81686358125 0.5552662609375 0.8101273875 0.5759601375 0.8057347515625001 0.586160028125 0.7996524640625 0.5886297500000001 0.7932617796875 0.5746591249999999 0.7886813234375001 0.556083596875 0.7838939078125 0.5362572546875 0.7899753781250001 0.5231044015624999 0.79494815 0.5071800484375 0.793160584375 0.49583678593749997 0.7864084640625 0.48079343906250005 0.796370875 0.48332254218750004 0.8163915015625 0.496838484375 0.8224001765625 0.49106329375 0.8290754031249999 0.487399565625 0.8397677781249999 0.5063165875 0.8428968390625 0.505246484375 0.8372351140625 0.50695056875 0.8275258750000001 0.5156537906249999 0.82240355 0.5350588515625 0.8231782703125001 0.5492929390625 0.8282430859375 0.5544141609375 0.8371885140625 0.552009259375 0.84326778125 0.5391100453125001 0.84982490625 0.5236086484375 0.8569320156250001 0.52453319375 0.8669934328125001 0.5433912453125 0.8730531625
0 0.7924125796875 0.6853659109375 0.7660119437499999 0.711493509375 0.77060081875 0.72443650625 0.7756930078125001 0.7283306578125 0.783056303125 0.7194859421875 0.794648921875 0.701208915625 0.7924125796875 0.6853659109375
0 0.7479572953125 0.9097304796874999 0.7499819296875 0.9023381265625 0.7452880171875 0.901948334375 0.7372351125 0.9058943312500001 0.7479572953125 0.9097304796874999
0 0.71790593125 0.8342523281249999 0.709119640625 0.8397466984375 0.706083425 0.8455555312499999 0.7093359296874999 0.848842484375 0.7163718984375 0.84934973125 0.7252974109375 0.8452798828124999 0.7296737578125 0.8380786 0.7230021125 0.8328144875 0.71790593125 0.8342523281249999
0 0.8122709796875001 0.54485515 0.835191871875 0.5472602281250001 0.8638876078125 0.549903628125 0.8733039296875 0.5490506468749999 0.8900839515625 0.5430003906249999 0.9024031906250001 0.5257111953125 0.9145958640625 0.506003796875 0.9241167125 0.49056760781250003 0.9308890859375 0.47672119375 0.943983659375 0.454047834375 0.962844665625 0.4242162109375 0.9567631578125001 0.409226540625 0.9354551078125001 0.3967887078125 0.874554696875 0.4132017859375 0.8593993687499999 0.42572982187499997 0.8519452171875 0.42840951250000003 0.8253439671875 0.42287722656250004 0.8034902578124999 0.430598565625 0.7842589624999999 0.44368367500000006 0.7746419312499999 0.46892749218749996 0.7809071375000001 0.48216697656249996 0.7945715843750001 0.5027664046875 0.8061076234375 0.518349796875 0.8215754890625 0.5234595890625 0.8173271796874999 0.532368053125 0.8122709796875001 0.54485515
0 0.72736754375 0.687199746875 0.7246995828125 0.6917866953125 0.72958340625 0.6924876624999999 0.735799271875 0.6914537984375 0.7388919796875 0.6866164125 0.7331545562499999 0.685577059375 0.72736754375 0.687199746875
0 1 0.25775892968749997 0.9980294203125 0.259141065625 0.973679815625 0.272335303125 0.96697585625 0.286201665625 0.9657329140625001 0.2977832984375 0.9708561765624999 0.3207574609375 0.9863136609375 0.3327290546875 0.9971830796875001 0.3433500578125 0.9999217171874999 0.3411600203125 1 0.34106933125 1 0.25775892968749997