0 0.4229218453125 0.5858282109374999 0.42491362656250004 0.58600568125 0.42696604687499995 0.5879195937499999 0.4265982515625 0.596370390625 0.4357388765625 0.602254971875 0.44069522968749997 0.6020818921875 0.44330430468750004 0.6009979890625 0.46002332187499995 0.587013796875 0.462214809375 0.583463278125 0.4620763015625 0.5794969453125 0.4586076015625 0.574902703125 0.45089348906250004 0.5719466828125 0.44614539999999997 0.5686369359375 0.4392838046875 0.5711107203125 0.43333430625 0.57131848125 0.42314957187499996 0.5734111359375 0.4176090453125 0.5758387890625001 0.41803530312500004 0.5785536921875 0.4229218453125 0.5858282109374999
0 0.42337833593749996 0.50416409375 0.424183315625 0.52721566875 0.42248522031249997 0.544895075 0.42533668281250003 0.5507522546875 0.43777287343750004 0.5562731624999999 0.44536581875000003 0.555759421875 0.46523115937500004 0.5466293203125 0.4712764265625 0.5397172578125 0.476243571875 0.5303616453125 0.47708797656249996 0.5261123999999999 0.47646268281250004 0.517697846875 0.473786475 0.5073677640625001 0.46942851093750004 0.505782953125 0.45753107656249997 0.5061984203125001 0.4482253734375 0.5050334125 0.43803414375000005 0.4974485234375 0.4357214921875 0.49752928281250003 0.4312418015625 0.5019054749999999 0.42498010312499995 0.5026197531250001 0.42337833593749996 0.50416409375
0 0.303535578125 0.510269015625 0.30682192656249996 0.534131359375 0.3126929828125 0.5535257765625 0.317761115625 0.5631797828125 0.326816121875 0.5704181765625 0.3207593640625 0.46453536562500003 0.3151597359375 0.4645542390625 0.3126816609375 0.41539515156249995 0.3032523859375 0.42716733749999997 0.29590785625 0.43904808281249996 0.28897661874999997 0.4619132828125 0.2938016046875 0.475081040625 0.30253880624999996 0.4913063125 0.303535578125 0.510269015625
0 0.25491118749999997 0.9861152296875 0.26082319374999996 0.9859978937499999 0.26618409375 0.9837094078125 0.2752670828125 0.9797056015625 0.2693549671875 0.9778498640625 0.25491118749999997 0.9861152296875
0 0.19966122343749998 0.31644954531249997 0.20066090625 0.31893023125000003 0.20259352812500003 0.319517828125 0.20762929375 0.3195592953125 0.21291603593750003 0.3177439984375 0.20762871249999998 0.3146625828125 0.2048678953125 0.31426650624999997 0.19966122343749998 0.31644954531249997
0 0.20725226874999997 0.29645056406250003 0.20448380781250003 0.30049183125 0.20584459531250002 0.3040902828125 0.207513340625 0.3053593796875 0.21272436562500002 0.3025398625 0.2166929578125 0.29969025 0.21483997968750002 0.29578691562500004 0.20725226874999997 0.29645056406250003
0 0.18845232812499998 0.29543730468749996 0.187884059375 0.2995799734375 0.1880817328125 0.3052405859375 0.18775172499999998 0.30640124687500003 0.1947355046875 0.3059040890625 0.19846115 0.302096746875 0.1957122875 0.29604368124999997 0.19226736875 0.2942346796875 0.18845232812499998 0.29543730468749996
0 0.202363746875 0.276404271875 0.19551891562499998 0.2755973484375 0.19026299375 0.2756089109375 0.189974678125 0.281724259375 0.1925914859375 0.2855180578125 0.1998448328125 0.287009578125 0.2151255828125 0.2885193953125 0.21788216718750003 0.28736155 0.2203536015625 0.2831868171875 0.21640694374999997 0.2757403296875 0.209204875 0.275269515625 0.202363746875 0.276404271875
0 0.0834091890625 0.18795653437499998 0.0823521015625 0.195562121875 0.08455773125 0.20083366875 0.087222403125 0.20214772499999997 0.091575646875 0.20131404062499997 0.09682805 0.203350725 0.10456987499999999 0.20539897499999998 0.10786161875 0.20528402343750002 0.1136717375 0.2050248453125 0.1195524984375 0.20352025624999998 0.119287890625 0.196256315625 0.116750875 0.1853006828125 0.10451038906250001 0.1877121515625 0.0976961953125 0.18603644218749998 0.09521206875 0.1823709046875 0.08569572656249999 0.1838148359375 0.0834091890625 0.18795653437499998
0 0.091335278125 0.17289574218749998 0.09002918125 0.1786088671875 0.093183840625 0.1796275171875 0.096440684375 0.17851317656250001 0.0990669453125 0.17572763593750002 0.09830402656250001 0.1720129359375 0.091335278125 0.17289574218749998
0 0.1919708640625 0.189933053125 0.1855942890625 0.18887995 0.179576246875 0.1890947953125 0.1792762859375 0.1925933328125 0.18127629375 0.20406489687499998 0.1872356125 0.20624262031249999 0.1914451453125 0.20653182343749998 0.1948541828125 0.20288093906250002 0.1963275109375 0.1985987859375 0.2027091265625 0.19800539687500002 0.197435928125 0.20320822343749997 0.20294410312500002 0.20634602812499997 0.2135284703125 0.2067878453125 0.216750984375 0.20486952500000002 0.1990100953125 0.18793460625 0.1940074109375 0.190765609375 0.1919708640625 0.189933053125
0 0.198077671875 0.2204213125 0.2002824 0.2214137234375 0.20356303437499998 0.22236856249999998 0.20318949062499997 0.2207603078125 0.20445999218750002 0.2216837171875 0.20874993125 0.2162166078125 0.20286109843750003 0.2125652125 0.19645461718749999 0.2144164859375 0.19656515000000002 0.21758174375 0.198077671875 0.2204213125
0 0.69854816875 0.358317271875 0.7015424593749999 0.35389289062499996 0.7004642375000001 0.3492526921875 0.6946029296875 0.34992640937499997 0.685611228125 0.35470875468749996 0.673888796875 0.3659559625 0.6827857046875 0.3648166453125 0.686797703125 0.363210025 0.6935312328125 0.360695371875 0.69854816875 0.358317271875
0 0.47073069375000004 0.0640183953125 0.50117260625 0.073821334375 0.5035373109375 0.0789919578125 0.5142728953125 0.0770035796875 0.5142904374999999 0.06626830312500001 0.5155508828124999 0.0496219859375 0.5124024359375 0.028589365625 0.502688475 0.013539521874999998 0.49284164218750004 0.0040867890625 0.48094946250000004 0.0046975046875 0.4661121578125 0.011095778125 0.4641225984375 0.027323535937499997 0.46393264843750004 0.05125411875 0.47073069375000004 0.0640183953125