0 0 0.1198972421875 0.0026028890624999997 0.12023850625000002 0.0079146765625 0.122498253125 0.011707240625 0.12383076875000001 0.021178487500000003 0.13340762343749998 0.029589645312500003 0.12932721875 0.03803860625 0.1232849234375 0.0464215375 0.1258282875 0.059424143750000005 0.12715343437499999 0.0695769375 0.12110167187500001 0.074882125 0.115292671875 0.0816604078125 0.110209265625 0.07855101249999999 0.1002789203125 0.0903163515625 0.1027964125 0.09957523593749999 0.096889996875 0.10718235937500001 0.0962897703125 0.10831959218750001 0.0920537515625 0.1046161203125 0.0826616546875 0.110862490625 0.07891168750000001 0.10290353125 0.072749759375 0.10210292812499999 0.0688065484375 0.10617856249999999 0.0670523046875 0.113723403125 0.060459978125 0.115255915625 0.056932470312500004 0.11563949062500001 0.0489783 0.11777900937500001 0.043939624999999996 0.11683284375 0.035783303125 0.118686171875 0.031996003125 0.11791308593750001 0.028796034375 0.11362979843750001 0.0246039015625 0.108619915625 0.023288881249999997 0.091365825 0.021905821875000002 0.0823306421875 0.0189959359375 0.07307690781250001 0.0193190828125 0.061674984375 0.0244326203125 0.057094662500000004 0.030672834375000003 0.048996975 0.035670984375 0.047440067187500004 0.038455140625 0.0486118390625 0.0436252078125 0.0468677578125 0.045795210937500004 0.036407625 0.0399567078125 0.0313891265625 0.0383949609375 0.0257879625 0.039086173437499996 0.020238765625 0.0412655390625 0.009725103124999999 0.0339389359375 0.0047255078125 0.0328737078125 0 0.0341389796875 0 0.1198972421875
0 0.12546565625 0.18351263906249998 0.1412634734375 0.18581583125 0.143846590625 0.18398863125 0.1450653421875 0.1809676953125 0.1426563875 0.0977917234375 0.1390644 0.0991585390625 0.13244569687500002 0.0991410796875 0.127040375 0.1006947328125 0.1254921375 0.10372717499999999 0.12872656093749998 0.1110593859375 0.1276083890625 0.11221473906249999 0.1223209859375 0.1123993796875 0.1184065671875 0.1140244796875 0.1044421140625 0.1263005609375 0.10228369374999999 0.13084271875 0.10503071562499999 0.14315591249999998 0.11289195156250001 0.1503249890625 0.110386759375 0.154383640625 0.11053393593750001 0.158598259375 0.1256815203125 0.16601006875 0.1258026859375 0.1694798296875 0.118670625 0.1737000546875 0.118165884375 0.1781844640625 0.12546565625 0.18351263906249998
0 0.073752046875 0.1980387671875 0.070364140625 0.192758475 0.06759060156249999 0.1891327484375 0.059495035937499996 0.1847000796875 0.0570265890625 0.1803194953125 0.0477074625 0.174069046875 0.041359223437499995 0.172305146875 0.039679715625 0.1741304984375 0.0262634703125 0.18182371718749998 0.0198017703125 0.18509340624999998 0.019288412499999998 0.189331090625 0.021453328125 0.194466478125 0.0260488171875 0.19815209218750002 0.0360496796875 0.2002856171875 0.0390103359375 0.2045239359375 0.0422328421875 0.206769090625 0.0464262140625 0.20950566093749998 0.055176025 0.2097504453125 0.0671684359375 0.20623446250000002 0.073752046875 0.1980387671875
0 0.21187734374999997 0.062889059375 0.2069062125 0.065101396875 0.21170100937499997 0.0675996453125 0.2158819671875 0.064115671875 0.21187734374999997 0.062889059375
0 0.17370939375 0.2052797171875 0.17263994062500002 0.203084453125 0.169774440625 0.20157103593749998 0.16712206875 0.2014150703125 0.157431284375 0.20820584687500002 0.1461699890625 0.20785489687499997 0.1441122015625 0.2105330328125 0.144850046875 0.2221706203125 0.150910534375 0.22518595000000002 0.1538138546875 0.2325281609375 0.15818048906249998 0.23436125937500002 0.16227185 0.23310208124999998 0.1674034578125 0.22845609687500001 0.1729786109375 0.22702002812500002 0.1771673015625 0.21905649375 0.1770288484375 0.215091721875 0.17370939375 0.2052797171875
0 0.1855127453125 0.216407378125 0.18212521718750002 0.218883359375 0.183855259375 0.22105711718749999 0.1875511265625 0.2226650515625 0.1866980515625 0.226666009375 0.1838460296875 0.230239596875 0.18738398437499998 0.2368170046875 0.19229317968749998 0.23999448750000002 0.1996330015625 0.24172375937499999 0.20060187499999999 0.24578460781249997 0.20481440312500002 0.2479951890625 0.21108627812499997 0.24752758125000002 0.21630448124999999 0.24536133750000003 0.21917054062500002 0.23744398906250003 0.22588982343750003 0.2355958640625 0.23168140781250002 0.2403575796875 0.235020215625 0.2412322140625 0.238317396875 0.2408700484375 0.24710157656249998 0.23659212968749999 0.24977123437499998 0.23724310625 0.2628712609375 0.24758128125 0.26571080468749997 0.24835140312499998 0.2959717796875 0.24791379375 0.2985635671875 0.2463348796875 0.3004255671875 0.242795865625 0.30623655781250003 0.23862177187500003 0.3079254234375 0.2301248421875 0.3040650921875 0.22380728125 0.29793384375 0.2188104015625 0.283641021875 0.212236459375 0.2777190421875 0.2131874625 0.270172640625 0.21977984374999998 0.2675235171875 0.22446264999999999 0.2601577390625 0.22199008125000003 0.25267079375 0.21604775156249997 0.24728818125 0.21350592812500002 0.240652190625 0.21299345937499997 0.235728903125 0.21415817656249997 0.232312115625 0.2110505265625 0.223641046875 0.20912071718749997 0.219563725 0.20603613437499999 0.21390203125 0.204994028125 0.20866654218749997 0.2066652625 0.19698548437500002 0.213276953125 0.1855127453125 0.216407378125
0 0.32015234531250003 0.22969786874999998 0.322348640625 0.2309860671875 0.33149312656249996 0.23228021718749997 0.338642528125 0.22855656406249997 0.335228978125 0.2246014109375 0.3296220890625 0.22266622187500001 0.3199965515625 0.22523652656249998 0.31975360625000004 0.22772620937500002 0.32015234531250003 0.22969786874999998
0 0.458803696875 0.2346589046875 0.46798817656249997 0.232352590625 0.474628028125 0.22827462812500002 0.4744635640625 0.223565 0.46701986093750003 0.218860978125 0.46562959218750005 0.21692550625 0.4691004125 0.2120889296875 0.46592114999999995 0.211082084375 0.4607289578125 0.2139931875 0.45544155625 0.2141778265625 0.4420570796875 0.20993141406250002 0.43934412500000003 0.20804056875 0.432725421875 0.20802310937500001 0.42112553437500005 0.22170502499999997 0.4234549140625 0.231550040625 0.4246510109375 0.232626140625 0.4302694609375 0.23242993906249998 0.43480111875 0.22954190312499997 0.44041956875 0.2293457015625 0.4455230453125 0.23338567968750001 0.45642347499999997 0.23759532343749998 0.458803696875 0.2346589046875
0 0.434600846875 0.0722108625 0.42374690781249996 0.074078296875 0.4130520640625 0.0852474078125 0.413689890625 0.0893198171875 0.42550078593749996 0.086426171875 0.432301240625 0.0916482703125 0.4411248546875 0.0932006515625 0.45113108593750006 0.09074212968749999 0.45414426875 0.0870378390625 0.46413858281250003 0.0794922578125 0.46433979374999995 0.0757626515625 0.460378884375 0.0713106734375 0.450386690625 0.069425434375 0.43977569843750003 0.0688031875 0.434600846875 0.0722108625
0 0.463525225 0.1016849953125 0.46873492656250004 0.09842463125 0.46995069218749996 0.09522869218749999 0.46080313281249996 0.09281678125000001 0.45947676875 0.09799435 0.4605536984375 0.1034929265625 0.463525225 0.1016849953125
0 0.7937554812500001 0.297856190625 0.7887386421875 0.2935661625 0.7815368171875 0.2922964171875 0.7856857859375 0.2963134421875 0.7886060015624999 0.30140838125 0.7947001734375 0.3079403015625 0.798689546875 0.30483512031250004 0.7937554812500001 0.297856190625
0 0.731818146875 0.131317884375 0.7398704171875 0.134510684375 0.7416837515625 0.1343238484375 0.7459032078125001 0.131942328125 0.7484344125 0.128628534375 0.746964603125 0.124460103125 0.743860071875 0.1208475 0.7403166953125 0.1188605765625 0.7297072640625 0.1182382734375 0.726023315625 0.1217173984375 0.7255012875 0.125706796875 0.726553453125 0.12740705000000002 0.731818146875 0.131317884375
0 0.49532693749999995 0.257207371875 0.489412065625 0.2584067171875 0.48732121250000004 0.26009321406249997 0.486111078125 0.263360875 0.49546657187500004 0.2754432953125 0.4980025859375 0.27696821875 0.5114688468749999 0.278855653125 0.5165360109375 0.2770652203125 0.52117535625 0.272559940625 0.5222642703125 0.26582095781250004 0.5205342828124999 0.263648759375 0.515659659375 0.2614613 0.5093373765625 0.26044069687500004 0.502275128125 0.257213325 0.49532693749999995 0.257207371875
0 0.6353253140625 0.26286557187500004 0.650162871875 0.26135464062499997 0.649667359375 0.256656571875 0.6395767640625001 0.24720765937500003 0.6346015078125 0.24688422187499998 0.6241998375 0.2522114171875 0.617945246875 0.2531740359375 0.6138712281250001 0.25492978593750004 0.6156704687500001 0.25908515 0.6195621796874999 0.2615555234375 0.628876496875 0.26296725625 0.6353253140625 0.26286557187500004
0 0.9262981140625 0.1147236484375 0.926811525 0.110487525 0.9181284828124999 0.1034690953125 0.9124407796874999 0.10168212968749998 0.9084846796875 0.10206886875000001 0.8968209609375 0.10917713124999999 0.894832371875 0.113836871875 0.8906231484375 0.1164666234375 0.892073440625 0.12956773906250002 0.8977124796875 0.1347068828125 0.9027294171875001 0.13626868281249999 0.9082526578125 0.1333460203125 0.924067759375 0.136144221875 0.9259903421875 0.1343400890625 0.9267915046875 0.12885253593749998 0.9286707906249999 0.12580853281249998 0.9218010828125 0.1186032671875 0.9262981140625 0.1147236484375
0 0.773780778125 0.1627350484375 0.771667775 0.15908625625 0.7641202453125 0.151409046875 0.7636734 0.1433588 0.759055203125 0.143768659375 0.7558532312499999 0.1468572890625 0.7515314562500001 0.1462640046875 0.750631834375 0.14418632343749999 0.745384428125 0.1407704984375 0.7354772671875 0.141365053125 0.730803296875 0.14487875156250002 0.730418159375 0.15283297499999998 0.7406007734375 0.1601711390625 0.7499837859375 0.17299680312500001 0.751061909375 0.175440353125 0.7502088328125 0.1794413125 0.7525214859375 0.1793605515625 0.755239809375 0.1766593515625 0.7675656234375 0.16952796718750002 0.773780778125 0.1627350484375
0 0.734696178125 0.2658478328125 0.7309029796875001 0.2709442546875 0.7300412328125 0.274696928125 0.735324775 0.27910271875000003 0.7458336265625001 0.28159060625 0.750782871875 0.2811691859375 0.7513568671875 0.2786679421875 0.7561503187499999 0.273785178125 0.756107021875 0.272545309375 0.7543424078125 0.2693815296875 0.747703115625 0.2640287265625 0.745016171875 0.26288273906250004 0.738744240625 0.263348784375 0.734696178125 0.2658478328125
0 0.82127168125 0.305137825 0.8256296453124999 0.3067226375 0.8303949640624999 0.31052583437500003 0.835529875 0.310720184375 0.8419754453125 0.305779728125 0.8415751437500001 0.303808121875 0.8401848203125001 0.3018710890625 0.8363191203125 0.3001455734375 0.828656865625 0.2986745859375 0.827348328125 0.2943785734375 0.8315244875 0.290757184375 0.837509225 0.282111803125 0.8349732109374999 0.2805868796875 0.8283647406249999 0.280817653125 0.8250243156250001 0.27994151093749997 0.8135104546875 0.272402809375 0.8078156421875 0.270367503125 0.8060456046875 0.2717942078125 0.8076350187499999 0.279432453125 0.80188611875 0.2853398109375 0.7973458453125 0.2879811234375 0.79614438125 0.2914970703125 0.7986528765625 0.2922787515625 0.803881203125 0.290357615625 0.8075684546874999 0.2917188234375 0.82127168125 0.305137825
0 0.9845092140625 0.1519022578125 0.9794387468749999 0.14885235624999998 0.97351738125 0.1403741578125 0.9709915984374999 0.139097465625 0.9655083531249999 0.13841966562500002 0.9644475171875 0.1364711265625 0.967961634375 0.13287441875 0.9654185109375 0.1311011546875 0.9568632406249999 0.137233153125 0.951200934375 0.14562024843750002 0.9550785515625 0.152432821875 0.9609880562500001 0.155825525 0.9668266890625 0.1572335546875 0.97154551875 0.15495967187499998 0.980537459375 0.1566312515625 0.9851383703125001 0.1557263796875 0.985264959375 0.1546056546875 0.9845092140625 0.1519022578125
0 0.9811287656250001 0.308415578125 0.976218996875 0.3172204140625 0.97959979375 0.31683500468750003 0.9854435968749999 0.3141825671875 0.9861497531250001 0.308526353125 0.9811287656250001 0.308415578125
0 0.7397216 0.18218398125 0.7419441640625 0.1823440125 0.7456201328125001 0.18056151250000002 0.748305703125 0.1799220859375 0.7384177921874999 0.1800828921875 0.7397216 0.18218398125
0 0.647589890625 0.6946208703125001 0.6445231796875001 0.696837059375 0.6579369140625 0.7066671015625 0.661294678125 0.7080398171875 0.6667691984374999 0.7084677687500001 0.6738353078125 0.7071047109374999 0.676415178125 0.7004387390625 0.6811512937499999 0.6986598671875 0.68353856875 0.6959702265625001 0.6753218359375001 0.688067796875 0.6759704515625 0.6829576734375 0.6610260109375 0.694570675 0.6558000749999999 0.69284419375 0.647589890625 0.6946208703125001
0 0.556021221875 0.6975198984375 0.5608914265625 0.6936710234375 0.5610440765625 0.6887298734375 0.5548269734375 0.686512684375 0.5506724421875 0.68627628125 0.545212659375 0.6896282421875 0.54041736875 0.6933838203125 0.5451984046875 0.6979056578125 0.556021221875 0.6975198984375
0 0.53915084375 0.6816052218750001 0.5287497671875 0.6789353375 0.5201935484375 0.678100625 0.517492903125 0.67960673125 0.516756859375 0.6867351984375001 0.5086190859374999 0.6820788656250001 0.4980649640625 0.6804884171875 0.4961098421875 0.685211090625 0.49682903281249996 0.6927327609375 0.49656002499999996 0.6975654046875001 0.497027078125 0.7079851406250001 0.516830671875 0.7083692390625 0.52214941875 0.7043811875 0.52601878125 0.7010628765625 0.5294564562499999 0.69505330625 0.537894496875 0.68829533125 0.5388171984375 0.6879895046875 0.5390769703125 0.68629503125 0.53915084375 0.6816052218750001
0 0.3080292203125 0.6420393343749999 0.31027569375 0.6396157078125 0.3121321546875 0.635604725 0.31048468125 0.6345866 0.3035850875 0.632301 0.3013831859375 0.6291509265624999 0.297712684375 0.6300154906250001 0.2902324328125 0.6337116109375 0.2869391234375 0.637632059375 0.286529815625 0.642028709375 0.2880040953125 0.6433702625 0.3002810171875 0.647195696875 0.3038713734375 0.644931515625 0.3080292203125 0.6420393343749999
0 0.2900894515625 0.7193390749999999 0.29773731406250004 0.7146224203125 0.30115803125 0.7100971578124999 0.304065534375 0.703859075 0.2977182515625 0.7058833875 0.29043892968749996 0.70508069375 0.2860053921875 0.70589841875 0.2780439453125 0.708574775 0.2848339578125 0.710363896875 0.28902611093749997 0.7110508234374999 0.28902917499999997 0.713377134375 0.28628619375 0.7180585265625 0.2900894515625 0.7193390749999999
0 0.28340678750000003 0.714176965625 0.27396044218750004 0.7136406859375 0.26812283125 0.7153063671875 0.26506110625 0.7212918671875 0.26835519531249996 0.7241989875 0.271052221875 0.7230369671875 0.279078028125 0.718666709375 0.28340678750000003 0.714176965625
0 0.2312398796875 0.7131703875000001 0.232357875 0.71850180625 0.238385084375 0.7231161453125 0.24522122031250002 0.7249724484375 0.255411884375 0.7246165828125 0.2760476765625 0.7078658875 0.2752123625 0.7060626906249999 0.27145128125 0.704199065625 0.2656624890625 0.704218290625 0.2613448671875 0.7045050859375 0.255441734375 0.7059510453125 0.2492587875 0.7082041375 0.2407314703125 0.70868953125 0.2312398796875 0.7131703875000001
0 0.3789174921875 0.6983105859375 0.3733446734375 0.6985599140625001 0.36686751093750003 0.6966410453125 0.360814240625 0.6938771796875 0.3571497484375 0.6946899390625 0.34706891875 0.7033845515625 0.345433975 0.7082320640625 0.343230446875 0.71022893125 0.3372274296875 0.7141423812500001 0.33493195 0.719997934375 0.335333921875 0.7254200203125001 0.34509617187499997 0.7273914609375 0.3514362359375 0.724130709375 0.35511174843750004 0.724260328125 0.364750753125 0.72503065 0.3629173671875 0.72061381875 0.370514478125 0.7242039953125 0.3765745140625 0.7258184875 0.3797714 0.7246437015625 0.38118759375 0.7210983671875 0.3813392875 0.71630890625 0.379090815625 0.7123177578125001 0.3841006828125 0.705842096875 0.37746029999999997 0.7053829375 0.3789174921875 0.6983105859375
0 0.132018390625 0.715853553125 0.1448497265625 0.718945128125 0.14793487031250002 0.7157792796875 0.15027680000000002 0.7085228156250001 0.14695470156249998 0.702395959375 0.1448081484375 0.7052632453125 0.139762603125 0.706374384375 0.1334474546875 0.7097218187500001 0.132018390625 0.715853553125
0 0.1490357453125 0.8595909671875 0.14813209375 0.8540847734374999 0.14560605468750001 0.8517261828124999 0.140928078125 0.855931065625 0.133076059375 0.8608455906250001 0.1369722078125 0.8708751015624999 0.1351283828125 0.8797698687500001 0.1353033109375 0.8851373468749999 0.1382274671875 0.8863156999999999 0.1347708390625 0.8924541359375 0.13541966562500002 0.8969310953124999 0.1331498796875 0.9032985625000001 0.1382567421875 0.9105247375 0.1397289109375 0.9122087609375 0.138165890625 0.9176384921875 0.1423277546875 0.9217113515625 0.1562192921875 0.9213607046875 0.16823128437499998 0.9155848499999999 0.173336415625 0.9049423875 0.1693352625 0.8993379859375 0.1581235390625 0.8892137281249999 0.161878590625 0.8856664546875 0.167837284375 0.88075238125 0.1680399484375 0.875542134375 0.1619230109375 0.8691642265624999 0.1544729875 0.865398496875 0.1490357453125 0.8595909671875
0 0.1730712265625 0.8760371593749999 0.1745385703125 0.8719866062499999 0.1740176171875 0.867231578125 0.1681529625 0.8643172890624999 0.166994275 0.8648048984375001 0.1602780265625 0.8647251812500001 0.1598598875 0.86752585625 0.16727386718749998 0.8722293515624999 0.1730712265625 0.8760371593749999