0 0.1196048953125 0.228883878125 0.1156033765625 0.2374615671875 0.11765579687500001 0.2393754796875 0.1219689015625 0.2397204765625 0.1336845875 0.23410037031250003 0.14046987500000002 0.22939663906250002 0.14311357656249998 0.22930431874999999 0.1543915984375 0.23958104374999997 0.15910506093750001 0.241899209375 0.165044328125 0.241443215625 0.16739316875000002 0.242353984375 0.169419578125 0.2435230390625 0.1701839921875 0.246474721875 0.1707054609375 0.2519160875 0.1691210359375 0.2539570015625 0.1543283359375 0.256707746875 0.148779140625 0.2588871140625 0.1468565578125 0.2606912484375 0.14418472499999999 0.269469528125 0.139182953125 0.2778335578125 0.13787704843749998 0.2878055203125 0.1393799234375 0.2929655890625 0.14279821718750002 0.296071621875 0.145145496875 0.2969824453125 0.148111575 0.2966302796875 0.1562958578125 0.2941118671875 0.1644000953125 0.2987928234375 0.171410375 0.30053203906250003 0.1734627953125 0.3024459515625 0.1756521609375 0.3083262515625 0.17591183593749998 0.31576234375 0.174761165625 0.3396264140625 0.1728904953125 0.3429171421875 0.1690107578125 0.3455353875 0.1569921015625 0.3424795328125 0.15142561875 0.3441638890625 0.1478855453125 0.3470173 0.14568538749999999 0.3503195328125 0.1436568046875 0.3585797359375 0.14176884843749998 0.361375453125 0.1350024625 0.3665757015625 0.13026959375 0.3731933453125 0.13004398749999999 0.3761796 0.1362255875 0.38266312812500003 0.14061661718750001 0.385239578125 0.15283648593750002 0.38456582500000003 0.163237596875 0.38866939375 0.17656803906250002 0.40086003124999997 0.1797418796875 0.40645736406250005 0.1815816828125 0.43071261875 0.1797716515625 0.43573978750000003 0.1762056203125 0.43784989999999996 0.166551584375 0.4362014421875 0.157002990625 0.4375276796875 0.14959179375 0.443246059375 0.14711255781250002 0.448048009375 0.15031079218750001 0.4543886921875 0.155669009375 0.45618716406250004 0.1597462765625 0.45927018437499995 0.1642946609375 0.4663079234375 0.1786946109375 0.48069538593749994 0.1839539359375 0.48919826874999994 0.1883638125 0.492269675 0.191016184375 0.49242564062499994 0.2016536921875 0.48436042187500006 0.20462905468749998 0.4748273375 0.20471771562500002 0.4678746953125 0.2024835453125 0.46075614375 0.2007362171875 0.45808737343750006 0.19502255625 0.4555571109375 0.192961465625 0.4533949125 0.1932065328125 0.44147441093750006 0.19407695 0.4379700234375 0.196651396875 0.4358945375 0.20966375781250002 0.4294849453125 0.2205609390625 0.42885581874999995 0.22212651718749998 0.4263199484375 0.2228584265625 0.41884922968750005 0.22544154375 0.41702202968749996 0.23080837812500002 0.41906722500000004 0.24640823125 0.42993879531249996 0.25337314843750003 0.4398705234375 0.265026075 0.44194479375 0.26574875468750003 0.443656553125 0.264478090625 0.4451908953125 0.26122576875000003 0.446792875 0.24934349843749998 0.4571341734375 0.24715045156249998 0.460684746875 0.24635085 0.4661722453125 0.24731435624999998 0.474825140625 0.2529133453125 0.4835631875 0.2545302765625 0.49194467499999994 0.25064186875 0.49431463437499995 0.24371807343750002 0.4950520328125 0.2381704390625 0.4972313453125 0.2336734078125 0.501110965625 0.232854959375 0.5061035078125 0.23295016875000002 0.508829971875 0.23975062343750003 0.5140520703125 0.24729815156249998 0.5217292796875 0.24940959375 0.5253781265625 0.25037460624999996 0.5340294046875 0.2492337796875 0.5392817937500001 0.24943880625 0.5640913140625 0.2577334109375 0.574223634375 0.26889893593749997 0.5812788859375 0.27916103593749997 0.5908484484375001 0.2825344703125 0.5927146671875 0.2868649171875 0.5935562359375 0.31853186875 0.59071340625 0.3270110109375 0.58719190625 0.3559244453125 0.5623583390625 0.36121184687499996 0.5621736984375 0.366596021875 0.5647154671875 0.3688827171875 0.5638914109375001 0.371117446875 0.5615791984375 0.3750686125 0.5515148609375 0.383452490625 0.5452653359374999 0.39139438437499996 0.5358058437500001 0.3975191375 0.531125178125 0.40404106874999995 0.528416228125 0.41883532968750004 0.5256654281250001 0.4257937515625 0.5259196125 0.427071525 0.5246336109375 0.4291347359375 0.517364990625 0.42556059375000005 0.509796053125 0.426292503125 0.502325334375 0.439556425 0.4936727828125 0.4406367234375 0.48668707656250004 0.43574363125 0.4697334515625 0.4265424234375 0.46211399062499997 0.42662246875000004 0.4549146234375 0.4288328015625 0.4518590609375 0.4333990859375 0.44996260625 0.4385566515625 0.44605992031249997 0.4397825109375 0.443287325 0.439871225 0.43633624375 0.4377927953125 0.4336774734375 0.4330793875 0.43136087031250003 0.41550291875 0.4302376578125 0.41113784531249997 0.42840450468749997 0.407017840625 0.41465085 0.401139715625 0.40741095937500005 0.398132515625 0.39709399843750004 0.39376744218750004 0.3952608453125 0.383251659375 0.3973650609375 0.3792507 0.39651198593750003 0.3715646640625 0.38486844375 0.361626559375 0.3750405421875 0.3264157171875 0.3521976546875 0.32700699843750003 0.350191421875 0.33338336874999996 0.3432693609375 0.34775137031250003 0.3378036578125 0.35031009375 0.33523310624999997 0.3502495109375 0.3334982265625 0.34617062656250003 0.3304136984375 0.3426830796875 0.3253244984375 0.3321623640625 0.317751115625 0.3201523765625 0.31494354687500004 0.3150992515625 0.31239021875 0.31469895000000003 0.3104186125 0.3180919 0.3033521453125 0.3181719453125 0.2961527796875 0.31712839375 0.2946992515625 0.30509245156250003 0.29114838593750003 0.3010395796875 0.2888087171875 0.28802284375 0.2761099453125 0.27749189531249996 0.26828833125 0.270840740625 0.25785003125 0.27347794531249997 0.2480801671875 0.277643928125 0.2442121078125 0.289192975 0.24331162968750003 0.2927605671875 0.2412014609375 0.2926913125 0.2392182953125 0.2849425734375 0.2352706921875 0.2756303765625 0.224428140625 0.2761610734375 0.22068702812500002 0.2805282671875 0.21308936250000002 0.28351224531249997 0.203803003125 0.28667959062500004 0.1997227921875 0.285896271875 0.196274590625 0.28172379531249997 0.19046510625 0.269783621875 0.180209940625 0.2593825109375 0.176106371875 0.24836416093749997 0.1732657390625 0.2439644625 0.170441003125 0.241695665625 0.1623308671875 0.23927913125 0.15943687812500001 0.215084571875 0.1488670046875 0.20697166406249998 0.1439377625 0.1933528578125 0.1424277578125 0.1877777046875 0.143863828125 0.184542721875 0.1459623796875 0.184646603125 0.1489371296875 0.18812391875 0.153778096875 0.187957334375 0.1584992859375 0.18577451875 0.1622980921875 0.179556115625 0.1642522390625 0.1782161984375 0.163803415625 0.17296554375 0.1555488203125 0.1682867640625 0.1542238 0.16445026875 0.158080353125 0.15669012499999999 0.1727444859375 0.145234671875 0.176369921875 0.1403649125 0.179022740625 0.1395117828125 0.18302213750000002 0.1407111265625 0.188937009375 0.1511793703125 0.2044545640625 0.143395390625 0.20894458125 0.138270890625 0.2138389046875 0.1265811625 0.220202309375 0.1196048953125 0.228883878125
0 0.160037559375 0.069638290625 0.155611903125 0.0660702578125 0.15030716093750002 0.0657583265625 0.13262469062499999 0.071091184375 0.120361021875 0.07995739375000001 0.11849040625 0.0832496828125 0.12151706874999998 0.0846323953125 0.1222381859375 0.08634420937500001 0.120038084375 0.0896480046875 0.11921958125000001 0.094638984375 0.121549575 0.0950547984375 0.1261158578125 0.09315834375 0.1314551734375 0.094460296875 0.136082040625 0.0942987234375 0.14085603124999999 0.0983502078125 0.14549156875 0.09843691875 0.14577932031250002 0.09718548906249999 0.1474314375 0.097127796875 0.1509088078125 0.101970325 0.1563622359375 0.106495259375 0.1637799265625 0.1104544234375 0.1647282671875 0.1091814890625 0.1635164359375 0.074479203125 0.160037559375 0.069638290625
0 0.3658112046875 0.7317586781250001 0.37900319374999997 0.7399845453125 0.386906165625 0.7483935453125 0.3967506234375 0.7554949296875 0.39655808124999997 0.759472821875 0.393026678125 0.7625745187499999 0.38650318437500003 0.7652835234375 0.38654648125 0.7665233921875 0.39747118124999997 0.7666375078125001 0.4043674046875 0.7651553046874999 0.405629453125 0.7633742375 0.4138050640625 0.7606075406249999 0.4199455421875 0.756421940625 0.4281384390625 0.754150253125 0.44001646875 0.76267059375 0.4470527609375 0.7651546703125 0.4533403609375 0.7651821265625001 0.4530785671875 0.767176853125 0.45051279062500005 0.7695006265625 0.4508957515625 0.770975659375 0.452565209375 0.7714145390625 0.461358059375 0.7673849046875 0.4860693234375 0.74542786875 0.49474906250000006 0.747605965625 0.5078717984375001 0.753848665625 0.5127171625 0.750452496875 0.5128908562500001 0.745979646875 0.5157963515625 0.7438926 0.5163357203125 0.7403997734375001 0.514449884375 0.733764671875 0.5048845625 0.7251651328125 0.48241288281249994 0.7165191171874999 0.481518684375 0.7098509484375 0.478736475 0.7059769375 0.4812070421875 0.7009267015625 0.4850781640625 0.6980617312499999 0.49527156874999995 0.6962173625 0.50627263125 0.698562984375 0.5075417343749999 0.697028696875 0.5068033296875 0.694821871875 0.5036727875 0.690464409375 0.49720338125 0.68523075 0.4796290328125 0.6746767203124999 0.4753056953125 0.674083490625 0.4734452578125 0.67762245 0.465113853125 0.6759278046875 0.4562329015625 0.6774793156250001 0.45715523124999996 0.675461521875 0.468732409375 0.6658750828125 0.469290625 0.6628772125 0.4676369453125 0.662934959375 0.45778325937500003 0.665016053125 0.4473988765625 0.6708382609375 0.44277200937499994 0.670999834375 0.439050184375 0.6686486046875 0.4348739703125 0.67226843125 0.42783057031249994 0.669536015625 0.4159937734375 0.671687925 0.410262771875 0.668661090625 0.40660153125000004 0.668044740625 0.38715383281250004 0.6796430203125 0.37871430625 0.6938352640625001 0.37569626093749997 0.6926992750000001 0.37492322968749997 0.6895008671875 0.3689493359375 0.6889652765625 0.3605227203125 0.68454416875 0.3575393 0.6843997625 0.3671392484375 0.693990884375 0.3605097546875 0.703155959375 0.35975999999999997 0.71956243125 0.35763620625 0.725096171875 0.3658112046875 0.7317586781250001
0 0.92953030625 0.6810527140625 0.9337828281249999 0.67966283125 0.93633131875 0.6768440484375 0.9478819828124999 0.675945075 0.9493328890624999 0.6796169890625 0.9526906 0.6809881421874999 0.9552563765625001 0.67866436875 0.9553954421874999 0.6731999375 0.9639367296874999 0.6714132625 0.965224734375 0.6703754921875 0.964798475 0.6676605890625 0.9594331484374999 0.6656137765625 0.943110671875 0.6530320078125 0.9440676281249999 0.6520057984375 0.947754825 0.6533654453125 0.956529828125 0.658271565625 0.9619816406249999 0.6627949937500001 0.96248638125 0.658310584375 0.9549301828125 0.6503850890625 0.9391810859374999 0.6447312796875 0.9332402578125001 0.6451873265625 0.9309708484374999 0.6465063953125 0.924596653125 0.6439991984375 0.9223083937500001 0.644823309375 0.9223516921874999 0.646063178125 0.9200044125 0.6451523546875 0.9150638375 0.6458220625 0.9092283968749999 0.6492512421875001 0.9069834359375 0.651315221875 0.9077218953124999 0.6535236078125 0.9049217875 0.6585837890625 0.90021705 0.6565154718749999 0.8952937609375 0.6576801890625 0.8960321656250001 0.6598870125 0.9025031328124999 0.6651206171874999 0.901684684375 0.6701131593749999 0.902719509375 0.6713168406250001 0.9127376593750001 0.6739453765625 0.9199022265625001 0.6801475515625001 0.9180662390625001 0.684431425 0.9100637062500001 0.6921544765625 0.9101243453125001 0.6938909171875001 0.9150562484375 0.6929729250000001 0.92953030625 0.6810527140625
0 0.1973386078125 0.7019060390625 0.1940408671875 0.71169896875 0.1961884984375 0.71633934375 0.198927409375 0.7189734875 0.20058819687499999 0.7191640796875001 0.20166632031249998 0.7216076296875 0.20287870937500002 0.74687915 0.1986607609375 0.7492590546875 0.1968161015625 0.753294640625 0.1989464453125 0.75744000625 0.20194715156249998 0.758079421875 0.20367713906249998 0.76025161875 0.20561432812499997 0.7778040796875 0.207266446875 0.7777463874999999 0.20269794375 0.68484298125 0.2028493625 0.6701959609375 0.2044582375 0.6688999609375 0.2074243171875 0.66854779375 0.20712134531249998 0.6598718328125 0.20418178125000003 0.65153653125 0.1997128828125 0.646730190625 0.196818178125 0.6396347046875 0.19341006249999998 0.6367753421875 0.189095340625 0.6364288375 0.1787369671875 0.642995903125 0.1723173546875 0.64867965625 0.1670645796875 0.6498558796875 0.1651333265625 0.6514117265625 0.16270600156249998 0.6577002703125 0.1644273734375 0.6596257421875 0.16968014843749998 0.6584495203125 0.1763940625 0.6611934421875 0.179124303125 0.6635792984375 0.1802803515625 0.6682543015625 0.1867584265625 0.673736246875 0.1864895234375 0.6754826328125 0.176824696875 0.68301670625 0.1746938484375 0.6883036687499999 0.1757633 0.69049893125 0.17845896875 0.6918947671875 0.18510357500000002 0.6926539609375 0.189390778125 0.6922572234375 0.1926257609375 0.6901586703125 0.19630434218749998 0.69127159375 0.1973386078125 0.7019060390625
0 0.2185473015625 0.87339376875 0.217681125 0.8580365171875 0.21885780625 0.83491730625 0.214954178125 0.827359875 0.2144348296875 0.8124876890625 0.208861796875 0.8044929406250001 0.20753205624999999 0.8042907874999999 0.20506859843749997 0.8095893640625 0.2053542296875 0.817768753125 0.20081116875 0.8392685249999999 0.20118339375 0.8499276531250001 0.20424256093749998 0.8617327687499999 0.20490847343750002 0.8902487750000001 0.20399264062500003 0.9019441109375 0.20787892812500003 0.9090049703125 0.20798280781249998 0.9119797203125 0.20676561875 0.9150006015625 0.2047911234375 0.9153181421875001 0.1996595140625 0.9199641250000001 0.1974924234375 0.924257996875 0.1991439828125 0.9336310671874999 0.2058822921875 0.9371183406249999 0.2108055796875 0.9359536234375 0.2120589578125 0.9339242703125 0.21594585937500002 0.9315559265625 0.2195573078125 0.9212548640625 0.2167545546875 0.8789159484375 0.2185473015625 0.87339376875
0 0.40888653125 0.6292507374999999 0.4084429328125 0.6260392625 0.40973099218750003 0.6250030546875001 0.4060004421875 0.6224019765625 0.40881078281249994 0.617590028125 0.4060962671875 0.6156992359375 0.4021574515625 0.6165809859375 0.39826904375 0.6189509453125 0.39221510625 0.625614721875 0.39937312343750003 0.6221377921875 0.40142554375 0.6240517046875 0.3982495828125 0.6278851921874999 0.402215915625 0.6277466859375 0.40888653125 0.6292507374999999
0 0.8107192359375001 0.538287190625 0.8044906015625 0.5399931062500001 0.8025869218749999 0.5422937578125 0.8018549578125 0.549762915625 0.7976095453125 0.5514011390625 0.7973493109375 0.5533958109375 0.78945933125 0.5643418984374999 0.78831845 0.569592725 0.7933196625 0.5706594609375 0.799258928125 0.5702034671875 0.8163241609374999 0.5661335453125 0.8174267328125 0.5693220078125 0.83103625625 0.5800129296875001 0.8307744625 0.5820076578125 0.8208509640624999 0.5915363499999999 0.8176484875 0.6040573046875 0.822708721875 0.6068589734375001 0.8293879546875 0.6086097500000001 0.8378924937500001 0.6152623109375 0.843179896875 0.6150776718750001 0.8487031359375001 0.6121550078125 0.8529816140625 0.611508421875 0.8630192250000001 0.6052027109375 0.874258246875 0.595379490625 0.87838093125 0.5902715625 0.8796170234374999 0.5877471984375 0.8794439437499999 0.58279084375 0.881364909375 0.580985203125 0.8902632015625 0.5799302640625 0.9004371453125 0.58702014375 0.9077856375 0.5889977015625 0.910411996875 0.588408809375 0.909621625 0.5847138296875001 0.897900003125 0.571225628125 0.8926478421875 0.5629726484375001 0.8926586328124999 0.553790115625 0.88827621875 0.551460390625 0.8800486953125001 0.5527404953125 0.879022484375 0.5517835390625 0.8767082703125 0.551864353125 0.8759178984375 0.5481693734374999 0.8796938109375001 0.5425779390625001 0.8792502656250001 0.5393680265625 0.8768250625 0.5362257500000001 0.871146028125 0.5346870703125 0.8578042359375001 0.5411097296875 0.8562630531250001 0.5443889515625 0.8567152671875 0.5478471515625001 0.8490963656250001 0.5476175953125 0.8428433359374999 0.5485801593749999 0.8404960562499999 0.5476693359375 0.833554975 0.5479117234374999 0.8316323921875 0.54971585625 0.8260572390625001 0.5511519265625 0.8193427671875 0.55783876875 0.820403603125 0.559787309375 0.8164805140625001 0.5611641234375 0.8154803140625001 0.5609520265625 0.8146726015624999 0.5567604734375 0.8192929734375 0.54692135625 0.8228503343750001 0.5445629578125 0.82048420625 0.543157178125 0.8217549249999999 0.541624396875 0.8210235750000001 0.5396643515624999 0.8183106203125 0.5377735046875001 0.8107192359375001 0.538287190625
0 0.8270001140625001 0.5356642734375 0.8347368734374999 0.54213414375 0.8421439156250001 0.545385434375 0.8491868546875001 0.5449706375 0.8479755484375 0.538668446875 0.84147309375 0.5338314953125 0.8327836421875 0.5312409875 0.8300810296875 0.5310789578125 0.825533359375 0.5330607515625 0.8270001140625001 0.5356642734375
0 0.9242964453125 0.5127734859374999 0.9262801218750001 0.5098087015625 0.925586125 0.5064558781249999 0.9224361390625001 0.5031982015625001 0.9154060656249999 0.50827945625 0.9103099359375 0.5124192046875 0.9132926765624999 0.5138425390625 0.9180510515625 0.5139546671875 0.9242964453125 0.5127734859374999
0 0.6797007749999999 0.2893251953125 0.6792835046875 0.29595629843750004 0.682989525 0.2976311046875 0.692322075 0.300102221875 0.6981032296875 0.29923743593749996 0.7010250734375 0.2943950140625 0.7002085375 0.2912043796875 0.6973374046874999 0.287649290625 0.6932805515625 0.284703140625 0.6890708562500001 0.282439303125 0.6797007749999999 0.2893251953125
0 0.7207607281249999 0.19290380000000001 0.7191012156250001 0.19870431093750002 0.72049233125 0.201469946875 0.7350266359375001 0.1900213578125 0.7330513609375 0.18942117812499998 0.726308359375 0.19059003125 0.7207607281249999 0.19290380000000001