0 0.3317498484375 0.5524633828125001 0.326583428125 0.5561054359375001 0.324987859375 0.552374628125 0.3307598546875 0.5320319125 0.3329414140625 0.5199735015625 0.33096139375 0.509581325 0.3254405484375 0.48984974687499994 0.3222714921875 0.4846574796875 0.3179033828125 0.474202225 0.3122305140625 0.470893371875 0.3125730765625 0.46913104531250005 0.3091651046875 0.4599925609375 0.2906455484375 0.47238020937499997 0.27888528125 0.4714981640625 0.2577621546875 0.46200259531250004 0.26380723906250003 0.46840811406249994 0.2646828015625 0.47720237968749996 0.26538702812500004 0.4966964765625 0.268732703125 0.5063847375 0.2721790375 0.5240878984374999 0.271356159375 0.5363626578125 0.274737284375 0.541274615625 0.27896385625 0.548904071875 0.2760814671875 0.5543892375 0.26797083125 0.5675522468749999 0.2639897859375 0.5784602265625 0.2635784625 0.5761215875000001 0.256439325 0.5717413984374999 0.2507915609375 0.5775485734375 0.26437020312500004 0.5818832031250001 0.319414946875 0.5925828171874999 0.318897265625 0.59137274375 0.335699878125 0.5925838984375 0.3502033578125 0.5923326140625 0.3611893453125 0.5866589734375001 0.38049315625 0.5678291703125 0.3945832671875 0.546620209375 0.40099729375 0.5424311609375 0.42081620312499995 0.5209350296874999 0.4217523640625 0.50790551875 0.39404893125 0.5075488390625 0.3904134875 0.48660951093750004 0.3935092171875 0.47037219218750004 0.3829199484375 0.46956654999999997 0.36683034531250003 0.4638110765625 0.3509635140625 0.48065711406249995 0.35006643125000003 0.48555881406249995 0.34959896874999996 0.49929702656249997 0.350323896875 0.51734984375 0.3464214234375 0.5270347171875 0.3411104015625 0.53204303125 0.33703802656250004 0.5383601734375 0.33342807812499997 0.545303621875 0.3317498484375 0.5524633828125001
0 0.6335611375 0.5566695968750001 0.6272569671875 0.5474042875 0.6231054125 0.5403306078125001 0.6207159984375 0.5277864 0.6173590328125 0.514651409375 0.608147653125 0.5173862296875 0.5963716953125 0.5259529140625 0.5842151109375 0.552527834375 0.5860444390625 0.566389375 0.589423240625 0.5750637656250001 0.59144866875 0.5784419921875 0.60138943125 0.5796277515625 0.6055115109375 0.5806295625 0.592894559375 0.5930805828125 0.5859583328125 0.600152646875 0.5848033484374999 0.6075685156249999 0.591377753125 0.61393685 0.5948372921875 0.6191824 0.6057370171875001 0.6254332609375 0.6085236171874999 0.6217838578125 0.619518853125 0.6285833359375 0.622781525 0.63193464375 0.6233524796875 0.6458253609375 0.6202966375 0.6449639515625 0.6096575796875 0.635464071875 0.6066459609375 0.629068803125 0.59428764375 0.6232793578125 0.5903689812499999 0.6419242 0.5840784765625 0.6338824140625 0.57868746875 0.637246825 0.5745552093749999 0.6328335171874999 0.56935206875 0.6234559187500001 0.559958565625 0.621583846875 0.5500051328125 0.6235504609375 0.548118778125 0.6341556890625 0.5526973484375 0.6396712828125 0.7088815687500001 0.6694589843750001 0.7060718765625 0.65722624375 0.703058796875 0.6361723140625 0.6985786546874999 0.62602318125 0.6917297390625 0.62159116875 0.6842322640625 0.6201353984375 0.6789832812500001 0.6273221359375001 0.6767077515625 0.6375874859375 0.6761331015625001 0.6528106546875 0.676936959375 0.6609256328125 0.6595866796875 0.6586259171875 0.6584130390625 0.64129289375 0.65766288125 0.6327951921875 0.65459496875 0.6241509890625 0.6508838 0.6187833078125 0.6462076390625 0.610805415625 0.6428440265625001 0.6045422859375 0.6477718859375 0.597869340625 0.6551662765625 0.5927311671875 0.6593086828125 0.5820821734375 0.6584017421875 0.5681102296875 0.6532103874999999 0.5571161171875 0.64101500625 0.5549922953124999 0.6335611375 0.5566695968750001
0 0.7281527171875 0.6729152171874999 0.7367178328125 0.6751674609375 0.7556202921875 0.678841728125 0.7865094171875 0.6854269515625 0.7791906843749999 0.6745843890625001 0.7711132562499999 0.6680544187499999 0.7614167171874999 0.6470400125 0.7675287796875 0.6431679203125 0.773729734375 0.6395837046875 0.7916603890625 0.62896461875 0.781279834375 0.6032393968750001 0.7755629374999999 0.58997835625 0.76584478125 0.5728420140625 0.7462635453125 0.5905768890624999 0.7367420265625 0.5978388328124999 0.7253679328125 0.6018405140625 0.7143823874999999 0.6022710328125 0.70896264375 0.610123353125 0.70640619375 0.6240858390625 0.707421496875 0.631465146875 0.7153817859375 0.6466473578125 0.7215703828125 0.6685366140625 0.7281527171875 0.6729152171874999
0 0.810343496875 0.599906584375 0.819077384375 0.59410079375 0.8231502515625 0.60605856875 0.830950421875 0.5969657890625 0.8195598499999999 0.5783774078125 0.7954787078125001 0.5750017390625 0.7840987578124999 0.5807532 0.7827099750000001 0.576728321875 0.7815225828125001 0.5871606140625001 0.7832142 0.5945981640625 0.7856253640624999 0.6040251875 0.7891172140625 0.6109387984375 0.7994758296875 0.6146507015625 0.8065049296875 0.61302135625 0.812185959375 0.6112111515625 0.810343496875 0.599906584375
0 0.9075535796875001 0.5894871453125 0.9159557953125 0.5789594390625 0.9122877421875 0.5749913249999999 0.9059461843750001 0.576375478125 0.9006048984374999 0.5818506578125 0.8996384125000001 0.592276546875 0.9019852593750001 0.5923061390625 0.9075535796875001 0.5894871453125
0 0.015234614062499999 0.9151295015625 0.03149588125 0.918290371875 0.038598875 0.9196710546875 0.0548602890625 0.82525321875 0.02798965625 0.8462922953125 0.015234614062499999 0.9151295015625
0 0.078333946875 0.8523408171875 0.0795081890625 0.8525069890625 0.0885776859375 0.8510179859375 0.0945798 0.8535583546875 0.0951229890625 0.8573313203125 0.0954622703125 0.8610805671874999 0.1027366296875 0.8598681796875001 0.11362398437500001 0.8576008015625 0.1204979625 0.8580551406250001 0.1233266296875 0.8671112624999999 0.125783525 0.867827596875 0.13098975156249998 0.8574952187499999 0.12852860156249998 0.8423966437500001 0.1311016140625 0.8324024124999999 0.126892459375 0.8281062734375 0.11516088437500001 0.8295824046875 0.1040916609375 0.8285927390625 0.09233820937500001 0.8263081 0.081551278125 0.8217616375000001 0.068448540625 0.812047096875 0.061184992187499995 0.8186002968749999 0.077559334375 0.8493489828125 0.078333946875 0.8523408171875
0 0.2037448015625 0.7997334781250001 0.1949997625 0.7953769937499999 0.1852413265625 0.7876193406249999 0.1715721609375 0.805524484375 0.17366804062500002 0.81206965 0.175985065625 0.821768071875 0.175162509375 0.826851390625 0.1766895609375 0.831114846875 0.1799827734375 0.8364299374999999 0.1864322 0.83697206875 0.198223571875 0.8275727140625 0.2153899046875 0.8122956468750001 0.2138032703125 0.8035318874999999 0.2037448015625 0.7997334781250001
0 0.0048183609375 0.70538049375 0.00717500625 0.7047291343750001 0.0087533 0.7012443875 0.007883940624999999 0.6948994296875 0.003940718750000001 0.696031896875 0.0013749265625 0.701526078125 0.0035731625 0.704220015625 0.0048183609375 0.70538049375
0 0.0766236171875 0.6696278312499999 0.077391246875 0.6692326671875 0.08341901093750001 0.6676776859375 0.0862261921875 0.6647740359375 0.086025065625 0.6615259828125 0.0884155578125 0.6597669796875001 0.0886044078125 0.6553643124999999 0.0839666609375 0.654714321875 0.08006416562499999 0.6578236937499999 0.0783499890625 0.6617372671874999 0.07614283125 0.66770386875 0.0766236171875 0.6696278312499999
0 0.10588480781250001 0.581015890625 0.11679755781250001 0.57947769375 0.1220036828125 0.5661241640625 0.1153079765625 0.567242103125 0.1050596296875 0.5664104078125 0.10189390937500001 0.5800188859375 0.1041200265625 0.5809561828125 0.10588480781250001 0.581015890625
0 0.24191053125 0.292679521875 0.2402331484375 0.29285805468750004 0.2358419234375 0.297900309375 0.234047784375 0.3019304546875 0.23467965156249998 0.303232759375 0.236194378125 0.3045379515625 0.24055841406249998 0.3035334421875 0.24494863281249998 0.2939433765625 0.24191053125 0.292679521875
0 0.2158808734375 0.3440472234375 0.2249875828125 0.34009029062499996 0.23332001562500002 0.342720709375 0.23494314374999997 0.3415192796875 0.23747601875000002 0.3362845234375 0.23706953749999998 0.32407800781249996 0.235392384375 0.31971056249999996 0.23502192187499998 0.31121662968749997 0.2273036453125 0.308030690625 0.223976475 0.3089008875 0.21623984062499998 0.317503025 0.20899148125 0.3216524609375 0.205899303125 0.328462565625 0.20551048125000002 0.33175671093750003 0.20637633593750002 0.3344511140625 0.20975876875 0.339151625 0.2158808734375 0.3440472234375
0 0.21495040781250002 0.22307839375 0.21866571875 0.22790887031249998 0.22379237187499998 0.22949115312499999 0.23037472656250002 0.225942871875 0.23294415625 0.2138134140625 0.23578873906250003 0.20116918906249998 0.2334684015625 0.19301093281249998 0.22612490468750002 0.187503859375 0.2233723671875 0.19286145937500002 0.21780227187499998 0.2007338984375 0.21409754531249997 0.21207919843749998 0.21495040781250002 0.22307839375
0 0.23650063281249997 0.23924521250000003 0.232075965625 0.247055378125 0.23263991874999998 0.25109820156249996 0.2360554921875 0.25223805312500003 0.24059326718750002 0.2504953203125 0.24574265468749998 0.24631035625000003 0.247940703125 0.23769650156250002 0.24402019843749997 0.2348142296875 0.23650063281249997 0.23924521250000003