0 0 0.68068458125 0.0499321703125 0.6937218453125 0.039261621875 0.674072571875 0.0516466171875 0.6674305421875 0.060812875 0.65919229375 0.0532555765625 0.6407973734375 0.02232196875 0.6254822375 0 0.632165640625 0 0.68068458125
0 0.0664895359375 0.6740292218749999 0.0602227171875 0.6793496046875 0.0723872796875 0.6866721499999999 0.0861415546875 0.6877340296875001 0.0872754515625 0.689025321875 0.10894509375000001 0.68301623125 0.118473525 0.6654644984375 0.094073853125 0.6662393765625 0.0664895359375 0.6740292218749999
0 0.309997984375 0.5268645703125 0.326521403125 0.5219541140625 0.3450444765625 0.5390208171875 0.35572569375 0.5385986875000001 0.3694072421875 0.538405796875 0.36196353281250004 0.5201301093749999 0.344341853125 0.497221125 0.329786478125 0.48034721406249997 0.31750145937499996 0.47120563750000005 0.31153708125 0.4822036359375 0.31497231718749996 0.4967540078125 0.317162184375 0.5097804890625001 0.307879384375 0.5119318265625 0.292537490625 0.513537428125 0.2877150765625 0.5334601125 0.29681937812500003 0.553920021875 0.3028095046875 0.559307140625 0.309024390625 0.5545312171875 0.309997984375 0.5268645703125
0 0.2438616421875 0.4621311421875 0.2440521859375 0.4671334640625 0.2494635921875 0.469401071875 0.25708441249999997 0.4686139609375 0.2615642234375 0.4641157859375 0.25566011093749996 0.45692523124999995 0.2438616421875 0.4621311421875
0 0.23026426249999998 0.7120208031249999 0.224663746875 0.7206509 0.2220732859375 0.7282247921875 0.2225636734375 0.7341510578125 0.2379182890625 0.737984596875 0.24810651250000001 0.7307167375 0.252938978125 0.722246078125 0.2529192453125 0.711641725 0.23671870625000002 0.7066170515625 0.23026426249999998 0.7120208031249999
0 0.438983209375 0.7467194875 0.429597634375 0.742078303125 0.418772796875 0.752874640625 0.4194602203125 0.7570166875 0.4214820671875 0.7609215859375 0.4346216640625 0.7564149734375001 0.438983209375 0.7467194875
0 0.8532017640625 0.5242656609375 0.8592266859375 0.549471690625 0.8719119375 0.5543166140625 0.8856259812499999 0.5485442828125 0.8900664828125 0.542375703125 0.9240260890625001 0.5252879312500001 0.931244321875 0.5177288796874999 0.92160930625 0.5092087265624999 0.8968692328125 0.5169384078125 0.879157690625 0.520577125 0.8657337328124999 0.5164452421875 0.8532017640625 0.5242656609375
0 0.6537399374999999 0.11256335937499999 0.6464137296875 0.11136588124999999 0.6440272921875 0.117583725 0.6484031421875 0.12141951250000001 0.6513666687499999 0.1207246 0.6537399374999999 0.11256335937499999
0 0.4001595625 0.0326148625 0.3980142390625 0.0378508421875 0.4045408828125 0.044296724999999995 0.41769571718750004 0.039668550000000004 0.4220366765625 0.034681292187500004 0.4123278703125 0.026251545312500003 0.4001595625 0.0326148625
0 0.4072027875 0.10898472343750001 0.41768692031250004 0.127065934375 0.4295060515625 0.13752395 0.43779071875 0.1387791390625 0.44355477812500005 0.1333234421875 0.436026496875 0.11646986562499999 0.42959304062500003 0.1066474671875 0.4206984421875 0.09916419843749999 0.4131053984375 0.098490428125 0.4072027875 0.10898472343750001
0 0.39405576875000004 0.17877378906250002 0.3980870546875 0.1565821734375 0.40054623906250003 0.126474653125 0.39899282812500003 0.1103510265625 0.3981367171875 0.10790513125000001 0.4008594515625 0.0947988890625 0.39060425468750004 0.095660940625 0.38580226875 0.125011096875 0.384489359375 0.140582025 0.37648513125 0.158561015625 0.3695429765625 0.1819071046875 0.3238173484375 0.2527444453125 0.2989578453125 0.267659546875 0.274037753125 0.2830176859375 0.269139203125 0.29556707968749996 0.291074053125 0.2951468265625 0.3210489296875 0.2858931609375 0.3224543125 0.3107013875 0.3230003140625 0.3292576171875 0.3268698015625 0.3538601875 0.34139767656250003 0.3480496375 0.348749225 0.33258514687499996 0.3664795953125 0.3142714203125 0.372467465625 0.305033184375 0.37098933437500003 0.29041026875 0.37098677812499997 0.264012815625 0.379063409375 0.2544790625 0.3828648296875 0.23820779062500003 0.381963034375 0.20096605156249997 0.39405576875000004 0.17877378906250002
0 0.15183058437500002 0.2444607171875 0.1495240375 0.24799173125 0.16236473125 0.24875289375 0.169165734375 0.24440414062500002 0.169239128125 0.23857115156250003 0.16174214375 0.2363768953125 0.15183058437500002 0.2444607171875