0 0.7119694359375 0.342868803125 0.690702534375 0.346738115625 0.6987837078125 0.346239834375 0.7140426843750001 0.343800265625 0.7119694359375 0.342868803125
0 0.6622120625 0.3513922671875 0.6559779828125001 0.353839953125 0.647965234375 0.35602639062499997 0.6380607390625 0.359190309375 0.6540769859375 0.356166221875 0.675643075 0.35103518125 0.670319990625 0.3503995125 0.6622120625 0.3513922671875
0 0.602211253125 0.3664723359375 0.5995499328125 0.3645000890625 0.5854779390625 0.3636644625 0.5665119625 0.366290509375 0.5560166859375 0.3710663984375 0.5501597203124999 0.3756921734375 0.5555629625 0.3767410203125 0.602211253125 0.3664723359375
0 0.43228964531249997 0.40320173906249995 0.5123884890625 0.38538859062499997 0.5054097984375 0.38206656875 0.47802771406250005 0.381954453125 0.45359847656249996 0.37755843906250003 0.43906080000000003 0.386982784375 0.4250510765625 0.3976488625 0.4235142984375 0.40462122031250003 0.43228964531249997 0.40320173906249995
0 0.3998406953125 0.41126024687499996 0.41470297812499995 0.40602051093749997 0.4074117859375 0.401260803125 0.3874796125 0.40150280625 0.3764419125 0.40518100312499994 0.364797490625 0.4111660890625 0.354362840625 0.4075376890625 0.3445933375 0.4146036046875 0.3447732078125 0.41489547499999996 0.3342539671875 0.41329230624999996 0.3210281765625 0.4146493109375 0.3085952515625 0.417651040625 0.3034473984375 0.42227024999999996 0.3030103015625 0.42568304531249995 0.29245406093750004 0.4277236109375 0.277493853125 0.42957209531249996 0.266192428125 0.43427036093750004 0.2544835796875 0.43670959375 0.2498049140625 0.44042344375000003 0.29625966875 0.430820990625 0.318251221875 0.4264269703125 0.341763890625 0.42234775312500006 0.364375959375 0.4172606296875 0.3858500640625 0.4132265015625 0.3998406953125 0.41126024687499996
0 0.2080512078125 0.44930051562499995 0.23733363437500002 0.44241126875000003 0.22973888750000002 0.44054382812500004 0.217822775 0.4359733765625 0.2082994078125 0.44363426562499997 0.1990989890625 0.44394902968750005 0.1838920921875 0.4410670609375 0.159083884375 0.43822958281249996 0.1430102875 0.44247352187500005 0.133601003125 0.45283228906249995 0.13891921406250002 0.46038280625 0.150477365625 0.46066604062499994 0.2080512078125 0.44930051562499995
0 0.026655292187500002 0.47898956562499995 0.0159971984375 0.48335916093750003 0.0058793609375 0.489293796875 0.009551684375 0.48919739531250006 0.025462865624999997 0.4861218046875 0.0800466578125 0.4745990078125 0.0953535515625 0.4721747953125 0.12949908125 0.46452319218750004 0.12170924062499999 0.4602122484375 0.1118205765625 0.45728026406250005 0.096251821875 0.4589302609375 0.0848425296875 0.4635458578125 0.0768240703125 0.4687341796875 0.067984590625 0.47299808125 0.0436128625 0.47480442343749996 0.026655292187500002 0.47898956562499995
0 0.1283147890625 0.6610458703125001 0.14875887968749998 0.65159140625 0.17520188750000001 0.6449655171875001 0.1734892234375 0.6387969671875 0.1528119 0.6412927328125 0.137317315625 0.645019809375 0.11733384843750001 0.648388440625 0.09761603125 0.6520305765625001 0.0891239046875 0.6523104875 0.0781354921875 0.650826903125 0.07131498750000001 0.6556922328125 0.062414526562499996 0.6562551671875 0.0537212359375 0.6573491234375 0.0459268234375 0.66011235 0.0377123078125 0.6636698984375 0.0321373765625 0.6712792078125001 0.035417765625 0.6739738890625 0.0665599578125 0.6742549703125 0.0820576046875 0.6741423296875 0.1153759171875 0.669462903125 0.1283147890625 0.6610458703125001
0 0.1339005390625 0.2648675921875 0.108819165625 0.27168395625 0.085715065625 0.2764473453125 0.074085740625 0.2805526625 0.03385404375 0.291491096875 0.0191800875 0.29884551406250004 0.0231987609375 0.30016941875 0.1617197875 0.263969978125 0.3783181375 0.2059023921875 0.5608925421875 0.15955123437500002 0.5342342062500001 0.158436446875 0.5163493203125 0.16160323593749998 0.4954868078125 0.1684846421875 0.47937780625000004 0.17226335625 0.46065500000000004 0.17864050468749998 0.44146362968749997 0.182143959375 0.42756071718750005 0.18430774218749998 0.42456653437499997 0.17711539375000002 0.3959208703125 0.1712907265625 0.375565434375 0.1786815203125 0.36191485 0.1843584359375 0.34249984843750003 0.1840701765625 0.318545396875 0.1836025671875 0.229060571875 0.210076590625 0.2165487390625 0.22826837968749997 0.209314265625 0.2387206953125 0.201363653125 0.248770321875 0.18022670000000002 0.25350812500000003 0.16627046875 0.258132965625 0.14702501875 0.2610270796875 0.1339005390625 0.2648675921875
0 0.118944815625 0.2396347125 0.108386846875 0.25528136875 0.124545546875 0.2527768890625 0.13664235625 0.249685125 0.1500754171875 0.2435606890625 0.1579511890625 0.2333827296875 0.153043625 0.23037079375 0.1436091296875 0.2318829125 0.118944815625 0.2396347125
0 0.5748069953125 0.1285599875 0.5782035999999999 0.1312620046875 0.5811436921875 0.1294808015625 0.5925098281250001 0.12664635625 0.5945465249999999 0.12138987187500001 0.5882519312500001 0.120027653125 0.5785231828125 0.120725928125 0.5724764687499999 0.125517221875 0.5748069953125 0.1285599875
0 0.9052912390625 0.045250015625 0.893646984375 0.051842553125 0.8877332499999999 0.0488678875 0.8829259640625 0.036532509375 0.8710785796874999 0.04460995625 0.8670126296875 0.057488662499999996 0.8718965953125 0.069628653125 0.8538561781249999 0.0755059671875 0.836024746875 0.080725921875 0.8190081687499999 0.08335728125 0.8112959468750001 0.0847630453125 0.78478923125 0.092294109375 0.7753013265625001 0.09504288281249999 0.750111225 0.1028370203125 0.736119271875 0.10674737812499999 0.7243925421874999 0.11083325 0.7116850359375 0.11603523125 0.7066598734375 0.1031151109375 0.6982420359375 0.10551784374999999 0.7047229749999999 0.1162894484375 0.6902732578124999 0.1206475609375 0.658730453125 0.130483190625 0.644458365625 0.1341741515625 0.6242634296875 0.1366668140625 0.6117266781249999 0.1427694203125 0.6009362375 0.146062584375 0.589047046875 0.1453998515625 0.5809604140625 0.148205725 0.5901721328125 0.1492400171875 0.5787246671874999 0.151495775 0.5635203890625 0.15553706875 0.5579476734375 0.1606136078125 0.9427764609375 0.0578699609375 0.941614365625 0.049601221875000004 0.940230015625 0.0507535375 0.9270274765625001 0.055689007812500003 0.914928559375 0.059708846875 0.9046370984375001 0.062600534375 0.895998296875 0.0637341671875 0.8957402078125 0.060034078125 0.9067927250000001 0.0487595796875 0.9052912390625 0.045250015625
0 0.1344095328125 0.095402215625 0.1904425609375 0.0780917109375 0.179970290625 0.07536324062500001 0.1692091375 0.076462225 0.158315075 0.0739097953125 0.14307374687500002 0.0813250171875 0.1344095328125 0.095402215625