0 0.2876698890625 0.378457471875 0.266059525 0.37796267499999997 0.2641575140625 0.379206996875 0.2796102609375 0.3792295 0.2876698890625 0.378457471875
0 0.3313340296875 0.3809458078125 0.323077896875 0.3800397578125 0.31653766562499996 0.37859743125 0.3083742578125 0.378885259375 0.30321615 0.380345815625 0.325319396875 0.38204000625 0.3416115296875 0.38252136718749996 0.3313340296875 0.3809458078125
0 0.39424685937500004 0.378714675 0.3804788359375 0.3817413578125 0.3781588078125 0.3841056453125 0.42583915625 0.38695050468750003 0.4310118015625 0.38506931875 0.4245033125 0.381416725 0.4133901375 0.37834145937499997 0.39424685937500004 0.378714675
0 0.54250915 0.378841221875 0.5266761640625 0.3718071 0.5032353781250001 0.379970565625 0.47620795156250006 0.3843648046875 0.46983485937499997 0.38873763281249996 0.55173414375 0.39380125312500003 0.5606235078124999 0.393830490625 0.55801493125 0.38718437968749997 0.54250915 0.378841221875
0 0.6196412578125 0.39110944999999997 0.6072039234375 0.3870196390625 0.5957267203125001 0.385113403125 0.5760020875 0.38799245937500004 0.5695452421875 0.3938341609375 0.5850442218749999 0.3966844125 0.5991701953125 0.39643784375 0.6210109953125 0.3970630140625 0.6441404734375 0.39855019999999997 0.6680017921875 0.3989010046875 0.6904099687499999 0.3998006890625 0.7377949421875 0.4020177953125 0.7325929062500001 0.3990815734375 0.72064663125 0.3985040390625 0.708749375 0.39563155 0.6936841859375 0.396146115625 0.6829386953125 0.39578203125 0.6819731015625 0.39247963124999996 0.6761660218750001 0.38872259374999996 0.6634165953125 0.387702759375 0.6501413515625 0.3884314296875 0.6400024125 0.3916604328125 0.640134409375 0.39134401875 0.6293798328125 0.38589338125 0.6196412578125 0.39110944999999997
0 0.788428115625 0.397567821875 0.7792917296875 0.3986961953125 0.7686871843749999 0.3926194078125 0.7576327546875 0.3989976796875 0.7504236453125 0.4020302078125 0.7804232718749999 0.40425385625 0.8390662437499999 0.40647292031250004 0.8504377875 0.4043850796875 0.8545093609375 0.3960955703125 0.843595453125 0.3873362734375 0.82705585 0.3856590484375 0.8029969515625 0.39234245156249997 0.788428115625 0.397567821875
0 0.9043435078125001 0.3990497328125 0.8923526453124999 0.3962757671875 0.8767174515624999 0.3970815734375 0.867409196875 0.40152438906250004 0.8603896421874999 0.40700085625 0.895311759375 0.40921671875000004 0.9108094281250001 0.409216559375 0.9665237671875 0.41205870625 0.982720184375 0.4126073734375 0.986362375 0.4121281109375 0.9754407234375 0.40784931718750006 0.96423029375 0.4052008140625 0.9468267984375001 0.4037199453125 0.922472553125 0.4057484203125 0.9130748796875 0.4029198140625 0.9043435078125001 0.3990497328125
0 0.8706308796875 0.5947788468749999 0.8923022749999999 0.6009187515625001 0.9063985609375 0.6072080703125 0.94003869375 0.6066177546875 0.9553631578124999 0.604304640625 0.9860779687499999 0.5991553093750001 0.9888964296875 0.5959806359375001 0.9821997765624999 0.589337121875 0.9735298718750001 0.5871084062499999 0.9653991578125 0.5855985140625 0.9566417625 0.5858779562499999 0.9477628203125 0.58671429375 0.9402651828125 0.582975825 0.9296441375000001 0.5861601109375 0.9212127765625 0.58721210625 0.9011679625 0.5866993578125 0.8809035546875 0.5864983031250001 0.8650166921875 0.585241 0.8442035156250001 0.5860106078125 0.8434769125000001 0.5923711328125 0.8706308796875 0.5947788468749999
0 0.43091505 0.16832705781249999 0.41275496250000004 0.1679970703125 0.3865992265625 0.173268415625 0.57417675625 0.190487984375 0.797192190625 0.21395721562499997 0.9396706343749999 0.22804151875 0.9434327265625001 0.226105253125 0.927788946875 0.22113689375 0.886341421875 0.216626753125 0.8742130593749999 0.21439120625000002 0.8506482515625 0.21330074062499998 0.82480935625 0.2104918890625 0.811245671875 0.20875178125 0.7917844265625 0.20890395 0.7772765359375 0.20651928437499997 0.7556586578125 0.20514635781249999 0.746233821875 0.196464209375 0.7374533140625 0.18727230156250002 0.7222497015625 0.1712617640625 0.6297251328125 0.15911219062499998 0.6061387500000001 0.1633213453125 0.5870078734375 0.16664323125 0.572637284375 0.1631716296875 0.5513762843750001 0.1590561203125 0.5239944734375 0.1692902453125 0.522162284375 0.1768624375 0.50809205 0.1769001890625 0.48858889687499996 0.176442059375 0.46909899375 0.1730723171875 0.45259720000000003 0.171860128125 0.43091505 0.16832705781249999
0 0.7961294921875 0.1831570078125 0.805500484375 0.19197761875 0.8197262343749999 0.1959252578125 0.832157771875 0.1970866 0.8485093171875 0.1970324671875 0.8356336593749999 0.1832300765625 0.8100603546875 0.1794320640625 0.8005054671874999 0.1794144421875 0.7961294921875 0.1831570078125
0 0.353393825 0.1385113859375 0.3473898265625 0.140841525 0.35022374375 0.145714684375 0.36189335 0.1467361765625 0.3650758859375 0.1480355203125 0.36800798281249997 0.144835421875 0.3698338234375 0.14146554375 0.36311203124999997 0.137679153125 0.353393825 0.1385113859375
0 0 0.1332549890625 0.3896740296875 0.17385703125000002 0.383375778125 0.16971475625000002 0.3677264921875 0.168101690625 0.3560670859375 0.16766448437499998 0.36500359375 0.1652018953125 0.356577584375 0.1636955953125 0.3449384453125 0.16621004687500002 0.3337656875 0.16464542499999998 0.3204286265625 0.1605791328125 0.30009238437499997 0.1612763421875 0.2854186171875 0.15986347031249998 0.252725525 0.1550833140625 0.23777195 0.1530392921875 0.2424880484375 0.141386459375 0.2337979765625 0.1403301484375 0.230855834375 0.153877309375 0.21749101093749998 0.150727265625 0.20526948437499998 0.1485261625 0.19083808124999999 0.1468527703125 0.164738840625 0.14309519375 0.15493774375 0.1418644953125 0.12757925312500001 0.138572715625 0.11974207031249999 0.138390715625 0.10252335937499998 0.138453734375 0.08409488125 0.13608749375 0.0653571578125 0.133104684375 0.06828188125 0.120350134375 0.062251315625000005 0.1082660421875 0.0492862015625 0.1021413828125 0.046467778125 0.115076915625 0.04109219375 0.11894007031250001 0.0285599984375 0.11425026093749999 0.0276260140625 0.11795150000000001 0.040306178124999995 0.1273581953125 0.0406300875 0.13105310625 0.0319203046875 0.131284834375 0.0213031890625 0.1300386890625 0.0087243890625 0.12796102812500001 0 0.12618648906250002 0 0.1332549890625
0 0.9572908109375 0.058848860937500004 0.9664410765625 0.061917759375000006 0.9712090999999999 0.061834532812499995 0.9734613031249999 0.0605981625 0.9720458046875 0.057931835937499995 0.9722468765625001 0.0513663890625 0.9684593234375001 0.05112776718749999 0.9613367578125 0.0558059109375 0.9572908109375 0.058848860937500004
0 0.7870367015624999 0.030644034375 0.770823021875 0.0257043734375 0.760462371875 0.029929585937499996 0.7496617875 0.030527548437500003 0.7397452765625 0.03486065 0.797796403125 0.0431925375 0.7870367015624999 0.030644034375