0 0.9502387109375 0.23263932812500002 0.9507253875 0.22960039999999998 0.9497211921875 0.22525075156250002 0.9494550515625001 0.2246467 0.9323443390625 0.2300771421875 0.889981153125 0.24248575468750003 0.8842376984375001 0.244440346875 0.8864585390625 0.249440803125 0.9166517890625 0.24077513593750002 0.9397054640625001 0.2340528328125 0.9502387109375 0.23263932812500002
0 0.6610188421875 0.3279198 0.655206440625 0.32773507031250004 0.650876096875 0.3310247515625 0.64133366875 0.335264365625 0.6359554484375 0.335487740625 0.632002228125 0.3389453265625 0.626090259375 0.3398018703125 0.6217721218750001 0.3446169640625 0.6067955859375 0.3488378828125 0.603609990625 0.3541548203125 0.59641341875 0.35899782343750003 0.5984924015625 0.3599177953125 0.6115709890625001 0.35702665312500004 0.6285013578124999 0.3517180265625 0.6456504171875 0.346828765625 0.6682637296875 0.3387199875 0.700474215625 0.3319154296875 0.732590965625 0.319669046875 0.7257911375 0.320347309375 0.72198845625 0.3193169421875 0.7211090578125 0.31697345 0.7236613390625 0.3133309546875 0.7215146156250001 0.3106450234375 0.7161142046875 0.3115085453125 0.714388284375 0.3077071765625 0.7053528499999999 0.30826654375 0.6935993484375 0.3117433671875 0.6897663625 0.3135198828125 0.690525525 0.3175444453125 0.685637371875 0.3184179921875 0.680301309375 0.317358375 0.676113040625 0.31832531249999996 0.6710379609375 0.32280681875 0.6644953734375 0.32533557968750004 0.6610188421875 0.3279198
0 0.09450467500000001 0.767088628125 0.08593591874999999 0.7699055640625 0.08160173750000001 0.772254815625 0.0673509859375 0.7792443671875 0.0759634359375 0.7790199859375 0.09450467500000001 0.767088628125
0 0.28228375156249996 0.6918392015625 0.306295475 0.686925871875 0.31864800781249997 0.6808620546874999 0.3259185359375 0.671636978125 0.3227586796875 0.671696184375 0.28177867343749996 0.6884775984375 0.27047688281250004 0.693216403125 0.2742078390625 0.6936860328125001 0.28228375156249996 0.6918392015625
0 0.22310355781250002 0.7144581328124999 0.2248901640625 0.7122640609374999 0.1943008109375 0.7244304296874999 0.2080424140625 0.7218689015625 0.21562771875000003 0.7185846546875 0.22310355781250002 0.7144581328124999
0 0.5546148390625001 0.57454844375 0.57695141875 0.5665468515625001 0.5916749578125 0.5595283281250001 0.6012105796875 0.553883928125 0.558734815625 0.5709449171875 0.5038794328125 0.5937023406249999 0.47503113125 0.604956809375 0.462972096875 0.6111180390625 0.38912764843750003 0.6422764515625 0.35968901875000003 0.6552387375000001 0.362316671875 0.656041659375 0.381914790625 0.6520222125 0.400478775 0.6490801953124999 0.426592225 0.6478317625 0.43353826562500003 0.63900713125 0.438193409375 0.6324080046875 0.4436373515625 0.62741959375 0.4484074734375 0.6205405515625 0.4509763765625 0.618053621875 0.468069990625 0.6151191218750001 0.479196378125 0.6144827312500001 0.4939694171875 0.6095262359375 0.5025242984375 0.6023843859375 0.5148976953125 0.59776540625 0.519107490625 0.5915641578125 0.5309996156250001 0.5901672718750001 0.5363935828125 0.5892619406249999 0.5464250546875 0.586001471875 0.5549886984375 0.5811202796875 0.5542873578124999 0.576727971875 0.5546148390625001 0.57454844375
0 0.7784374374999999 0.4912599484375 0.7874843984375001 0.4824987125 0.7930823578124999 0.4763923140625 0.7954990046875 0.4738154546875 0.8047798640625 0.46901242656250003 0.815681796875 0.4677094421875 0.8236323453125 0.46405543125 0.8323451453124999 0.46117477031250004 0.8337646234375 0.45798783906249996 0.826870965625 0.45968359999999997 0.6353855671875 0.5386334859375 0.6110882171875 0.5486929609375 0.6191919609375 0.550127084375 0.6343409296875 0.5513346328125001 0.6324198265625001 0.5442845296875001 0.63823163125 0.5406255671875 0.6472299734375 0.5428922890625001 0.6598790140624999 0.5440515859375 0.6789717203125 0.5405866046875001 0.688226975 0.532505315625 0.69231165 0.5246090828125001 0.6959530218750001 0.5177100046875001 0.7044444015625 0.5127797484375 0.70823586875 0.5128585609375 0.7223905578125 0.5130448484375 0.7344992015625 0.508876665625 0.7407463203125 0.50394978125 0.7481952859375001 0.4979981515625 0.7587056234375 0.49083140625 0.76382035 0.48950144375000004 0.769615659375 0.491008278125 0.7784374374999999 0.4912599484375
0 1 0.5573405390625 0.9162152078125001 0.602470128125 0.9386261843750001 0.5935196687500001 0.94988100625 0.588737184375 0.9592778828125 0.5834711921875 0.9808636156249999 0.5739190765625 0.9949561359375 0.5680709375 1 0.5650684421875 1 0.5573405390625
0 1 0.72202164375 0.9736507890625001 0.7398170000000001 0.9788854625000001 0.7412223484375 0.9857771890624999 0.7401572484375001 0.9982152687499999 0.7371590078125 0.999038084375 0.7343535734375 0.998243003125 0.7294440984375 0.984120353125 0.7337100265625 1 0.7255853609375 1 0.72202164375
0 0.900072684375 0.79742624375 0.9033929765625001 0.79974983125 0.9082549765625 0.8009926593750001 0.9126439578125 0.8010409671875 0.912373084375 0.7961724328125 0.9107737437500001 0.7933986125 0.9067925499999999 0.7920534609375001 0.9052160953125 0.7922682796875 0.9031474171875 0.7938379234374999 0.9000266531250001 0.7948791281250001 0.900072684375 0.79742624375
0 0.7237593453125 0.70950821875 0.7258355375 0.710645321875 0.7304376328125 0.7090953484375 0.738821109375 0.7049757671875 0.7421876859375 0.7013248812499999 0.7429478484375001 0.7010403390625 0.7556180453125 0.696755340625 0.76354951875 0.69076126875 0.7648650906250001 0.688562090625 0.773080678125 0.6875008484375 0.777316525 0.68560085625 0.7820415890625 0.6815272921875 0.7959713546875 0.6748074859375001 0.8025152875 0.6703813546874999 0.8060343859374999 0.66714105625 0.818560665625 0.661781196875 0.8247651375 0.657933759375 0.8259521515625 0.6560737546875 0.8239882250000001 0.653193278125 0.7204187265625001 0.7089789421875 0.7237593453125 0.70950821875
0 0.7558171406249999 0.720449071875 0.75361915 0.7168256453125 0.7504931109374999 0.716586790625 0.7471102296875001 0.7162148015625001 0.7458317125 0.7164281875 0.7334809453125 0.7250766015625 0.729323821875 0.7346941859375 0.7335197171875001 0.740115834375 0.740740690625 0.7381985796875 0.750337540625 0.732333178125 0.755024075 0.7257797234375001 0.7558171406249999 0.720449071875
0 0.7561345046875 0.8947849609375 0.7662404234375 0.8873876562499999 0.7742869265625 0.8816348296875001 0.7771797015625 0.8784461203125 0.7759020953125 0.8746486921875001 0.775508128125 0.8722059578125 0.725472 0.9061968859375 0.7371324671874999 0.9009904093750001 0.7453181859375 0.8973895468749999 0.7561345046875 0.8947849609375
0 0.48469067812500005 0.8550435921874999 0.49490571406250006 0.85475230625 0.505846646875 0.8559451421875 0.5201630453125 0.8533727859375 0.5316530671875 0.8489352984374999 0.5419349359375001 0.8382645140625 0.547959715625 0.8290127359374999 0.5495609890625001 0.8212023484375001 0.5444689984375 0.8189494296875001 0.5427279234375 0.8146448218750001 0.5608041265625 0.8067143671875 0.56008621875 0.81174543125 0.5541435390625 0.8135455687500001 0.5532825828125 0.8167623125000001 0.5558857265625 0.8172229124999999 0.56154488125 0.8167646984375001 0.5743913484375 0.823835790625 0.581454221875 0.8244774984375001 0.5893078265625 0.8223484421875 0.6054286015625 0.8147555765625001 0.649198909375 0.7910631015625 0.6706146015625001 0.7753844 0.6743601453125 0.76159465625 0.6758913890625 0.753842128125 0.67397883125 0.750489559375 0.66966794375 0.7489527218750001 0.6652500953125 0.75079370625 0.663013534375 0.75049703125 0.6664480625 0.7458554671875001 0.6757448484374999 0.7472755421875 0.681727746875 0.7459969109375 0.6843790671875001 0.7419290468749999 0.6872219078125 0.7345231734375 0.6982815375 0.7276241 0.7074306421875 0.722813003125 0.7122861859375 0.7176653734375 0.7164056640625 0.7137332234375 0.7159480890625 0.7123763796875 0.710436565625 0.7148146328125 0.562491790625 0.7959927437500001 0.43671026875 0.8642092515625001 0.361860490625 0.906377559375 0.379702990625 0.9015398796874999 0.38611099531250004 0.9000604750000001 0.3969528171875 0.8946837921874999 0.4015002296875 0.8907298203125 0.40880590781250004 0.88666503125 0.41177093906250006 0.8821847796875 0.42477522656250005 0.8762767796875 0.431364075 0.8724897359374999 0.44972508906249997 0.8657026421875 0.463428659375 0.85596095625 0.46838664531249996 0.8542021359374999 0.47496140468750003 0.8525350984375001 0.484686353125 0.846397978125 0.49084089375 0.8458558640625 0.49680920781250004 0.8426594875 0.49810815 0.84668130625 0.49426147968749995 0.8486486015624999 0.484468396875 0.853816840625 0.48469067812500005 0.8550435921874999
0 0.33936728125000004 0.9213621078124999 0.3491932 0.9154053359375001 0.3523257234375 0.9136301734375 0.358686809375 0.910113803125 0.3625419578125 0.9061480671875 0.361103490625 0.90541858125 0.3250403484375 0.9264866203125001 0.32725890625 0.9271498640625 0.332196821875 0.9249081828125 0.33936728125000004 0.9213621078124999
0 0.2001336828125 1 0.20395162656250002 0.9962688578125001 0.21078866718749997 0.9915216890625 0.2154657953125 0.9920679390625 0.2232932265625 0.98933235 0.228193509375 0.9854412343750001 0.2306462984375 0.98237495 0.2289279875 0.979787353125 0.20386133593750003 0.9938217625 0.20157532812499998 0.9944986625000001 0.1927962328125 1 0.2001336828125 1
0 0.289095778125 0.9468874484375001 0.2423585359375 0.9734890890625 0.23880181718750002 0.977698628125 0.29276834375 0.94788210625 0.3050139953125 0.9447935875000001 0.30607389218750003 0.9436749296875 0.3225871421875 0.9300998281249999 0.3212933671875 0.9274687421875001 0.3106925359375 0.9350075671875 0.289095778125 0.9468874484375001
0 0.359483584375 0.9417725421875 0.35720771562500003 0.9406735203125001 0.3535665359375 0.9408983718749999 0.3481794734375 0.9442299609375 0.3416940171875 0.9490483015625 0.340357778125 0.9531653468749999 0.3433028296875 0.95542643125 0.3471867890625 0.95395405625 0.35312948125 0.951042621875 0.3607119296875 0.9447939765625 0.359483584375 0.9417725421875