0 0.26796523125 0.32111403906249997 0.2775063328125 0.313620325 0.2822905671875 0.312403021875 0.2865557859375 0.31386401875000003 0.2858933203125 0.31727210625 0.280686228125 0.31979680625 0.2790024015625 0.3232594484375 0.28052746093750003 0.3249454828125 0.28549782968750004 0.3236386140625 0.2905493375 0.32537819687499997 0.29411393750000003 0.3278395140625 0.3064961 0.329993275 0.3228348734375 0.3291277703125 0.32710174062499997 0.329704078125 0.337654953125 0.32480745 0.343984284375 0.3199731984375 0.34701280625 0.31652044375 0.3467976546875 0.312435590625 0.343188834375 0.30933375625 0.33163871562499997 0.3080993984375 0.3123230359375 0.2982802625 0.29689075468750004 0.29275443125 0.289668578125 0.288318309375 0.26687037343750003 0.2790876765625 0.26043890468750003 0.27404758125 0.2584909875 0.27366894375 0.254856359375 0.27763580625 0.245649671875 0.2825410875 0.24072640937499998 0.2836056171875 0.23869447031250002 0.281063384375 0.238469884375 0.2787467171875 0.24364354062500002 0.27293015625 0.2441169859375 0.27049449375 0.24125300312500003 0.26703285781249997 0.21483095468750002 0.2591177453125 0.2018458671875 0.2565937 0.19664484375 0.2573511515625 0.1809134390625 0.269831890625 0.177368603125 0.2741966328125 0.166772703125 0.2784530421875 0.14658069375 0.292213990625 0.14532290781249999 0.2934848421875 0.14403748125 0.30182562812499997 0.1461654640625 0.303881946875 0.15584850625 0.3077856546875 0.16445854531249998 0.3137538046875 0.1729859125 0.316675203125 0.17478873125 0.318668315625 0.17487275468750002 0.3208319125 0.198913490625 0.3080705765625 0.2018261140625 0.31129017187499997 0.200879521875 0.3161599625 0.19459606093749998 0.3207500421875 0.18497411875 0.3251957703125 0.18407493125000002 0.3298216875 0.1849496625 0.3313813109375 0.18842735625 0.3325618890625 0.19255837656250002 0.3321010328125 0.20239093593750002 0.33350770625 0.208315525 0.337691603125 0.2189330203125 0.34026001875 0.2332843984375 0.349618775 0.26191845156250004 0.36175380156250003 0.2677132640625 0.3631332859375 0.2730396453125 0.36606280625 0.2801914703125 0.364801134375 0.286236675 0.3614285875 0.29311103906249997 0.359858303125 0.2981424828125 0.354773359375 0.30735235312500003 0.3489836890625 0.3094087484375 0.3453403796875 0.304467071875 0.33869569374999997 0.2925246203125 0.33081594375 0.2868230828125 0.32894841406249997 0.28543675468749996 0.3274166859375 0.284226371875 0.328443665625 0.280141221875 0.32866035 0.2746697421875 0.32734530624999997 0.2722929 0.33004131718749996 0.26574081562499996 0.332557665625 0.2635058875 0.33452359062500003 0.2575202234375 0.334117765625 0.255677603125 0.330601575 0.25851421874999997 0.3290041015625 0.2622739078125 0.3287257453125 0.26776194375 0.32562373125 0.26796523125 0.32111403906249997
0 0.087214825 0.085496275 0.0829906453125 0.0855601875 0.0835798984375 0.08946467031250001 0.08862245156250001 0.0938543609375 0.10158596718749999 0.101681090625 0.1096016125 0.10879913906250001 0.11933978593750001 0.10720294374999999 0.1311868640625 0.10090717656249999 0.1449241015625 0.0972852578125 0.144737834375 0.0911192421875 0.1498853859375 0.0923729125 0.15303031250000002 0.09525723593749999 0.1690165796875 0.101396925 0.1865404328125 0.1078561828125 0.19626540625 0.10914484687499999 0.2134129578125 0.100875765625 0.21716115937499997 0.09671768593749999 0.21243542031249998 0.09379349687500001 0.20378299375000003 0.0871835921875 0.19970544375 0.0856333265625 0.19438224531249998 0.081819415625 0.1889110640625 0.0805028390625 0.1853034796875 0.0774028359375 0.1885155484375 0.07474183749999999 0.1961806203125 0.0725675796875 0.1996733359375 0.0693308015625 0.2151247234375 0.0689852171875 0.206239090625 0.06328025468750001 0.199487175 0.0572928609375 0.1849404109375 0.050675310937499995 0.17399775 0.048043690625 0.152912596875 0.0525357984375 0.1471101828125 0.052923264062499996 0.13662699843749998 0.051391715625 0.1313801046875 0.052393337500000005 0.11575726875 0.0478396328125 0.10593838124999999 0.0428987609375 0.100041159375 0.0437739734375 0.08396010937500001 0.0502495390625 0.0801527171875 0.0507733015625 0.077687434375 0.052188276562500004 0.076078378125 0.060466153125 0.08269598125 0.0654166828125 0.0936386421875 0.068048303125 0.0986793625 0.0724392296875 0.0951500296875 0.0732685375 0.0937026265625 0.07551488125 0.097496346875 0.0785253171875 0.09809166875 0.08066255312500001 0.087214825 0.085496275
0 0.9434079328125 0.669441209375 0.9383122046875 0.6670611078124999 0.936842153125 0.6633642484375 0.9391197421875 0.649911034375 0.941632728125 0.6482506546875 0.9488211718749999 0.64939645 0.95156298125 0.6482867234375 0.9524086953124999 0.6456719265624999 0.950676203125 0.6372491015625 0.9556067703125001 0.634419153125 0.95534268125 0.630577875 0.9516867546875 0.6277183796875 0.94658784375 0.62622266875 0.9421516953125 0.6213173375000001 0.926995640625 0.6160982859375 0.9221808546875 0.613140871875 0.9077149296875 0.6095713093749999 0.9021215734375 0.60368336875 0.8877106546875 0.598102984375 0.8866590406249999 0.5939812859375 0.8904311390625 0.5780393890625 0.8898555578125 0.57060070625 0.8885672203125001 0.567696840625 0.8832347703125001 0.5665345687500001 0.8801038125 0.5601145125 0.88048245 0.5581665953125 0.88187773125 0.5570482171875 0.890324259375 0.556921628125 0.89300334375 0.5604746625 0.9092263328125 0.565396521875 0.9052267390625 0.5677771 0.9045244718750001 0.5696621093750001 0.90830740625 0.5753238875 0.9124091140624999 0.5706901453125 0.9102919171874999 0.565982484375 0.915126440625 0.5636384515625 0.9165782625000001 0.5605095484375 0.9275133203125 0.5649081203125 0.94189050625 0.5671981781250001 0.9522712796875 0.570984425 0.9561563281250001 0.574393040625 0.9551533781250001 0.5821568109374999 0.9568967468749999 0.5749157984375 0.9736997125 0.574266271875 0.9780674312500001 0.5604600750000001 0.9775331843749999 0.55454476875 0.975875165625 0.5509387125 0.9706037890625 0.5459983687500001 0.9625893703124999 0.5421659203125 0.9578751640625001 0.53695504375 0.9513491859375 0.5324011609375 0.9437957765625 0.52966908125 0.9379609921875 0.5253753 0.9270245953125 0.5344951578125 0.9228172703125 0.5301404796875 0.9171599531249999 0.52891346875 0.9151111609375 0.5307898265625 0.9175538203125001 0.535559159375 0.9128001343750001 0.5409511796875 0.9092689703125 0.5417817234375 0.9122687984375 0.5462805234375 0.90725709375 0.5460640171875 0.8972485890625 0.5420986375 0.896380225 0.53877023125 0.8982928734375 0.5358582421875 0.8984958625000001 0.531350084375 0.9024038328125 0.528572859375 0.9039352328125 0.5163626031249999 0.9009430328124999 0.5222243609375 0.895370975 0.523162778125 0.8914079984375001 0.5279508265625 0.888625153125 0.5275356453125 0.8860345109375001 0.5252636468749999 0.8801725546875 0.5294294828125 0.8805327796875 0.5197723515625 0.872864796875 0.5107019578124999 0.8782030171875 0.5100985140625001 0.8806685999999999 0.50868200625 0.9083737203125001 0.5129196874999999 0.8938565562499999 0.49579919375000003 0.8729484953125001 0.5007395781249999 0.8647005375000001 0.4972405703125 0.8625022031249999 0.48948645468749996 0.8649019671874999 0.4806046046875 0.8643677203125 0.474689296875 0.8575881656250001 0.47577183593749994 0.8527062375 0.4783597421875 0.85016906875 0.474076621875 0.8384967734375 0.4682709015625 0.8378174296875001 0.46397007031250004 0.830234821875 0.45618011718749996 0.8267284109374999 0.45082358593749994 0.8201015546875 0.448524696875 0.8164482156249999 0.444783878125 0.8116305453124999 0.4427093203125 0.8107176624999999 0.4387419296875 0.8632450921875 0.44656301875000004 0.8100612406250001 0.4282552578125 0.81124425625 0.4221691703125 0.8159094984375 0.41549611249999996 0.819586790625 0.4000419609375 0.81640554375 0.394748634375 0.787386784375 0.3863287734375 0.7854449375 0.3841828875 0.7805766796875 0.38323659375 0.7792409390625 0.3805766015625 0.7761861031249999 0.378088625 0.75769033125 0.372723390625 0.7405328875 0.3691368265625 0.736049334375 0.3644753671875 0.726737328125 0.36039069375 0.720244784375 0.3591286703125 0.7174680062500001 0.3569462390625 0.7181991484375 0.347993128125 0.7171899234375 0.3445131859375 0.7201257671875 0.34154540624999996 0.7200035921875 0.33697404375 0.7228873140625 0.33513423124999997 0.7267418125 0.334368128125 0.7646270703125 0.342236859375 0.766577871875 0.3417326390625 0.7699792609375 0.3380976828125 0.7691745578125 0.3301098796875 0.76543749375 0.3242039296875 0.760060821875 0.32240114062499997 0.7557605203125 0.31853297187499996 0.7504710546875 0.31800938749999996 0.748255865625 0.31467386406250003 0.74841145 0.3104095796875 0.752530309375 0.30135571250000004 0.7558429328125 0.28431374374999996 0.754922446875 0.282113303125 0.7496036671875 0.2774168328125 0.737974359375 0.27224979843749997 0.7470254390625 0.264353625 0.7424672265625001 0.2552939890625 0.7291739359375 0.24173654687499999 0.7005474296875 0.228334365625 0.7216887109375001 0.246850696875 0.718557778125 0.2525581484375 0.718679953125 0.2571295125 0.7141076859375 0.263316059375 0.712607109375 0.2675719921875 0.708657803125 0.26882584062500003 0.706422875 0.27079176562499996 0.7015546171875 0.26984547187499996 0.697617746875 0.26756328906250004 0.6952513921875 0.267609490625 0.6942271453125 0.26854690312499996 0.695140028125 0.27251429531250004 0.6888062781250001 0.2782311046875 0.674199971875 0.2753919265625 0.669986578125 0.27280449687499997 0.6635888421875 0.27105472812500003 0.65914479375 0.26791788125 0.6531193281250001 0.265988978125 0.651040284375 0.26368908593749996 0.6508767734375 0.2575943453125 0.6545008890624999 0.24414978281250002 0.6851518328124999 0.24970023593750001 0.6547207328125 0.235223034375 0.6316800359375 0.22897594687499997 0.624497659375 0.22606290312500002 0.62059144375 0.2241225359375 0.6378553109375 0.20903156093750003 0.6076885609375 0.20467512187499998 0.5897682 0.20467767656250002 0.590717290625 0.2126760375 0.5754667265625 0.20794319843750003 0.5691574328125 0.2074744671875 0.5650388453125 0.20439929218750003 0.559939934375 0.20290358125000002 0.556247090625 0.19763815 0.5474419625 0.19440967343749999 0.5435566171875 0.1910025921875 0.55131013125 0.1901093703125 0.56108798125 0.1935253328125 0.5770894531249999 0.19613112187499998 0.57885441875 0.19571493281250002 0.5813197015625 0.194299959375 0.582893490625 0.1827314578125 0.5856842375 0.18137815468750002 0.59491540625 0.18241484218749998 0.590640121875 0.1911024453125 0.65740041875 0.2154348390625 0.6107680671875 0.18169997499999999 0.6053525125 0.17117960000000002 0.6564635234375 0.19518878125 0.65791399375 0.18948735625 0.6782448359375 0.193404253125 0.661463428125 0.18370685312499999 0.6681134921874999 0.17341477656249998 0.636633184375 0.17514451874999998 0.6219949312499999 0.1606778 0.6338904859375 0.147368678125 0.6100743859375 0.1494835203125 0.60035689375 0.13688855625000002 0.549250840625 0.13311300625 0.5402958984375 0.1323831 0.5355084796875 0.13448479375 0.530217365625 0.1348458984375 0.5189077625 0.1358708171875 0.5127748703125 0.1418972671875 0.522360115625 0.15100448125000002 0.51754223125 0.151666090625 0.525778084375 0.15507997499999998 0.5419141656249999 0.1587210953125 0.5448558046875001 0.1661151109375 0.556028821875 0.1692976828125 0.5569922921875 0.172136809375 0.560278834375 0.17429258125 0.5597996203125 0.178493959375 0.55449771875 0.18150640625 0.5477595 0.1841123203125 0.5379603765625001 0.18599750937499998 0.5305409812499999 0.18430382812499999 0.5235982124999999 0.1792900953125 0.5224686453125 0.171237553125 0.5245721453125001 0.1673519046875 0.5248225390625 0.1625998734375 0.5214734328125 0.1545997875 0.5009709328125 0.15203275 0.5089887125 0.14130456875 0.5033226703125 0.1374447078125 0.484347796875 0.1505206234375 0.4939841078125 0.1566054890625 0.488679321875 0.16050079374999998 0.47744523125000005 0.16109629375 0.4620466828125 0.158860790625 0.45619049843750004 0.16126091250000002 0.452160353125 0.1594667734375 0.4421445453125 0.15726680937499998 0.43565807031250003 0.15423753906249998 0.43129669374999996 0.1541474421875 0.4196854984375 0.1566911578125 0.42609622812500003 0.1439617578125 0.41407179843749997 0.1380350609375 0.4022031640625 0.14091234531250002 0.396879965625 0.1370984328125 0.381630934375 0.13236589375000002 0.367685559375 0.1261183296875 0.3512717171875 0.12217013125000001 0.35061809843749997 0.10602694531250001 0.33238863125 0.1176018875 0.3246551421875 0.11987426875 0.3135407296875 0.120500990625 0.3154368109375 0.1245528484375 0.3082483671875 0.123407053125 0.28210441406250003 0.11501117031250001 0.27972251875 0.11937912343749998 0.26333787656249996 0.1204887984375 0.253758621875 0.12557474531249999 0.2511418734375 0.1303729796875 0.24872399375 0.13154407968749998 0.2368487109375 0.130246515625 0.231461253125 0.13109506875000002 0.2263289328125 0.13843500625 0.223259075 0.1403643859375 0.21414689843749998 0.14478345312500002 0.203844078125 0.1449280515625 0.2027142375 0.1490045515625 0.1999192546875 0.15212386718749998 0.18636621250000002 0.152521696875 0.1693449125 0.14997076250000002 0.164836903125 0.1514948453125 0.13707268749999998 0.145849715625 0.1697172078125 0.1619191375 0.1698012296875 0.16408273281250002 0.16905185625000002 0.16621008125 0.1603883703125 0.1743805625 0.15524998125 0.1834877484375 0.154770765625 0.1876891265625 0.1586956140625 0.19262081874999998 0.1743521828125 0.20046485 0.177580834375 0.20551430312500002 0.17888758437500002 0.2161273859375 0.1720377015625 0.2236396375 0.1747461 0.231365559375 0.181001921875 0.23384541250000002 0.1856410578125 0.2342425859375 0.1925717796875 0.22977832187499997 0.201526721875 0.230508228125 0.207829946875 0.232744209375 0.2142095671875 0.226783228125 0.2148278125 0.2227346234375 0.2299975375 0.22441947343750002 0.23455111875 0.222652753125 0.23740429062500001 0.21663822187499998 0.2382592578125 0.2113717859375 0.25370674375 0.21336371562499998 0.2565767953125 0.215058103125 0.2550288125 0.2195579078125 0.2560470171875 0.23251525312500002 0.2478734890625 0.242095753125 0.27031468125 0.26055755468749997 0.27621324375 0.23795051250000002 0.28219283906250003 0.2401235859375 0.286229053125 0.240150475 0.291091240625 0.2428640171875 0.29548151875 0.2480135203125 0.3101704953125 0.25389944999999997 0.3149378765625 0.2571007390625 0.33097915 0.2612296046875 0.3346949171875 0.26030919531249996 0.33860286093749997 0.24540446249999998 0.3435168734375 0.24699157187499998 0.34908893124999996 0.2460531546875 0.3542349484375 0.2473065265625 0.35558465781250004 0.24643078593749998 0.3556518015625 0.2408854640625 0.3499407140625 0.241671109375 0.3478677375 0.23760396718750001 0.3488477640625 0.2360260359375 0.351543703125 0.23516047968749998 0.371195446875 0.24150649062500001 0.37601023125 0.24446390624999997 0.3800692765625 0.251317453125 0.3853101015625 0.25208307812499997 0.3998094625 0.2589445 0.414876778125 0.2628840484375 0.4261643421875 0.26027742656249997 0.4313106578125 0.2615292640625 0.43537895468750004 0.2657311703125 0.43563544062500004 0.2713393984375 0.4373434515625 0.2738202578125 0.450496584375 0.2806714953125 0.478075840625 0.2895692171875 0.4774101921875 0.2938616953125 0.4655486046875 0.301157440625 0.4610176734375 0.30886736406250004 0.4525453375 0.3160626515625 0.44229461875 0.32164681875 0.43163835156249997 0.33355097031250003 0.457848165625 0.332199075 0.4673303390625 0.33080620625 0.46729885 0.336937853125 0.478888871875 0.3509871453125 0.472773046875 0.3560332140625 0.46683328125 0.365471703125 0.47387771093750003 0.369225434375 0.4673927953125 0.3783239703125 0.4610224265625 0.38163331093749997 0.4558566953125 0.397808896875 0.448314303125 0.4051578875 0.4548529296875 0.4109732984375 0.46063069843750004 0.41441396406250003 0.47361756093749996 0.42293127343750003 0.49654743906250004 0.42704616562500003 0.506621446875 0.41134076249999996 0.5090838453125001 0.4108086453125 0.5139018140625 0.41288167031249995 0.5089998484375 0.4207725578125 0.4993229 0.42722910937499997 0.49414924375 0.43304567031249996 0.48430301406250004 0.4351731984375 0.4874415734375 0.4398263046875 0.48934211093749996 0.45257632187499997 0.49008252968750005 0.45309908125 0.5053528359375 0.4635771796875 0.5206573765625 0.47098031406249996 0.5257757328125 0.46723341406249996 0.5033891046875001 0.45342056406250003 0.5137048281250001 0.440762584375 0.5185670171875 0.4434761265625 0.5198722078125 0.4419614015625 0.5294744109375 0.442817121875 0.5352904953125 0.43889545625000004 0.5459553953125 0.44121999843750004 0.5572092515625 0.4474505578125 0.570234140625 0.45149768124999995 0.5701440734375 0.46322884374999995 0.5663535625 0.47146152499999994 0.5469171015625001 0.46101086562500004 0.5227395078125 0.48393435625 0.5170370359375001 0.5124275875000001 0.5405284203125 0.4899389625 0.5473919984375 0.49102001875 0.5559607015625 0.49546479374999997 0.565462028125 0.498575509375 0.5819703796875 0.5020374953125 0.5858999453125 0.5060850953125 0.600866384375 0.5122796375 0.6072504484375 0.51756360625 0.643305190625 0.5399020328125 0.6553558671874999 0.53481895625 0.658207703125 0.5292371218749999 0.6617478218749999 0.5257564703125001 0.666576575 0.5251781531249999 0.66825721875 0.5225999031249999 0.6735896703125 0.5237621734375 0.6647979390625001 0.529128540625 0.6681656203124999 0.534330765625 0.6549585609374999 0.5393768890625 0.659247503125 0.549019290625 0.6522572249999999 0.554936384375 0.6456342703125 0.557154034375 0.647176859375 0.56259044375 0.6470683796875 0.5666123890625 0.6532160203124999 0.5731126546875001 0.6538526765625 0.576773265625 0.6519413796875 0.5788020984375 0.6470257171875 0.578099678125 0.6417438546875001 0.5758091421875 0.6305141828124999 0.5755220828125001 0.6316637890625 0.5782716437500001 0.6308867765625 0.587468925 0.62679555625 0.5894528593749999 0.6241788078125 0.5942510921874999 0.6200799859374999 0.5980019765625 0.613886825 0.615999365625 0.6059882140624999 0.6185070625 0.6032098125 0.6293368296875 0.5997139140625001 0.6334579984375 0.597598275 0.6408781453125 0.5953112265625 0.6439720359375001 0.591081275 0.6458016640625 0.5843962296874999 0.6463979906249999 0.58522220625 0.64908464375 0.5831813390625 0.6613200265625 0.58932868125 0.667821825 0.5912629265625 0.6717346609375 0.591154446875 0.6757566078125 0.5942854046875 0.6821766640625 0.61350975625 0.6915976203125 0.6189809375 0.6929141984375 0.62351189375 0.697331784375 0.628050453125 0.69998241875 0.633521634375 0.7012989953125001 0.6399257359375 0.70127998125 0.6288977984375 0.729279240625 0.6500321609374999 0.7158128890625 0.6674310203125 0.6865895828124999 0.6535472484375 0.6823261656249999 0.6530435515625 0.6805855765625 0.6485021078125001 0.6788178 0.646523640625 0.6742644453125 0.6373564328125 0.668566828125 0.636368778125 0.6597842 0.6377411125 0.652724153125 0.6434993046875 0.65169616875 0.6628213515625 0.659746521875 0.6778412625 0.6639299421875 0.68199358125 0.6702954437499999 0.690475378125 0.6734594796875 0.7013048421875 0.6809971390625 0.6807096890625 0.678636528125 0.6756416265625 0.6813140015625 0.66993530625 0.7054705703125 0.670781046875 0.7149832828125 0.6730846781250001 0.71959984375 0.6920262546875 0.7295993484375 0.7070935703125001 0.7335388953125 0.71172086875 0.737469034375 0.7263147390625 0.74384424375 0.7318670578125 0.7482072750000001 0.7358972031250001 0.7500014140625 0.738067871875 0.7526979515625001 0.74552830625 0.7559165421875 0.7499647515625 0.760820340625 0.7650183968750001 0.7682940875 0.767700365625 0.7709642640625 0.7695401015625001 0.7753633125 0.7731944953125 0.7782225109375001 0.77834234375 0.779474646875 0.78372796875 0.7786273296874999 0.7892802624999999 0.7708628515625 0.7835121843749999 0.7994643031249999 0.7961997859375 0.7996209015625 0.8110689421874999 0.776615075 0.8156075015625 0.7792657109375 0.8151756906250001 0.783223215625 0.8210452734375 0.7894179359375 0.8226116671874999 0.792627346875 0.8297451046875001 0.7957839671875 0.853253178125 0.8013626390624999 0.8699813984375 0.8080253859375001 0.8747624500000001 0.8076924734375 0.8865416640625 0.7973484421875 0.8916739859374999 0.7900085046875 0.8924312578125001 0.786112671875 0.8964352718749999 0.782849534375 0.89924740625 0.77531009375 0.9021829531250001 0.7723438484375 0.89616355625 0.768647696875 0.8962857046874999 0.7610915515625 0.8990504359375 0.7537959843750001 0.9007250109375 0.7529849828125 0.9055458640625 0.75417515 0.9085654328125001 0.7533725015625 0.9105591937499999 0.7413794578124999 0.910269271875 0.73247936875 0.9131285124999999 0.7246975890625 0.9171281078125 0.722317009375 0.9397954921875 0.7339321156249999 0.9531166546875 0.7386496499999999 0.9626695625 0.7401929734375 0.9670808281250001 0.7174989796875 0.9701293625 0.696615734375 0.972372796875 0.6902741640625 0.973518675 0.683724025 0.9647217749999999 0.677824609375 0.9589760437500001 0.6750380109375 0.9526635828125001 0.6764198640625 0.9440003703125001 0.6724613015625 0.9434079328125 0.669441209375
0 0.9094149406250001 0.487418584375 0.9237757453125001 0.49489454843749997 0.9334553343750001 0.491871903125 0.9146157328125 0.47948072656249996 0.9051015046875 0.48061268593750006 0.9016357156250001 0.48316228906249997 0.9094149406250001 0.487418584375
0 0.8823796578125 0.501869259375 0.8915056109374999 0.50804115625 0.9071416343750001 0.509538090625 0.8953407609375 0.496164096875 0.8823796578125 0.501869259375
0 0.7754499390625 0.35472993124999996 0.7768692890625 0.36457539375 0.7860707953125 0.3599588046875 0.7923099390624999 0.34972533437500003 0.778179209375 0.347903403125 0.7754499390625 0.35472993124999996
0 0.43170785624999997 0.2890147265625 0.38939633749999997 0.28594267812499996 0.42610255625000004 0.311849090625 0.43170785624999997 0.2890147265625
0 0.41454953593750005 0.34639022656249996 0.44062357343749997 0.35613664375 0.44707420156250005 0.353388871875 0.42418348124999994 0.3390084703125 0.41454953593750005 0.34639022656249996
0 0.5328733375 0.6509903968749999 0.57205665 0.677664821875 0.6073832796875 0.6897461796875 0.5856859109375 0.668301184375 0.5393258515625 0.6477415921875 0.5328733375 0.6509903968749999
0 0.58816793125 0.6171267453125 0.5813563171875 0.6509738953124999 0.5898090109374999 0.6409971953125 0.603376025 0.6336652578125 0.611313928125 0.616158228125 0.6145657703125 0.6035151703125 0.6098516421875 0.5988852953125 0.58816793125 0.6171267453125
0 0.6322346203125 0.572255975 0.6070056390625 0.5650980484375 0.5890053375 0.5662406718749999 0.6259269734374999 0.5860273125 0.6361183203125 0.578701378125 0.6322346203125 0.572255975
0 0.3272860078125 0.276642471875 0.33772560937499996 0.26717136875 0.3320952546875 0.26583021875 0.3206056984375 0.2725058703125 0.314199565625 0.27690815468749996 0.302921409375 0.2759288125 0.29714335625 0.2816692765625 0.3006771171875 0.2897593765625 0.3136868265625 0.293606171875 0.3226736875 0.2785967421875 0.3272860078125 0.276642471875
0 0.3960163546875 0.0631579671875 0.393637659375 0.0572406859375 0.3851102125 0.05855331406249999 0.3903306125 0.0693652453125 0.3942070765625 0.0745294796875 0.38595082812500003 0.0858129859375 0.3897280953125 0.0873112484375 0.40373466718750006 0.082099003125 0.4052547296875 0.08291815625 0.402351040625 0.08843101875 0.40992321093750006 0.09553767656249999 0.428067403125 0.100828203125 0.4461591109375 0.10689644218750001 0.45844280312499996 0.1088607453125 0.45550921562499996 0.10352164687500001 0.441827640625 0.0957368 0.4264313921875 0.0879783875 0.4114866453125 0.0791091546875 0.4051155859375 0.074020315625 0.3958507328125 0.06358419531250001 0.3960163546875 0.0631579671875
0 0.4841306515625 0.1093588703125 0.48058091718749996 0.10958889999999999 0.477040896875 0.10985902031250001 0.47722574531250006 0.114460075 0.48592749218750003 0.1180074984375 0.499162859375 0.12017748125000001 0.507421790625 0.12060655625000001 0.5183674984375 0.12289495156250001 0.5332533046875 0.1238704078125 0.5474485046875001 0.12446808437500001 0.549648815625 0.11661234218750001 0.53597581875 0.11596495468750001 0.5281407875 0.112495275 0.52087449375 0.11117676406250002 0.5147230078125 0.111386546875 0.508863903125 0.114776165625 0.503609371875 0.1114770015625 0.497101696875 0.10940024687500001 0.48895935156250003 0.10446532187499999 0.4818624171875 0.1039214828125 0.4841306515625 0.1093588703125
0 0.60724030625 0.101132534375 0.6074219578125 0.0981180609375 0.6011870828125 0.0940155140625 0.5962333953125001 0.09982230625 0.60724030625 0.101132534375
0 0.5954847734375 0.12514470625000002 0.60226965 0.12328961249999999 0.6061098 0.11856841874999999 0.6102733984375 0.11370635468750001 0.611690034375 0.112060484375 0.608859309375 0.1097052078125 0.602164328125 0.114979334375 0.597777715625 0.11951471875 0.5954847734375 0.12514470625000002
0 0.41763959375 0.2639017921875 0.41423214374999995 0.2742336328125 0.42347840468750003 0.273358384375 0.4335494 0.2647436171875 0.430560503125 0.262718921875 0.42612098906250007 0.26127020624999997 0.41763959375 0.2639017921875
0 0.869730275 0.44521792343750005 0.86463168125 0.44955920312500003 0.858878315625 0.451479503125 0.8576490609375 0.45598555156250004 0.8586763984375001 0.458848234375 0.866457715625 0.45975272343749995 0.8721918656250001 0.45575305312500003 0.8747497265625 0.451511625 0.8759897453125 0.4433307390625 0.869730275 0.44521792343750005
0 0.85549359375 0.4193909859375 0.8618049375 0.4206352953125 0.8619155375 0.41853499843749997 0.8575185218750001 0.4160487671875 0.8544052265625 0.4148196390625 0.8522168046875 0.4164889890625 0.85549359375 0.4193909859375
0 0.7839622546875 0.32433477499999996 0.7933709921875 0.3266443546875 0.7888973375 0.3214897875 0.780563196875 0.3167308734375 0.7779374515625 0.315900540625 0.7730337859375 0.313506834375 0.7695853484375 0.314165634375 0.770894165625 0.3175701046875 0.7839622546875 0.32433477499999996