0 0.29971278749999997 0.64072695 0.29081854687500003 0.63446320625 0.2860601234375 0.62912190625 0.2792773625 0.627193996875 0.27341694843750003 0.623509690625 0.26634095625 0.62187545 0.2608685546875 0.6245221937500001 0.2550094875 0.6255965109375 0.225779578125 0.6362163171875 0.21095806874999998 0.6448111546875 0.200220703125 0.6468203734375 0.194085265625 0.6506884671875001 0.1841925625 0.651578615625 0.18009132187500002 0.650902190625 0.1765566078125 0.6518991421875 0.1756014515625 0.6534108484375001 0.1762573046875 0.6580774859375 0.1856333890625 0.6630206953125 0.1916680125 0.667933334375 0.19235844062500002 0.6728459921875001 0.189281309375 0.675908740625 0.165941396875 0.6619066984375 0.16574425625 0.6640629328125 0.1638395953125 0.6659589625 0.15517102031250002 0.66843006875 0.1462604328125 0.6739394234375 0.13638635625 0.6773310109375 0.1341536703125 0.6792731421875 0.1350008125 0.6876697703125 0.1361903640625 0.689004709375 0.1556345078125 0.703803565625 0.1659931234375 0.7086086875000001 0.16930466875 0.713152971875 0.184361321875 0.7264399234375001 0.1895155765625 0.7274685375 0.20261496562499998 0.7256275390625 0.2294150484375 0.7191060968749999 0.23245627500000002 0.7157990937500001 0.2321109515625 0.7133419921875 0.2272488 0.7072626328125 0.227594321875 0.7049608953125001 0.22975652656249998 0.702528490625 0.23461733125 0.703849225 0.24355467812499998 0.7092296234375 0.246976715625 0.713381271875 0.24894177812499999 0.7131051 0.2556282109375 0.708408509375 0.278878265625 0.7003836921875 0.2863227140625 0.6963316296875 0.3020230453125 0.691621034375 0.321826146875 0.6828262609375 0.3334250390625 0.6821980812499999 0.3371912515625 0.6792893671875 0.3376198921875 0.6752213734375 0.33477622500000004 0.6716148484375 0.328708571875 0.6664559718749999 0.3184260921875 0.661013740625 0.3141349109375 0.6613659484375 0.2978638265625 0.659646525 0.2853859140625 0.6611493015625001 0.2816973828125 0.6634206890625001 0.27656175625 0.6648935125000001 0.27166659375 0.66332830625 0.270055384375 0.6649322140625 0.271555684375 0.668478234375 0.2766235078125 0.67127199375 0.2771066984375 0.67471008125 0.2727708640625 0.6759458515625 0.2680568953125 0.6744798296875001 0.25892105781249997 0.6664970421875 0.25895406875 0.661982890625 0.2536359015625 0.65859790625 0.24989593281250003 0.6581231640625 0.247146809375 0.6563794234375 0.249170928125 0.6529644875 0.255169628125 0.652872484375 0.2572986046875 0.6549526828125 0.2637100140625 0.6578084921875 0.2659425015625 0.6606252015625 0.27147530625 0.659598315625 0.27554351875 0.660028503125 0.27669849375 0.661117421875 0.2781630859375 0.659660346875 0.2839545484375 0.6580937734375001 0.29629302812499997 0.6508498406250001 0.3015756875 0.6444728890625 0.29971278749999997 0.64072695
0 0.12419561718750001 0.92799520625 0.1299698015625 0.928685815625 0.150790959375 0.9342752796875 0.1618563515625 0.932219959375 0.176729515625 0.9263727984375001 0.183785534375 0.920746978125 0.192957565625 0.915514871875 0.17754543750000001 0.914361096875 0.17422690937500002 0.9109459609374999 0.166686134375 0.908373525 0.1636177328125 0.9055480671874999 0.167382615625 0.9026411187500001 0.172915203125 0.901612684375 0.17843071093750001 0.8980825953125 0.18258380624999998 0.89674785625 0.1915703125 0.8905998437499999 0.196442615625 0.8879269890625 0.19291716718750002 0.8835784421874999 0.1762258859375 0.8744232593750001 0.166446796875 0.8752011906250001 0.1486089078125 0.8807344703125001 0.1323232234375 0.8860290890625 0.129031653125 0.8887448656249999 0.12382554374999999 0.8897274156250001 0.124334259375 0.8835795984375 0.11080540624999999 0.8792436921875 0.0993040578125 0.872336525 0.08966276875 0.8702328609375 0.0812855796875 0.8769216468750001 0.0679302109375 0.8840591921875 0.062664828125 0.8881789609374999 0.061872039062499995 0.8920472546875 0.06608708437500001 0.89233215625 0.07669604375 0.897728503125 0.075989684375 0.8998316515625 0.072043609375 0.9026394140624999 0.0733714640625 0.9049584312500001 0.0768525578125 0.9059713140625 0.071588940625 0.9100924125000001 0.0605235484375 0.9121477312499999 0.053655923437499996 0.9167451375000001 0.05482954375 0.9250958812500001 0.057217395312499995 0.9266379390624999 0.06099215625 0.9273602484374999 0.07671226406250001 0.9346685562499999 0.0825555984375 0.93585120625 0.092619615625 0.9314309859375 0.10845936249999999 0.9277011578125001 0.11364664531249999 0.9289760093749999 0.12419561718750001 0.92799520625
0 0.3086733296875 1 0.29764190625000003 0.9919030953125001 0.2935824421875 0.9903450890625001 0.2868600859375 0.9900370374999999 0.27445132499999997 0.9920318531250001 0.267072915625 0.9918160046875 0.2601103109375 0.99454753125 0.249597678125 0.995775684375 0.24454693437500002 0.9954835828125 0.238807309375 0.9902786046875001 0.2280701609375 0.9922893703125 0.2261482046875 0.9916821953125 0.22559607812500002 0.9877536171875001 0.2271727109375 0.9859036890624999 0.23442721875 0.9828802578125 0.2389601953125 0.979488253125 0.2462854015625 0.97695664375 0.24061451093750003 0.9770009984374999 0.22150069062500002 0.9811909671875 0.21565735625000002 0.98000831875 0.1989892921875 0.973084115625 0.188423240625 0.9715632624999999 0.187355825 0.973466275 0.1678102515625 0.9769642859375001 0.1568831625 0.980003684375 0.1580480546875 0.9740003265625001 0.14762633593750002 0.972754246875 0.1330701625 0.967260990625 0.125729215625 0.9709829359375 0.09372987499999999 0.9783897171874999 0.07998035625 0.9888077921875 0.069465959375 0.9900346156250001 0.0656667171875 0.9926970921875 0.0650638671875 0.9955367515625 0.06662774375 1 0.3086733296875 1
0 0.9182925781250001 0.26739781875 0.9134160421875 0.26833405 0.9117862062500001 0.2674365203125 0.9094070859375 0.26000625624999996 0.9096805609375 0.2524540734375 0.91588515 0.24907801875 0.91310886875 0.2459622046875 0.910695171875 0.2382859203125 0.9068674250000001 0.23481770000000002 0.9063150828125 0.2308875734375 0.9015739375 0.22328909062500002 0.89035223125 0.21234275937499997 0.8855951546874999 0.2117600828125 0.8685411593750001 0.2175382109375 0.8447733375 0.2218789203125 0.837484471875 0.2246578796875 0.8357522562499999 0.22778091250000002 0.8295665109374999 0.23365995312500001 0.8297906109375001 0.237634634375 0.8251195484375 0.24004410625 0.8114748015625001 0.21629161875 0.7987963921875 0.21578398437500002 0.8030596796875 0.244648115625 0.79792135625 0.23660369375 0.7925874578125 0.23547567656249999 0.7873811328125 0.236456678125 0.7835821078125 0.2391207015625 0.7815146656249999 0.2434174375 0.778696625 0.2459435921875 0.763272465625 0.25261925 0.7585854546874999 0.257284140625 0.7509667984374999 0.260107871875 0.7486579765625 0.2626871109375 0.74453945625 0.26426786875 0.7387664046875 0.268334334375 0.72385888125 0.2739370234375 0.7190322375 0.2776196015625 0.7037793906250001 0.2807651875 0.6843404390625001 0.28975966249999996 0.681798353125 0.2942493328125 0.680455915625 0.303704746875 0.6848901578125 0.32812685625000004 0.689811146875 0.33106590156250004 0.7105016187500001 0.3297863921875 0.6992925062500001 0.3367469515625 0.6906567406249999 0.339462746875 0.6861769671875 0.3456022109375 0.670958696875 0.348993815625 0.6512418078125 0.3560218984375 0.6455453078125 0.35469396249999996 0.6445443484375 0.34757176875 0.645990296875 0.3388528671875 0.65544313125 0.33364283281249996 0.6576571906249999 0.3291992640625 0.6622849296875 0.327671590625 0.6628790312499999 0.325959746875 0.67696690625 0.32242879375 0.6611213203124999 0.2923349515625 0.640720696875 0.27778096875 0.6502681531250001 0.30631901250000004 0.6438738234375 0.305964859375 0.6383412359375 0.30699329375 0.6336701734375 0.309402765625 0.628914228125 0.31357716562500004 0.623381640625 0.31460559843749997 0.6036905796875 0.32300751875 0.6002279140625 0.32925491562500003 0.6001257515625 0.33327702656249997 0.5979893749999999 0.3370832703125 0.5915101796875 0.3432544328125 0.5929078999999999 0.3555798578125 0.591942446875 0.3582196 0.598587121875 0.35916497812500003 0.6027155203125 0.3612134765625 0.6048375125 0.3644228234375 0.6065619109375 0.37194352343750003 0.6098373328125 0.37624200625 0.612045140625 0.387202340625 0.6198016843749999 0.39011998281250004 0.6250444484375001 0.4084168328125 0.628941346875 0.41237709218749996 0.6313033890625 0.4173057 0.6352851703125 0.4195010328125 0.63557976875 0.428726375 0.6342878375 0.4314120015625 0.64551714375 0.4317130515625 0.6509116453125 0.42970208593750003 0.6558573328125 0.42925789375 0.6576598296875 0.43138397656249994 0.6568324640625 0.43500625 0.65035305 0.4411758640625 0.6502508890625001 0.44519797656250004 0.6484258953125 0.45054620156249997 0.6549237109375 0.45310743125 0.66159473125 0.4593822578125 0.656807021875 0.4687869796875 0.6697318875 0.4745173921875 0.666096559375 0.47953623749999996 0.6745953874999999 0.48535537343749996 0.6692094156249999 0.48623697187500003 0.6676660109375 0.483574296875 0.6628741421875 0.4827440546875 0.6595210375 0.47908289843749996 0.6569652406250001 0.473359459375 0.64519710625 0.467652665625 0.6080226734374999 0.48807351875 0.6013708171875 0.4930161296875 0.5861006921875 0.4984189 0.5819646765625001 0.5022552953125 0.5652977625 0.50484855625 0.5556466546875 0.5074577484375 0.5468570734375 0.5114479796875 0.5399463234375 0.5121683421875 0.517664096875 0.48848109375000004 0.5218675328125 0.5172337203125 0.5448122703125 0.541391153125 0.5647690390625 0.5319720421875 0.568123490625 0.5403918203125 0.567599471875 0.5521116187499999 0.554380621875 0.555471525 0.5428161078125 0.561104565625 0.532044165625 0.5628677640624999 0.5264412968750001 0.5586470828125 0.5168074671875 0.558999090625 0.515583340625 0.5574181328125001 0.5105858 0.5598734890625 0.5009466812500001 0.5466929734375 0.5240255359375 0.534070678125 0.5191102921875 0.5300610375 0.5034392765625 0.53665305 0.48764151718750004 0.546317603125 0.4868747546875 0.54680089375 0.4843095375 0.5594339734375 0.48093175312499997 0.5639164421875 0.4906531421875 0.566556365625 0.49551529375000003 0.5726357234375 0.5048410703124999 0.5795898796875 0.5093233406250001 0.5877265031250001 0.5044034828124999 0.5895445328125 0.50197230625 0.5888842734375 0.4927340625 0.5726731609375 0.4696202515625 0.57558235625 0.456205425 0.5834083125 0.4502555046875 0.586541878125 0.44342148437500006 0.5920071140625 0.450568921875 0.599740771875 0.45488100937500003 0.6161645421874999 0.46106945 0.619802746875 0.4670692984375 0.6292282078125 0.4598380671875 0.63260811875 0.4652757203125 0.6423445359375 0.47111907343750004 0.647703765625 0.4588096515625 0.6611272296874999 0.4585201921875 0.667252121875 0.4491239109375 0.665364903125 0.42302076875 0.6626431453125 0.43303941718749994 0.6750886875 0.4429838359375 0.6812016843750001 0.4510679875 0.6888305171875 0.45518920312500005 0.6967670046875 0.46665270468750003 0.704673540625 0.46709279062500003 0.7089949734375 0.439085659375 0.7164371140625 0.4255919875 0.7225905796875 0.42375647968749997 0.7249786484375 0.4232068328125 0.73056576875 0.4189242 0.7345489984375 0.41371942031250003 0.7355297828125 0.402583746875 0.7323359875000001 0.3873309 0.7354815734375 0.3724923109375 0.7415747546875 0.3672185984375 0.742065046875 0.3628064296875 0.7486967671875 0.3578434640625 0.7513981421875 0.3378865265625 0.7567069640625 0.335239584375 0.7557015 0.3343434828125 0.754074440625 0.3366264765625 0.7501213640625 0.34228861875 0.751204828125 0.3425117875 0.7456635921875 0.341209759375 0.7447184124999999 0.3360051984375 0.7457007453125 0.330489890625 0.7444719953125001 0.32549955 0.74579975 0.3223770140625 0.7307109171875 0.3187145109375 0.7295973015625 0.3024791328125 0.7328809734374999 0.29755074375 0.73582836875 0.2825738515625 0.7409374703125 0.2779200859375 0.745850146875 0.27292254531250004 0.748305503125 0.26889045624999997 0.7481211171875 0.262805325 0.7499782640625 0.25809800781250003 0.727093496875 0.234721353125 0.744355515625 0.24238227656250003 0.75435065625 0.24068733281250002 0.7672369546875 0.241997690625 0.7718116078125 0.23904289531249998 0.7733534671875 0.22351232968749998 0.77453420625 0.222934159375 0.7692302421874999 0.2203996734375 0.7630746312500001 0.21594479687499998 0.761072015625 0.20070768125 0.7619606359375 0.200302171875 0.757885221875 0.19424326875 0.7515985265625 0.187831659375 0.7535015578125 0.17885078906250002 0.7537617984375 0.1721632078125 0.7489409265625 0.1675096421875 0.7490947625000001 0.161132609375 0.7512438125 0.1580235796875 0.7588174000000001 0.1644709125 0.7666778515625 0.1626105078125 0.7772079984375 0.15912201406249998 0.7820815578125 0.1430763765625 0.7890954375 0.1388988015625 0.7938149609375 0.13915747812499998 0.7980356609375 0.14381219218750002 0.8073992875 0.1520361953125 0.816011984375 0.1526732046875 0.8181756359374999 0.1524760625 0.82033186875 0.1190352734375 0.8346707859375 0.1470568828125 0.8304864593750001 0.1514789484375 0.8322443843749999 0.1686104265625 0.8305877718750001 0.182124075 0.8316943671875 0.184751975 0.8349556859374999 0.1856669203125 0.83908573125 0.19594805312500002 0.8397693390625 0.204816465625 0.8446592453124999 0.2077811390625 0.8467466437500001 0.212522284375 0.8543451281250001 0.2178579484375 0.855474475 0.22978486562499997 0.85480019375 0.232138140625 0.8560962328124999 0.2345001828125 0.8610248390624999 0.24380013125 0.86660515625 0.26010424374999996 0.8685708171875 0.2622542734375 0.8730574421874999 0.28880180312500003 0.866041334375 0.2960403625 0.8652733218750001 0.29393482187500003 0.8692203953125001 0.305001203125 0.8704279421875001 0.312605165625 0.8731019468750001 0.33020386562500004 0.8856150843749999 0.3317014578125 0.869528228125 0.34829943750000003 0.866444475 0.362552671875 0.86093531875 0.3780284875 0.8570073375 0.3835439953125 0.853477246875 0.395245778125 0.85697174375 0.40756390937500003 0.8516824796875 0.4018281703125 0.8386350124999999 0.413290325 0.8417829250000001 0.41765043906250005 0.8419212093749999 0.424286565625 0.839235565625 0.434403784375 0.8375628046875001 0.4385223046875 0.8359820453125 0.44424485 0.8386853671875001 0.4597392921875 0.8372588249999999 0.470926821875 0.83844145625 0.47602047187499996 0.8426090531250001 0.466078909375 0.8481812546875 0.4843434390625 0.8622323171874999 0.49020372500000003 0.858674284375 0.48275840312499996 0.8475411890625001 0.503367153125 0.8460506875 0.5071303625 0.8382368437500001 0.5071290140625 0.8334782203125 0.5052317546875 0.8294878078125001 0.5067812125 0.8215054187499999 0.5139768640625 0.8168619125 0.5214747328125 0.8155588546875 0.5311617625 0.8179543046875001 0.537754365625 0.8209093 0.542891340625 0.8241950984375 0.543150015625 0.8284157984375 0.539755153125 0.8303966109375001 0.5386444140625 0.8331814234375001 0.527320146875 0.8357748828125 0.5239955671875001 0.8430048125 0.5076910375 0.84579644375 0.4992878015625 0.84877461875 0.5040644578125 0.849687471875 0.4940157140625 0.8582805515624999 0.49982480156250003 0.8646197125 0.5110652640625 0.866235125 0.5163302296875 0.8668726515625 0.5210010921875 0.86922201875 0.5299819625 0.868961778125 0.5812155734375 0.8678660875 0.59157891875 0.8557969562500001 0.6152516968749999 0.8591553390625 0.6040689890625 0.8452418906249999 0.6194443109375001 0.8315611078125 0.6507909484375001 0.83493603125 0.64468864375 0.8243100203125 0.6619545765625 0.81550418125 0.6414466015625 0.8183516765625001 0.6402965078125 0.812582153125 0.587999 0.8338834875 0.5939577265625 0.8236609578125 0.6422917171875 0.792412875 0.574349453125 0.813217959375 0.5781642046875 0.8221174078125 0.56889143125 0.8226695515625 0.5661753359375 0.821172046875 0.5652091515625 0.8095370328125 0.5628213015625 0.8079949750000001 0.5610805359375 0.8074869874999999 0.5449646171875 0.8092517515625 0.535021390625 0.8121513 0.52732525 0.810853515625 0.531383584375 0.8076544468750001 0.540345609375 0.8048912187499999 0.5443089640625 0.7998262734375 0.5494791671875 0.7985994671875 0.5537530515625 0.7957440578125 0.5600782296875 0.7956061703125 0.5755555921875 0.791677971875 0.5741892 0.7996156984375 0.5920848671875001 0.8005561296874999 0.6224382734375 0.797784465625 0.6059878671875001 0.7818106515625 0.6099902796875 0.7800773796875 0.61731526875 0.7775442234375001 0.6406513375 0.77251155625 0.6717984109375 0.759646834375 0.6408989859374999 0.763585534375 0.6379834703125 0.7499697265624999 0.63846573125 0.743891896875 0.64066229375 0.7417039640625 0.6467804515625 0.7400930531250001 0.6513825796875 0.7371930890625 0.6578631234375 0.7357805500000001 0.6622061593749999 0.7334171781250001 0.6769410390624999 0.7313463265625 0.6829669140625 0.737386784375 0.6818476437500001 0.7413009609375 0.682821428125 0.74229069375 0.6851821218749999 0.7424606781249999 0.6892330375 0.7403876625 0.694144146875 0.7396974515625 0.696273125 0.7417776484374999 0.7001513953125 0.7432364703125 0.701427178125 0.7475651046875 0.7056694 0.7539824671875001 0.705308146875 0.7585411703125 0.7081360828125 0.7644046609374999 0.68605470625 0.7817891671874999 0.7153433953125 0.76990355 0.7293280109375 0.757060403125 0.7343541203124999 0.7482517421875 0.7257286984375 0.73989269375 0.7376124921875 0.7353413718749999 0.7431697765624999 0.7309297 0.7442041625 0.72878045 0.7417879875 0.7115884671875 0.738148615625 0.70233144375 0.73821641875 0.6980648609375 0.740603140625 0.6948498421875 0.7459127578125 0.6946038046874999 0.7504096125 0.6909659984375 0.755873265625 0.689447071875 0.7599143015625 0.6837448 0.76113595 0.675810059375 0.7579294625 0.67200206875 0.7560077234375 0.6713964421874999 0.7177625671875 0.677271628125 0.713953446875 0.676304846875 0.711169965625 0.6743166328125 0.7115312203124999 0.6697579296875 0.708754721875 0.6666405671875 0.7099446890625 0.6632182125 0.70968311875 0.65423910625 0.7125703109375 0.6522049921875 0.7191200046875 0.6512844921875 0.7286330265625 0.64769276875 0.7333543953125 0.6432723499999999 0.7506760328125 0.64058865 0.7694272515625 0.6361987640625 0.7726081109375 0.633874075 0.774081234375 0.631287634375 0.7789923453125 0.6305974234375 0.7810438390625001 0.62855610625 0.8104634890625 0.6216665078125 0.8139174078125 0.6165469296875 0.8110539640625 0.600921503125 0.80674435625 0.59401343125 0.8058814828124999 0.58787376875 0.8599506015625 0.572374528125 0.807085834375 0.577435825 0.8082051046875 0.573521646875 0.8131247453125001 0.5717020703125 0.8169688578125 0.568157578125 0.823706946875 0.5662086640624999 0.827488890625 0.561042984375 0.8354688015624999 0.55366055 0.836372303125 0.5494011671875 0.8483324484375 0.5442142828125001 0.8510903031250001 0.5400698187499999 0.8558301 0.542909678125 0.8625437078125 0.5443455484374999 0.86338680625 0.5384663078124999 0.8614551703125001 0.5294710359375 0.8640563109375 0.5218426 0.8724760890625 0.5187800515625 0.8930969359375001 0.524807909375 0.9084902218750001 0.508470646875 0.8806012875 0.511252546875 0.87821321875 0.5097089421875001 0.8729138953125 0.5088269453125001 0.8810460765625001 0.50017029375 0.8811917625 0.4905075421875 0.8868276609375 0.4949744625 0.8895336593750001 0.49284116093749997 0.8923344203125 0.49257219062499996 0.8960413781250001 0.4975610828125 0.9015566875 0.49878983281249994 0.90423800625 0.5048001578125 0.903347740625 0.4925264875 0.8995904749999999 0.4895485421875 0.8996237031250001 0.4850359390625 0.8978660765625 0.482027840625 0.8989074468749999 0.47874944218750004 0.909109765625 0.4753133015625 0.9141259343750001 0.475359384375 0.9108947671875001 0.47969501875000004 0.9143776265625 0.48070923125 0.9188426 0.4863426515625 0.9161536796874999 0.49097760937499996 0.9181014640624999 0.492958621875 0.92381524375 0.4920293734375 0.9282447109374999 0.48790085781250003 0.938688821875 0.4975805828125 0.9447403296875001 0.49359805625000003 0.9524263734374999 0.49126503593750004 0.9591817390624999 0.48705893749999996 0.9641622015625 0.482101925 0.9723662125000001 0.47869417031249994 0.9778889203125001 0.4740364796875 0.9797333953124999 0.47052213906249996 0.9805764921875 0.46464289843750006 0.9769373203124999 0.45062703437499996 0.960191375 0.4490989984375 0.9588293625000001 0.44177666875000005 0.9594246125 0.449582290625 0.9553664968750001 0.45278290625000006 0.9448017921874999 0.4560206765625 0.9303244578125 0.45755515312500006 0.91917418125 0.4613754 0.917888103125 0.4581748015625 0.9131828828125 0.4555809609375 0.9155435578125 0.4509905578125 0.9116899828125 0.44614849999999995 0.90761591875 0.45160453437500003 0.9082185687500001 0.4535237140625 0.9120880921875001 0.456110353125 0.8956297453125 0.46017642187499996 0.89276838125 0.46358437500000005 0.8843400546875 0.4630159015625 0.883005215625 0.4618260328125 0.88272904375 0.45986096875 0.8861917109374999 0.45361357187499995 0.89157768125 0.45273197343750005 0.8930162296875 0.44989951250000004 0.8939803328125 0.4425011484375 0.8910477390624999 0.4263836828125 0.8923136250000001 0.42232267031250004 0.9069968484375 0.4175041421875 0.9128906906250001 0.41191700468750003 0.92752360625 0.4091094234375 0.9324865718750001 0.40640804687500004 0.9478949999999999 0.40198935625 0.95258179375 0.3973229171875 0.957751996875 0.3960961125 0.96155256875 0.393431871875 0.9620173328125 0.38960967968750004 0.9572416296874999 0.3865255640625 0.9594125640625 0.378204953125 0.95870485625 0.375549478125 0.9560248843749999 0.3742977765625 0.9487863265625001 0.3750657890625 0.94636368125 0.3732761640625 0.9447933000000001 0.35972218749999996 0.946454815625 0.3561073328125 0.951668125 0.35399718125 0.9524178093750001 0.351012234375 0.961276325 0.3475124953125 0.9675078140625001 0.349222821875 0.9733915109375 0.3467407515625 0.9824851062500001 0.3413098140625 0.9816836062500001 0.3347086828125 0.9797751390625 0.328258390625 0.977823728125 0.3072442171875 0.97460621875 0.28435045625 0.96498563125 0.28539170468749997 0.9514358296875001 0.2894055984375 0.928191621875 0.299818465625 0.9243220984375 0.29723182656249997 0.9218740421874999 0.289311071875 0.9226293625 0.2804383515625 0.9212659999999999 0.2683574 0.9182925781250001 0.26739781875
0 0.9229277765624999 0.5272771640625 0.908195390625 0.5339912953125 0.9002040703124999 0.537834625 0.9035316734375 0.54056211875 0.9129736203125001 0.5421904625 0.9324359078125 0.53080225625 0.9229277765624999 0.5272771640625
0 0.8945982046875001 0.5245211828125 0.907082846875 0.511783128125 0.8913899078125 0.512459684375 0.8819534484375 0.5181455078125 0.8945982046875001 0.5245211828125
0 0.7840445703125 0.6653670390624999 0.77834955625 0.6548210625 0.7694022734375 0.6497292296875 0.767469596875 0.6594869171875 0.7698378531250001 0.6664469296875 0.7840445703125 0.6653670390624999
0 0.3783450203125 0.707975415625 0.4207593328125 0.7071219906249999 0.41635677343750005 0.6840255609375 0.3783450203125 0.707975415625
0 0.4158617390625 0.6568029656250001 0.4394737 0.6436402796875 0.4331757203125 0.6405586750000001 0.406627328125 0.6489271249999999 0.4158617390625 0.6568029656250001
0 0.5943766859374999 0.3364139203125 0.6171666625000001 0.3161338671875 0.5812561578125 0.32634981406249997 0.5407305124999999 0.3509369875 0.5470041546875 0.35451903749999997 0.5943766859374999 0.3364139203125
0 0.617240628125 0.389826684375 0.6102298515625 0.371928209375 0.5970651546875 0.3638962765625 0.589146184375 0.35349087031250004 0.594177040625 0.3876481265625 0.6148763515625 0.4069994140625 0.6198263265625 0.40262260312500003 0.617240628125 0.389826684375
0 0.6302567156250001 0.42068109218750005 0.592350128125 0.43850828750000004 0.6102659609375001 0.44059140937499996 0.6358349828125001 0.43476367343750005 0.6400506874999999 0.4285303609375 0.6302567156250001 0.42068109218750005
0 0.30894542812500003 0.7177935843750001 0.32006986406250004 0.7250614046875 0.3257626921875 0.7240167625 0.31583307656250004 0.7140122718749999 0.3113293546875 0.7118192890625 0.30314034375 0.69636009375 0.2899471375 0.6995207421875 0.285994815625 0.7074148124999999 0.29146451875 0.7134498078125 0.3027784734375 0.7130620609375 0.30894542812500003 0.7177935843750001
0 0.367943228125 0.92430493125 0.3621641296875 0.9348288328125 0.37061119374999996 0.936585953125 0.373296315625 0.9308012734375 0.37315322812499996 0.9303669609374999 0.38295156874999997 0.9204300265625 0.389580225 0.915681596875 0.40496867031250006 0.9076066671874999 0.4207498625 0.900664665625 0.4348201140625 0.8936065265625001 0.43802910937500006 0.8884282765625 0.42565944843750003 0.889747009375 0.40727494531249997 0.8948600843750001 0.388878734375 0.8991937671875 0.38094500781249996 0.9058943890625001 0.3835561984375 0.9115516625 0.38199534687500003 0.9122901406249999 0.36828075937500004 0.906351990625 0.36443025625000003 0.9076505140625001 0.37208465468749996 0.9193506546875 0.367943228125 0.92430493125
0 0.45707935624999996 0.8838196421875001 0.4566539609375 0.88840471875 0.4601749921875 0.8888597390624999 0.4637078234375 0.8892752328125001 0.46115812656250005 0.8945864578125 0.468273796875 0.8944147890625 0.47666325625 0.8899127640625 0.483270703125 0.888179440625 0.488690696875 0.8851597999999999 0.49436437499999997 0.888851415625 0.50049645 0.8893828546875 0.5078217921875 0.8884464390625 0.5158276734375 0.8853915671875001 0.5295158125 0.88546065625 0.52772965625 0.877500525 0.5135226296875001 0.8773544640625 0.4986061734375 0.8775495187500001 0.48755570156249994 0.879261925 0.4792856328125 0.879258171875 0.465954834375 0.8807324968750001 0.45707935624999996 0.8838196421875001
0 0.5751578281249999 0.90466573125 0.5798008234375 0.9107238203125 0.5862418640625 0.9069532046875001 0.586218228125 0.9039333562499999 0.5751578281249999 0.90466573125
0 0.5777306546875 0.8850811296875 0.5818738906250001 0.8898398765625 0.5882836703125001 0.8954571625 0.5912337812499999 0.8932532625 0.5899052250000001 0.8915355078125 0.58600179375 0.8864622000000001 0.58241399375 0.8815464984375 0.5757355046875 0.8793388546875001 0.5777306546875 0.8850811296875
0 0.4025339875 0.7209682203125001 0.405396040625 0.7314642328125001 0.4137280859375 0.73453609375 0.418237334375 0.733321709375 0.42132810000000004 0.731456215625 0.41172176875 0.7223261812499999 0.4025339875 0.7209682203125001
0 0.8614920984375001 0.5694550171875 0.8663565 0.5740571875 0.872508625 0.5762693796875 0.871698459375 0.5680348078125 0.869366084375 0.5636653265625 0.8638491187499999 0.559371034375 0.8560311265625 0.559867040625 0.8548553765625 0.562672034375 0.8558471187500001 0.5672362421875 0.8614920984375001 0.5694550171875
0 0.85715546875 0.5981913453125001 0.8507876515625 0.5991036390625 0.8473634750000001 0.6018301640625 0.84946153125 0.603611759375 0.8526348875 0.6025472546875 0.857155996875 0.6002945515625 0.85715546875 0.5981913453125001
0 0.760975271875 0.6963573859375 0.759490071875 0.69968869375 0.7628993046875 0.7005270671875 0.7679215265625 0.6983932796875 0.7705871296875 0.6977015046874999 0.7791589109375 0.6933852890625001 0.7838962046875 0.68847191875 0.7743794859375 0.69028591875 0.760975271875 0.6963573859375