0 0.1407909453125 0.5405371109375 0.131106878125 0.553148146875 0.15709664375000001 0.549932490625 0.150688 0.53810634375 0.1407909453125 0.5405371109375
0 0.10766150468749999 0.49824466875000006 0.1128217625 0.49922393906250007 0.12952697500000002 0.502294078125 0.119805328125 0.4944966625 0.10766150468749999 0.49824466875000006
0 0.0187200703125 0.5245526843749999 0.0286631734375 0.52646713125 0.052825940625 0.5271998796874999 0.06833276875 0.517364325 0.094204615625 0.5097131234375001 0.0798679 0.5054247593750001 0.0187200703125 0.5245526843749999
0 0.685269453125 0.3449004 0.6895410546875 0.340566478125 0.7128836078125 0.33296020312499996 0.7228426765625 0.32733471875000003 0.7358224890625 0.32591884375 0.7418499703125 0.33621466875 0.733864109375 0.3494804421875 0.7521763796875 0.36505240625 0.768376328125 0.349618721875 0.7804350046875 0.333021959375 0.7461377062500001 0.3246893078125 0.7801613749999999 0.31709444531250003 0.8262178562500001 0.302889828125 0.8538728203125 0.2915660625 0.8469303265624999 0.2881209359375 0.54784904375 0.37486289687499996 0.26541224531249996 0.453023725 0.27657293437499997 0.4547468921875 0.33455985625 0.4483923109375 0.357732821875 0.43940005312499997 0.376297975 0.43538126093749996 0.3793095984375 0.4375169578125 0.38786633125000003 0.43371415156250004 0.40828485 0.43068254218749996 0.3999225328125 0.43677659062499996 0.4146762 0.448065484375 0.4588429609375 0.453130821875 0.48598036718750004 0.44074942500000003 0.49803114062500004 0.41260857812499996 0.5311617234375 0.42144125781249997 0.5586504203125 0.42823766093750004 0.6414037718750001 0.40253580468749994 0.6625806187500001 0.3942885109375 0.6715291265625 0.378784509375 0.67722305 0.36405195 0.675224853125 0.357126959375 0.68384785 0.35382538750000003 0.685269453125 0.3449004
0 0.7028095875 0.5729334359375 0.7046220765625 0.5707116046875 0.69293815625 0.56637578125 0.6466137468750001 0.5893942531249999 0.6496712453125 0.5911400671875 0.6656236875 0.5897963953125 0.6807995640625 0.5852230546875 0.7028095875 0.5729334359375
0 0.8416528109374999 0.50290998125 0.832862240625 0.5058742046875 0.835927659375 0.5094938796874999 0.8519125890625 0.5104073687499999 0.84784494375 0.505294975 0.8416528109374999 0.50290998125
0 1 0.2450942484375 0.946710046875 0.260429990625 0.9680150703124999 0.2579108046875 0.9905261328125 0.2526388125 1 0.2493734 1 0.2450942484375
0 0.9246439562500001 0.4639430671875 0.9337778421875 0.4603800578125 0.934000296875 0.4552456578125 0.922213128125 0.4536912703125 0.91799455625 0.452390884375 0.9359201359375 0.45108165468749994 0.9523929296875 0.45108320781250005 0.9603810625 0.44735642656249996 0.9635193546874999 0.44133996875000003 0.9788576484375 0.442592225 0.989080475 0.44262689375 0.9932976218749999 0.437115278125 0.9963751140625 0.4288521046875 0.9944330015625 0.42292199375 0.987249503125 0.420033684375 0.9949001421875 0.41487110781250003 0.994854103125 0.41124162656249996 0.9038163734375001 0.45773175468750005 0.9125929015625 0.4645250234375 0.9246439562500001 0.4639430671875
0 0.8500215671875001 0.622146071875 0.8590092453124999 0.6199760359375001 0.8721938515625001 0.613631734375 0.8810294375 0.6045970609375 0.8742240062500001 0.6085195125 0.86073749375 0.6141646875 0.8500215671875001 0.622146071875
0 0.9346119734375 0.655754059375 0.9317082234375 0.653884346875 0.922313228125 0.6507402156250001 0.921353584375 0.6519111453125 0.9115832734374999 0.6590776593750001 0.9082428921875 0.6618994796875 0.92118115 0.6604469359375 0.9346119734375 0.655754059375
0 0.81325064375 0.668863009375 0.8238454031250001 0.66988244375 0.84028601875 0.6676987265625 0.8469429703125 0.663061075 0.8520022484374999 0.6568437375 0.8518890750000001 0.6499875921875 0.8503660515625 0.6486076765625 0.844272840625 0.646912015625 0.8358257703125 0.64765533125 0.8212873999999999 0.6484736015625 0.811718746875 0.65151800625 0.8065344781249999 0.6557641125 0.8039912625 0.6638584609375 0.81325064375 0.668863009375
0 0.7664397234375 0.6777645890625 0.7665060328125 0.6856044406249999 0.7805167328125 0.6908435078124999 0.795959125 0.6921303984375 0.8004229203125 0.697466928125 0.809530940625 0.6930580265625 0.819779840625 0.6845262187500001 0.8255009578125 0.6766514296875 0.8201700359374999 0.6754222671875 0.8182570921875 0.6705068843750001 0.814352725 0.666425621875 0.8055575562499999 0.6632966484375 0.7958931984375 0.66698948125 0.7803437234375 0.670046696875 0.7664397234375 0.6777645890625
0 0.682044553125 0.761893565625 0.6787381859375 0.7607075562500001 0.68046276875 0.7531365015625 0.6718653046874999 0.7488873703125 0.66339405625 0.748061275 0.628838890625 0.7689160687500001 0.6378940359375 0.7798913984375 0.649749796875 0.7835144875 0.6627954625 0.7847720453125 0.6716578328125 0.785393996875 0.6841387421875 0.778807690625 0.6904274640625 0.7673328828125 0.6887891953125 0.7610955296874999 0.682044553125 0.761893565625
0 0.7868936421875 0.7514906 0.7862988671875 0.7568263453124999 0.7946801375 0.7598527671875 0.798200025 0.7556104265625 0.796001725 0.7505697296875 0.79121628125 0.7496938921875 0.7868936421875 0.7514906
0 0.23933919062500003 0.801490509375 0.25065269687499997 0.7978608421875 0.259293303125 0.788536784375 0.23200415625 0.8017328453125 0.23933919062500003 0.801490509375
0 0.389028434375 0.9981391484375 0.39420390781250003 0.991442515625 0.41875666562499997 0.9613273703124999 0.42158732343749994 0.9447336203125 0.410378921875 0.935358453125 0.41119552031250006 0.922417609375 0.41605634062499997 0.91315571875 0.29398666093750003 0.9964801874999999 0.389028434375 0.9981391484375
0 0.5503239734375 0.94339893125 0.5587133390625 0.93665056875 0.5622345671875 0.9231099593750001 0.51601586875 0.960305871875 0.5337618187500001 0.95594773125 0.5437623921875 0.949466590625 0.5503239734375 0.94339893125
0 0.5979688953125 0.9394501609375 0.5923275296875 0.9401596265625001 0.6027955078125 0.9440554109375 0.6101998609375 0.9398418046874999 0.5979688953125 0.9394501609375