0 0.8784734625 0.8207104609375 0.8664776796875 0.8465469578124999 0.8743043531250001 0.8517655906250001 0.8836375750000001 0.844301815625 0.8901062578125 0.83407155625 0.8784734625 0.8207104609375
0 0.571995103125 0.5376736531249999 0.5684036828125001 0.5372994249999999 0.5648413484375 0.539942546875 0.5611200359375 0.5402623546875 0.5578017109375 0.5371538515625 0.55266463125 0.5358780765625 0.549395553125 0.536621096875 0.54587561875 0.5409353703125 0.541207434375 0.538737603125 0.537773184375 0.5406854203125 0.5373908953125001 0.5449509828125 0.539409490625 0.547112990625 0.5435681890625 0.5485628671875 0.543999109375 0.5538591265624999 0.5366062703125001 0.55835334375 0.5287182546875 0.5607501203125 0.52830841875 0.561998059375 0.5303916531249999 0.566668196875 0.5331427 0.5687010546875 0.5382580828125 0.569142928125 0.5557131625 0.566736259375 0.5766040343750001 0.5623815015625 0.5808208671874999 0.5584473 0.5790045359375 0.5545709999999999 0.5707502390625 0.5541796484375 0.5701334453125 0.5492509375 0.5707879453125 0.5479598578125 0.57703165 0.5426623562499999 0.571995103125 0.5376736531249999
0 0.26161529375 0.5813211453125 0.25654412187500003 0.582551690625 0.2533690015625 0.5774029484375001 0.2480404671875 0.5743125375 0.2415321734375 0.5674017640625 0.239557515625 0.5669106359375 0.227840534375 0.5711582359375 0.22546134843750001 0.5740956921875 0.224930275 0.5782193078125 0.2258050453125 0.5817586765625 0.22661698593750002 0.582791184375 0.23000056249999998 0.582697521875 0.23300250625 0.5925779078125 0.2321033421875 0.593912128125 0.2295818375 0.5931810640624999 0.229999678125 0.5884062796875 0.22912336875 0.58486718125 0.2246052375 0.58280955 0.21727765156249998 0.5841016 0.21230728437500002 0.58162075625 0.2098077484375 0.58172513125 0.20489374374999997 0.5852777234375 0.20386622812500002 0.587305709375 0.203772540625 0.5931990109374999 0.199706915625 0.5915661296875 0.1934854109375 0.5862818265625 0.1864176109375 0.586185803125 0.1812589453125 0.5897815359374999 0.177421975 0.59515920625 0.1686570375 0.59972718125 0.16305298125 0.6050800749999999 0.163088915625 0.6102778015625 0.168410984375 0.6168947859375 0.17789175156249998 0.6249616453125 0.1802054125 0.62522481875 0.27428310312500004 0.6103150109375 0.2897069375 0.6075461875 0.270685721875 0.60205165 0.2696946421875 0.59786165625 0.27226716406249996 0.5910267296875 0.269524121875 0.585467028125 0.2667155546875 0.5831079531250001 0.26161529375 0.5813211453125
0 0.7889135140625 0.5252803859374999 0.793992690625 0.5205229953125 0.7801805515625 0.504322196875 0.773715309375 0.504791059375 0.768040925 0.49974823125 0.7652187734375 0.49873382031249996 0.7609153328125 0.499324453125 0.7587031296875 0.5010583765625001 0.7561232171875 0.505709853125 0.7585070984375 0.5106633390625 0.7542027703125 0.5169627296875 0.7516308625 0.5180873593750001 0.747924671875 0.517062234375 0.74173136875 0.520504040625 0.7366017890625 0.527117125 0.73232655 0.5364338671875 0.7430080109375 0.5377410984375001 0.7640136531249999 0.5340372375 0.7736981843749999 0.5289707531250001 0.7889135140625 0.5252803859374999
0 0.8472031953125001 0.5116450875 0.8518805390624999 0.5046087906250001 0.8519386750000001 0.49922471249999995 0.8501576234374999 0.49483765156250004 0.84706199375 0.4908505671875 0.8395552703125 0.4889851296875 0.8377526328125 0.489469578125 0.8355104578124999 0.4938949078125 0.8286282609375 0.4934297984375 0.8237866281249999 0.49596213593750005 0.8159848390625 0.495995534375 0.812910021875 0.49855110781249995 0.8038005 0.50116485625 0.8013507515624999 0.505123834375 0.7958312624999999 0.5252362734375 0.8054632375 0.5277360515625 0.82494645625 0.5239642734375 0.8332795890625 0.519808796875 0.8386962312499999 0.514823721875 0.8472031953125001 0.5116450875
0 0.1347326015625 0.631564275 0.1318525484375 0.624516696875 0.1287213671875 0.621038834375 0.12737085312500002 0.6162410859375 0.123191071875 0.6082470109375 0.119125446875 0.6066141296875001 0.1138464296875 0.6073767828125 0.10716380156250001 0.6109048718750001 0.10531103281250001 0.6132465515625001 0.1007911296875 0.622606434375 0.1012205109375 0.6279029656249999 0.103648328125 0.6345273296875 0.1090285328125 0.6357602359375 0.11780770781250001 0.635556084375 0.1347326015625 0.631564275
0 0.3147873421875 0.3605003390625 0.31600155 0.36588378125 0.32108283437499996 0.3693985734375 0.323159940625 0.36868009687500003 0.3266352828125 0.36544464374999996 0.326061840625 0.3585932578125 0.318230728125 0.3521077125 0.3134296390625 0.35469001875 0.3147873421875 0.3605003390625
0 0.46274585156250003 0.3576915046875 0.45205121249999997 0.35807315625 0.4389851953125 0.35926801249999996 0.4340566578125 0.3605876421875 0.42498844687500004 0.367493803125 0.4826780125 0.359795090625 0.46274585156250003 0.3576915046875
0 0.1793150765625 0.40071232500000004 0.1712043109375 0.40179183281249997 0.163429571875 0.4045161015625 0.1554216109375 0.4070244640625 0.1505116875 0.41051921875 0.188230903125 0.40392859531249997 0.1793150765625 0.40071232500000004
0 0.4759638375 0.3220770359375 0.47381945937500003 0.32879363125 0.47505039375 0.332373328125 0.4765402328125 0.333075284375 0.4810702328125 0.327911775 0.480142571875 0.322650746875 0.4759638375 0.3220770359375
0 0.3238481578125 0.06875403906250001 0.315712859375 0.078305578125 0.3141706125 0.0821473765625 0.3170144890625 0.087694059375 0.322675128125 0.090040496875 0.3275004953125 0.0775630203125 0.328979771875 0.0715824765625 0.3238481578125 0.06875403906250001
0 0.43467891718749996 0.060476474999999995 0.43153499531249995 0.0685338828125 0.43405544531249995 0.0768443421875 0.440011790625 0.0798510234375 0.4437889046875 0.0714074828125 0.4456074515625 0.0554825734375 0.44298235 0.0524993453125 0.43467891718749996 0.060476474999999995
0 0.78934891875 0.3014480109375 0.7857916281249999 0.3068731484375 0.7875217921875 0.3113945234375 0.792274359375 0.3108135484375 0.8011160374999999 0.3070047171875 0.796987153125 0.30205270781250004 0.78934891875 0.3014480109375
0 0.944379059375 0.2244417875 0.9498414390625 0.22381022343749998 0.9473358046874999 0.21699649375000002 0.9401267656250001 0.2067774546875 0.936505578125 0.21086841875 0.9407841328125001 0.22259898125 0.944379059375 0.2244417875