0 0.3602353734375 0.3966541671875 0.36535599531249996 0.4033024 0.3695529796875 0.4044929375 0.37936717343750004 0.40602249218750003 0.3917435046875 0.40532799218750004 0.4031238609375 0.40777157343750003 0.407961578125 0.40603492656249995 0.41314703125 0.4073277875 0.4171571546875 0.4023886515625 0.40537345468749997 0.399029140625 0.40350733281249995 0.396215540625 0.4061473765625 0.39325025625 0.40192270781249995 0.392308184375 0.3882096078125 0.391490609375 0.38514719375 0.3921663890625 0.37944334375 0.3958057359375 0.365933834375 0.3946356359375 0.3618831140625 0.395207540625 0.3602353734375 0.3966541671875
0 0.43043710781250005 0.40415835468749994 0.4223631890625 0.4050552515625 0.42038585 0.40646880625000004 0.4201526203125 0.4086878328125 0.4208838453125 0.40963822343749995 0.42872453593750004 0.41096035468750003 0.600060540625 0.4227343421875 0.65179703125 0.42717441406249995 0.690127725 0.42945763281250005 0.6944819125 0.4291674296875 0.6964332828125 0.4280009515625 0.6950728265625 0.425114809375 0.6903999796875 0.42212875624999996 0.6894984765625 0.41804496406249997 0.6806581234375 0.41200342343749996 0.665988075 0.40921408125000003 0.6565369546875 0.40423011718749996 0.651458884375 0.4003310796875 0.6509052796875 0.399275240625 0.6555432421875 0.396270140625 0.6601269875 0.3953803359375 0.6628651921875 0.39305066875 0.662189575 0.3899867 0.6592849265625 0.3875619859375 0.6405657125 0.3853447125 0.636792653125 0.38644384062500003 0.6249531796875 0.38519946250000003 0.6151428218749999 0.382048928125 0.6112437515625 0.3827624609375 0.59457423125 0.38001277187500004 0.586829746875 0.38094429218750003 0.5686366140625 0.3800297703125 0.5470090812499999 0.3770072078125 0.52142670625 0.3768133078125 0.515887565625 0.375731509375 0.5114312203125 0.37700862812499997 0.503209321875 0.376144471875 0.4956004703125 0.372601596875 0.48092275312500005 0.3730542125 0.4691610234375 0.3710701578125 0.46007438437500003 0.37211041875 0.4488662609375 0.371182203125 0.4377025671875 0.3730002390625 0.43249269999999995 0.37195462031250004 0.43094695468750005 0.372415884375 0.4330944078125 0.374137284375 0.4330517109375 0.38086656093750004 0.43628040625000003 0.3849467140625 0.43619515625 0.3889267953125 0.4407384859375 0.39314512343749997 0.433478940625 0.40210883593749996 0.43043710781250005 0.40415835468749994
0 0.485718684375 0.659600253125 0.48060502187500004 0.660808284375 0.4752306078125 0.6644822578125 0.4647073234375 0.663376215625 0.4544768921875 0.6657919531250001 0.44820252812500005 0.6653822968750001 0.43854398437500003 0.6623718375000001 0.42131318906250004 0.6618082656250001 0.412969278125 0.6589359796875 0.41128477500000005 0.654394396875 0.4092647203125 0.6530603109374999 0.3820199765625 0.6496987328125 0.373709540625 0.643338965625 0.3676685703125 0.640708728125 0.35638270312500003 0.6405201890625001 0.352468621875 0.6477145296875 0.3446929453125 0.650512390625 0.3400626515625 0.6502755328125 0.3306113671875 0.645293121875 0.32476876093749996 0.643929621875 0.3147563828125 0.6506086953125 0.29526324531250003 0.6541703046875 0.295531684375 0.657939325 0.2999911546875 0.66613945 0.2980824984375 0.6700535703125 0.3420745078125 0.6754251640625 0.3968489984375 0.6794366953125001 0.409477021875 0.6795164953125 0.4252100125 0.6816697109375001 0.4437828 0.6821260953125 0.5350106859375 0.690467075 0.5520096437500001 0.6932513890625 0.5722266640625 0.69387901875 0.580024475 0.6924550625 0.5828627203125001 0.69075806875 0.608204034375 0.69641450625 0.6457736984375 0.6996153890625 0.65652270625 0.701742809375 0.6648742859375 0.7013731359375 0.72379415 0.7070662515625 0.729083153125 0.7073739140625 0.735442928125 0.7038019359375001 0.748178334375 0.7012755578125 0.748211809375 0.697788078125 0.7441443421875 0.6953652640625 0.7419527828125 0.6908945046875 0.729420784375 0.68359299375 0.7327958890625 0.6799571203125 0.7331847671875 0.6762571875 0.7251221890624999 0.6722927015625 0.7153339640625 0.6705160703125 0.7082712124999999 0.6712694390625 0.704342503125 0.6738494734375 0.6902276140625 0.6721161328124999 0.6800137484375 0.6680512249999999 0.6757465265625 0.6643599578125 0.6690444046875 0.6632816125 0.662384996875 0.664950909375 0.6565514671875 0.6698240859375 0.6494123625 0.671318846875 0.6463964984375 0.6731212906249999 0.6419790328125 0.6787670296874999 0.6339645578125 0.67592936875 0.6276643890625 0.6757652359375 0.62434489375 0.6772875296875001 0.62132519375 0.6807109515625 0.6173485453125 0.68216260625 0.603909271875 0.683493234375 0.59401578125 0.6827031921875 0.5858641203125 0.6843397640625 0.5785175921875 0.6878080296875 0.5676985109375 0.683178328125 0.561387384375 0.6767804625 0.5551482125 0.6728819359375 0.5442252546875 0.6692405406249999 0.5314249984375 0.6676453734375001 0.5223383593750001 0.668685634375 0.5063704234374999 0.6687528359375 0.49482362343749997 0.6615548734375001 0.491639196875 0.6602225234375 0.485718684375 0.659600253125
0 0.9555081031249999 0.66795394375 0.9576189578125 0.66368558125 0.956813659375 0.661855440625 0.953984475 0.66031219375 0.9524258171875 0.6561577609375 0.949269478125 0.652958746875 0.9410048640625 0.6493469484375 0.9335181875 0.64781065 0.93016731875 0.6417239203125 0.9200329125 0.6369179453125 0.9160431890625 0.6337554562500001 0.9073180687500001 0.6313411453125 0.894012146875 0.62981851875 0.8827004734375 0.6298755015624999 0.8811524484375 0.631957909375 0.878669625 0.64291936875 0.8774275093749999 0.64366078125 0.8704958296875001 0.6431820390625 0.86757600625 0.6472396875 0.8685573703125 0.6489642140625 0.8760182406249999 0.6507460359375 0.8789228890624999 0.65317075 0.885848634375 0.666366978125 0.8907953078125 0.671501234375 0.8952441468749999 0.6734645203125 0.9005392640625001 0.6705300609375 0.90580090625 0.67108308125 0.9109863593749999 0.6723759406250001 0.9175291609375 0.676554615625 0.927343190625 0.6780857250000001 0.9369849890624999 0.678101465625 0.9472138671874999 0.6756855640625 0.953362384375 0.6757080703125 0.9476989515625001 0.674239284375 0.946214203125 0.67096615625 0.9478879125 0.6692724531249999 0.9555081031249999 0.66795394375
0 0.9244716234375 0.441244371875 0.907946246875 0.44187671406250006 0.9076832156249999 0.445963796875 0.9298697421875 0.4484213828125 0.9348796921875 0.448200103125 0.93685703125 0.44678654843750004 0.9373679218750001 0.4450947453125 0.9350703703125 0.44323188125 0.9244716234375 0.441244371875
0 1 0.2845670640625 0.9849881281249999 0.2811744390625 0.974668425 0.277070128125 0.9507698890625 0.27406967656250003 0.9306153765625 0.2793198421875 0.9032504375 0.2917509640625 0.8965705515625 0.291656896875 0.8816770937499999 0.281755240625 0.8582487140625 0.2765088171875 0.8413657875 0.27722455468749996 0.818503725 0.2795051234375 0.80995145625 0.2877485140625 0.7977880703125 0.28830042968749997 0.7807785546875 0.2818197609375 0.7612875140625001 0.28154966406250004 0.734811196875 0.28636319062500004 0.744969715625 0.2915974703125 1 0.3072646046875 1 0.2845670640625
0 0.6391871124999999 0.2789961453125 0.625125365625 0.27246708750000004 0.6125374703124999 0.27324618749999996 0.5976497625 0.27547250624999997 0.5892031828125 0.282306725 0.675517828125 0.28695923749999996 0.662673815625 0.28066814687499997 0.6391871124999999 0.2789961453125
0 0.56297375 0.2734257265625 0.557222115625 0.2758754375 0.5582054734375 0.2752042359375 0.556378034375 0.27393595625 0.5531375265625 0.27899683125 0.5580759125 0.2792770671875 0.5694899312499999 0.2804735875 0.57614533125 0.2803671203125 0.56297375 0.2734257265625
0 0.8663419578125 0.65090891875 0.8589897140625 0.661726221875 0.8656540578125 0.6800104984375 0.89249214375 0.6868674671874999 0.9315873874999999 0.6929529953125 0.9349946499999999 0.679534078125 0.925508753125 0.6838049921875 0.92152190625 0.6838588609375 0.8867973062500001 0.6749946546875 0.8663419578125 0.65090891875
0 0.40747201874999994 0.6516558546875 0.454296140625 0.6667941749999999 0.45713767968749996 0.6475466937500001 0.44838889843749996 0.64289106875 0.4202573328125 0.6378023296875 0.39841553125 0.6228718234375 0.3647433453125 0.6364169484375 0.3833732484375 0.6432957359375 0.40747201874999994 0.6516558546875
0 0.6168163234375 0.6709329562499999 0.6221891140625 0.6751520546875 0.639088125 0.6721756140624999 0.6588922875 0.662874446875 0.6556544203125 0.6545466281250001 0.640048834375 0.6528105765625 0.615895334375 0.6537158078124999 0.6002372015625 0.6647221937500001 0.5843519203125 0.671357453125 0.589401653125 0.6786502453125001 0.6168163234375 0.6709329562499999
0 0.9656806453125 0.6583458796875 0.957407596875 0.661421396875 0.957434978125 0.67068280625 0.9604235250000001 0.6740731421875 0.9666514453125 0.6776751187500001 0.9730130203125 0.6709768281249999 0.97276760625 0.6617569171875 0.9656806453125 0.6583458796875