0 0.28338189062499997 0.339775203125 0.27217374375 0.3299869234375 0.2696415015625 0.32443904687499997 0.25110749375 0.31278628125 0.24287921875000001 0.31225255937499996 0.23310574375 0.31318942656250004 0.22075218593749998 0.31949089062499997 0.206754321875 0.3291865203125 0.206206871875 0.33614777500000004 0.20013550000000002 0.3409893203125 0.191327003125 0.35680698906249997 0.190080203125 0.363664503125 0.19033267812500002 0.3712176921875 0.19667514375 0.374813534375 0.20178528906249998 0.3749940828125 0.2091223421875 0.372928165625 0.21884989375 0.374157559375 0.22559025312499997 0.37247086406249996 0.22813150937499999 0.37408560625 0.22982385781249998 0.377275325 0.2355477875 0.37796117812499996 0.2396913 0.38075608125 0.23710766875 0.38371413906249996 0.235439015625 0.38381483437499997 0.2334280578125 0.383101728125 0.2307982390625 0.379477103125 0.2291866421875 0.38222855 0.23076126718749998 0.38645764531250004 0.2475570640625 0.3883395390625 0.2492311203125 0.390646584375 0.25320138124999997 0.3918297890625 0.255147796875 0.39382495624999997 0.26035616875 0.39208530937499997 0.2586727734375 0.39370987031250004 0.2589676234375 0.3966902578125 0.2565440296875 0.4027835546875 0.2494850015625 0.41569427656249996 0.24490864375000002 0.427569315625 0.2316232828125 0.44459255937500003 0.2285901046875 0.452590146875 0.22874112812499997 0.4596585203125 0.23272099218750003 0.4656590609375 0.2347595203125 0.4720706484375 0.240989665625 0.47911360937499997 0.253155490625 0.48147325468749996 0.2581665296875 0.4835773828125 0.26124043124999996 0.48850214999999997 0.26237484843750003 0.49383916875 0.265510946875 0.49507348437500004 0.27402479375 0.4937717859375 0.2821680546875 0.4947021625 0.2919141609375 0.505563171875 0.2954390765625 0.5141955015625 0.3009140171875 0.5184821187499999 0.315142453125 0.52179788125 0.3253246296875 0.520393959375 0.33446095 0.5156629015624999 0.344140396875 0.5190558234375 0.3455603875 0.522557421875 0.335440671875 0.5290198359375 0.3348679984375 0.532691 0.3357724328125 0.5337670984375 0.33890853125 0.5350014140625 0.34784937031249996 0.534115334375 0.350582496875 0.538225975 0.3556782234375 0.5399319171875 0.357886128125 0.5455471375000001 0.362151565625 0.5497122578125 0.3704482578125 0.5513719859374999 0.3824866953125 0.5587010875 0.392383296875 0.559132584375 0.4031513609375 0.5525339578125 0.4060905109375 0.5488661609375 0.41025810625 0.5462055921875 0.41453802343749996 0.5400979046875001 0.41557853749999996 0.5322698828125 0.414805040625 0.52863086875 0.4105159078125 0.5211753328125 0.405809059375 0.5181199875 0.40551967343750006 0.5087999265625001 0.4069249828125 0.5050779750000001 0.41173907343750005 0.5022799890625 0.42004630781249996 0.5000062562500001 0.4408932421875 0.49151768906250004 0.464965221875 0.4775274359375 0.46982709062500005 0.4725643921875 0.4694328703125 0.4627586375 0.46382672812500003 0.45228599375 0.464117765625 0.4441109 0.46198914531249996 0.43568975625000006 0.4568985578125 0.42764261093749995 0.44558590000000003 0.41737016718750003 0.44438661562500004 0.41331368125 0.45529469375 0.3914715875 0.45364471875 0.38370906875 0.442716740625 0.369677628125 0.431968559375 0.3684111875 0.42091918437500003 0.370507415625 0.4180353 0.3680773421875 0.414731353125 0.3676390703125 0.414261721875 0.3630473078125 0.40411798593750003 0.3662177796875 0.4014220953125 0.363875540625 0.39651403749999997 0.362255903125 0.3803317 0.360877784375 0.35568723125 0.35229695781250003 0.34959883125 0.3475065640625 0.34080334687499997 0.34430433437499997 0.3362989109375 0.339811428125 0.3231442875 0.3367753953125 0.3144112640625 0.33863165781250004 0.3039155578125 0.3449184046875 0.29192865 0.3553271421875 0.28912011406250004 0.3564304921875 0.2873484796875 0.3560467 0.285608353125 0.35502203906249996 0.285731540625 0.3476429890625 0.28338189062499997 0.339775203125
0 0.5086904140625 0.1997171984375 0.51317661875 0.1945800171875 0.5135411515625 0.18993714374999998 0.5069461484375 0.18753552812500002 0.5055633921875 0.1858023328125 0.5019907609375001 0.170587646875 0.4921745859375 0.1760957859375 0.48290765156250004 0.1833912890625 0.4778857453125 0.18521909375 0.4725560984375 0.1855915796875 0.4655616734375 0.1884728265625 0.4819463 0.2059082140625 0.49588196875 0.1999030359375 0.5086904140625 0.1997171984375
0 0.46543848906249996 0.703218746875 0.476534175 0.690210371875 0.4776356203125 0.6874411671875 0.4758399640625 0.68376543125 0.46547558437500003 0.6787433765625 0.46232594687499995 0.679031071875 0.45987325468750007 0.6794262125 0.4434992484375 0.693048553125 0.436083234375 0.6979219234375 0.43034095156249996 0.7051008125 0.43181259531249994 0.70884541875 0.44595601875 0.7125578375 0.4589319875 0.7115744281249999 0.4659963578125 0.7098188624999999 0.46543848906249996 0.703218746875
0 0.6328358296875 0.6843717812500001 0.6197658953125 0.6809375656250001 0.6101711359374999 0.6771464578125 0.6040901609375 0.6771706671875 0.5978837109375 0.6734181218749999 0.59376389375 0.6739136328125 0.5731547546875 0.6827318375 0.5718380078124999 0.688463671875 0.573554053125 0.6949438046874999 0.566531996875 0.7008739859374999 0.5622835859374999 0.70634080625 0.546191340625 0.7069722453125 0.541427375 0.7100135640625 0.5366925703125001 0.710005625 0.51437399375 0.714749584375 0.505898909375 0.7178193609375 0.50414938125 0.729473721875 0.5077920203125 0.7370666734375 0.5057534296874999 0.7394025015625 0.49962265468749995 0.73918490625 0.4955063875 0.74208695625 0.48871284687500005 0.7435309671875 0.4799930359375 0.7438636875 0.47558764531250003 0.7461946187499999 0.47542754687500005 0.7518067953124999 0.48187872187499997 0.758296396875 0.485351984375 0.7666857171875 0.48099278125 0.7755993296875 0.470819884375 0.781819059375 0.46570941406250005 0.7816369828124999 0.452092415625 0.776418134375 0.44196156875000003 0.7780635359375 0.4341846328125 0.7812389046875 0.431287471875 0.7890797875 0.43216427343749997 0.79320481875 0.43520126562500006 0.7963627140625 0.43635010156250004 0.8001743375 0.44337242187500003 0.8029930999999999 0.4471919234375 0.8058568734374999 0.454941553125 0.8057319671875 0.463155084375 0.8077895546875 0.46641278125 0.8103925609375 0.48390285000000005 0.8099719796875 0.48734854062500005 0.81266281875 0.4850426703125 0.8177167390625 0.490718496875 0.820566121875 0.4862986875 0.824422446875 0.48300763125 0.8224591046875 0.4832710359375 0.8173329453125 0.47970221874999996 0.8132737421874999 0.4776909359375 0.8125591062499999 0.476505128125 0.8157280234375 0.47398756718749996 0.817403696875 0.46310724375 0.8187020265625 0.45645544843749997 0.8223986046875 0.45349768125 0.8251822000000001 0.4507885140625 0.833110915625 0.45330601406250004 0.8401826578125 0.45671866874999995 0.8435146906250001 0.46625822499999997 0.8446562500000001 0.47260069062500004 0.84825209375 0.469900803125 0.8609966171875 0.4724035578125 0.8695922250000001 0.4749490140625 0.8736165609375 0.48536504843749995 0.878881625 0.49601145156250004 0.8796617234375 0.51410684375 0.8836746718749999 0.520431015625 0.8863878421875 0.5308050609375 0.8874798187499999 0.5365749140625 0.8859994109375 0.542303921875 0.889091478125 0.5470018171875 0.88733254375 0.5535307484375 0.89101654375 0.5582138999999999 0.890781475 0.5613887609375 0.8937838687499999 0.56447320625 0.8947751765625 0.56964821875 0.89367519375 0.5755598171874999 0.8944473515625001 0.5917974187499999 0.8897276015625 0.599795709375 0.886000403125 0.603939284375 0.880047890625 0.610371903125 0.8769058765625 0.6164420734375 0.8720661828124999 0.6270843375 0.861689271875 0.6283734515625 0.8590063718750001 0.6278711109375 0.8550573312499999 0.625156603125 0.8518308906250001 0.6066020609375 0.8480401343749999 0.60240689375 0.8450022234375 0.6077272625 0.8398139296875 0.608895103125 0.83576386875 0.6182945046875 0.8259051234375001 0.6173663734375 0.8215386109375 0.6124805453125 0.8144622984375 0.6045396968750001 0.8120943609375001 0.59657635625 0.8064341562499999 0.5966168781250001 0.801860153125 0.5939038984375 0.7986333875 0.5963977625 0.7936673015625 0.6015871921875 0.791041925 0.6051875796874999 0.785712846875 0.6084363234375 0.7835015734375 0.6147512171875 0.7813989343750001 0.62014153125 0.777336321875 0.6189041328125 0.771514815625 0.6130862375 0.7664113390625 0.6165689000000001 0.7621216375000001 0.616016434375 0.7579292625 0.62193164375 0.7523605437499999 0.625016475 0.744605965625 0.6246847140625 0.739858703125 0.6276662390625 0.7316181078125 0.6159370703125 0.725744 0.6183975734375 0.721417578125 0.6172484125000001 0.717604425 0.6390844703125 0.709793771875 0.6429665546875001 0.7002212078125 0.6429941875 0.6971722734375 0.6391984421875 0.6888515 0.6328358296875 0.6843717812500001
0 0.45147205156250003 0.6716083312500001 0.43217784843749996 0.6931435421875001 0.44049946249999994 0.693920996875 0.449607371875 0.689477121875 0.44681990625 0.6887932875 0.444879796875 0.6829198734374999 0.4475432078125 0.681013521875 0.452594675 0.685990778125 0.46335937656250004 0.675881765625 0.45147205156250003 0.6716083312500001
0 0.7452038437499999 0.926722284375 0.7455687015625 0.9220809390625 0.7437598328125 0.9199287437500001 0.7406753875 0.9189374359375 0.72769941875 0.9199208437499999 0.7206293203125 0.9192671406249999 0.7099222484375 0.92217716875 0.7039553859375001 0.9275028796875 0.7007621703125 0.932365228125 0.706331140625 0.93232205625 0.70839375 0.9332781703125 0.7180326765625 0.9412450968750001 0.7238926218749999 0.9417742468749999 0.7293916453125 0.9406053921875 0.735176240625 0.93760111875 0.742419328125 0.9311175781250001 0.7452038437499999 0.926722284375
0 0.6673293499999999 0.9404859468750001 0.66739389375 0.9392038859375 0.6596500546875 0.932990646875 0.6605079765624999 0.9274825343750001 0.663822790625 0.9239888765625001 0.6613514796875 0.923499815625 0.6506960609375 0.926652853125 0.6379356578125 0.933422575 0.6283443875 0.9407854203125 0.6175157171875 0.942326759375 0.613029575 0.9387165265625 0.6082431171875 0.938465578125 0.5955619984375 0.9424293734375 0.5934053593749999 0.94580305 0.5945265640625 0.9526636078124999 0.5914327796875 0.9556039078125 0.59632609375 0.9587474109375 0.6098416390625 0.9634814453124999 0.621392153125 0.9653361125 0.6277956109375 0.96524335625 0.6366611015625 0.9608238531250001 0.653531984375 0.9574902265624999 0.6589226234375001 0.95342914375 0.660817446875 0.9464338874999999 0.665664571875 0.9429947078125 0.6673293499999999 0.9404859468750001
0 0.43541743437499997 1 0.43938736250000004 0.9957829984375 0.4181975984375 0.985959878125 0.4029437171875 0.9889498 0.4002346125 0.9881311015625001 0.40249423125000006 0.9852419140625001 0.409586234375 0.9804374140625001 0.41152184375 0.9776170984375 0.4076506875 0.974510315625 0.3949086390625 0.9734152953124999 0.384735478125 0.9708860828124999 0.3833154875 0.967384484375 0.3845863078125 0.9638189125000001 0.3832825125 0.9592782625 0.38502270156249996 0.9515555078125001 0.3819325296875 0.9481549296875 0.37223833906250003 0.946285871875 0.3665606609375 0.9434352859375 0.3587468140625 0.9448437796875 0.35441530625 0.9419610437499999 0.3509750171875 0.9416779468750001 0.345775984375 0.9394859859375 0.326700746875 0.9396109312500001 0.3242585984375 0.9360726125 0.3263434375 0.9315720515624999 0.3307134453125 0.927473921875 0.3346603375 0.925368240625 0.33617015625 0.9221304531250001 0.332621484375 0.9189551249999999 0.3246328578125 0.9187522453125 0.3137708265625 0.9209332484375 0.3016200078125 0.9257986796875001 0.29626240312499996 0.929218571875 0.2904870859375 0.937038653125 0.28531594843749997 0.9405467015625 0.283774296875 0.9444238281249999 0.286468984375 0.9467679203125 0.292395 0.9460146843749999 0.29507647187499997 0.9498823171874999 0.3024543109375 0.951991340625 0.3094024875 0.9512748265625 0.3254301890625 0.951925446875 0.32542085 0.9558570546875 0.30821115312499997 0.96953083125 0.30383726875 0.9712208953125 0.2911391234375 0.96555275 0.273980815625 0.9707205921875 0.2700012140625 0.9734689953125001 0.26906761874999996 0.97544215625 0.2708722265625 0.983932171875 0.2871671484375 0.9906121156250001 0.2918409609375 0.9943086531249999 0.3125611546875 0.9907925984375 0.3042791453125 0.9963564203124999 0.3053564703125 1 0.43541743437499997 1
0 0.3032476734375 0.9040266859375 0.290378621875 0.899155234375 0.286319471875 0.89596061875 0.2863804640625 0.8922720203125 0.2912645015625 0.8905997171875001 0.281186834375 0.892487803125 0.27608209375000003 0.8947149953125001 0.26316126562500003 0.9070953640624999 0.2531115578125 0.9059360453125 0.241467015625 0.90841116875 0.235929553125 0.9078134734375001 0.226572203125 0.913097890625 0.222209125 0.9196034375 0.21730881875 0.9227999312499999 0.22543798593750003 0.92525723125 0.23092379531249999 0.9256119171874999 0.2346733515625 0.927350009375 0.252951334375 0.92904305 0.262509509375 0.9310688125000001 0.2697672765625 0.9318088203125001 0.278176290625 0.9300214296875 0.2747690375 0.9290971390625 0.273334303125 0.9271194062499999 0.2746898140625 0.92315565 0.2768500015625 0.9221885125 0.28637126562500004 0.9224474 0.29559615 0.919726225 0.3015497984375 0.9159240562500001 0.30457363593750003 0.9118580749999999 0.3032476734375 0.9040266859375
0 0.23214288437500002 0.8868121500000001 0.2336382859375 0.8850997546875 0.2333197390625 0.878828953125 0.23130305468749998 0.8757065765625001 0.21721128437499998 0.8722371671875001 0.19764418749999998 0.8732270265625001 0.1812831328125 0.8765768828124999 0.180163396875 0.878463415625 0.18585396406250002 0.8797889328125 0.1905463953125 0.8843696718749999 0.1920195671875 0.888113953125 0.195703053125 0.89113443125 0.20066243749999998 0.89299555 0.21720722499999998 0.8960713453125001 0.22345604843750003 0.8952510921875 0.22621140468749998 0.8939050578125001 0.2271116390625 0.8925715609375 0.2247211421875 0.88927625 0.23214288437500002 0.8868121500000001
0 0.1908426953125 0.8523585484374999 0.1940731453125 0.8492646015625 0.2057305765625 0.8452644093749999 0.205960621875 0.8407779140624999 0.1849642546875 0.8334503671875 0.17885056875 0.8341172984374999 0.177097228125 0.834616178125 0.1722038515625 0.8402200890625 0.1587068625 0.8451176703125001 0.1555520859375 0.8517465671875 0.1689829421875 0.8568787859375 0.17833482812499998 0.8579340421874999 0.18906947031250002 0.86072249375 0.2105685640625 0.8632531953125 0.21811158125 0.8621562562499999 0.21863107343750002 0.8582424078124999 0.2084411484375 0.854830196875 0.1908426953125 0.8523585484374999
0 0.1317290296875 0.8708834718749999 0.14699765468749998 0.8663696828124999 0.1522997296875 0.8602987171875001 0.1502317171875 0.8569348609375 0.1441799015625 0.8539098109375001 0.133445259375 0.851121359375 0.12373086250000001 0.8571158406249999 0.1189315140625 0.8583899609375001 0.1180309546875 0.8597219296875 0.1195539265625 0.8637080171875 0.1317290296875 0.8708834718749999
0 0.24742637968749998 0.9770374203125 0.2387666828125 0.9761273609375 0.23294954843750001 0.9829691328125 0.23261681875 0.986461503125 0.23891696406250001 0.9860856015625 0.248982965625 0.9797687875 0.24742637968749998 0.9770374203125
0 0.2446057359375 1 0.245128828125 0.999167453125 0.24145893906250002 0.9970977375000001 0.20599046875 0.9909294421875 0.2015560171875 0.9953256078124999 0.20998182031249998 0.9994865875000001 0.2121628296875 1 0.21854801093749998 1 0.220915834375 0.9983206109375 0.2251689109375 0.9968287468750001 0.22827531250000002 0.9979383875 0.2305427609375 1 0.2446057359375 1
0 0.195862796875 0.909689503125 0.197159184375 0.9150144578124999 0.1992069296875 0.91664464375 0.2052570578125 0.91461905 0.2062076296875 0.9139281921875 0.20811806093750002 0.9090429875 0.2095212640625 0.9038231171875 0.2017395828125 0.9022791546875 0.195862796875 0.909689503125
0 0.15404168437500002 0.88483203125 0.15159485625 0.890522928125 0.1557807 0.89286315625 0.16086873125 0.8914366218750001 0.1640602265625 0.890451546875 0.1776289421875 0.8764973953125 0.1669085203125 0.8756020437500001 0.15956627968749998 0.8806721890625001 0.15404168437500002 0.88483203125
0 0.05195143125 0.7742459046875 0.07115326875 0.7524715453125 0.0631714609375 0.7511809796875 0.0469010828125 0.7705064015625 0.05195143125 0.7742459046875
0 0.1205326484375 0.76925455625 0.10373939218749999 0.7673545515625 0.10212031562499999 0.7720548265625 0.118413684375 0.7751201671875 0.119590490625 0.7743588578125 0.1205326484375 0.76925455625
0 0.059030824999999995 0.82345401875 0.069503175 0.817696184375 0.06676522812499999 0.8116840562500001 0.063542328125 0.8032175593750001 0.055900309375 0.8000385171875 0.052621265625000004 0.8001157046875 0.05625387187500001 0.8172057781250001 0.059030824999999995 0.82345401875
0 0.062911025 0.834486809375 0.06317957656249999 0.8372683203125 0.0688564 0.838063225 0.081135625 0.8385665421875 0.081609703125 0.834596853125 0.061669178125 0.829440990625 0.062911025 0.834486809375
0 0.130537634375 0.8414025734375 0.1358810078125 0.842627771875 0.1444671015625 0.84330428125 0.1453711125 0.8432511015624999 0.147816996875 0.8409676749999999 0.150573775 0.8383657765624999 0.147125021875 0.83488646875 0.14095336875 0.8337175203125 0.1318390265625 0.8368385125 0.130537634375 0.8414025734375
0 0.0950043890625 0.851966509375 0.09176571875 0.8556756078125 0.09798420625000001 0.85841763125 0.1062535953125 0.8575816218750001 0.10848196562500001 0.8537262562500001 0.1047487109375 0.8503138109374999 0.0950043890625 0.851966509375
0 0.11518095937499999 0.8876098328124999 0.1237465453125 0.884980871875 0.12942188906250002 0.8803353234375001 0.1310127875 0.8763742484374999 0.1308964125 0.8740907312499999 0.12080765 0.8675772171875 0.1069839578125 0.8676386031250001 0.08588927187499999 0.8690170578125 0.0811416796875 0.8688888359375 0.0883118640625 0.87441731875 0.09737711875 0.8761005796875001 0.107381625 0.8776033640625001 0.1091286796875 0.8781345515625001 0.1092865265625 0.8849043578125 0.11518095937499999 0.8876098328124999
0 0.0979746890625 0.7979881437499999 0.0908532265625 0.8045704296875 0.09097910625 0.8084317625 0.092844065625 0.810915478125 0.096869028125 0.8128745765625001 0.104191865625 0.805811796875 0.10991688125000001 0.799769140625 0.11017731875 0.7948544703125 0.0979746890625 0.7979881437499999
0 0.14525886875 0.8153075546874999 0.14874980625 0.817760346875 0.1517905125 0.818606003125 0.1549880109375 0.8176867437500001 0.15579970625 0.8179582921874999 0.15460153125 0.8128999953125 0.146785071875 0.8122595718750001 0.14525886875 0.8153075546874999
0 0.255150334375 0.9554184687499999 0.263412021875 0.9569961828125001 0.270985965625 0.9562025656250001 0.2808314328125 0.9560778531249999 0.2947420140625 0.95989726875 0.2713213171875 0.9503326968750001 0.2585624375 0.9499776578124999 0.2480203203125 0.9504772812500001 0.255150334375 0.9554184687499999
0 0.0772663421875 0.115999946875 0.0827486375 0.1262656953125 0.0953375671875 0.1284890828125 0.0981687328125 0.12755983125 0.099564475 0.12355238125000001 0.10307134843750002 0.1147847921875 0.10308868593750001 0.1085911546875 0.09272365 0.100995815625 0.0807304125 0.10210100156249999 0.0776823921875 0.10660182343749999 0.0772663421875 0.115999946875