0 0.6954769796875 0.6854296125 0.7054086921875 0.6965108609375 0.7072459421875 0.7023259875 0.7242216875 0.7161506234374999 0.732323584375 0.7176831406249999 0.7421383859375 0.7179443437499999 0.755167815625 0.7131953703125 0.77024294375 0.7052779203124999 0.7716346749999999 0.698435271875 0.7782508296875 0.6943697281250001 0.78892135625 0.679743446875 0.790994584375 0.67308899375 0.7916644921875 0.6655613375 0.785807525 0.6612193453125 0.7807574749999999 0.6604173734375001 0.7732233374999999 0.661573728125 0.7637181203125001 0.659168009375 0.756822446875 0.6600206890625 0.7544969203125 0.65810828125 0.7532059140625 0.65473609375 0.7476082359375 0.65335778125 0.7438362203125 0.65007874375 0.7467610890625 0.6474576 0.7484295765625 0.6475610125 0.7503386390625 0.6485138781249999 0.7525071249999999 0.652431978125 0.7544420265625 0.6498974468750001 0.7533945359375 0.645507975 0.736953278125 0.641593215625 0.7355728578125 0.6390993500000001 0.7317763859374999 0.6374411125 0.7300876296875 0.6352236078125 0.7247060703125 0.6363155468749999 0.7265749015625 0.63490825 0.7266454671875 0.63191414375 0.7297935812499999 0.626161628125 0.738373415625 0.61420741875 0.7443628640625 0.6029786125000001 0.7596238093750001 0.5877013359375 0.7636090390625 0.5801330140625 0.7643205609375 0.573098921875 0.7611016421875 0.566658084375 0.7598596859375 0.560045853125 0.7545343 0.5522961265624999 0.742746725 0.5484714265624999 0.7380294671875001 0.5457722921875 0.73557865625 0.54050961875 0.7351031125 0.53507413125 0.7321408171875 0.5334668203125 0.72353179375 0.533721240625 0.715562615625 0.5318053843749999 0.7072127781249999 0.5198375796875 0.7047661546875 0.510840015625 0.6998544296875 0.505918121875 0.6861361406250001 0.5008930656249999 0.6758587656249999 0.501045628125 0.666213975 0.5046279828125 0.6570201703125 0.5000807234375 0.6560374999999999 0.496432171875 0.66686935625 0.4912512109375 0.6678851640625 0.4876772015625 0.6671186140625001 0.48649890312500005 0.6641563171875 0.4848915921875 0.6551741359375 0.484681453125 0.6529623421874999 0.48026836875 0.6481125015625 0.47795412812500004 0.6466053765625001 0.4721116890625 0.6428793328125 0.4674577875 0.6348467531249999 0.46479931875 0.6237912421875 0.45605773125000004 0.61402099375 0.4544233578125 0.602529021875 0.459660503125 0.5991647890625 0.4629427671875 0.594704015625 0.465075603125 0.5897116609374999 0.47061617499999997 0.5877249078125 0.4782590390625 0.5880491546875 0.4819651953125 0.591397715625 0.489887871875 0.5956971265625 0.4934940640625 0.5948485265625 0.502779921875 0.5930001 0.5063028671875001 0.5878809031250001 0.50849330625 0.5793584921875 0.50973769375 0.5576324515625 0.5156223859375 0.5320349171875 0.5265747234375 0.5266044453125 0.5309082593750001 0.52580070625 0.5406889671874999 0.5300887671875001 0.5517667671875001 0.52880360625 0.5598454546875 0.52989008125 0.56846324375 0.5339620234375 0.5770707921875 0.5439384609375 0.5886453328125001 0.544634446875 0.5928177390625 0.53114579375 0.613167665625 0.53183745625 0.621073403125 0.5409739765625 0.6363320421875 0.5514877015625 0.638898915625 0.5627101828125001 0.63816489375 0.5652764203125 0.640928309375 0.568502328125 0.641765965625 0.5684088625 0.646380734375 0.5788633734374999 0.64447010625 0.581253721875 0.6471234328125 0.5859278109375 0.649329140625 0.6018215765625 0.6526691171875 0.6252366109375 0.6641893875 0.6306958265625 0.6696860640625 0.6390354968749999 0.673936325 0.6429588093749999 0.6789446953125 0.65564538125 0.6835612421875 0.6645395328125 0.6827831046874999 0.675723165625 0.677822321875 0.68888923125 0.6689520078125 0.691811296875 0.6681991546875 0.693522953125 0.6687959953125 0.6951252359375 0.6700250875 0.6941036859375 0.677334121875 0.6954769796875 0.6854296125
0 0.45477909531250005 0.79698544375 0.44970026562500004 0.8015376015625 0.448772625 0.80610144375 0.4550257875 0.8092888859375 0.45618701250000004 0.8111776781250001 0.4578788109375 0.8267143499999999 0.468293090625 0.822443559375 0.47838005 0.816331790625 0.4835872765625 0.8151296265625 0.488922590625 0.8154094375 0.49621601562500006 0.8134020734374999 0.48207835781249997 0.7940998625 0.467514715625 0.7983619484375 0.45477909531250005 0.79698544375
0 0.5590700296875 0.302508003125 0.5464717265625 0.3140671921875 0.5450410109375 0.316681521875 0.5463753234375 0.32054869531249996 0.5560504140625 0.3267964171875 0.5592116359375 0.3268947109375 0.5616942015624999 0.32680142343749996 0.579606303125 0.3152761109375 0.5875609546875 0.31134285 0.594135321875 0.30491727968750004 0.593131 0.3010212375 0.5795454296875 0.2956128421875 0.566546334375 0.295007546875 0.5593206703125 0.295889096875 0.5590700296875 0.302508003125
0 0.390623575 0.3008138828125 0.4031775640625 0.305815325 0.4122387859375 0.31074748125 0.41827738437499995 0.3114645359375 0.42398025156249997 0.3159454875 0.4281297484375 0.3159557484375 0.44965993906249996 0.3097148953125 0.4516654046875 0.30418625781249997 0.45075188125 0.29754529218750003 0.458444303125 0.2925150875 0.46332728437500004 0.2876067671875 0.47937653437499994 0.2889411859375 0.48447563281250006 0.2865031171875 0.489174178125 0.28708802499999997 0.5119045390625 0.2850993765625 0.5206905625 0.28308533593749996 0.523847359375 0.2717310578125 0.5211572203125 0.2637507765625 0.52346528125 0.2616808015625 0.529523840625 0.26264392812500004 0.533963096875 0.26026515781250004 0.5408819796875 0.259659834375 0.5495773421875 0.2603922703125 0.5542339640625 0.2586155953125 0.555076821875 0.2530647625 0.5494646171875 0.245837334375 0.5470396453124999 0.2370872625 0.55245265 0.22877134375 0.5633077156249999 0.22383773749999997 0.568357903125 0.22464126874999998 0.5812373843749999 0.23148071093749997 0.5914932421875 0.2310822125 0.599599190625 0.228878284375 0.6034303203125 0.2214489203125 0.6030627671875 0.2172477796875 0.6004332640625 0.213743309375 0.5997575109375 0.20982008749999997 0.5931310546875 0.20616653125 0.5896890296875 0.2028586234375 0.5819819421875 0.20203815625 0.574080390625 0.198994928125 0.571164203125 0.1960143109375 0.553753246875 0.19430025312500002 0.5506611703125001 0.191209546875 0.5535657703125 0.1864743125 0.5482795031250001 0.182954459375 0.5531363359375 0.17966551875 0.5561635890625001 0.1820153046875 0.5552774265625 0.187071153125 0.55832495 0.19153503125 0.5602341484375 0.19248945312500002 0.5617973125 0.1894886703125 0.5645003203125001 0.1881323015625 0.57545776875 0.1881696265625 0.5825104828125001 0.1853112515625 0.5857854390624999 0.182908865625 0.5894406796875 0.1753694140625 0.5878037734375 0.16804357812499998 0.584822628125 0.164320484375 0.5754933 0.16202485312499998 0.5696363328125 0.1576828609375 0.5738692640624999 0.145362365625 0.5724327031249999 0.1365258203125 0.5703966640625 0.1322212671875 0.5606999203125 0.12572605312500001 0.5502279437500001 0.1236543 0.5327564875 0.11746598906250001 0.52681010625 0.11400232031249999 0.5166464656249999 0.11165420468750001 0.510739203125 0.112420409375 0.505429728125 0.1086532 0.500552490625 0.10982649375 0.494521190625 0.10537427656250001 0.48984429843750005 0.1050368609375 0.487059003125 0.101669928125 0.48411835937500003 0.1003101109375 0.478847865625 0.10077121874999999 0.47307443437499996 0.09928437343749999 0.456382671875 0.10199007812500001 0.44798976875 0.10471474843749999 0.44315165 0.11011791562499999 0.4363840625 0.11245257187499999 0.4297693296875 0.11651642343749999 0.41794176250000004 0.1255190203125 0.4163352953125 0.12802481875 0.41635262500000003 0.13200564374999998 0.41865369531249996 0.13553885000000002 0.43660795781250006 0.14156258125 0.44040162499999996 0.145089109375 0.4344886203125 0.149590340625 0.43283590624999996 0.1534678890625 0.4223050890625 0.16210765 0.4226941578125 0.166554725 0.42668118125000004 0.17417372656250002 0.4342742609375 0.177491759375 0.44148843906249996 0.18408026093750002 0.44089078906249995 0.18861523125 0.4431903015625 0.1921485734375 0.4401098125 0.19677371875 0.4346391109375 0.19874709375 0.430416109375 0.20359767343750002 0.4269220953125 0.2053965421875 0.4203980234375 0.2067139140625 0.41455277968750004 0.21008933125 0.41507149375 0.2160182453125 0.420224065625 0.22179270624999997 0.416244578125 0.225626003125 0.4162820046875 0.22985445625 0.4097322296875 0.23466078437500001 0.405725346875 0.24198161406250002 0.405476090625 0.24673392343749997 0.4015125125 0.2545497375 0.41243837968749997 0.26180948593750003 0.40946895781250003 0.2658038 0.410144846875 0.269728578125 0.3875196734375 0.274819865625 0.3824999234375 0.2838479703125 0.382100925 0.2868708109375 0.3848543296875 0.29559214843750004 0.390623575 0.3008138828125
0 0.5690800234375 0.3355848796875 0.5908548921875 0.3165615609375 0.582690053125 0.314775753125 0.5731084625 0.3180765296875 0.5757918109375 0.319094971875 0.5770016703125 0.325161046875 0.5741257859375 0.3267286 0.569718546875 0.321172825 0.5578021046875 0.3298946 0.5690800234375 0.3355848796875
0 0.30862823281249996 0.04657560625 0.30770045625 0.051137890625 0.30923355625000004 0.053494490625 0.31217419999999996 0.0548543078125 0.3251732953125 0.055459603125 0.33211102812500004 0.056970062499999995 0.343092934375 0.055386589062500005 0.3496643609375 0.050827753125 0.35342634687499996 0.046390803125000005 0.3478936265625 0.0457549671875 0.3459629109375 0.044554609375 0.33736675625 0.035472378124999995 0.331614978125 0.034233025 0.32601449531250004 0.034723004687499996 0.3199068875 0.03699991875 0.31192764375 0.042552421875 0.30862823281249996 0.04657560625
0 0.3875996296875 0.042405051562500004 0.387379325 0.0436696890625 0.3943082390625 0.050780353125 0.3927854421875 0.0561428546875 0.389069565625 0.059206496875 0.3914628546875 0.059993089062500005 0.4024231078125 0.05816212187499999 0.41591341875000004 0.0529979640625 0.42633050156249996 0.04685888125 0.43726629843750003 0.0466487140625 0.44127902499999994 0.0507787609375 0.4459992234375 0.0516111609375 0.459068884375 0.04922235 0.4616205953125 0.0461366484375 0.461343840625 0.0391905875 0.4647728953125 0.0366492421875 0.4602991515625 0.032932825 0.4474612828125 0.026586946875 0.43622289218750004 0.02333845 0.4298558609375 0.0226501296875 0.42051784999999997 0.025956259375000002 0.403366453125 0.02720899375 0.3975210734375 0.030582853124999997 0.3947878671875 0.037295046875 0.38955774062500004 0.040117875 0.3875996296875 0.042405051562500004
0 0.645627040625 0 0.6360142359375 0.0038670171875 0.6342318796875 0.006262726562499999 0.6287828296875 0.00848359375 0.6205815890624999 0.0152993140625 0.6404162703125 0.0276315984375 0.65592083125 0.02652294375 0.65850996875 0.027665696875 0.6559150890625001 0.030257968750000003 0.6482904265625 0.034162359375 0.6460255359375 0.036725762499999995 0.649489215625 0.0402811625 0.6620028375 0.0429208859375 0.6717919359375 0.0466710421875 0.6727746046874999 0.05031959375 0.6710787218750001 0.0537037140625 0.6718194328125 0.058369412499999995 0.6691510484375 0.0658225265625 0.6718037609375 0.069574353125 0.6811979109374999 0.0726109046875 0.6864858703125 0.076132178125 0.694413125 0.0756864515625 0.6983610296875 0.079075578125 0.7017411734375 0.07977583125 0.706634321875 0.0825850546875 0.7255826015625 0.084785728125 0.7275753359375 0.0885952953125 0.7249575546875 0.0928082328125 0.720120684375 0.0963432453125 0.7159465953125 0.0979522265625 0.7140534421875 0.100981878125 0.7171886875 0.1045660125 0.72509304375 0.1057409484375 0.7361399078125 0.10489995156250001 0.7487931046875 0.10155159843749999 0.754527553125 0.0988101265625 0.7612128515625 0.09175216875 0.7667729671875 0.088900471875 0.7687756296875 0.08524012343750001 0.7663867015625 0.0825851046875 0.7604130609374999 0.0826105265625 0.7582229218750001 0.0784449328125 0.7511571 0.075452496875 0.7441733953125 0.07531690156250001 0.7283444515624999 0.0727178453125 0.7288328625 0.06881668125 0.747580696875 0.0573421609375 0.7521279453124999 0.0561977375 0.7640406671875 0.06337114687499999 0.78170088125 0.060332896875 0.785985765625 0.058089971875 0.7871528703124999 0.0562452953125 0.7863963859374999 0.0475986359375 0.7710370046875 0.0389826328125 0.7668485234375 0.0347440546875 0.745854275 0.0357087453125 0.7547526125 0.0311957171875 0.7540567640625 0.027024868749999997 0.7560377734375 0.0231170296875 0.754836046875 0.0188649609375 0.765443546875 0.018685084375 0.7680180203125 0.0139771640625 0.7783012734375 0.0100911328125 0.7793573109375 0.0088772859375 0.777013071875 0.004850651562500001 0.782617740625 0.000625784375 0.783034675 0 0.645627040625 0
0 0.74452423125 0.12296294375000001 0.756703678125 0.12936642812500002 0.760343246875 0.13303191718750002 0.75983318125 0.13668558749999998 0.754781746875 0.1377502125 0.7650143953125 0.13710435781250002 0.7703525140624999 0.13551587812500002 0.78468581875 0.12480244375 0.7945193328125 0.1271778734375 0.8063787203125001 0.1261403109375 0.811802065625 0.12740839843750001 0.8217336765625 0.12330374375 0.8268570593750001 0.1173784140625 0.8321103953125 0.11480294375 0.8243412890625 0.1113732640625 0.8189395968750001 0.11035266875000001 0.8154298093750001 0.1081705765625 0.797494396875 0.1042626296875 0.788254346875 0.10108711875000001 0.7811408609375 0.09946812656250001 0.7725766984375 0.10021739375000001 0.7758459125 0.10155003437500001 0.7770289265625 0.1036878765625 0.7752004593749999 0.10745689218750001 0.7729385078125001 0.108153559375 0.763519765625 0.1067362515625 0.7540320140625 0.10831291406250002 0.747659375 0.111361175 0.7441625578125 0.115028334375 0.74452423125 0.12296294375000001
0 0.8130010921874999 0.14871466093750002 0.8113081484375 0.150232046875 0.8108601015625 0.1564949296875 0.8124812328125 0.15983980312499999 0.82604515 0.16500070625000002 0.84558703125 0.1664028546875 0.8622343765625 0.165071878125 0.863575678125 0.16333587031250002 0.858089065625 0.16132672812499999 0.8539898640624999 0.15620826875 0.8529839859375 0.1523123625 0.8496960609374999 0.14886549531249998 0.8450004546875001 0.1464138515625 0.8289538359374999 0.1413446796875 0.822651625 0.141397278125 0.8197527687499999 0.1423974875 0.81869673125 0.1436113328125 0.8206678125 0.147173409375 0.8130010921874999 0.14871466093750002
0 0.8497945984375 0.1879446765625 0.8462111703125 0.19062186875 0.8341531312500001 0.19317156093750001 0.833378034375 0.197596578125 0.85332489375 0.20742832031249997 0.8594742875 0.20751143125 0.8612753578125 0.20722995000000002 0.8668152046875001 0.2022641609375 0.8808084546874999 0.1990479546875 0.8847475749999999 0.1928529390625 0.872042290625 0.186122165625 0.8628887140625 0.1839350671875 0.8525739140624999 0.1798591765625 0.8315434859374999 0.1747272578125 0.8239230109375001 0.1748967578125 0.8229304125000001 0.1787181234375 0.8326285390624999 0.1833467390625 0.8497945984375 0.1879446765625
0 0.9107252593749999 0.17676197968750001 0.8950203515625 0.17938134375 0.8890179328125001 0.18476089843750002 0.89066058125 0.188351709375 0.896298625 0.192091740625 0.9066134265624999 0.19616763125 0.9169859578124999 0.19140171875 0.9219048078125001 0.19072198906249999 0.9229609812499999 0.1895097 0.9219351437500001 0.18536772031249998 0.9107252593749999 0.17676197968750001
0 0.8088272125 0.057299325 0.8173114531250001 0.059257953125 0.8239190296875 0.053176109375 0.824674890625 0.0497503203125 0.818375896875 0.049355625 0.8076150984374999 0.0543986171875 0.8088272125 0.057299325
0 0.8303827171875 0.038888078124999996 0.8254155890625 0.033117784375 0.8157590062500001 0.0332128984375 0.8138046109375001 0.0356142484375 0.8171949109375 0.0381157828125 0.8516472765625 0.048560620312500004 0.8565844328125 0.044737645312500005 0.8487285312499999 0.039580834375 0.8420055734374999 0.037101092187500004 0.8377339203125 0.0394055984375 0.8333307328125 0.0403680234375 0.8303827171875 0.038888078124999996
0 0.8517988015625001 0.1304292609375 0.851161025 0.1249860078125 0.8493272140625001 0.12311841718750001 0.843075325 0.12439158749999998 0.84204764375 0.12496144843749998 0.8395560953125001 0.1295774171875 0.837527209375 0.134587371875 0.845062725 0.137068175 0.8517988015625001 0.1304292609375
0 0.8902788218750001 0.1601981609375 0.8934009578125 0.15484787656250001 0.889531515625 0.152014965625 0.8843075609375 0.1528107921875 0.881019803125 0.1533995796875 0.8658516437499999 0.1655961078125 0.8763830406249999 0.16779127656249998 0.8842884484375 0.16365371875 0.8902788218750001 0.1601981609375
0 0.9781310515625 0.28240166875 0.9564187140625 0.301673609375 0.964183746875 0.3039272921875 0.9826880250000001 0.2867287796875 0.9781310515625 0.28240166875
0 0.9094527359375 0.27899786249999997 0.925889265625 0.2829302890625 0.9280690921874999 0.278462365625 0.9122707421875 0.2734342109375 0.9110099281249999 0.274046428125 0.9094527359375 0.27899786249999997
0 0.9771013859375 0.23269758281250003 0.9660053921875 0.237136240625 0.9679902374999999 0.2434372265625 0.9701573078125 0.25223338906250004 0.9773549359375 0.2563200625 0.9806189453125 0.25664306406250004 0.979096171875 0.23923767499999998 0.9771013859375 0.23269758281250003
0 0.9745946671875 0.22127415 0.9746670984374999 0.21848064531250003 0.9691294640624999 0.216999834375 0.9570031046875 0.2150038078125 0.956048778125 0.21888613124999998 0.975212328125 0.22643370156249998 0.9745946671875 0.22127415
0 0.9083149562499999 0.2061683265625 0.903160725 0.204301065625 0.8947210765625 0.20258321875 0.8938173234375 0.20252582968750002 0.891111390625 0.2044941578125 0.8880580703125001 0.2067406953125 0.8910570953124999 0.210614365625 0.8970402875 0.2125267359375 0.9064670453125 0.2105397671875 0.9083149562499999 0.2061683265625
0 0.9448707625000001 0.20001354375 0.9485373171875 0.1967267875 0.94269935 0.1932473609375 0.934389715625 0.193069353125 0.9317081046875 0.1966244109375 0.9349976609375 0.200466390625 0.9448707625000001 0.20001354375
0 0.9291884140625 0.162176996875 0.9203662843749999 0.163742478125 0.91416709375 0.16766175 0.9121053203124999 0.1713994171875 0.9119425375000001 0.173680096875 0.9211623015624999 0.18137457031249998 0.9348904359375 0.18299832656249998 0.9559958749999999 0.1842009421875 0.9606924546875 0.1849067953125 0.9542494671874999 0.1785456953125 0.9454569218750001 0.175770203125 0.9357101312499999 0.17305937656249998 0.934040834375 0.1723192375 0.9347091953125 0.16558065625 0.9291884140625 0.162176996875
0 0.9353442953125001 0.2532275765625 0.943214853125 0.24756224062499999 0.9435604906249999 0.24371435 0.9420121203124999 0.241021865625 0.9382559140625 0.23858685 0.9301269234375 0.24470455468750002 0.923708165625 0.2500044671875 0.9228507234375 0.2548507640625 0.9353442953125001 0.2532275765625
0 0.89052326875 0.23027476875000003 0.8873572718749999 0.22741482031250002 0.8844422906249999 0.22620489843749997 0.8811565968749999 0.2267276296875 0.8803840453125 0.226359184375 0.8809568375 0.2315257984375 0.8886369859375 0.2331140359375 0.89052326875 0.23027476875000003
0 0.79852614375 0.07781581875 0.7905183124999999 0.07524302031249999 0.78290410625 0.07510768906250001 0.773116825 0.0740316125 0.7597754015625 0.0685453921875 0.781855896875 0.0808929359375 0.7944764046875 0.08280024375 0.8050008328124999 0.08358910625 0.79852614375 0.07781581875
0 0.8727848312500001 0.9326560484374999 0.8685944796875 0.9217986953124999 0.8563703484375 0.918057675 0.8534470390625 0.91863496875 0.851573315625 0.9224424499999999 0.8470240812500001 0.9307173046875 0.8462520578125 0.9368626640625 0.8556141953124999 0.94566456875 0.8676527265624999 0.9460292296875 0.8712265390624999 0.9419334156250001 0.8727848312500001 0.9326560484374999