0 0.90059175 0.6961783546875 0.8953003624999999 0.6995259984375 0.8916415843750001 0.70694080625 0.8859144609375 0.708953440625 0.8805848031249999 0.716324309375 0.8815006828125 0.718751475 0.8844675125 0.7219194765625 0.8966763562500001 0.728857421875 0.9194313656249999 0.7502462328124999 0.938713803125 0.7551566937499999 0.9473817390624999 0.7612195984375 0.9548295640625 0.762783534375 0.96024913125 0.7653765265625 0.9613737609375 0.7628046187499999 0.9635885046875 0.748336590625 0.9696858109375001 0.715664640625 0.9708055703125 0.70931416875 0.9736479734374999 0.693194096875 0.9733416609375001 0.6911250984375 0.967792671875 0.689266096875 0.9390288515625 0.6867122 0.9191634328125 0.683209390625 0.9000416015624999 0.6831108609375 0.8986693828125001 0.6880317109375 0.9005853406250001 0.6923995203125 0.90059175 0.6961783546875
0 0.52837529375 0.29622685937500004 0.5310434640625 0.29443007187500003 0.5427807859375 0.2907069875 0.5470950609375 0.2871870515625 0.555211875 0.2868555484375 0.55936638125 0.2851955015625 0.562205303125 0.282421328125 0.56326355625 0.27832726874999997 0.5668840640624999 0.2749356875 0.5694779078125001 0.26783764374999997 0.56916158125 0.25821305781250004 0.566420896875 0.2547073203125 0.5657219890625 0.25105865 0.5581771453125 0.242423565625 0.555426446875 0.231362240625 0.5567864140625 0.22555707812499998 0.5665166265625 0.21417694687500002 0.5707284671874999 0.1998103765625 0.5686919828125 0.18660614375 0.5729469640625 0.1719949109375 0.5684097312499999 0.1558317859375 0.5558009125 0.15020841875 0.5394217078125 0.14026945468750002 0.53223245625 0.137239078125 0.5203115609375 0.13438187968749998 0.5118636578125 0.1308773 0.49347386093749995 0.12662718906249998 0.4895051421875 0.121519809375 0.48875668437500003 0.11433696874999999 0.48957500156249995 0.10969606093749999 0.4924567921875 0.106678765625 0.493945909375 0.1001411515625 0.4950607984375 0.09001211718749999 0.49430774062499994 0.0790491734375 0.47671245781250005 0.061717984375 0.46877961875 0.05528332968750001 0.4616781875 0.0517638984375 0.4590730640625 0.051304545312500005 0.447974384375 0.054258087499999996 0.44507755937500004 0.063065425 0.436087034375 0.0673981859375 0.4245773953125 0.07078380625 0.424414846875 0.079318046875 0.4215578296875 0.08410242968750001 0.41582916875000003 0.0861147921875 0.4030583671875 0.095699021875 0.40189059531250004 0.09851559374999999 0.40376341250000003 0.10312806562500001 0.41083603750000003 0.10777366562499999 0.41721865625000004 0.1096559046875 0.4207090421875 0.113669859375 0.4193873453125 0.11545179531250001 0.41009023593749994 0.11771709687500001 0.404467759375 0.11722865625000001 0.4001238390625 0.1152029421875 0.39617224375000004 0.11475843906250001 0.3842146171875 0.11592473750000001 0.3702757484375 0.12165064375000001 0.367806184375 0.1242376734375 0.364798303125 0.1317672515625 0.3667592125 0.1358891296875 0.365682321875 0.1419964765625 0.362522325 0.148490153125 0.35777718593749996 0.1544536421875 0.3557492 0.155481159375 0.3395446484375 0.1550164578125 0.337184603125 0.1588809765625 0.338867034375 0.16648077187500002 0.33743915156250004 0.1707635125 0.326106946875 0.17694904375 0.32124615156249997 0.1778546703125 0.3187640640625 0.17955892812500002 0.31673356875 0.1872592578125 0.3177219625 0.1949889484375 0.31486827812499996 0.20355162187500003 0.3166614953125 0.2124307171875 0.3335180609375 0.2301361890625 0.337929896875 0.23368432656250002 0.3424586328125 0.2356157 0.3439623625 0.240413775 0.349589709375 0.2446807796875 0.35016100625 0.249062171875 0.3540311921875 0.2537745640625 0.35505631718749997 0.25748075625 0.36617601875 0.2696417375 0.370249384375 0.27224804062499997 0.3673244515625 0.27551000000000003 0.36012170625 0.2782699359375 0.35595981875 0.282824234375 0.349624940625 0.2844774359375 0.3429304453125 0.2938749046875 0.336011046875 0.2969354859375 0.3331953609375 0.301476471875 0.330387328125 0.30312166875 0.308377025 0.3022631390625 0.3028331765625 0.3041811625 0.3040171 0.3127005515625 0.30743345624999996 0.3180881453125 0.3170172703125 0.326578215625 0.3184977640625 0.32960947812499997 0.3293221359375 0.3405839625 0.3376827875 0.3512509546875 0.36696 0.364219409375 0.37263786875 0.3653474984375 0.38589395625 0.36063245 0.38927425625 0.35669555937499997 0.39402426562500004 0.354510634375 0.3992477375 0.34964056875 0.401516903125 0.342485275 0.41083739843749995 0.3248625953125 0.4151616859375 0.3288982484375 0.4206118703125 0.330363803125 0.4217490234375 0.32867466875 0.42664043593749995 0.3266416046875 0.4322631828125 0.32712850625 0.4425790328125 0.33146699687500003 0.44726753593749996 0.3315384828125 0.45369023437499995 0.3293962265625 0.46606593125 0.3249051390625 0.4701601734375 0.3188268796875 0.4780765890625 0.3139271125 0.4824955109375 0.3079061015625 0.486477725 0.30722316875 0.49467595 0.302623775 0.516957778125 0.29622862968749997 0.52837529375 0.29622685937500004
0 0.43750795625 0.622079596875 0.433604371875 0.62516899375 0.42566471874999995 0.628301946875 0.42031182500000003 0.6339060015625 0.40352305 0.6415235765625 0.40178912499999997 0.6437357796875001 0.39603138437499996 0.6468758515624999 0.3929277515625 0.647336090625 0.38228931093749996 0.6533932671875 0.3690016359375 0.6659088390625 0.370960734375 0.670031984375 0.3700992765625 0.6749175546874999 0.37090924062499997 0.6798439843749999 0.37561486718750003 0.6845783453125 0.3801004609375 0.6867543828125 0.41026460781249996 0.6899328062500001 0.42493327187499996 0.6867265953125 0.4369597859375 0.680409634375 0.4411648125 0.6756106734375 0.44273353125000003 0.6648064375 0.44726323749999997 0.660064725 0.45304575312499995 0.6586917390625 0.45862535937500004 0.6594233046875 0.4637741015625 0.662598425 0.4719021984375 0.66982431875 0.49302807812499994 0.6738000640624999 0.505722340625 0.6722622874999999 0.5116110421875 0.6683884984375 0.5163314046874999 0.6606579234375001 0.5327227140625 0.6476821125 0.5308518390625 0.62972346875 0.523583959375 0.6242866296875 0.5079284390625001 0.619763421875 0.45083139218749996 0.6122136125 0.4439316265625 0.6132642546875 0.440255725 0.6160161875 0.43750795625 0.622079596875
0 0.266951928125 0.59527913125 0.273859075 0.5913342375 0.2787875140625 0.5919525703125 0.28048928281249996 0.5908675328124999 0.2792612484375 0.5892658921875 0.2745479703125 0.5874273203125 0.2713103140625 0.584841446875 0.2638196203125 0.5835206359375 0.25839393906249997 0.58382370625 0.24117678593749997 0.5805355875 0.2162106359375 0.5773915578125 0.20776733281249998 0.5776670796875 0.18957460312500002 0.574206940625 0.1663041078125 0.5728739359375 0.162788246875 0.573764440625 0.142956103125 0.58626046875 0.1415116640625 0.592553690625 0.1437954421875 0.5967340859375 0.1432356984375 0.5999085515625 0.13883514218749998 0.6039178140625 0.13686742031250002 0.6093635421875 0.14008698125000002 0.613959625 0.1465316734375 0.6202588078125 0.15087559374999998 0.6222845218749999 0.15751832500000001 0.6227005906249999 0.1619717625 0.62600379375 0.1710289609375 0.6298680796875 0.1758037453125 0.6294502390625001 0.1840992609375 0.63192045625 0.21398047656250002 0.6585957828125 0.2272440921875 0.6747855687500001 0.2375369765625 0.67735570625 0.2565409375 0.685744084375 0.262260409375 0.686627240625 0.2753824734375 0.678866078125 0.2844715328125 0.674928303125 0.2958098515625 0.6658467124999999 0.2994931328125 0.6602005281250001 0.2993527015625 0.65337558125 0.29697623281249996 0.645905678125 0.2980776265625 0.6415669562499999 0.2966834140625 0.6380463671875 0.2974386859375 0.6356616015625 0.3017471171875 0.6350361890625 0.3090223796875 0.637578778125 0.31983798124999996 0.63432305 0.322968603125 0.6222821875 0.3117062578125 0.6166439687499999 0.3048368140625 0.6098922796874999 0.2983428671875 0.6067338203125 0.28733785 0.6063037859375 0.281130584375 0.6072242640625001 0.27084925000000004 0.6122099875 0.26498810625 0.611176509375 0.26321355 0.6069605609375001 0.266951928125 0.59527913125
0 0.6588014046875 0.45635151875 0.659231996875 0.45390950312499995 0.6575131062499999 0.450331665625 0.65506775 0.44801242343750003 0.6527873046875 0.4476103203125 0.6398957046875 0.44835966406249994 0.629124215625 0.4446976421875 0.6267161578125 0.4450282609375 0.621220321875 0.4504801828125 0.617692234375 0.4571628109375 0.6150690156249999 0.4587136671875 0.6144229906249999 0.46237746093750004 0.6307600250000001 0.4658880015625 0.6398851390625 0.4712747109375 0.6501455968750001 0.4749735515625 0.6521880484375 0.46148263749999996 0.653965384375 0.4590242328125 0.6574797078125 0.45813345468750005 0.6588014046875 0.45635151875
0 0.1958544796875 0.79567610625 0.1925920484375 0.7913231484375001 0.1813850953125 0.786324578125 0.175567090625 0.7850464374999999 0.170078365625 0.7876056484375 0.1563574390625 0.7854369625000001 0.137848234375 0.789476428125 0.13022965625 0.788889878125 0.125564390625 0.7905852062500001 0.1130099921875 0.7922745734375 0.10947730468750001 0.7951770984375 0.11139326249999999 0.7995449078125 0.10893468437500001 0.803014440625 0.107066465625 0.8021820703125 0.10441332968749999 0.798188815625 0.10131456718750001 0.80242761875 0.0970618 0.8036911421875 0.0917221296875 0.8035064234375 0.0871676484375 0.80648105 0.0851730609375 0.799706778125 0.08320658125 0.7984778828125 0.0813325203125 0.8005400343750001 0.0711800671875 0.8047948437500001 0.0677566265625 0.8089763968750001 0.05395916093749999 0.8148541640625 0.0515327375 0.8171965296874999 0.05258848125 0.8197752843749999 0.0585606828125 0.822086521875 0.068307046875 0.8220423515625 0.072049053125 0.8208141093749999 0.0738677203125 0.8181123093749999 0.07994069375 0.8141472578125001 0.08011909843750001 0.8102740828125 0.0868233359375 0.8084337390625 0.091794915625 0.8088074093750001 0.100741328125 0.8113923968750001 0.1020125046875 0.8127493749999999 0.1027374546875 0.8181669406250001 0.110754765625 0.8241135375 0.1152874 0.836496559375 0.1246226546875 0.8540086578125001 0.10025866875 0.8604698046875001 0.1032895953125 0.8734781203124999 0.12709782812499998 0.885204590625 0.12134277812500001 0.8953119140625001 0.13719227812499998 0.89211241875 0.1435475859375 0.8811653203125 0.153109953125 0.8838382921875001 0.16082095000000002 0.8877158890624999 0.168316515625 0.8928152640624999 0.1720881671875 0.8971326703125 0.17479920625 0.895092759375 0.173946371875 0.890409453125 0.17723425312500002 0.8831815171875 0.1906797546875 0.8821522296875 0.20057634375000002 0.8812650890624999 0.20070604531249997 0.88058350625 0.2058497671875 0.8821584437500001 0.2119412375 0.8816697296875 0.21496975312500002 0.8754178328125001 0.20488779531249998 0.864632959375 0.1908185 0.8651778171875 0.19113984687500002 0.8614567750000001 0.1940216390625 0.858439478125 0.1994939421875 0.8445458468749999 0.203894496875 0.8405365843749999 0.22753745625000002 0.8262961093750001 0.208081834375 0.8244013906250001 0.2070766125 0.818683721875 0.21038926875000002 0.8132228703125 0.2088423984375 0.8086694578125 0.205820175 0.8048618078124999 0.1958544796875 0.79567610625
0 0.7119950609375 0.7725373859375 0.6592294453124999 0.8001790468750001 0.6601831828125 0.8060177390625001 0.7166802375 0.777315740625 0.7119950609375 0.7725373859375
0 0.740918421875 0.78330153125 0.7352867468750001 0.787598253125 0.7333498781250001 0.798159875 0.7397577156249999 0.8101928921875 0.743988084375 0.78262904375 0.740918421875 0.78330153125
0 0.21361806562500002 0.6592744109375 0.2041521 0.6501339859375 0.19897110468749998 0.6532424781249999 0.19301044843749998 0.6584331546875 0.21761016406250003 0.6788620859375001 0.22147422187500002 0.6668728046875 0.21361806562500002 0.6592744109375
0 0.2850458609375 0.5529054828125 0.284273103125 0.5597264843749999 0.2965101625 0.5651906906249999 0.30654818906250003 0.557553690625 0.29683606875 0.5461200578125001 0.289207553125 0.547605446875 0.2850458609375 0.5529054828125
0 0.195217 0.7697147484375 0.19292158125 0.7709902171875 0.1806223859375 0.7710523031250001 0.1803060203125 0.7728465 0.18226375781249998 0.7769503671875 0.19117404531249999 0.7801001609375 0.19658647499999998 0.7743384234375 0.195217 0.7697147484375