0 0.37056688437499996 0.62688753125 0.3590874515625 0.625996803125 0.3480552875 0.6235395203125 0.3444361078125 0.62154410625 0.3183756140625 0.6214497953125 0.29198957187499996 0.6309172843749999 0.2838028390625 0.6320678546875 0.27875344375 0.636534375 0.276910734375 0.6400500453125 0.2773939265625 0.64348813125 0.2796336140625 0.645177240625 0.281014453125 0.65024216875 0.2884256921875 0.6554630968749999 0.2935799453125 0.6564917109375 0.3035590796875 0.6538364171875 0.306610184375 0.654158671875 0.3061957265625 0.6559699171875 0.30031938125 0.6593014187499999 0.29596039687500003 0.663920209375 0.295545940625 0.6657314546875 0.3114191328125 0.657490571875 0.315383834375 0.6571842484375 0.3186749875 0.6592257640625 0.3203306515625 0.66149713125 0.3234188296875 0.6763414921875001 0.32590165937500004 0.6797494281249999 0.3412407375 0.6795975375000001 0.34801473125000004 0.677892878125 0.36088982187499996 0.6768360390625 0.3662843234375 0.6748250734375 0.37216046875000003 0.6762524125 0.37602031406249997 0.6704509546875 0.3917738484375 0.66848781875 0.39484223125 0.6665528890625 0.40809565625 0.6634390015625 0.4092320046875 0.6620264812500001 0.40611351406249996 0.6612135171875 0.405802765625 0.659002434375 0.4124891984375 0.65430584375 0.4171759921875 0.6496394046875 0.4198633640625 0.6450046640625 0.42351731875 0.6424872578125 0.42039706250000003 0.6416729640625001 0.40671231875 0.6440979875 0.39676754375 0.646997753125 0.3896511234375 0.651003715625 0.38670352812500003 0.6514179734375001 0.386237415625 0.6504815421875 0.38896069375 0.6460910578125 0.3876676328125 0.6440196078125 0.39194016875000004 0.6364055734375 0.3912670359375 0.6339961203125 0.387544346875 0.63126419375 0.37056688437499996 0.62688753125
0 0.4367120015625 0.6814945921875 0.44450608125 0.6868573687499999 0.45690160312500006 0.6856328281249999 0.456704290625 0.6746297703125 0.4357030453125 0.6728335359375001 0.42491773593750004 0.6643299296875 0.41495145781250004 0.6682330765625 0.41385334843750005 0.6729489875 0.41947375937500003 0.6837500171875 0.43285089218749995 0.680068071875 0.4367120015625 0.6814945921875
0 0.6412257343750001 0.4831578328125 0.6206818968750001 0.4890508953125 0.6129785562500001 0.4888807125 0.609582128125 0.48610135468750004 0.5875554875 0.48619276093749997 0.5768165734374999 0.488202196875 0.5299733421874999 0.5017991515625 0.495950215625 0.5068300906250001 0.48593805312500005 0.5092391468749999 0.46111991406249997 0.5227449140625 0.42153253749999997 0.5380770609375001 0.415759484375 0.5421435265625 0.4140548625 0.546641728125 0.41005693125000003 0.5514606546875 0.40950573749999997 0.5570479921875 0.4066459203125 0.560455728125 0.3933579375 0.5680839828125 0.3679025734375 0.5794245499999999 0.36307769375 0.5831084578125 0.363768121875 0.5880211156249999 0.36644089375 0.59040041875 0.3702154375 0.5911211796875 0.3765751921875 0.5912293125 0.38770951875000004 0.5896644859375 0.39613806406249996 0.5902345062500001 0.41863061718749994 0.595838371875 0.41920023906250004 0.5975113140625 0.4132545421875 0.605109615625 0.41216985 0.6092698125 0.41439358750000005 0.6132143421875 0.41932332499999997 0.6150255687499999 0.45057264999999996 0.6163945140625 0.45901805625 0.61946464375 0.46377535 0.6200488671875 0.48449185000000006 0.6153843546875 0.5077601140625 0.6146182703124999 0.5202912296875 0.6158629515625 0.5491596859375 0.6145606906250001 0.5719288265625 0.6173723265625 0.5765666609375 0.6194754578125 0.5771693124999999 0.6213946375 0.5783959171874999 0.63249129375 0.5760177453125 0.6393373328124999 0.577794215625 0.6448484171875 0.58086261875 0.647673875 0.5908947546875 0.65252488125 0.595377225 0.655902665625 0.6064251203125 0.65610298125 0.627193275 0.654186146875 0.646514334375 0.6514707484375 0.6547529203125 0.6483090140625001 0.656854721875 0.6442567515625 0.6534066375 0.63872971875 0.656196171875 0.6300728671875 0.6586102687500001 0.62823146875 0.6694323 0.6244557765625001 0.6837706171875 0.6124228515625 0.7062276640625 0.60826478125 0.7293910703125001 0.6020035625 0.7419051062500001 0.6007465875 0.7498846 0.598121446875 0.7582601421875 0.5911851671874999 0.758550896875 0.5813758015625 0.7626523374999999 0.5772933859375 0.784075196875 0.570525725 0.8009305046874999 0.5669040484375001 0.8211810906249999 0.5565442671875 0.82841851875 0.5510191796874999 0.83283070625 0.549147846875 0.850910140625 0.5471071281250001 0.8698328906249999 0.5391887171875 0.8836732171874999 0.5354905875 0.8879816765624999 0.532881196875 0.8908244140624999 0.5269718046875 0.8906692484375001 0.5234876171875 0.8875662703125 0.5204161390625 0.8645211749999999 0.5156409875 0.8578320453125 0.5108203328124999 0.8495750328125 0.5067217875 0.846472271875 0.5036518562500001 0.8400608625 0.500796046875 0.8225308578125 0.4972480984375 0.8012105765624999 0.49523635625000006 0.7633080484375 0.4940513984375 0.74476383125 0.49515392187499996 0.7331966203125 0.491269715625 0.7216482359375 0.4851281078125 0.6890887703125 0.4791860578125 0.67590315 0.4780333609375 0.66397623125 0.478707640625 0.6412257343750001 0.4831578328125
0 0.12403907656249999 0.9660861281249999 0.1329121921875 0.9555723468749999 0.1347564484375 0.952056459375 0.134514853125 0.9503374171875001 0.1327051546875 0.9493389359375 0.122310634375 0.9442895578125 0.11260765312500001 0.9441495265625001 0.10807332968750001 0.9427829078125001 0.1044370703125 0.9382858374999999 0.10878010625000001 0.9359224656249999 0.10960570781250001 0.9322988625 0.10024670312499999 0.9298573109375001 0.094714115625 0.93088574375 0.0819944078125 0.93542831875 0.0570904546875 0.9411830953125 0.064062809375 0.9907939796875 0.0753338734375 0.985453059375 0.0806077859375 0.9802039265625 0.0901381046875 0.97911540625 0.09487809999999999 0.9771964265624999 0.0997029796875 0.97351251875 0.105494659375 0.9719474921875 0.116144246875 0.9669447953124999 0.12403907656249999 0.9660861281249999
0 0.13250170625 0.2795015640625 0.12927576406250002 0.277059575 0.12679390468750001 0.27740837812499997 0.1200515 0.27717099218749996 0.112228634375 0.2781599734375 0.0534520890625 0.30604900156250003 0.029229215625 0.31956893750000004 0.013109367187500002 0.32559446406250003 0.0127919046875 0.3294543359375 0.008734625 0.3318974625 0.011918307812499999 0.3442890375 0.026962643749999998 0.337504240625 0.0325773375 0.3323334421875 0.0351686109375 0.32914805625 0.0354520328125 0.3267524859375 0.0187259359375 0.3258259796875 0.034732028124999995 0.32075368593750003 0.040318103125 0.32079067656250004 0.0601676078125 0.31656989687500003 0.0684161125 0.3089430140625 0.064487665625 0.3046684609375 0.0789091796875 0.3022203625 0.089230115625 0.300167109375 0.0975757671875 0.3003606265625 0.10257460468749999 0.3006426671875 0.107474884375 0.299953978125 0.1122269421875 0.29720019531249997 0.1122398875 0.294710096875 0.1069982078125 0.2934523578125 0.10601870312499999 0.2932302671875 0.1175389828125 0.2898534671875 0.1265746609375 0.288130740625 0.1340277578125 0.28766550468749996 0.1368756890625 0.28501523125 0.13845975 0.280186846875 0.1263797 0.282611978125 0.13250170625 0.2795015640625
0 0.076518503125 0.3621598453125 0.0795948484375 0.3607081984375 0.07555334062499999 0.356010890625 0.067557009375 0.35437345468750003 0.064724465625 0.3533609390625 0.0666641140625 0.36135788125 0.076518503125 0.3621598453125
0 0.013816359375 0.3703125125 0.019309253125000002 0.3695405375 0.0245019625 0.368036021875 0.027231178124999998 0.363755153125 0.016722753125 0.367314784375 0.013535134374999999 0.363371603125 0.0082471296875 0.3662638234375 0.006476975 0.37003753125 0.013816359375 0.3703125125
0 0 0.44239919375000003 0.01116083125 0.4425696671875 0.02362739375 0.44119944687499996 0.015596979687500002 0.4354012625 0.0060248578125 0.4347552828125 0.0008807000000000001 0.433854634375 0.014312646875000001 0.42744160625000005 0.0273274640625 0.42829958125 0.040537496875 0.4251239453125 0.009171523437499999 0.4217012484375 0.0033528640625 0.42794683125 0 0.4290200796875 0 0.44239919375000003
0 0.050852804687499996 0.4294412859375 0.0612874375 0.42684978281249997 0.06542626406249999 0.4258626 0.0658463078125 0.422564228125 0.0583977765625 0.42189434375 0.0419255796875 0.4273887390625 0.024034421875 0.4327338515625 0.020616100000000002 0.43512031406249996 0.03014424375 0.4354758375 0.0407819296875 0.4331839921875 0.050852804687499996 0.4294412859375
0 0.077494165625 0.4150654953125 0.0724818203125 0.4149904734375 0.06720747187500001 0.41556606093750004 0.0622778109375 0.41722452656250003 0.0645460515625 0.41801655625 0.0753542859375 0.421485159375 0.0840266515625 0.42172427656249994 0.0898979375 0.4205235921875 0.09525179843750001 0.41879604062500003 0.0891561046875 0.41654751562500003 0.077494165625 0.4150654953125
0 0.13916037187500002 0.39505093750000003 0.13338921718750002 0.39633537812499997 0.139201765625 0.40056603749999997 0.15273411406249998 0.40122189375 0.1425698828125 0.40510868125000005 0.149342925 0.4076186078125 0.1444944078125 0.4091583765625 0.12753895312500002 0.4085197171875 0.12530425625 0.4028805328125 0.09852304375 0.4124777203125 0.10721467968750001 0.413280578125 0.12456465937500001 0.40697014062500003 0.125382778125 0.4114104296875 0.13223340156250002 0.413619128125 0.1513564234375 0.4136486296875 0.155520734375 0.40941852812499996 0.1636194546875 0.4095615453125 0.1753397953125 0.40585683437500003 0.178497696875 0.40371682656249996 0.186582675 0.40572679999999994 0.1888119328125 0.40227830000000003 0.192168178125 0.395700309375 0.1798858921875 0.39435123125 0.17271587500000002 0.3939341078125 0.1544001796875 0.3960900796875 0.13916037187500002 0.39505093750000003
0 0.2181375734375 0.3940686265625 0.224116325 0.39166786875000004 0.21713287656250002 0.39034408125 0.20653483437500003 0.389482534375 0.1974238734375 0.3885476859375 0.1847128296875 0.3903451515625 0.1907142140625 0.3934495078125 0.2041629171875 0.39551983281249997 0.208047821875 0.3980475078125 0.21477154999999998 0.3998921984375 0.24262512187500002 0.391761603125 0.24394758906249997 0.388181775 0.22489484062499998 0.3929185671875 0.2181375734375 0.3940686265625
0 0.0888507046875 0.426286359375 0.10167732031250001 0.425558215625 0.11522770625 0.420605415625 0.12305945468749999 0.41658096875000006 0.113325028125 0.416374353125 0.08903814374999999 0.42188304531250004 0.0888507046875 0.426286359375
0 0.11342440937500001 0.3690073625 0.11801168437500001 0.3706047953125 0.12168151406250001 0.3705355671875 0.1243460953125 0.368152475 0.12225079999999999 0.366615059375 0.11342440937500001 0.3690073625
0 0.17197270781250001 0.347824740625 0.1753144875 0.3492721796875 0.177739221875 0.3491680828125 0.1806848515625 0.3470894640625 0.180089778125 0.3456283765625 0.17197270781250001 0.347824740625
0 0.289770790625 0.387344709375 0.29684979375 0.3867774203125 0.3003242953125 0.38417320625 0.2960920703125 0.38230655156250004 0.29637868749999996 0.38249348125 0.2786609515625 0.38659138125000003 0.2711682875 0.390176865625 0.2817395828125 0.389388578125 0.289770790625 0.387344709375
0 0.2688303921875 0.38619473437499996 0.2689851453125 0.3841186171875 0.266103221875 0.38266493125 0.26348569374999997 0.3829128828125 0.25724975781250004 0.38588625625 0.26576298593750003 0.3874068671875 0.2688303921875 0.38619473437499996
0 0 0.09713840625 0.012408912499999999 0.097967321875 0.192192115625 0.110053015625 0.19881984531250002 0.1083405109375 0.195781609375 0.1008908515625 0.1380524234375 0.09513007500000001 0.0883675171875 0.0876991234375 0.0031317171875 0.07681983906249999 0 0.0765156421875 0 0.09713840625
0 0 0.22397582656249998 0.094054465625 0.20066799531249999 0.14741453124999998 0.1873874640625 0.193441253125 0.17623260000000002 0.1917557046875 0.17135723593750002 0.1822601796875 0.17210951562500001 0.1682511734375 0.172631459375 0.156525721875 0.1726510171875 0.1456927328125 0.17473205625 0.1472361640625 0.180302715625 0.1400097734375 0.1760041 0.1347912859375 0.17728029375 0.1388142609375 0.18274388749999998 0.127665396875 0.1782549484375 0.118340684375 0.18007667656249998 0.1150957015625 0.18660431718749998 0.10239124687500001 0.1853051046875 0.09482768124999999 0.1849843140625 0.0678329828125 0.1908956546875 0.06602619531250001 0.19357790156250002 0.064163296875 0.1988809625 0.05309455 0.2002724765625 0.03538145625 0.2017425953125 0.0140192578125 0.2055400953125 0 0.20751037499999997 0 0.22397582656249998
0 0.306563609375 0.551178584375 0.31570796562500003 0.5476244718750001 0.3226936109375 0.5425308125 0.32181798437500003 0.5412290703125 0.31601118281249996 0.5423496890624999 0.3087297703125 0.5450581734375 0.30065176718750003 0.5484419078125 0.2959389953125 0.5500493796875 0.29307876875 0.5540267796875 0.29592077968749997 0.5545677625 0.300924059375 0.5526023125 0.306563609375 0.551178584375
0 0.24968084375 0.6325668875 0.24659407656250001 0.6366613296875 0.24660863125 0.64163741875 0.2500973609375 0.6432772140624999 0.25592780625 0.6389454921875 0.283763803125 0.621719453125 0.2739675265625 0.6239356484374999 0.2692560921875 0.624856565625 0.25712356875000003 0.62859238125 0.24968084375 0.6325668875
0 0.35056104375 0.6007944328125 0.35633015 0.5982716640625 0.35798756875 0.596266796875 0.354018375 0.59533986875 0.3481757671875 0.5964639421875 0.337896953125 0.5987495328125 0.339376 0.600853225 0.344296453125 0.60208195 0.35056104375 0.6007944328125
0 0.36389740625 0.6068930328125 0.3729182890625 0.6057498812500001 0.382247390625 0.601702759375 0.3803315296875 0.5954917640625 0.3735717453125 0.5955124328125 0.3686285265625 0.596816209375 0.363401425 0.598772090625 0.3610538203125 0.5993576375 0.357972565625 0.6031657125 0.36389740625 0.6068930328125
0 0.3069150421875 0.6796912875000001 0.3037809921875 0.6760955953125001 0.2952138015625 0.6766385140625 0.2926456375 0.6772377015625 0.28935815625 0.67902828125 0.28817360000000003 0.68483559375 0.2949818203125 0.68674256875 0.3052960796875 0.6838334781250001 0.3069150421875 0.6796912875000001
0 0.2590057109375 0.7363589015625001 0.26324638437500003 0.736938415625 0.2723556125 0.7336732546875 0.2761464390625 0.7318939828125 0.278150903125 0.72847391875 0.26779680625 0.7295614515625 0.2593918234375 0.7323363296875 0.256569434375 0.7342477328125 0.2590057109375 0.7363589015625001
0 0.3751527578125 0.7277780359375 0.3697425484375 0.7256130468750001 0.365436078125 0.7266648140624999 0.3638961609375 0.7280125578125001 0.3632797359375 0.728948078125 0.3635623828125 0.7330249796875 0.36959258125 0.737064109375 0.3764227953125 0.73200965 0.3751527578125 0.7277780359375
0 0.10662088750000001 0.7372551796875 0.10593418125000001 0.7323577765625 0.10073470468750001 0.7311982453125 0.0955441859375 0.7310567484375 0.0897780734375 0.7301204359375 0.095806340625 0.73763743125 0.10036999687499999 0.7395158859375 0.10662088750000001 0.7372551796875
0 0.6927088125 0.8916589015625 0.6839255093750001 0.888407471875 0.6704205187500001 0.8855324609374999 0.66055616875 0.886197725 0.6537237359375 0.8815250156250001 0.6432997671875 0.8823399328124999 0.649935134375 0.887384309375 0.6685637671875 0.8892962499999999 0.690590853125 0.8961126328125 0.6927088125 0.8916589015625
0 1 0.8573763390625 0.99752239375 0.8575756671875 0.9861463265625 0.8503810796875 0.9766994562500001 0.8606520375000001 0.9628196375 0.8683129781250001 0.9601418921875 0.869389878125 0.971948890625 0.8740372015625001 0.9819413562499999 0.871836034375 1 0.868563203125 1 0.8573763390625
0 0.87976461875 0.509240028125 0.8795011531249999 0.5088810140625 0.8771582312499999 0.5066257640625 0.876660403125 0.5053513953125 0.87423366875 0.5047788718749999 0.87292685 0.505360153125 0.869244065625 0.50685285 0.8663751484375 0.5092078578125 0.864273965625 0.51104156875 0.8685005625000001 0.511397428125 0.8722092421875001 0.5113464078125001 0.877206390625 0.5115939734375 0.87976461875 0.509240028125
0 0.932904215625 0.4319011453125 0.9318316390625 0.43014110156249996 0.9309129640625 0.428723915625 0.927873209375 0.427685296875 0.9238982109375 0.428243946875 0.9169111078125001 0.4284322578125 0.915503296875 0.43057403125000004 0.9160888187499999 0.4314731671875 0.919912659375 0.43218542343750005 0.9242694953124999 0.4325024671875 0.932904215625 0.4319011453125
0 0.6770613171875 0.40969460625 0.6805032421874999 0.40752099218750004 0.6802175609375001 0.4050728640625 0.678611946875 0.403629146875 0.675832028125 0.4038667875 0.6682520953125 0.4070558703125 0.6621714484375001 0.40937154375 0.6596874234375 0.410771503125 0.6566430265625 0.4129444734375 0.6561229109375 0.41516029843749996 0.65988996875 0.41577166249999997 0.665883909375 0.41475886093750003 0.6700780875000001 0.412167109375 0.67451948125 0.41057095312499997 0.6770613171875 0.40969460625
0 0.6959985171875 0.44932442031250003 0.6979521046875 0.4509874671875 0.7013597640625 0.44920997656250006 0.707628178125 0.4464340046875 0.7090977546875 0.442879259375 0.7059607953125 0.4426085171875 0.7031896765625001 0.44403146875 0.69879373125 0.445951009375 0.6967218374999999 0.447341959375 0.6959985171875 0.44932442031250003
0 0.7606861359375 0.489126178125 0.76261099375 0.4859255796875 0.761514815625 0.48366078437500004 0.75736146875 0.48452220312499994 0.7558558171875001 0.48518191875000005 0.7527378953125 0.487426759375 0.750769103125 0.48866436875 0.7527329203125 0.4905910578125 0.7569733671875001 0.49097810624999993 0.7606861359375 0.489126178125
0 0.7122845390625 0.3090047625 0.716098065625 0.30462515 0.7102681375000001 0.303279675 0.705497128125 0.3071784890625 0.7026841984375001 0.307843634375 0.6871573125 0.3066255171875 0.68958119375 0.303686134375 0.6889332203125 0.30343165 0.6857574125 0.30255889375 0.6797166515625 0.3028792859375 0.6727998390625001 0.306464309375 0.6717914734375 0.3126271234375 0.6739376453125 0.3143356859375 0.6870238953125 0.31146935 0.6918065984374999 0.3123466390625 0.70176498125 0.3109470796875 0.7122845390625 0.3090047625
0 0.706219725 0.2855660296875 0.7106272375 0.28263976875 0.71912284375 0.28296842031249997 0.7246913359375 0.28101662968749996 0.7220119328125 0.27990369843749996 0.714435896875 0.28040356875 0.7076305546875 0.28053793437499996 0.6999137656250001 0.2804516890625 0.6993503249999999 0.282089796875 0.7018364265625 0.2857118609375 0.706219725 0.2855660296875
0 0.5204448265625 0.2288375703125 0.5118384093749999 0.22923610625 0.49450049687500003 0.231691725 0.48943379531250003 0.23346412187499999 0.48051997812499997 0.23387588125 0.48403099843749997 0.23698783906249998 0.49099201406250004 0.2356371578125 0.50447824375 0.23470744062499999 0.513548815625 0.2343557 0.523585709375 0.2339975359375 0.5298762124999999 0.2339497265625 0.540855875 0.23072306406249998 0.5391621734375 0.2279789515625 0.5318569140625 0.22756505625 0.5204448265625 0.2288375703125
0 0.5320897109375 0.204353640625 0.5258495515625 0.20694892187499997 0.51934434375 0.2081298265625 0.5328292203125 0.2110076640625 0.5363860890625001 0.2104714890625 0.5548719265625001 0.208122775 0.5678596265625 0.2053523375 0.5737104625 0.204107190625 0.58459280625 0.20335408125 0.5928936203124999 0.20110664687500002 0.58170795625 0.20075686250000002 0.5609240343749999 0.2021236640625 0.5416296484374999 0.20389491093749998 0.5320897109375 0.204353640625
0 0.694861634375 0.16983296406249998 0.6842471578125 0.17241345156250001 0.69368945625 0.17534663281250001 0.6994020234375 0.1744648921875 0.7182051078125 0.173217115625 0.7261865171874999 0.170818915625 0.731883075 0.1696885453125 0.7279937546874999 0.1682296984375 0.7217709234374999 0.16796189374999998 0.715347053125 0.1681609859375 0.7058487515625 0.1691629578125 0.70225085 0.1685988234375 0.694861634375 0.16983296406249998
0 0.744410584375 0.1636661296875 0.7533691484375 0.163887115625 0.7639036781249999 0.16449882031250002 0.7619493281249999 0.16151679218749998 0.759986915625 0.1604309015625 0.7534827359375 0.1596993015625 0.739462053125 0.1613731421875 0.72932236875 0.1634025015625 0.7291296515625 0.164388921875 0.7295152546875 0.1650668546875 0.7369835734375 0.16470992812500002 0.744410584375 0.1636661296875
0 0.91061091875 0.1618254140625 0.9070010749999999 0.164768953125 0.9013049000000001 0.1647569015625 0.8952673593749999 0.163854003125 0.890122875 0.1630969859375 0.884293825 0.1631162328125 0.8735267 0.1642176328125 0.865414975 0.1649363734375 0.8587821359375001 0.16500705 0.850629978125 0.164360315625 0.8444979187499999 0.16567023125 0.8367775265624999 0.16882540937499999 0.8348550343750001 0.1703026578125 0.8440304968750001 0.17124737343750002 0.8503753625 0.17187829062499999 0.8595832421875 0.1711001671875 0.8678973375 0.17049656875000002 0.8776846984375 0.16821693437500002 0.8821312859375 0.1666689609375 0.8862790453124999 0.165835153125 0.8889963125 0.1683738765625 0.8957206171875001 0.16879683750000002 0.8989487328125 0.1680433640625 0.90402608125 0.169074896875 0.9104135531249999 0.17050295625 0.919831621875 0.1685371453125 0.9302604499999999 0.16889073593749998 0.9362810703125 0.1668328 0.9482690343750001 0.16700829374999998 0.9514059671874999 0.1637872453125 0.9561605249999999 0.16265672343749998 0.9575525125000001 0.16300703125 0.9567498750000001 0.15729596875000001 0.948096846875 0.15652081874999998 0.9408505437500001 0.1570989984375 0.93034901875 0.1584959984375 0.9262594875 0.1585989671875 0.9243826296875 0.1619726953125 0.9175290703125001 0.1622242875 0.916902240625 0.16151398749999998 0.91061091875 0.1618254140625
0 0.94826478125 0.148543246875 0.937478478125 0.1491376953125 0.929823446875 0.15007468906250002 0.9245985031249999 0.1510803984375 0.9247017703125 0.1515345078125 0.9235086656249999 0.1557541203125 0.9356754984375 0.15607961718750002 0.94203519375 0.155727025 0.9553088078125 0.151993359375 0.955563859375 0.14885702812499998 0.94826478125 0.148543246875
0 0.8342121203125 0.16383071093749998 0.8403333484375001 0.1622304140625 0.8384269718749999 0.160600178125 0.8242547218749999 0.161487459375 0.811087234375 0.16237238125 0.81516480625 0.1656871515625 0.8242995437499999 0.1641303796875 0.8342121203125 0.16383071093749998