0 0.4983747015625 0.6085556859375 0.49181651562499995 0.6008204625 0.4872136078125 0.5997576375 0.4838215265625 0.6005587359375 0.4773384921875 0.5955152859374999 0.474103165625 0.5953366578125 0.4723738296875 0.5967364890625 0.46874801875000005 0.6021895484375 0.46068510781249994 0.610287303125 0.4492153109375 0.6272202546875 0.44413378437500006 0.6307674375000001 0.44292166093749996 0.628901725 0.44653712187499994 0.6187596281250001 0.44694058906249995 0.6114578484375001 0.444569703125 0.6073994953125 0.4367211203125 0.6014690046875 0.42366225156250004 0.5967223953125 0.4129209078125 0.5963610687500001 0.401470334375 0.5988994937500001 0.39637558125 0.6041183140624999 0.394722940625 0.6082101609375 0.393983928125 0.6144542421875 0.39857796093750003 0.6346006296875 0.42285851562500004 0.6588696109375001 0.42575696250000006 0.66435145625 0.42945504999999995 0.6679508421875 0.431233328125 0.6725845109375 0.42983953750000004 0.67504204375 0.4263956359375 0.6761703140625 0.41704962500000003 0.6733517 0.41343728593750007 0.6771315796875 0.41005243281250003 0.68898393125 0.40517481718750004 0.6975861875 0.40361258906249997 0.702695328125 0.4003269203125 0.7266164703125 0.40052953125 0.7316697546875 0.40938033125000006 0.747133775 0.41784843125000004 0.7555052953125 0.42264023437500003 0.763296128125 0.42703610937500003 0.7656660984375 0.433208475 0.7726710359375 0.432974990625 0.777321453125 0.4320336109375 0.77851070625 0.42254143749999995 0.7813593109375 0.42144460156249997 0.7835300796875 0.4212111171875 0.7881804953125 0.4239160046875 0.7932963046875 0.426307590625 0.80673273125 0.4283061265625 0.8083876203125 0.4356536015625 0.809551346875 0.44082241875 0.813383671875 0.44791283125000003 0.8161804140625 0.44891792343750003 0.819353271875 0.4477280453125 0.8268658765625 0.4483960484375 0.8289807874999999 0.4521223765625 0.8292356015625 0.4568079765625 0.820267553125 0.4576975375 0.8194054734374999 0.4597478921875 0.8207331906249999 0.4601380671875 0.8388754 0.45803038437500004 0.8505946578125 0.4598972859375 0.8562469187499999 0.46579781875000004 0.866556265625 0.47511713125000005 0.8727196968750001 0.488048784375 0.8751032484374999 0.4917365203125 0.874013596875 0.49422714687499997 0.8693852984375001 0.494692784375 0.8664453812499999 0.49228049687500003 0.8436308828125 0.496509021875 0.8422930859375001 0.5078165203125 0.8454223703125001 0.5209476640624999 0.8592214234375 0.526127075 0.8677412421874999 0.527801715625 0.87302925625 0.5238864249999999 0.8898187890625 0.5232243515625 0.8987533421875 0.5263549515625 0.9059456875 0.534244759375 0.9068615140625 0.5427836578125 0.9005128796875 0.5522802828125 0.8849411406250001 0.55611288125 0.8781824796875 0.5588517640624999 0.867232371875 0.5625807234375 0.8611280546875 0.5638091953125001 0.8549599156250001 0.5624595046875001 0.846042109375 0.5530943703125 0.8274829609375001 0.550857996875 0.8130665625000001 0.54713454375 0.8064510765625 0.5465315859375 0.80233735625 0.5479518296875 0.7965365515625 0.5517978984374999 0.7881047109375 0.5571530453125 0.7812518203125001 0.5614333890625 0.779586853125 0.5729609015625 0.7797389 0.57499911875 0.7763788796875 0.57573813125 0.7701348 0.57678315 0.768291203125 0.578950125 0.767294484375 0.583255834375 0.7686456171875 0.5838632125000001 0.766398909375 0.5807945375 0.763569971875 0.5796492468750001 0.7597041515625 0.5770713296875 0.7569529421875 0.5649878359375 0.7349511640624999 0.5649420140625 0.7225554468750001 0.5623465171875 0.7040639468750001 0.5565390265625 0.6884127640625 0.55354269375 0.670863915625 0.5479525859375001 0.658594625 0.5460237593749999 0.64857895625 0.54414363125 0.64459833125 0.5350342265625 0.6307670828124999 0.5295933328125 0.630240709375 0.5244525125 0.6230653546875 0.5168861125 0.6185194921875 0.5135870734375 0.6139787546875 0.5056972671875 0.613062928125 0.4983747015625 0.6085556859375
0 0.48849121249999994 0.4077782890625 0.484253425 0.398067675 0.47860862031250007 0.392486228125 0.474020728125 0.3897504671875 0.466336165625 0.38752879687499997 0.4523460234375 0.3886620203125 0.4450591734375 0.3918599140625 0.44041658593750005 0.39581199843750003 0.42906940625 0.3976976234375 0.42281410468749997 0.4007251015625 0.4163416640625 0.40036914375 0.400691896875 0.3945414203125 0.3900023703125 0.39385292031249997 0.38751174375 0.3984812203125 0.387599034375 0.40586072968750003 0.3919018671875 0.4135725359375 0.3996335859375 0.42182900625 0.4011278921875 0.42507934687500004 0.4014737890625 0.43082608437500003 0.3843386640625 0.4565703265625 0.3766763453125 0.46372697343749997 0.37397893125000004 0.4696608734375 0.371463184375 0.4712715296875 0.3628369953125 0.47024065468750004 0.3605562765625 0.46720113750000003 0.3604943515625 0.4628377296875 0.3581618140625 0.46012538437500006 0.3468561015625 0.4569948015625 0.33219928906249996 0.4496521953125 0.3140337734375 0.4454351265625 0.2990800078125 0.43837928593750003 0.2961548609375 0.43624225625 0.2937603984375 0.429166503125 0.2874328203125 0.4231415375 0.2781135078125 0.4169781046875 0.26223134375 0.4094414234375 0.2554749328125 0.4077021375 0.2469406984375 0.4076888 0.2430443875 0.41008535 0.23867075624999998 0.41709369843750005 0.23222189375000002 0.41975514062499997 0.22820015625 0.41978733593750006 0.21825999375 0.4175437921875 0.20885051406250002 0.410361525 0.2013227046875 0.40716012656249995 0.1775478578125 0.40506829218749996 0.169319384375 0.4094569828125 0.1715868765625 0.4141681359375 0.1712764515625 0.41612807968750004 0.169495296875 0.4178550828125 0.1513520265625 0.42301633125000004 0.1310135390625 0.43251887031249997 0.1250274375 0.43860107031249995 0.11178378124999999 0.44453992343750004 0.1128259234375 0.449057 0.112500728125 0.45268833593749996 0.1066195625 0.4581179796875 0.10169324843750001 0.460685190625 0.09387859374999999 0.46246113749999995 0.091259453125 0.4647245921875 0.0870822578125 0.46573830312500003 0.08495233125 0.4680792421875 0.097884228125 0.47046125156249996 0.13392118125000002 0.47282148125 0.16655282656249998 0.477654446875 0.279135203125 0.489793790625 0.3147583390625 0.494766765625 0.34864178749999997 0.496450534375 0.42793332343749996 0.50633079375 0.500677021875 0.5131648656250001 0.5188321859375 0.5126928984375 0.5243645796874999 0.507877190625 0.53346963125 0.5042965140625 0.5412221171875 0.498158703125 0.543312153125 0.4944715109375 0.5448920296875001 0.48133030625 0.5380011734375 0.466176709375 0.5385450828125 0.4595663484375 0.5378384875 0.456106971875 0.528804478125 0.444965953125 0.5283313671875 0.436856159375 0.5272244234375 0.434336346875 0.5211036328125 0.42700578125 0.5057521515625 0.414530375 0.490437928125 0.40976035 0.48849121249999994 0.4077782890625
0 0.6211238296875 0.445525709375 0.6164973453125 0.441445484375 0.6066357 0.435529953125 0.59103750625 0.4293766 0.5832923171875 0.422793309375 0.5817697671875 0.422887540625 0.5783377609375 0.4287050921875 0.5716479390625 0.42496724218750004 0.5695846015625 0.4253096171875 0.57062674375 0.42982669375000004 0.57374545 0.43232975937499996 0.576889275 0.43785046875000005 0.57577766875 0.44169262812500004 0.5772722203125 0.4449414265625 0.57715535625 0.44726740625000005 0.56734855 0.464797546875 0.5498289375 0.4834505875 0.5484838453124999 0.49194316406249994 0.54683145 0.49603346875 0.5417261015625 0.4965647953125 0.531548034375 0.5053320968749999 0.5259003546875001 0.5061113234375 0.5204848265625001 0.5086010515625 0.5207905875 0.513003078125 0.5234718968750001 0.5151014875000001 0.5293517296875 0.5160327625 0.5783190375 0.52077475625 0.5867900125000001 0.522785603125 0.6228269656250001 0.5251458328124999 0.6254963828125 0.5225549609375 0.6256515953124999 0.5215749890625 0.6237950453125001 0.5206117640625 0.6242088625 0.5179990203125 0.6290214328125 0.511395571875 0.6296866265625 0.49609880312500004 0.62749895 0.4877174484375 0.6310522421875 0.4732134890625 0.6348330203125 0.466782 0.6346011125000001 0.46506995624999997 0.6234814875 0.45125570000000004 0.6211238296875 0.445525709375
0 0.6051463234375001 0.2879788015625 0.601629903125 0.2800561703125 0.5952639765625001 0.27268519687500004 0.5853002375 0.267424253125 0.57921625 0.26143945 0.5749491328125 0.26143278125 0.56853861875 0.2654402328125 0.5616627109375 0.2723860546875 0.5599836171875 0.2798211765625 0.567236715625 0.29268765625 0.5709495734375001 0.2946156484375 0.57356429375 0.298712621875 0.5800235078125 0.300740215625 0.5850889296874999 0.3052253421875 0.5847637359375 0.308856678125 0.5861694187500001 0.3110884265625 0.5852516171875 0.3152950796875 0.5806458343750001 0.3205929265625 0.575681171875 0.3218141296875 0.5747781390625 0.324349390625 0.574763125 0.326022325 0.578244075 0.326238275 0.5776099984374999 0.3318298 0.57879388125 0.337040084375 0.5842702453124999 0.3452731390625 0.5884075156249999 0.34927588125 0.5968251296875 0.3516136546875 0.5964631296875 0.353899228125 0.5942961546875 0.35489594687500003 0.5937937140625 0.3564901 0.596191053125 0.3572051796875 0.596356615625 0.36091424375000003 0.601362990625 0.3546752890625 0.6051230015625 0.3626380828125 0.6124973859375 0.366818153125 0.623171896875 0.3691795890625 0.6242140375 0.373696665625 0.6264193609375 0.3740459546875 0.6318867078125 0.3712290546875 0.6401180578125001 0.3604796921875 0.6388098375 0.346545678125 0.6341346546875 0.3364304078125 0.6357383515625 0.3263050578125 0.6336527703125 0.3172691171875 0.6286539359375001 0.31078542656249997 0.6253310765625 0.3032288328125 0.6128161171875 0.2918718640625 0.6051463234375001 0.2879788015625
0 0.57602865625 0.10558288593750001 0.5671350546875 0.101495990625 0.5621836203125 0.10104555781249999 0.557709471875 0.10234603281250002 0.5444316796875001 0.0942172875 0.5424717359375 0.0939068625 0.5371981921875 0.0970882546875 0.5280309703125 0.0963070671875 0.5249980125 0.1011832671875 0.5195187703124999 0.09931088593750001 0.5188979218750001 0.1032307734375 0.5161385828125 0.104801265625 0.5137513499999999 0.10877676562500001 0.5130656984375 0.11469391874999998 0.5150492203125 0.11802174375 0.5358501578125 0.1357138578125 0.543907315625 0.14033745 0.5547238125 0.14339054843750001 0.55684931875 0.14741003749999998 0.559722890625 0.1498726953125 0.5618216984375 0.15723700000000002 0.5645398140625 0.1606811734375 0.568201096875 0.1629347953125 0.5771226953124999 0.1636786609375 0.583636603125 0.1590184109375 0.58603860625 0.15337151875 0.5852270734375 0.1505646984375 0.5863371374999999 0.14672229375 0.5889695046875 0.1427872015625 0.5921680265625 0.1416200671875 0.5905703265625 0.1390225265625 0.593399375 0.1290912546875 0.5915692781249999 0.12478475625 0.5839277265625 0.11754712187500001 0.578851953125 0.108372959375 0.57602865625 0.10558288593750001
0 0.5854787484374999 0.2219295640625 0.5900266546874999 0.217226865625 0.58851783125 0.208484765625 0.5808658734375001 0.2002440921875 0.576469596875 0.1997344640625 0.5710766359375 0.2076950765625 0.5854787484374999 0.2219295640625
0 0.09063856875000001 0.174232271875 0.0828131296875 0.1681456671875 0.076501546875 0.1650261625 0.07410174375 0.1641967890625 0.0731690890625 0.16990555000000002 0.0708658390625 0.180532325 0.0656357265625 0.18241071874999998 0.0627835890625 0.1888121078125 0.0668734375 0.197029634375 0.08583535 0.2117601 0.098593340625 0.2034140734375 0.107415384375 0.1969457609375 0.11022536093749999 0.19241866406250002 0.10598490468749999 0.182345353125 0.0968696140625 0.1769213796875 0.09063856875000001 0.174232271875
0 0.830839603125 0.0523733765625 0.8273411328125 0.04632506875 0.82422261875 0.0451192546875 0.8091866078125 0.042737784375 0.799530359375 0.0419977921875 0.8071704203125 0.0484457828125 0.8092083828125001 0.053267707812499995 0.81483340625 0.057066296875 0.8211966296875 0.059550117187499994 0.8241593046875 0.0637275109375 0.8275485921874999 0.063503390625 0.830839603125 0.0523733765625
0 0.9428369640625001 0.0954442109375 0.9460833984375 0.0926061859375 0.9515179203124999 0.098646321875 0.953685440625 0.1039886703125 0.9551640062500001 0.11060454687500001 0.9601556 0.11268919375 0.96508830625 0.11629428593749999 0.9721022234375001 0.12091242499999999 0.9789941296875 0.12145663124999999 0.988399896875 0.1251864375 0.9902852781249999 0.12106342656249999 0.98003685 0.10299716875 0.9794544437500001 0.09837414375 0.9853344796875 0.097516234375 0.9872091421875 0.08964540625 0.9837443578125 0.08143670625 0.9780550140625 0.0743785484375 0.9724453171875 0.068595425 0.95647871875 0.0660665640625 0.9432807328124999 0.06397620781249999 0.9373468859375 0.0630363796875 0.9235669906249999 0.0615736578125 0.9260277546875001 0.06674255625 0.9264409640625001 0.072204125 0.928245565625 0.0781898078125 0.9334544390625 0.0823385453125 0.9377574046875001 0.0868832546875 0.9401109765625 0.09385761406250001 0.9428369640625001 0.0954442109375
0 0.9557084687499999 0.1604740078125 0.9536206140625 0.1555176234375 0.946756075 0.155499803125 0.94159643125 0.14930229374999998 0.9346139109375 0.1451051875 0.9282673906250001 0.14472329687500002 0.9238860921875001 0.144828265625 0.9176224718749999 0.1446920546875 0.9149095218750001 0.146249328125 0.9129849 0.1537863578125 0.918948628125 0.15900225625 0.9247029921875001 0.162243909375 0.9288106359375 0.1638167890625 0.9295449703124999 0.17042711093750001 0.9230134375000001 0.1723619875 0.9279959312500001 0.17666154375 0.9290859453125 0.1787388859375 0.933220434375 0.1817603609375 0.94005814375 0.187780696875 0.9437959296875 0.1934666703125 0.9504026109374999 0.1961013703125 0.9568290453125 0.19804625625 0.9629408500000001 0.20276671875000002 0.9694717624999999 0.2065490078125 0.9756812140625 0.21108244375 0.9790179328124999 0.2086731984375 0.9801670421875001 0.204034915625 0.97845658125 0.19755474687500002 0.9762454375 0.192727540625 0.9767887249999999 0.18775917343749998 0.9756886859374999 0.1821793296875 0.9740829703125 0.17731512968750002 0.9684523687500001 0.1729524734375 0.96548338125 0.1687250375 0.9598052671874999 0.1621353421875 0.9557084687499999 0.1604740078125
0 0.9074045249999999 0.10958324374999999 0.89994633125 0.10689119375 0.8963874921875 0.10240264531250001 0.8848584296875 0.09903419375 0.884152328125 0.096750303125 0.87831463125 0.0905988515625 0.87787165625 0.0891207328125 0.8760581671875001 0.08728633125 0.8726445359375001 0.08643559687499999 0.8659200640625 0.0848342546875 0.8627188734375 0.08767628125 0.8599007468750001 0.0954910171875 0.8591282625 0.102425865625 0.8537275453125 0.1070694265625 0.856690096875 0.11524287656250001 0.8710335140625001 0.12481389062499999 0.8755986124999999 0.1281630125 0.8823874375 0.13108600625 0.8896371249999999 0.13885007031250002 0.8970878234375 0.1417592453125 0.905036475 0.1422635859375 0.908472784375 0.139685021875 0.9103891671875 0.13459717031250001 0.9124405328125 0.13347140156249998 0.9167970125 0.12971762656250002 0.913112478125 0.1220673640625 0.9074045249999999 0.10958324374999999
0 0.848284571875 0.146429103125 0.8527890375 0.1501910109375 0.85457360625 0.1496510296875 0.8544753453125 0.14329965 0.8514153265625 0.1396969140625 0.8443004796875 0.14434583125 0.848284571875 0.146429103125
0 0.8431867296875 0.14553467656250002 0.8406243203124999 0.14075782812499998 0.8360302421875 0.14008873125000001 0.8336649140624999 0.1419083015625 0.834635196875 0.1450012921875 0.8385068499999999 0.1517098578125 0.848578271875 0.16162463124999998 0.8475817359375 0.15397297031249998 0.8431867296875 0.14553467656250002
0 1 0.2557244703125 0.9936443953125 0.2487689890625 0.9871719484374999 0.245196871875 0.9787712140625 0.24221315937500001 0.976707859375 0.24497279375 0.9724379984375 0.24067853281249998 0.9655022859375 0.23814358906250002 0.958316271875 0.2429821453125 0.9503900734374999 0.24172675781250003 0.9460802359375 0.23779476718749998 0.943499890625 0.23757591718749999 0.9404070156250001 0.24731511562500003 0.9354702140625 0.24820060625 0.9388406515625001 0.2391460703125 0.934616984375 0.2289567703125 0.9256520500000001 0.2211551703125 0.9193752125 0.2150195921875 0.914160225 0.20785305781250002 0.9080237999999999 0.2074031953125 0.8995002921875 0.2089102546875 0.9004249890624999 0.1992864234375 0.88811213125 0.1897997203125 0.884407690625 0.180796878125 0.8827477125 0.1762752828125 0.8725619078125 0.166892921875 0.8702481625 0.1656500453125 0.853929996875 0.16329330625 0.8443126921875 0.15942083906249999 0.8401788328125 0.161029909375 0.8306128812500001 0.169538215625 0.8352962171874999 0.18298800312500002 0.8315199281250001 0.18784297187500001 0.8306739984375 0.1934436546875 0.8367815468750001 0.20094772343749998 0.8386709515625 0.2084655359375 0.8454678093749999 0.219228496875 0.8480423359374999 0.22601637343749997 0.8576332093750001 0.2309746359375 0.8619601484375 0.24501658593750003 0.865169621875 0.25170095312499996 0.8654061093750001 0.2567501125 0.8777950999999999 0.2680634 0.875603990625 0.2728182375 0.88048338125 0.2807352640625 0.8840154890624999 0.28897835625 0.8900604 0.295819146875 0.8962394781249999 0.304929178125 0.9049989843749999 0.3115307421875 0.9060664656249999 0.3167368296875 0.9062883640624999 0.3229068796875 0.9108203187499999 0.324727309375 0.91466963125 0.3268525140625 0.9201685156250001 0.334024465625 0.9283941484374999 0.33966189375 0.927871059375 0.3475791015625 0.92764754375 0.35295564218750003 0.9346049390625 0.3699564515625 0.9373933843750001 0.3783601875 0.9439911000000001 0.383099078125 0.9480198234375001 0.394629075 0.957330978125 0.40426998125 0.9672470687500001 0.4118393921875 0.9770212765625 0.41850675156249995 0.9855052203125 0.4119057890625 0.9889058328125 0.40175181093749995 0.9874765906249999 0.3966323875 0.9843716125 0.389368165625 0.978504165625 0.38274531875 0.9668559609375 0.37066028906250004 0.9657309749999999 0.3632303265625 0.9626531843749999 0.3531275984375 0.9583496625000001 0.348386634375 0.9510844046875 0.3361462734375 0.9496755015625 0.3290905671875 0.9424018046875 0.318701365625 0.940558034375 0.3134324421875 0.9496218859375001 0.3211089125 0.9546648328125 0.322649584375 0.95929993125 0.32060259687500003 0.9596730828125001 0.3177571890625 0.9528959125 0.30472246406250003 0.948511590625 0.29993231875 0.9380651828125 0.28735105625 0.94488359375 0.28343510312500003 0.95147244375 0.29805836406249997 0.9579445265625001 0.3091938546875 0.965445740625 0.3201142515625 0.9787756562500001 0.329831646875 0.986346628125 0.3339890671875 0.99310919375 0.3371277953125 1 0.3464386671875 1 0.2557244703125
0 0.7108416828124999 0.029202229687499998 0.7086085843750001 0.0329237125 0.708357009375 0.0346319515625 0.710433771875 0.03458436875 0.7120394203125 0.033296251562500004 0.713575625 0.0350535140625 0.715475984375 0.0340920828125 0.717222203125 0.030168509375000003 0.7142117578125 0.02923925625 0.7122524796875 0.028724860937500003 0.7108416828124999 0.029202229687499998
0 0.720867140625 0.0589840953125 0.7234351296875 0.059390825 0.7273279625 0.058154893750000006 0.7259306359375 0.055430892187500004 0.7234981 0.0549380421875 0.7197272984375 0.05442465 0.7183402484375 0.057398975 0.720867140625 0.0589840953125
0 0.80209821875 0.056618562500000004 0.7986623328125 0.052532325000000005 0.7957762046875 0.050168924999999996 0.791555134375 0.048483162499999996 0.78757831875 0.0485113984375 0.7895361046875 0.053679732812500006 0.795240759375 0.057764615625 0.8007754874999999 0.0613242640625 0.8018715484375001 0.061795275000000004 0.8052681953124999 0.0633425515625 0.80209821875 0.056618562500000004
0 0.8067616671875 0.072251490625 0.8050599203125 0.06997126875000001 0.8012038765625 0.06952663906249999 0.7970714984375 0.0685494109375 0.7962208921875 0.0696549578125 0.798895221875 0.0742944984375 0.8066750734375001 0.0836454109375 0.812804915625 0.085635075 0.8179640859375 0.0858526375 0.8129159890625001 0.0802992578125 0.8104508593749999 0.07729539375 0.807725665625 0.0747249328125 0.8067616671875 0.072251490625
0 0.8241253687500001 0.10313550625000001 0.8207890953125 0.10018825 0.8181746953125 0.096608634375 0.8138327265624999 0.096685028125 0.8109239859375 0.0959126796875 0.8130122734375 0.10098619843750001 0.8191704468750001 0.1060731140625 0.824590978125 0.1097744546875 0.825688446875 0.10730004687500001 0.8241253687500001 0.10313550625000001
0 0.8291150828125 0.11969494375 0.8263385765625 0.1204748921875 0.8210834921875 0.11919486875 0.82013166875 0.120649821875 0.8212297312500001 0.122546509375 0.8356017187500001 0.13352526250000002 0.8396408359375 0.135201190625 0.8407079749999999 0.1307508375 0.8353517234375 0.1249556484375 0.834947703125 0.12219280625 0.8309071031249999 0.118009209375 0.8291150828125 0.11969494375
0 0.7153027984375 0.101257534375 0.7198965687500001 0.0983228390625 0.72162681875 0.0958584828125 0.720998128125 0.0922168625 0.7179291328125 0.089889359375 0.711957134375 0.09246655000000001 0.708854890625 0.0966515265625 0.7079443765625 0.099883253125 0.713143096875 0.0987624 0.7137287406249999 0.0988203546875 0.7153027984375 0.101257534375
0 0.7279119625 0.126772296875 0.72938595 0.1240980796875 0.7304217937499999 0.1210538921875 0.7294854109375 0.12028386718749999 0.7284151671875 0.11865102812499999 0.723666921875 0.119664465625 0.7221876328125 0.1213633453125 0.7211935875 0.12465303125 0.724400190625 0.1259518953125 0.7279119625 0.126772296875
0 0.699997390625 0.0744677890625 0.7028600468749999 0.07427257968749999 0.7079303593749999 0.072264465625 0.710494259375 0.069840390625 0.712156259375 0.0655396234375 0.7085943515625 0.06458630625 0.7066933718749999 0.06480252656249999 0.7023133687499999 0.0667870890625 0.700581790625 0.068800371875 0.6985047343749999 0.0732046734375 0.699997390625 0.0744677890625
0 0.7015042796875 0.07943656875 0.6976467625 0.07476624531250001 0.694228309375 0.0726175265625 0.690225865625 0.0710296703125 0.6878415812500001 0.07053180625 0.69206603125 0.0758519046875 0.6940706328124999 0.08045497812499999 0.69960354375 0.083057240625 0.7024577468750001 0.0847432453125 0.7015042796875 0.07943656875
0 0.7018752890625 0.047069553125000003 0.702612109375 0.044564917187500004 0.7007137453125 0.0408392671875 0.6961440421875 0.039816503125 0.6935573296875 0.0411960234375 0.6907934578125 0.044942598437499995 0.6896995687499999 0.0475741875 0.6922054984375 0.0496812046875 0.6963826609375 0.050096014062500006 0.7018752890625 0.047069553125000003
0 0.6853655171875 0.033796884375 0.683275975 0.029140807812500003 0.67609103125 0.0220466828125 0.6708978937500001 0.0208350046875 0.6666971312500001 0.02016966875 0.6826443125 0.033248821875 0.6853655171875 0.033796884375
0 1 0.4498049328125 0.992706865625 0.44746073906249995 0.9889183671874999 0.44284406093750006 0.9813522125 0.4382966546875 0.97560089375 0.43973022500000003 0.9744392562499999 0.4438982578125 0.9751323796875001 0.4490308140625 0.9769238843749999 0.45199284687499997 0.9758773234375001 0.4538361984375 0.97573425 0.45950390937499996 0.977698546875 0.47722625937499996 0.9853729390625 0.4985297046875 0.9937226296875 0.5092269593750001 0.9913843390625001 0.5192359609375 0.995428321875 0.5285820828125 1 0.5353202296874999 1 0.4498049328125
0 0.729176140625 0.51955745625 0.7284032 0.5180951 0.7244980828124999 0.515802859375 0.718567975 0.5151990015625 0.7130503859374999 0.5119806125 0.7108450625 0.5116313234375001 0.710290803125 0.513552646875 0.70836920625 0.5145882312500001 0.70699899375 0.5200631625 0.703130925 0.5191151421875 0.70267718125 0.5267443390625 0.700807403125 0.5274527499999999 0.6852949578125 0.5286786625000001 0.6579106453125 0.5240060343749999 0.6520691609375 0.52442076875 0.6498521546875 0.5257433609375 0.6495935484375 0.5273761328125001 0.675173128125 0.5307583640625 0.6899362109375 0.5310874953125 0.756748259375 0.5373174671875 0.7558851515625 0.5348362734375 0.7474675375000001 0.5324985 0.727714428125 0.5303744703125 0.72683785 0.5295664578125 0.729176140625 0.51955745625
0 0.7751793890625 0.173619884375 0.7642356765625 0.1682037296875 0.7520236687499999 0.14383710624999999 0.7468680796875 0.13833314375 0.7379361296875 0.13290024218750002 0.7347508359375 0.13239574062499998 0.7307659015625 0.1337737 0.7235041734375 0.1399892390625 0.712184990625 0.138531834375 0.706625934375 0.140329653125 0.699908115625 0.13993483125 0.6895585546875 0.1339436046875 0.684413315625 0.133128678125 0.682143190625 0.1347766546875 0.6815371125 0.13702514999999998 0.6822556015625 0.1451738078125 0.6887723203125 0.1579252390625 0.6883703953125 0.1652272640625 0.6896947203125 0.17112896875 0.7054009046874999 0.19403990468750001 0.7112498640625 0.20467487968750003 0.7164054531249999 0.2101788421875 0.71881314375 0.215582959375 0.722073834375 0.21877768749999998 0.72151803125 0.22069876875 0.718913659375 0.22129083125000001 0.7052474140625 0.21879093125 0.6956148 0.2209481171875 0.6902228484374999 0.2264552453125 0.68765240625 0.2347537453125 0.699404775 0.24933739375 0.7055919109375 0.254670940625 0.7076658421875 0.2590160578125 0.711422978125 0.2733395234375 0.7208267046875 0.29324313750000003 0.7211992984375 0.2956450578125 0.7188330109375001 0.3089970875 0.7254800312499999 0.3241120625 0.726791128125 0.3316854046875 0.7179550328125 0.33832234687499996 0.7081125109374999 0.3481473484375 0.7072198296875001 0.3553716453125 0.7255039296875 0.381033790625 0.7266730421875 0.3879154671875 0.7213963796875 0.397459075 0.7212131703125 0.401782075 0.73454099375 0.4095849484375 0.7440377640625 0.42414672500000006 0.7443302968750001 0.4302203890625 0.742043825 0.4399022171875 0.7434067421874999 0.44714838749999997 0.74777591875 0.4528631734375 0.75401333125 0.457869303125 0.7578919953125001 0.4635048171875 0.7685636296875 0.472226925 0.7785289125 0.4774881125 0.794836578125 0.48074016875 0.8000572140625 0.48424532343750004 0.802079328125 0.4889176125 0.801717084375 0.49120472812499993 0.79769246875 0.49759759687500005 0.7955226171875001 0.5049549890625 0.7892340234375 0.5050663578125001 0.7755748328125 0.4964690546875 0.7750157890625 0.506361203125 0.7589070328124999 0.48904840156249996 0.7538618875 0.4910873953125 0.7475141125 0.49911351093749995 0.744513659375 0.5076998484375 0.744856715625 0.5170103296875 0.7491131265625001 0.525654478125 0.7510426406249999 0.5316805109375 0.7542480874999999 0.5371018234375 0.7672046703125 0.53830916875 0.7972490734375001 0.5412089124999999 0.801757965625 0.542335946875 0.8139929828125 0.543704271875 0.823547325 0.5452175296874999 0.83432835 0.5405639484375 0.8526890015624999 0.53878459375 0.8652718828125 0.5417820812499999 0.8790904656249999 0.54966268125 0.9281995140625 0.5550978828125 0.9556124562500001 0.5581614296875 0.9668794296875 0.5582105140625 0.967914096875 0.5516778812500001 0.966848378125 0.5441434046875 0.9639113390625 0.5373170953125 0.9623032874999999 0.5300305187500001 0.9573930765625001 0.5245654203125001 0.952701546875 0.5224840015625001 0.9461772875 0.522455215625 0.9428235546874999 0.5246023234375 0.9388106234375 0.5293233109375 0.9329191078125 0.53006391875 0.9213043046875 0.5225323625 0.91634381875 0.5173946796875 0.910701890625 0.5054525609375 0.8926898671875 0.4764844640625 0.8879245171875001 0.4653503578125 0.8845172437500001 0.44405358125000005 0.8810808828125 0.43245920781249997 0.88369100625 0.4191457984375 0.8801271875 0.4051899109375 0.8749480203125 0.3966685484375 0.86338945625 0.38244939218749996 0.848886378125 0.350354215625 0.8445687749999999 0.3443138015625 0.837002375 0.3397679390625 0.834476521875 0.33668801406250004 0.834310959375 0.33297895 0.8366743703124999 0.32598759374999997 0.8362248375 0.3208952 0.8313428671875001 0.3120855296875 0.8223472062500001 0.30229051875 0.8200797140624999 0.297579365625 0.823526490625 0.2900904203125 0.8286733078124999 0.2845428859375 0.8298113671875 0.277357453125 0.8363797265624999 0.26601090156249996 0.8368350140624999 0.2583819484375 0.8320976625000001 0.24390481406250003 0.83578851875 0.2364529453125 0.833691009375 0.229090428125 0.8225047953125 0.21727473593750002 0.804383625 0.201680784375 0.7835187296874999 0.179628103125 0.7751793890625 0.173619884375