0 0.48769290156249995 0.6022718359375 0.48383861250000004 0.5939683484375 0.4803442953125 0.5898744828125 0.47087371093749997 0.5733864718749999 0.46574033437500006 0.5704231578125001 0.452702440625 0.5697699953125 0.44729361562500003 0.57317841875 0.4279553046875 0.5714509828125001 0.42399802343750004 0.5761663593749999 0.42918964062500004 0.5872582984375 0.41627748281250004 0.590671078125 0.4081541125 0.589673653125 0.3948501765625 0.602367240625 0.38584020625000004 0.6085905890625 0.3820670765625 0.6087932078125 0.3788581640625 0.6044006484375 0.374920546875 0.60391716875 0.3658516234375 0.611633525 0.360950059375 0.6210265015624999 0.359597765625 0.6218600984375 0.360314796875 0.6302774109375 0.363277315625 0.6346381437499999 0.366002559375 0.6429698703125 0.36978383125000003 0.6467652312500001 0.3713584359375 0.6542882031249999 0.37018168125 0.6598078093749999 0.36400041875 0.6653788421875 0.3626889140625 0.6750473265625 0.3747144734375 0.6788553203125 0.377220796875 0.6808285984375 0.379802728125 0.6801475546875 0.38172418124999996 0.6767170890624999 0.38549731249999997 0.6765144703125 0.375595153125 0.684465403125 0.4001538953125 0.68997285 0.441627446875 0.6854056609375 0.44457707031249993 0.6837685515625 0.44850179375000004 0.6782541890625 0.45203803125 0.6820194640625 0.45223060468750004 0.6855410578125001 0.45500510937499994 0.6883816078125 0.4799491296875 0.6907768734374999 0.521972984375 0.69717725 0.5005460875 0.68809986875 0.5081088109375 0.676765171875 0.513033171875 0.6696481890625 0.5103098078125 0.6663526671875 0.5096426468749999 0.66160629375 0.5030242953124999 0.6453000515625 0.496981734375 0.6395614984375 0.4916467015625 0.6382405375 0.4862803828125 0.6320844109375 0.4873654375 0.6212216140625 0.49043103749999994 0.616601403125 0.49054245312500006 0.611616890625 0.48869058593750003 0.60839059375 0.48769290156249995 0.6022718359375
0 0.7477000640625 0.687670284375 0.7455555515625 0.691904559375 0.74089243125 0.69732983125 0.74012995 0.7055654828125 0.7409180265625 0.7093270640625 0.7429545156249999 0.7120754234375 0.7464456328125 0.7141696171875 0.7485440859375 0.717426190625 0.7529982093750001 0.718805859375 0.7598684171875 0.71881664375 0.7619759515625 0.7169092703125 0.7678171859375 0.7059661328125 0.77022211875 0.69859805 0.7704188328125 0.6949573859375 0.760339521875 0.6905555921875 0.7477000640625 0.687670284375
0 0.930633734375 0.7058009968750001 0.92645273125 0.7072869125000001 0.9220139921875001 0.7027433484375 0.917417165625 0.701513028125 0.9119614078125 0.701175309375 0.9056093562499999 0.7040601921875 0.9020737296875 0.709457034375 0.9108701187499999 0.70820408125 0.9112415046875 0.715513196875 0.9066927609375 0.7206864687500001 0.9055146453124999 0.726204334375 0.9059754 0.7305932 0.909717346875 0.7278238984375001 0.9141205546875 0.7324260687499999 0.9176976124999999 0.727986725 0.9154746453125 0.72051323125 0.9342271828125 0.7080746265625 0.930633734375 0.7058009968750001
0 0.8052336796875 0.5029943859375 0.8066792250000001 0.5075041687499999 0.8053493250000001 0.5183353281249999 0.8078774359375 0.52114405 0.8130293953125 0.5229431390625 0.81622560625 0.5213363078125 0.8235836234375 0.51024566875 0.8209919984375 0.5069285406249999 0.81598523125 0.49581836875 0.8148747703125 0.4946823828125 0.81036324375 0.4947959125 0.8072074031250001 0.4960739625 0.8057575265624999 0.49872798749999997 0.8052336796875 0.5029943859375
0 0.5377226171875 0.4142329359375 0.54268530625 0.41295791875 0.5377273312499999 0.4047582 0.5405096671875 0.396265225 0.5415623765625 0.3918071640625 0.5395800734375 0.389732934375 0.5341339203125 0.3993046234375 0.5279097328125 0.4114050296875 0.5377226171875 0.4142329359375
0 0.18065251875 0.3819939203125 0.180917078125 0.3716978546875 0.1796591640625 0.3687113546875 0.17517850468750001 0.36449638125 0.16784478281249998 0.3534137671875 0.1635640171875 0.3614047625 0.162073771875 0.36438756875 0.1550907890625 0.36935955468750004 0.1451491 0.381132596875 0.1393941046875 0.3842576578125 0.1375179609375 0.389357653125 0.13687300625 0.39461039375 0.1377450234375 0.3997140828125 0.13537706875 0.40475526562499997 0.1356735265625 0.4084564828125 0.1338955765625 0.42089816874999997 0.1357344109375 0.43644911875 0.1353360421875 0.44173213593750005 0.126253475 0.4526110265625 0.12302978906249999 0.4605444796875 0.122591240625 0.4661547265625 0.125003184375 0.4719481015625 0.1297707984375 0.47586457031249996 0.138390540625 0.4789222203125 0.1440252296875 0.48594406718750005 0.1482498015625 0.4861290421875 0.15320443749999998 0.4824066765625 0.16042511406249998 0.48262736406249995 0.1709515359375 0.494580559375 0.1747464515625 0.49521338437500007 0.17555250312499998 0.488648621875 0.1771062625 0.486174221875 0.183057971875 0.479408496875 0.1868279015625 0.4772062078125 0.19212670468749998 0.4716936921875 0.19286171093749999 0.46978466250000006 0.1908390546875 0.4638722171875 0.19103101875 0.45823169375 0.1972759859375 0.453167515625 0.2028166234375 0.44568541718750004 0.209284840625 0.43981588125000004 0.2118991890625 0.4348065265625 0.2103511203125 0.4301188609375 0.20629103437500002 0.4306199828125 0.2128793375 0.41565667343749996 0.2008050359375 0.41127124843749996 0.18899692968749998 0.418833884375 0.18464668906249998 0.4176338421875 0.174281553125 0.40436707343749995 0.17236123125 0.3986340625 0.17951458125 0.38718455625 0.18065251875 0.3819939203125
0 0.2077866484375 0.6555271140625 0.20708387031250003 0.6531093828125 0.20508774999999999 0.6500322421875 0.2006118421875 0.64781713125 0.19371985 0.6469709 0.18707764375 0.6481546171875 0.1862001265625 0.6502114437500001 0.1828829984375 0.6528030671875 0.18922615781250002 0.65508058125 0.1899101609375 0.6586640874999999 0.1861991859375 0.6593733703125 0.181571684375 0.6624700015625 0.180782665625 0.6678703484375 0.1846242515625 0.67017444375 0.197486959375 0.6722543921875 0.203573840625 0.6705034578125 0.207401171875 0.666807971875 0.20677438124999997 0.66173281875 0.2077866484375 0.6555271140625
0 0.151355396875 0.6684225578125 0.15989553125 0.6629742890625 0.1637753234375 0.655787296875 0.1636818828125 0.6504454671875 0.159447809375 0.646260771875 0.15653474218750002 0.6364073109375 0.16023914687500002 0.6288666203125 0.1507074671875 0.6142224078125 0.14546439375 0.6176527562499999 0.14996038125 0.6309356265625 0.1427861859375 0.6323877609374999 0.1371643890625 0.631363753125 0.13331052031249999 0.6322239328125 0.1215838703125 0.643277203125 0.1204861125 0.6481406093750001 0.1203828390625 0.657123103125 0.125628240625 0.664264021875 0.129696278125 0.6677624296875 0.137537634375 0.6710566671875 0.1407014265625 0.6737781468749999 0.14502988125 0.6741427453125 0.151355396875 0.6684225578125
0 0.11849144687499999 0.6652705171875 0.1193393796875 0.6529413296875 0.11146819062499999 0.6503644265624999 0.11276586250000001 0.643860028125 0.1123854671875 0.638816703125 0.10640185937499999 0.63158514375 0.09605911875 0.6283159375 0.09092894375 0.62735229375 0.0836742 0.6294604390625 0.078790609375 0.628527071875 0.07567649843749999 0.6294780828125 0.060775421875 0.6429736296875 0.058263406250000004 0.6481624187499999 0.059193995312500004 0.6517762031250001 0.0642470140625 0.655393978125 0.070727934375 0.6555238343750001 0.086385471875 0.6592787453125 0.09649545781249999 0.6593535890625 0.10583214999999999 0.662174975 0.11849144687499999 0.6652705171875
0 0.05255197968749999 0.65295836875 0.04684624375 0.650592253125 0.028670099999999997 0.648028340625 0.0223148484375 0.648913553125 0.0211721609375 0.652104328125 0.0188673015625 0.648490246875 0.017493221875 0.6484884 0.01615061875 0.65332016875 0.019150115625 0.655354 0.0191982453125 0.6590263015625 0.02086723125 0.6627291750000001 0.0369074265625 0.6826890109375 0.041401728124999995 0.6837414484375001 0.0487201765625 0.68214015625 0.0517270140625 0.6790114015625 0.055930740624999996 0.6691990046875 0.056409468750000004 0.6632615265624999 0.05255197968749999 0.65295836875
0 0.24100161562500003 0.0379198875 0.246097884375 0.0447496859375 0.2531965203125 0.0357587125 0.25178919375 0.02966836875 0.24100161562500003 0.0379198875
0 0.4493678640625 0.12185460625 0.4472424734375 0.123394565625 0.44512350781250004 0.1288567296875 0.4433016546875 0.13805325156249998 0.45574337031249995 0.125189253125 0.4493678640625 0.12185460625