0 1 0.18318256718749998 0.9850492359375 0.180061075 0.98059913125 0.1805361640625 0.978749846875 0.1843654015625 0.9725242140624999 0.1872976296875 0.9735061984375 0.191248484375 0.9807988546875 0.198452409375 0.9888345296875001 0.20238725624999998 0.990967459375 0.20553356093750003 0.994886628125 0.20710676718749998 1 0.2067586421875 1 0.18318256718749998
0 0.683768996875 0.28333197656250003 0.668229403125 0.2838650921875 0.6548135484375 0.290440028125 0.652777909375 0.294363334375 0.6544171999999999 0.3022077953125 0.659369146875 0.304591403125 0.664740703125 0.3036504953125 0.6706449875 0.304439309375 0.6769260125 0.30214673125 0.67839035625 0.2938420328125 0.684548071875 0.2893873828125 0.6868652484375 0.2857659890625 0.690381109375 0.2848754828125 0.6899995 0.28417831250000003 0.683768996875 0.28333197656250003
0 0.5466490515625 0.3563652640625 0.5442948484375 0.357335259375 0.53720956875 0.3651517890625 0.53550041875 0.369131078125 0.5368144625 0.37024493125 0.5555858687499999 0.3751922109375 0.56204405625 0.3757010828125 0.5664387703125 0.37458634375 0.56480435 0.37052044687499996 0.565862603125 0.3664263875 0.5637064374999999 0.3615132703125 0.5603023328125001 0.3570099875 0.5466490515625 0.3563652640625
0 0.429122765625 0.5249002765624999 0.42639309062499997 0.528953475 0.4198859203125 0.5315837890624999 0.4217158671875 0.5364393859375001 0.4214392 0.5399160375000001 0.4458076078125 0.5502562203125 0.45185329531249996 0.5511968953124999 0.45949150625 0.5497735078125 0.4627549078125 0.54745338125 0.4641812515625 0.5431703703124999 0.46030592343750004 0.534680953125 0.4482596296875 0.519208765625 0.4457108703125 0.512715975 0.4385956484375 0.5083119609375 0.432734503125 0.5072784828125 0.42636719687499997 0.5100603875 0.424835209375 0.516841125 0.429074753125 0.5213663765625001 0.429122765625 0.5249002765624999
0 0.40852956406249996 0.6750190078125 0.40001861562499996 0.6737705671875001 0.37592980468750004 0.67707846875 0.357396390625 0.68602420625 0.3559884125 0.68829546875 0.35848762343749996 0.6912540875000001 0.363841084375 0.6923233890625 0.3733028328125 0.6919767640625001 0.3918796828125 0.6894612578125 0.4119137640625 0.6815337671874999 0.4155291296875 0.6743651609375 0.41180548906250003 0.6735816546875 0.40852956406249996 0.6750190078125
0 0.5355720640625 0.882901978125 0.5396674234375001 0.8939497203125001 0.54975461875 0.9052987609375001 0.548610084375 0.9098821453125 0.5184276999999999 0.9278356593750001 0.5535168890625 0.9215378421875 0.5656836000000001 0.9177730609375001 0.5800775796875 0.918626134375 0.58894981875 0.9124447484375 0.569984525 0.9048358640625 0.5837755796875 0.8951792624999999 0.5847230484375 0.88980590625 0.58844793125 0.8839147875 0.58481614375 0.879748971875 0.5859126671875 0.8716316859375001 0.5810454625 0.8687584796875001 0.576494734375 0.8583856671874999 0.5782038828125 0.854406378125 0.58909324375 0.8497785515625 0.5898023140624999 0.84385861875 0.59162098125 0.8411568171875 0.6002005453125 0.8372561328125 0.612071890625 0.8365791609375 0.620043971875 0.8323175046875001 0.6223841125 0.8304644640625 0.6244628921875 0.8262964937499999 0.6214097796875 0.8236178187500001 0.6082782453125 0.823820315625 0.583776934375 0.827560021875 0.5722119015625 0.8303059921875 0.5586314078125 0.8349622546875001 0.5482157812499999 0.8369034015624999 0.5412101015624999 0.8404533093750001 0.52762806875 0.8451093000000001 0.5234983390625 0.8485364328125 0.52492316875 0.850929584375 0.529788834375 0.85380251875 0.5328667203124999 0.8582482796875001 0.5336103078125001 0.861652559375 0.5306320734375001 0.8747277859375 0.5355720640625 0.882901978125
0 0.23408477187500001 0.777862853125 0.2340483125 0.7818848125 0.22538122343749997 0.7929494484374999 0.2205166765625 0.8072025140625 0.2228650375 0.8091270406250001 0.22469498593749998 0.8139826375 0.23387005312500003 0.8095570750000001 0.23549319375 0.8060655734375001 0.24371465468750003 0.8032329953125 0.25239886718750004 0.7968312359375 0.2599079265625 0.7961402984375 0.2647319890625 0.7992581671875 0.2692111734375 0.7976553703125 0.289155075 0.77976555625 0.2927250609375 0.7795128890624999 0.2951530234375 0.7771707937500001 0.3004260453125 0.7758348984375 0.3022189671875 0.778039096875 0.297924325 0.77954909375 0.29715499218749997 0.781050815625 0.3039947890625 0.78225685625 0.3056536890625 0.7814149421875001 0.3095077234375 0.7747913734375 0.3092577734375 0.7666889390625 0.3079067015625 0.7629236875000001 0.3155571640625 0.7623846125 0.3195699953125 0.7605742421875 0.33480995625 0.761749425 0.33897517499999996 0.7609734171875 0.3430617640625 0.7577909484375 0.35731333125 0.751236440625 0.3615367234375 0.74442573125 0.3587850546875 0.740037490625 0.35272684375 0.738214040625 0.3389196359375 0.73653468125 0.3343355078125 0.733963659375 0.3303854515625 0.7335194281249999 0.3230893140625 0.7396614015625 0.321121590625 0.7451071312499999 0.309870525 0.7470263109374999 0.3054883359375 0.7490238234375 0.2891684234375 0.75017615625 0.2836319578125 0.749199928125 0.2794600578125 0.7461986390625001 0.275791809375 0.74605478125 0.2666953703125 0.7528868078125 0.25996024375000004 0.7558561265625 0.2554688078125 0.7565746109375 0.24515755781249998 0.7560162234375001 0.2444019890625 0.75172609375 0.24178434218749997 0.7503839671875 0.23807295312500001 0.750484771875 0.235677146875 0.751699703125 0.23126309687500002 0.761499275 0.2323313640625 0.7649608046874999 0.2315179171875 0.7733802734374999 0.23408477187500001 0.777862853125
0 0.22914975625 0.7261277374999999 0.2565563140625 0.7155575 0.25614681250000004 0.71216611875 0.254476784375 0.7104437031249999 0.24018635625 0.7122156796875 0.2252443640625 0.7227307781250001 0.21424412343750002 0.73514990625 0.1991534875 0.7533195453125 0.2083734296875 0.749395328125 0.21469645 0.7438322312500001 0.21880463906249997 0.741058153125 0.2291710265625 0.7397651765625 0.2366844890625 0.733650415625 0.2349374078125 0.7284778296875001 0.22914975625 0.7261277374999999
0 0.34758023125 0.7828246390625 0.3357230671875 0.7871913796875 0.3378201046875 0.7964889656249999 0.34699409531250003 0.80772616875 0.3494936984375 0.812860090625 0.3607306328125 0.8284053437500001 0.36943177031249996 0.8310946359375 0.371743828125 0.8225713203125 0.36724887968750003 0.8182168140625 0.36172848125 0.8143240671875001 0.3527246109375 0.8118669828125 0.3501558171875 0.7882654812500001 0.3568707140625 0.77652978125 0.351900484375 0.7767513265625 0.34758023125 0.7828246390625
0 0.46013428906250003 0.666459409375 0.46058724531250006 0.6627568140625 0.45520681406249996 0.6591140453125 0.449384525 0.6582651171875 0.44480123125000004 0.66102523125 0.4490803671875 0.6658208390625 0.46013428906250003 0.666459409375
0 0.45545271718749997 0.6524555890625 0.459035575 0.6503932890625 0.4569696515625 0.6461291390625 0.45542564687500003 0.6446098171875 0.45019644062499997 0.644698434375 0.45118563125 0.650345053125 0.45545271718749997 0.6524555890625
0 0.768448240625 0.1331056609375 0.7678314937499999 0.1305836875 0.76079858125 0.1283583140625 0.7540502921875001 0.12260216093750001 0.752444875 0.12141313281249999 0.73961695625 0.132922946875 0.728992190625 0.1468298796875 0.7426504140625 0.140707021875 0.7467828359375 0.138416371875 0.7503933734375 0.13362364843750002 0.763850890625 0.13698026562500001 0.768448240625 0.1331056609375
0 0.962651065625 0.13162488125 0.9787238953124999 0.1390632796875 0.98490221875 0.135040646875 0.973872459375 0.132429428125 0.962651065625 0.13162488125