0 0.073865459375 0 0.072776803125 0.0024829312499999997 0.0320895640625 0.259581796875 0.0239762609375 0.35547444375000004 0.009222006250000001 0.5201247390625 0 0.60363038125 0 0.7143987125 0.0054885640625 0.7146449406250001 0.0104332890625 0.7145184718750001 0.0151693953125 0.7142608781249999 0.017835859375 0.713086990625 0.0191164984375 0.7109643171875 0.019241417187500002 0.71167384375 0.02014399375 0.7097507375000001 0.0187109203125 0.7082312859375001 0.022956446875 0.6782798046875 0.0336179078125 0.59880035 0.037679331249999996 0.563988353125 0.0413178234375 0.5260435 0.0460795265625 0.479518721875 0.059026321874999996 0.3432602296875 0.073189796875 0.18845276093750002 0.0788124734375 0.12014131406249999 0.08188893593749999 0.07895298125 0.08220407656249999 0.0763040421875 0.08281134375 0.0739481609375 0.0831043078125 0.0711296015625 0.0833878015625 0.06790139218749999 0.0861739796875 0.0660915265625 0.0853068859375 0.064644315625 0.08024400000000001 0.0626701890625 0.077577359375 0.058601378125000006 0.08716093750000001 0.0398936953125 0.10914818125 0 0.073865459375 0
0 0.0854734578125 0.04294699375 0.0866722734375 0.045296265625 0.0856974453125 0.0479751890625 0.087149571875 0.051951303125 0.0859353328125 0.0558721265625 0.0853236703125 0.057396775 0.0837879328125 0.058912696875000004 0.0820643625 0.059976479687499994 0.08048471874999999 0.060221446874999994 0.0784013125 0.059891468749999996 0.08063163125 0.0626698875 0.083550990625 0.06144746250000001 0.086118921875 0.059936826562500004 0.0869775890625 0.05912996875 0.0884493375 0.057228984375 0.08886577343749999 0.055258935937499996 0.0894689421875 0.052299671874999995 0.08954546249999999 0.0497489890625 0.08931182343750001 0.0468992296875 0.08881108125 0.045106639062499995 0.088161615625 0.042614989062500004 0.0866353890625 0.040375221875 0.0854734578125 0.04294699375
0 0.5662398625 0.125536303125 0.568783753125 0.12181025625 0.5703037875 0.1184757390625 0.56962091875 0.11244940781249999 0.5674615484375 0.1113005890625 0.5637495265625 0.11119516562500001 0.5639618046875 0.11658694218750001 0.564698340625 0.11977737968749999 0.560049225 0.1220926640625 0.5585590218750001 0.12215246875 0.5585894921875 0.11720570781249999 0.559813684375 0.1135316671875 0.5593832640625 0.10838851406250001 0.5599490734375 0.10235904375 0.56356481875 0.0730877296875 0.5646447515624999 0.06481101875 0.566279784375 0.055067143750000005 0.5664216671875 0.0508752296875 0.567737015625 0.0446180203125 0.5648674921875 0.0445669375 0.56369554375 0.041408784375 0.5573423046875 0.0336680546875 0.55686566875 0.03667741875 0.5532047125 0.0490444765625 0.5525626781249999 0.044767953124999996 0.55151994375 0.0428515515625 0.5426717625 0.0375489828125 0.5387605390625 0.035964499999999996 0.5361029796875 0.031079245312499997 0.5334804375 0.027541053125 0.5285002984375 0.0273217890625 0.5280127125 0.03148900625 0.5307262015624999 0.0350922265625 0.5272453046875001 0.034596274999999996 0.5232529718750001 0.0433023609375 0.5203569546875 0.0398727234375 0.52257695625 0.029561814062500004 0.5183444359375 0.027698639062500002 0.5134740078125 0.032989373437500004 0.5107945203125 0.0420362796875 0.507015515625 0.0350623765625 0.50299463125 0.03500928125 0.50301425625 0.040688521875 0.5025544 0.0458093171875 0.49680563125 0.05363922343750001 0.492880865625 0.05642517968750001 0.4950163984375 0.05850358906250001 0.4874040453125 0.060710234375000005 0.4842712859375 0.065856965625 0.48320528281249997 0.0704799359375 0.48503401718749994 0.078660478125 0.48937175625 0.0816571953125 0.5028101328125001 0.08504645937500001 0.5155367 0.0889146453125 0.526045715625 0.0947381265625 0.53006515 0.09782680625 0.5339974484375001 0.10902671718750001 0.530779128125 0.125790590625 0.5289642546875 0.1226065421875 0.524747834375 0.115098259375 0.519754690625 0.1167689796875 0.5190471546875 0.1135752265625 0.5162854375 0.10584173593749999 0.5185604859375 0.0993283796875 0.517338615625 0.094058290625 0.511180703125 0.0909773625 0.5012262578125 0.0883645390625 0.495775809375 0.0896464328125 0.4889999328125 0.10841597343750001 0.50649061875 0.11562525312500001 0.5063908703125 0.1210593640625 0.503183853125 0.13320723750000002 0.500522440625 0.14318878906250002 0.49904260625 0.15198274843749998 0.499262740625 0.159462396875 0.5016446 0.1680959828125 0.5100010312500001 0.1733570515625 0.5143305093749999 0.17800404375 0.5145560421875001 0.17860769375000002 0.51672445625 0.185652390625 0.5192890218749999 0.183024346875 0.5242980640625 0.16813872968750002 0.52435070625 0.15826762187500001 0.5288761875 0.14626529531250002 0.5320535796875 0.1476686890625 0.5341475499999999 0.1491804953125 0.535168971875 0.1526897359375 0.5325961625 0.15506019375 0.53146006875 0.159146846875 0.5348327390625001 0.1641216328125 0.5397520046875 0.16491500625 0.54188681875 0.1610150125 0.5463306015625 0.15407314375 0.5470240468750001 0.1507137 0.5482970046875 0.14324589375000002 0.5464270875 0.1374428671875 0.5497859484375 0.13952835937500002 0.553186315625 0.1448476578125 0.5556152703125 0.142126946875 0.5539985265625 0.1353547171875 0.5555095999999999 0.133265378125 0.5603601515625 0.133024328125 0.561590409375 0.13280786875 0.5638141828125 0.128885578125 0.5662398625 0.125536303125
0 0.533201715625 0 0.5352183078125 0.0014763921875 0.5382895125 0.0041095656250000005 0.5405175328125 0.0111874328125 0.541640421875 0.0145055046875 0.5436077671875 0.0159877640625 0.55118948125 0.01619194375 0.55775058125 0.015278960937499999 0.559568965625 0.012817489062500001 0.5592340515625 0.0083997703125 0.5578479171875 0.00741296875 0.551352575 0.009598784374999999 0.549267778125 0.0067405859375 0.551776509375 0.00553380625 0.551906140625 0.0019885625 0.5393508515625001 0 0.533201715625 0
0 0.4749792453125 0.5424412265624999 0.4769581140625 0.5415634203125 0.4763048046875 0.5392958015625 0.47272332187500005 0.5373174265625 0.4724280125 0.5368846515625 0.47253656250000003 0.5354701562499999 0.4711143390625 0.5340220296875 0.46627491093750006 0.5327445609375 0.46395289999999995 0.53452036875 0.4643438890625 0.5368461046874999 0.4679134234375 0.539349384375 0.470503125 0.5412371203124999 0.4749792453125 0.5424412265624999
0 0.4445605546875 0.6075072015625 0.44441683593750003 0.6031308390625 0.44462655624999997 0.6018067203124999 0.44217896406249996 0.599670975 0.440587859375 0.59941896875 0.438060890625 0.5993525328125 0.43684687499999997 0.605529290625 0.43838927656250004 0.6085958296875 0.44320580468750004 0.609009075 0.4445605546875 0.6075072015625
0 0.44882420625 0.623606771875 0.4466948765625 0.6219786265625 0.44347975625 0.6199744328125 0.43699664687500006 0.6179778578125 0.43524312500000006 0.6179722265625001 0.43332568125000004 0.620349984375 0.43319051093749994 0.6212034078124999 0.4374523734375 0.6242197468749999 0.438761059375 0.624427021875 0.4432095125 0.6272640921875 0.44648717343750005 0.627754746875 0.448483721875 0.6259163171875 0.44882420625 0.623606771875
0 0.44218564687499995 0.6477419796875 0.44066103593749995 0.6448427828125001 0.43772740624999995 0.6431188890625 0.4369495109375 0.6414880578125 0.43656311406250004 0.6399223984375 0.43335368281250003 0.6401196375 0.43109049375 0.6417038500000001 0.4288290359375 0.6449351765625 0.4274504484375 0.6488948296875 0.43019267499999997 0.6518571546875 0.43700388749999997 0.6548485546875 0.44043018749999996 0.6517938125 0.44060992812500005 0.6494603890625 0.44218564687499995 0.6477419796875
0 0.4293920875 0.669157409375 0.43395335468749996 0.6686253359375 0.4350997953125 0.6661713406249999 0.4337827390625 0.663080378125 0.4319103203125 0.663365984375 0.4302220765625 0.66342764375 0.42773148125000005 0.6650992328124999 0.42735939843750004 0.6668991234375 0.4293920875 0.669157409375
0 0.4072943890625 0.38112155625 0.404555153125 0.3805674734375 0.40300201874999997 0.3817737359375 0.4002550046875 0.3866224546875 0.40001901249999994 0.3902299515625 0.4064100328125 0.39131970625 0.41010901093749996 0.3930556640625 0.41262799218749996 0.390795328125 0.4078004734375 0.3882241078125 0.4057310421875 0.38720659999999996 0.40533677187499995 0.3854609296875 0.4081084078125 0.3828039859375 0.4072943890625 0.38112155625
0 0.42788420625 0.9275939328125 0.435425225 0.9170880125 0.4418072875 0.9020734078125001 0.44297176875 0.8919544281249999 0.4439659640625 0.8885239703125001 0.44473322499999995 0.8836796671875 0.4481445609375 0.8609427640625 0.4499263328125 0.8519704046875001 0.449537578125 0.8432680749999999 0.4451519796875 0.8491434140624999 0.444613053125 0.853824553125 0.4407201578125 0.8619926953125001 0.4339686140625 0.8629894171875 0.42984590625 0.8614916687499999 0.42824845468749995 0.8580335734375 0.42737672031249996 0.8562660671875 0.4237726859375 0.8518431312500001 0.42394806875 0.847409734375 0.424312253125 0.845649725 0.41848810312499996 0.844296971875 0.410574334375 0.8398068296875 0.4113123359375 0.8344880453125001 0.412858328125 0.8290219703125 0.4112771890625 0.8238927265625 0.4134467671875 0.8140500046874999 0.4123929890625 0.8097462343749999 0.4084192015625 0.8088763875 0.399785053125 0.8109022124999999 0.397597990625 0.8180686234375001 0.393681025 0.8215344828125 0.391007296875 0.8285573718749999 0.38947326718749997 0.8324496921875 0.38572954843749996 0.8281296078124999 0.38397262187500003 0.821653153125 0.3848858171875 0.815188290625 0.3874019546875 0.80986954375 0.388415246875 0.80438079375 0.38840199375 0.801687753125 0.389584203125 0.799687121875 0.3922585625 0.7993323671875 0.3946771109375 0.794589821875 0.39375973124999997 0.7916222765625001 0.392893871875 0.7875903109375 0.394878259375 0.782302828125 0.39670640625 0.778281490625 0.3925675015625 0.7742990562500001 0.3961426421875 0.765749953125 0.39362305468750003 0.7577162687500001 0.392786890625 0.7544356999999999 0.3924821 0.7527643187499999 0.38735811875000004 0.754551946875 0.385004440625 0.7605529453125001 0.384057034375 0.7665346328125 0.38305487656250004 0.7728620109375 0.3817485703125 0.7800809125 0.38074703906249996 0.7849260765625 0.38107131875 0.7952840171875 0.37924056093749997 0.7988224374999999 0.38031108593749996 0.8051379703125001 0.3789513125 0.8122250093750001 0.37968074218750003 0.815839871875 0.37683788281249997 0.8213536593749999 0.3717947734375 0.8225307984375 0.3665154578125 0.821813284375 0.364701759375 0.8210988890625 0.353673646875 0.8173842296875 0.34933425156250003 0.810202921875 0.33946782343750004 0.8112394203125 0.3374978484375 0.8137290890625 0.33376141718749996 0.818811846875 0.33297058125 0.828279696875 0.3305581265625 0.8364197109375 0.329265103125 0.8437245593749999 0.3293568078125 0.845602653125 0.3155042296875 0.8432504234374999 0.313593715625 0.8469328265625 0.310012646875 0.8469794484375001 0.3072666625 0.845079615625 0.304491675 0.8445515109375 0.306902578125 0.8321763000000001 0.305677009375 0.8278484828125 0.30201705625 0.85154581875 0.29923954531249997 0.8554484312499999 0.29781720156249997 0.8605433421875001 0.2991976390625 0.8651219093750001 0.2993222734375 0.8720359046875 0.30008030625000004 0.8761393828124999 0.2988418828125 0.8801829328125 0.298361271875 0.8865834250000001 0.297543925 0.889996015625 0.2966582828125 0.8965965468749999 0.294418953125 0.9009466703125 0.29306601250000003 0.9051239531249999 0.296847996875 0.9101113640625 0.2928924296875 0.9134413875 0.2829662578125 0.9718577953124999 0.32828579687500004 0.9785358000000001 0.34005573437500003 0.9696061484375 0.3469811328125 0.9571739578124999 0.34761295937500003 0.956970290625 0.3570724125 0.969899884375 0.3656385640625 0.9743462296875001 0.3684025828125 0.9764118609375 0.3783679265625 0.985628 0.382411040625 0.9876083015624999 0.384193509375 0.9878906171875 0.415968346875 0.99286946875 0.416894946875 0.9850414828125 0.4233688015625 0.9802246015625 0.4269089078125 0.9717269 0.42194341875 0.961926340625 0.41864577187499996 0.9459702796875 0.420673728125 0.9363724812499999 0.42788420625 0.9275939328125
0 0.43334717187500005 0.8555664390625 0.43617448750000004 0.8553846140625 0.438280828125 0.8527630937499999 0.437268528125 0.8492062562499999 0.43674767187499997 0.8497280765624999 0.4343613421875 0.8492631093749999 0.43255650156250003 0.850410521875 0.43189625937500004 0.8533006328124999 0.43334717187500005 0.8555664390625
0 0.3596848921875 0.78758110625 0.35476395781250003 0.7872177671875 0.35205444531249996 0.7897421734375001 0.35451671406249996 0.7926142796875 0.3600713578125 0.79291188125 0.3631888953125 0.790717871875 0.3634186765625 0.78735934375 0.36222828906250004 0.7862453484375 0.36208874375 0.7863972640625 0.3596848921875 0.78758110625
0 0.3707177765625 0.7700806328125 0.3674732140625 0.7691712500000001 0.36732152500000004 0.7694098328125001 0.36602446093749996 0.771566290625 0.36527725 0.7735472265625 0.367430634375 0.7743043484375 0.3708453234375 0.7732806078125 0.3707177765625 0.7700806328125
0 0.3755606890625 0.792800765625 0.3734634328125 0.7927280375 0.372148846875 0.7929675265625 0.37043665 0.7947086156250001 0.3695333609375 0.7993130609375 0.37351441875 0.7995876546875 0.375669328125 0.7962999046875 0.3755606890625 0.792800765625
0 0.44226789375 0.8176814578125 0.4477767984375 0.8152713796875 0.450605890625 0.813749903125 0.4542501171875 0.8114067625000001 0.455409378125 0.8054159171874999 0.4545129859375 0.8052723593750001 0.451827465625 0.8084143734374999 0.44905617500000006 0.811368784375 0.4453684375 0.8088926593749999 0.44512775 0.8083846906250001 0.444787846875 0.8067552078125001 0.4418788828125 0.8056047296875001 0.440068209375 0.8063794546875 0.442269853125 0.8093289296874999 0.44270455625 0.8116283671875 0.44065012968749995 0.81355255 0.438771965625 0.8173603078125 0.44226789375 0.8176814578125
0 0.313614784375 0.7795392078125001 0.31201430625 0.7870073453125 0.3126237375 0.7889626921875 0.31445412500000003 0.7902808828125 0.3166869578125 0.7898372124999999 0.315808259375 0.78615599375 0.315087659375 0.782934859375 0.313614784375 0.7795392078125001
0 0.3318576390625 0.8029547406249999 0.3340045375 0.804022484375 0.33461785 0.80142868125 0.33536733124999996 0.7982647859374999 0.33520765468749997 0.7966859953125 0.3338492609375 0.7934065578125 0.3320088203125 0.795617746875 0.33289939999999996 0.7975559265625 0.33105524062499997 0.8010890609375 0.3318576390625 0.8029547406249999
0 0.7974486671875 0.31607302656249997 0.7982976921875 0.316745371875 0.7999237921875 0.316177128125 0.8006720828124999 0.31601721875 0.8011792359375001 0.31612127343749996 0.8019239578124999 0.31765193125 0.8053806890624999 0.31789093749999997 0.8066077984375 0.3166156359375 0.8076585625 0.3143062671875 0.80041256875 0.3139401109375 0.783590878125 0.3132343046875 0.7798677953125 0.31315876875000004 0.7768722171875 0.313244334375 0.7756315671875 0.313955890625 0.7751805203125001 0.31679370625000003 0.7753100468749999 0.3207802375 0.7758986812499999 0.32019005312500004 0.7764857234375 0.3190206140625 0.7766826234375 0.3186863640625 0.7766524046875001 0.31834778125 0.777156975 0.31689001562499997 0.7783643765625 0.31673795937500004 0.77881538125 0.320452684375 0.7801422421875001 0.3203654265625 0.781960146875 0.3187359984375 0.782315671875 0.318099403125 0.783233921875 0.3165268125 0.7840416328125001 0.3162813953125 0.786012634375 0.3164021515625 0.7863235921875 0.3168959375 0.7875190234375 0.31901686875 0.7880059125 0.31953852031249996 0.7881696828125 0.3210515171875 0.7902192218749999 0.32068639062500004 0.7915814515624999 0.31950684375 0.7918154609375 0.3174999921875 0.7919173171875 0.317516125 0.7922826484375001 0.31828587812500003 0.7908278515625 0.3209188375 0.7919702156249999 0.321047565625 0.793801790625 0.3197113859375 0.7948619859375 0.3175522171875 0.7963546953125 0.31598835 0.7974486671875 0.31607302656249997