0 0.4534156203125 0.5836029875000001 0.4434655515625 0.581912915625 0.43651745000000003 0.5786918062499999 0.432388690625 0.5812946015625 0.4340254265625 0.5869657328125 0.4403075921875 0.59079643125 0.44551797656250003 0.5983325015625 0.44351395312499997 0.60926301875 0.44128051093750004 0.611170625 0.43444980937500005 0.6146943734375 0.42636441718749996 0.6165838984375 0.41606200781249997 0.6185644828125 0.41193938281250003 0.625772896875 0.414602278125 0.631634846875 0.42568273437500004 0.632653346875 0.42471116562500005 0.63442531875 0.41899421718749996 0.6352603109375 0.4131236484375 0.6385815734375 0.40844472343750005 0.6414067390625 0.40623951406250003 0.643597475 0.40205673124999997 0.6483810328125 0.40190694374999997 0.652508621875 0.39778636093749997 0.65650261875 0.39860068437499996 0.666864428125 0.402032259375 0.669248371875 0.40614272656250006 0.6717675578125 0.410290540625 0.6717644859375 0.41247495624999997 0.67403014375 0.41753354375 0.6760874234375 0.4237617796875 0.6761021984375 0.4227525734375 0.683476290625 0.425519553125 0.6854615734375 0.43631286718749995 0.6851066359375 0.44419938593749997 0.6840325265625 0.44594438125 0.6786170046875 0.44130696562500005 0.6735661171875 0.4370656046875 0.6737152671875 0.43127742812500003 0.6705702828125 0.42974409687500004 0.668624690625 0.42557916249999994 0.6622194078125 0.4192901703125 0.6635721484375 0.418249778125 0.6609019843749999 0.4201834546875 0.6513314359375 0.42711456875 0.6477991234375 0.4344925328125 0.6440919609375 0.43468489374999997 0.6433210578125 0.4343607328125 0.63391254375 0.4358524234375 0.6335203968750001 0.44179437187500004 0.6270929796875 0.44295920312500003 0.629942759375 0.44444843437500003 0.63954930625 0.4477390375 0.6447570796875 0.45192665937500004 0.6693807609375 0.45206508593750006 0.6727825671875001 0.45443415781249996 0.6734594890625 0.455786671875 0.6790935921875 0.455545446875 0.6842038546875 0.45724478749999997 0.6916124375 0.4573835 0.6971499171875 0.4600389 0.7035853328125 0.4631507765625 0.7119428437499999 0.458557446875 0.7109847265625 0.45805410625 0.7178679156250001 0.46416111718749997 0.72308405625 0.4673228546875 0.723266621875 0.46803560156249996 0.726619834375 0.46855603125 0.729068259375 0.46886206562500005 0.7343257703125 0.466812565625 0.740157446875 0.4670657359375 0.7457073390625 0.46932183437499997 0.7504896484375 0.4746004984375 0.7523723578125 0.48074633593750005 0.7668420125 0.4805724640625 0.7731935203125 0.48198099687499996 0.778211896875 0.4823408546875 0.7881415640625 0.49705095468750005 0.7927990015625 0.50531825625 0.7957333171875 0.5140463265624999 0.7955521921875001 0.5171271671875 0.794895740625 0.52273774375 0.7923278093749999 0.5214353640625 0.782179959375 0.52137909375 0.7707401078125 0.5269371984375 0.76941333125 0.5271049328124999 0.7615599671875 0.5310994828125 0.7617827609375001 0.5330032578125 0.767718209375 0.5338972109375 0.77420855 0.5367665828125 0.77815605 0.53776303125 0.772623284375 0.5404642703125 0.767903846875 0.5442955140625 0.77237850625 0.553383334375 0.777309290625 0.55301834375 0.7780721609375 0.5561058296875 0.7770261281249999 0.5553096953125001 0.7737465484375 0.55162536875 0.7643717640625 0.55929985 0.772205140625 0.559672940625 0.777432425 0.5621359953125 0.7764472359375 0.56305141875 0.774771859375 0.5635606546874999 0.767029609375 0.56716841875 0.7677323703125001 0.568227840625 0.7739415390625 0.56973103125 0.7781426890625001 0.577405128125 0.7763773265625 0.5840227734375001 0.7770968515625001 0.5891472953125 0.7767663687499999 0.5908847203125001 0.768076175 0.5877852484375 0.7615881875 0.5818577265625 0.7581709125 0.576748659375 0.7620235875 0.57620191875 0.7609018109375 0.57364319375 0.757048021875 0.5779424890625 0.75387225 0.580876546875 0.7517662031250001 0.5843127531250001 0.747257946875 0.584778253125 0.7429322625 0.5888405031249999 0.7423387671875 0.5904927703125 0.7451520296874999 0.5879784234375001 0.7500969125 0.593151403125 0.7498967015625 0.593596175 0.750185540625 0.590899853125 0.7525908875 0.5891372328125 0.7567210484375 0.5937031562499999 0.75715944375 0.5964926968750001 0.7577102531250001 0.593305390625 0.75985735 0.5913890703125 0.763948296875 0.5955025640625 0.764505225 0.5982813546875 0.7666062046875 0.592039703125 0.7686325734375 0.5907154484375 0.7722398546875 0.592628515625 0.773679821875 0.59925795625 0.779474996875 0.5905516578125 0.7798863140625001 0.5873205765625 0.7858030125 0.5794594656250001 0.7924977890625 0.5817100984375 0.8000575546875 0.5843059125 0.8047772421875001 0.5904958828125 0.8002155906249999 0.6034529828124999 0.7884041765625 0.60290730625 0.7790507328125 0.6015541062499999 0.76498885625 0.603946671875 0.7457858453124999 0.6037933046874999 0.7317548703125001 0.6040464796875 0.7317585640625001 0.61043851875 0.7331602140625 0.614243046875 0.7279874203125 0.6113356359375001 0.720118384375 0.6096807921875 0.703224525 0.61029491875 0.7008831765625 0.6117218624999999 0.6912733765625 0.61542894375 0.68834009375 0.613003159375 0.683946878125 0.6081754859374999 0.6779332578124999 0.6094386218750001 0.674263890625 0.6140895328125 0.6653473765625 0.61429883125 0.6584260515625 0.6158724656250001 0.6549398796875 0.6172882609375 0.64725413125 0.6161107125 0.6427888796875 0.6084866703125 0.636064565625 0.602844978125 0.635209478125 0.5858527203125 0.63882129375 0.567411334375 0.637479271875 0.5517828953125 0.638504128125 0.545394828125 0.6374067390625 0.53982968125 0.63606255 0.5328470640625 0.6382703750000001 0.533067809375 0.6349200171875 0.5289518281250001 0.630060203125 0.5236008921875 0.625357459375 0.5196841296875 0.61617425 0.5174201671875001 0.605523140625 0.517479665625 0.602473821875 0.5176252453125 0.5958088453125 0.5136455234375 0.5910414734375 0.5153353453125 0.5870497859375 0.5178696171875 0.59268988125 0.523130309375 0.6003574265625 0.5344513875 0.605604234375 0.542261725 0.6067794937500001 0.54745905 0.6116538640625 0.5483591999999999 0.6175646265625 0.5496425781250001 0.6246846359375 0.55695101875 0.6333210390625 0.563844075 0.635381353125 0.5739503 0.6352283703125 0.5847887625 0.6331769734375 0.5924010562500001 0.6282650765625 0.59270413125 0.6236336703124999 0.5930698046875 0.6160577140625 0.5905029046875 0.6065891796875 0.590233159375 0.6008335515625001 0.589351134375 0.593730465625 0.589597746875 0.591103025 0.588451125 0.585490653125 0.575344721875 0.5824635406249999 0.5726936234375 0.582797021875 0.5645718203125 0.58367354375 0.5629412328125001 0.5761976328125 0.5632131328125001 0.5698939765625 0.5618006140625 0.5643157578125 0.559554115625 0.5568956859374999 0.5589498078124999 0.5433359531249999 0.55587615625 0.5310023578124999 0.556276878125 0.519390290625 0.5496337078125 0.49820701562499997 0.540801240625 0.4893897734375 0.5310451109375001 0.47515237812500005 0.5280540453125 0.4719399953125 0.5252397640625001 0.4773751375 0.5214798609375 0.47404024062500005 0.5171378468750001 0.46484039375 0.5087168515625 0.4566513296875 0.4974366078125 0.4540315640625 0.495714025 0.4608751953125 0.49665287812500003 0.4706354703125 0.49923530312500003 0.4806805640625 0.49889266875000005 0.49319719375000004 0.4999076203125 0.50194770625 0.49878764374999995 0.5107095296875 0.49624036875 0.5193322515625 0.4994674703125 0.521430590625 0.5022655296874999 0.528642375 0.5032647828125 0.539295540625 0.507218584375 0.5515538734375001 0.49682341875 0.5492427703125 0.4917046328125 0.5478867703125 0.48844960468750004 0.540569246875 0.48898207656250003 0.532898734375 0.4872969484375 0.527255459375 0.483790696875 0.5235056328125001 0.47663610937499995 0.5188396296875 0.46703377343749997 0.5215435937499999 0.45774068593750006 0.5271002859375 0.4580394484375 0.5345781421875 0.4595758109375 0.5413552484374999 0.45677017343750004 0.5455234078125 0.4567009796875 0.5466483125 0.46044332343749994 0.55842285 0.4525584078125 0.5570094546875 0.4500595953125 0.5623280234375 0.4528870171875 0.5692044984375 0.45342842968749997 0.5717666734375 0.4530920890625 0.575595265625 0.457007396875 0.578729403125 0.45874809531249994 0.583236290625 0.45829062187499997 0.5833686734375 0.4534156203125 0.5836029875000001
0 0.4227454796875 0.540022646875 0.4289669015625 0.53802134375 0.43186705 0.534906553125 0.4318241828125 0.5307368484375 0.42505859062500007 0.5293363265625 0.42221167187499997 0.5335883390625 0.421541565625 0.537642825 0.42157293906250004 0.539458796875 0.4227454796875 0.540022646875
0 0.5577827703125 0.4735904234375 0.5590921765625 0.47025146875 0.557741709375 0.4678660578125 0.5547356515625 0.4675817125 0.553606225 0.470114059375 0.553480859375 0.47326683281250004 0.5542586296875001 0.4750471546875 0.5577827703125 0.4735904234375
0 0.556614665625 0.513366553125 0.5582405140625 0.516250925 0.5611154609375 0.515903409375 0.56177675 0.5144753375 0.5615868390625 0.5114550718750001 0.5592187078124999 0.511594225 0.556614665625 0.513366553125
0 0.5406607921875 0.8249294468749999 0.5334849234375 0.8231017671874999 0.5350845140625 0.8325586609375 0.5352840249999999 0.8353835999999999 0.5344908109375 0.8387837578124999 0.53880510625 0.842374609375 0.5520357546875 0.8398914140624999 0.5545875328125 0.829403559375 0.5584853187500001 0.8247221140625 0.5612440296875 0.829990228125 0.558211 0.8361172203124999 0.5609639750000001 0.8412907109375001 0.5665319531249999 0.8416486984375 0.5727918468750001 0.8423835640625 0.577864403125 0.8445065625 0.5828908609375001 0.8477128171875 0.5680253093750001 0.8561520187499999 0.557350475 0.8609497203125 0.5455148953125 0.8738214421875 0.5431547140624999 0.8849251046875001 0.545147409375 0.8884982578124999 0.5507154265625 0.892065428125 0.5536761421875 0.8886869703125001 0.5548779984375 0.8802352109375 0.5573843265625 0.8771689874999999 0.5658054359375 0.8828485015625 0.57176209375 0.8880486796874999 0.5757891328125 0.895218078125 0.5814573390625 0.9020146765625 0.5886115484375 0.9028837234375 0.5899506484375 0.9141211874999999 0.59277419375 0.9153580421875 0.5952291140625 0.9095248546875 0.5948074 0.9053238562500001 0.5947146234375 0.9006487968749999 0.5939567015625 0.8999313250000001 0.5760907484375 0.8837484812499999 0.5667893921875 0.8752353734374999 0.5647900203125 0.87009019375 0.5676400875 0.8650563796874999 0.5731028515625 0.861793046875 0.5761842140625 0.8598314031250001 0.5823072484375 0.8564804390624999 0.58775695 0.8518780593749999 0.5902677453125 0.8487501843749999 0.5928304546875001 0.8450473890625 0.5930662546875001 0.8455931015625 0.6061250312500001 0.843699140625 0.6071126765625 0.840717709375 0.6033953765625 0.8313531281250001 0.60392784375 0.8225628328125 0.6047430796875 0.8158769203125 0.595168771875 0.8083643 0.590912425 0.8136810531249999 0.5901820421874999 0.81947355 0.5810245046875 0.8194152984375 0.5787196390625 0.812314334375 0.5703659359375 0.80388573125 0.561243771875 0.8079093234375 0.555735915625 0.8117796734375 0.5454631015625 0.8130878484374999 0.5423724984375 0.802094884375 0.53813718125 0.8073001421875 0.5354942234375 0.8104976421875 0.52778706875 0.807508159375 0.5144297375 0.8015344531249999 0.514192790625 0.8076869125 0.518691071875 0.8170883609375 0.529722559375 0.8163058109374999 0.53641614375 0.81518815 0.5406607921875 0.8249294468749999
0 0.5146007859374999 0.90293025625 0.5200825578125 0.8968179 0.5173698953125 0.8916837624999999 0.5116893578124999 0.8889775515625 0.5045583828125 0.8885109046874999 0.49968084843750005 0.89100289375 0.500202834375 0.8957432687500001 0.5030923484375001 0.8994548625000001 0.5045084546874999 0.9010819296875001 0.5123775171875 0.902909228125 0.5146007859374999 0.90293025625
0 0.4843563296875 0.8175990531249999 0.48200950468750003 0.8125101562499999 0.48448067968749997 0.8115631765625 0.48889678906249995 0.80961334375 0.4866419265625 0.8057988 0.48160384531249995 0.8052658796875001 0.47615458281249995 0.8073602375 0.47431634999999994 0.8151102203124999 0.475075946875 0.8178496546874999 0.4797981765625 0.8262530453125001 0.47953163749999994 0.8320859234375 0.47758037656249996 0.834802540625 0.4759213375 0.8367446 0.4790055890625 0.8419435203125 0.4756945359375 0.8428996968750001 0.4743124328125 0.8482939921874999 0.47587199062499996 0.8519336531249999 0.48020475781250005 0.8537250921874999 0.483025265625 0.8517837515625001 0.481065553125 0.8441046421875 0.4841391265625 0.8454656640625 0.4890875484375 0.8452460937499999 0.4896621171875 0.8423428796874999 0.4836775875 0.8389505015625 0.484957390625 0.8343750562500001 0.48930762968749997 0.8314088984374999 0.492076053125 0.8343028 0.49843533281249996 0.83512196875 0.50174110625 0.8326078453125 0.5026975671875 0.829149028125 0.501965928125 0.8269244062500001 0.4871205984375 0.8256438781250001 0.4852541 0.8240246875 0.4843563296875 0.8175990531249999
0 0.5315302625 0.8427867656249999 0.528147759375 0.8437900765625 0.527949578125 0.8471564062500001 0.5308643265625 0.85151278125 0.5343649015625 0.85731009375 0.5365701203125 0.8584787015625001 0.5408132890624999 0.8567748906249999 0.54255363125 0.8515328765625 0.539218475 0.847002290625 0.5315302625 0.8427867656249999
0 0.46522651875000004 0.8651738 0.4666427640625 0.8612402640625 0.46690077343749997 0.85950814375 0.4600919296875 0.8602413671875 0.46104818124999997 0.8652887874999999 0.4631293140625 0.8689022453125 0.464429196875 0.8671643203125001 0.46522651875000004 0.8651738
0 0.387658559375 0.925530971875 0.38660081874999996 0.9218022187500001 0.38657389062499997 0.9180907765624999 0.3866371890625 0.911820278125 0.384379053125 0.9085990671875 0.38099145 0.913148109375 0.38182469375 0.9162265125 0.378981446875 0.9177302046875001 0.3761800796875 0.9189198890625001 0.3662453875 0.920007634375 0.363532 0.925474046875 0.3653529328125 0.9298999828125 0.3691356453125 0.9303962312499999 0.37756160625 0.9279295359375 0.3815384640625 0.9260475109374999 0.3781684609375 0.9310400859374999 0.3770960546875 0.9341337812500001 0.38133327499999997 0.9397218 0.385648328125 0.93823593125 0.38829162500000003 0.9367459874999999 0.3888644421875 0.9346386546875 0.390023878125 0.9288731671875 0.387658559375 0.925530971875
0 0.442806284375 0.7837736265624999 0.441768209375 0.78933600625 0.4384136359375 0.7924547375000001 0.4381552421875 0.7962667625 0.43873123593749996 0.7974510109375 0.43940441874999997 0.7997839015625 0.4435859578125 0.8005707687499999 0.4480301375 0.799068634375 0.4477724390625 0.7920996109375 0.4498934765625 0.7921056281250001 0.454371453125 0.7877864703124999 0.45274065781250006 0.7849239156250001 0.4486827671875 0.7827497765625 0.442806284375 0.7837736265624999
0 0.46391781249999997 0.80626005 0.46379877187499996 0.8038061765625001 0.4618098328125 0.799018196875 0.4600014484375 0.8012571703125 0.46031460468749996 0.8057064781250001 0.4620078296875 0.8095541421875 0.46359097812499994 0.808893359375 0.46391781249999997 0.80626005
0 0.43358332187500004 0.840365353125 0.43851891875 0.8421596453125 0.44124803593750006 0.8399837437500001 0.4425438546875 0.8372722625 0.4380945921875 0.8295744125000001 0.43395868281250005 0.8289120296875 0.42827272812499995 0.829877809375 0.4260462234375 0.8346512890625 0.42891481562499995 0.8376181453125 0.43358332187500004 0.840365353125
0 0.2814806125 0.38775810625 0.2875554953125 0.386006796875 0.29291424843749997 0.3854556046875 0.2974925234375 0.384298759375 0.3047639375 0.3844416328125 0.3082978125 0.38178317968750003 0.31067941875 0.38141433125 0.31537395625000003 0.3790459 0.3204017828125 0.3754197546875 0.32708729375 0.37304665 0.3316042640625 0.368377359375 0.33276845 0.366008546875 0.333361584375 0.3619752140625 0.31022216406249997 0.3665022859375 0.3000486421875 0.3714490140625 0.2980642890625 0.37444582187500003 0.294444490625 0.37798513906250003 0.2889073640625 0.37830588125000003 0.2826000375 0.3825634109375 0.2814806125 0.38775810625
0 0.3266018828125 0.40128975312500004 0.319565809375 0.403817240625 0.31133176875 0.40756260156249996 0.3145854546875 0.41021438281249994 0.3221029015625 0.41144710624999997 0.32829494531250003 0.40919486562499996 0.329166659375 0.407885003125 0.3370624640625 0.40753094843750004 0.34218418125 0.4072473875 0.34302277812500004 0.4040532328125 0.3338643515625 0.398857909375 0.3266018828125 0.40128975312500004
0 0.292553709375 0.41025051718750005 0.28589562968750004 0.4118733984375 0.27810943906249996 0.4138478859375 0.27514166875 0.418523340625 0.2688867625 0.42064517500000004 0.2662913953125 0.4270050109375 0.2701688203125 0.43159924375000003 0.2725370171875 0.43161822031249997 0.2795160765625 0.4307689453125 0.2832218796875 0.4324364671875 0.2860404703125 0.43000513125 0.2874992140625 0.42802258125000003 0.289923371875 0.430957709375 0.2964946921875 0.428543384375 0.300984115625 0.42535275781250004 0.3078075609375 0.423312946875 0.30951560312500004 0.4199180125 0.314090984375 0.4182665859375 0.312727215625 0.4154127671875 0.3042132390625 0.41184399843749997 0.3022401578125 0.411324115625 0.292553709375 0.41025051718750005
0 0.27217209531250003 0.3888533265625 0.2703432125 0.38190996875 0.2677769171875 0.3786743875 0.26473016875 0.38088905156249997 0.2649498015625 0.3848758203125 0.264924903125 0.3872612484375 0.267827215625 0.390228925 0.2688551484375 0.3903379 0.27217209531250003 0.3888533265625
0 0.251242278125 0.29832985 0.252697071875 0.2943146390625 0.25260289999999996 0.2914066078125 0.25224126406249997 0.28921675625 0.250094378125 0.2867594203125 0.24813998124999997 0.286951203125 0.24679375 0.28939545 0.2485196046875 0.2907362359375 0.248428859375 0.2918273859375 0.24625945 0.294675034375 0.24588977656250002 0.29754268281249996 0.2490570328125 0.2984125578125 0.251242278125 0.29832985
0 0.249296196875 0.263336971875 0.24984645625000002 0.261341459375 0.2465609234375 0.2590734359375 0.24432443906249998 0.261237275 0.243337953125 0.264111434375 0.24412879531249998 0.26491615625 0.245797846875 0.26510290937500003 0.24815356875 0.2640862234375 0.249296196875 0.263336971875
0 0.2394705296875 0.2618488875 0.2407163515625 0.26053298593749996 0.241494878125 0.2572365859375 0.2418172265625 0.253620228125 0.2468492859375 0.2515921859375 0.24756489375 0.24813504375 0.24679432031249998 0.244509784375 0.244756053125 0.24150381406250002 0.24245777343750002 0.2424300171875 0.24063263125 0.2442444484375 0.24023984999999998 0.2465675015625 0.2402898984375 0.2475169046875 0.2371777203125 0.249108109375 0.23584192656249997 0.2523680109375 0.23516822343750002 0.2549025296875 0.2351104625 0.257231046875 0.234116634375 0.26071697656250004 0.236129734375 0.2614551875 0.23648425468749998 0.2610188171875 0.237611378125 0.262188153125 0.2394705296875 0.2618488875
0 0.23131946406249998 0.2490753953125 0.22929168125000002 0.2498913890625 0.228609146875 0.2526849671875 0.2293456671875 0.25651075 0.231819509375 0.257184571875 0.23241757812500002 0.2564360578125 0.2330711640625 0.2553099359375 0.23377183906250001 0.25303006093749997 0.2332671703125 0.251279546875 0.23131946406249998 0.2490753953125
0 0.2448938203125 0.21508216875000002 0.2463413515625 0.22053952968749999 0.2468674640625 0.2213989234375 0.2478880515625 0.223111659375 0.25089716093750003 0.21871335468750003 0.2511535984375 0.21476436875 0.25185856875 0.2106785109375 0.24811474531250002 0.210027034375 0.2454552546875 0.2116737703125 0.2448938203125 0.21508216875000002
0 0.2353631921875 0.21547062343749998 0.234895265625 0.2134119875 0.23162984999999997 0.2136284484375 0.2323128515625 0.214512003125 0.23372743906250001 0.21560585937500001 0.23515294999999997 0.21590188437500002 0.2353631921875 0.21547062343749998
0 0.221024165625 0.2069676265625 0.220269034375 0.2083900875 0.21952829999999998 0.2121273234375 0.2213550921875 0.21360479843750002 0.2222893375 0.2137464671875 0.2233666859375 0.2140653796875 0.224441203125 0.2132587234375 0.22471772968749998 0.2116137203125 0.22384683593750002 0.2089969828125 0.221024165625 0.2069676265625
0 0.2218017953125 0.202629909375 0.22110044375000001 0.198721571875 0.221269153125 0.1965467828125 0.2209973984375 0.1935247453125 0.22030318124999998 0.19051423125 0.219361953125 0.1880626 0.21844718749999997 0.189207496875 0.21798081875 0.193333690625 0.2182785484375 0.19622241406250002 0.21831004375 0.19888818125000002 0.219542525 0.20313089843749998 0.2218017953125 0.202629909375
0 0.2201623171875 0.17558765 0.21759600781250002 0.1745389234375 0.215765621875 0.1765541453125 0.2162314125 0.179707459375 0.2188295015625 0.1841071796875 0.22115685 0.1851364140625 0.2226287078125 0.18505678125 0.2241062109375 0.18129871875 0.22365330156250002 0.17926564375 0.2201623171875 0.17558765
0 0.22163601093750002 0.1497845796875 0.219279790625 0.147935625 0.21706485781249998 0.14379790312500002 0.21563237812499997 0.1432286046875 0.213026284375 0.1490795484375 0.213079403125 0.1562885390625 0.21423396249999999 0.1617203140625 0.215445534375 0.1636927671875 0.219863925 0.161881425 0.22360937500000003 0.1600981078125 0.2244577875 0.1645630328125 0.22475996406249998 0.16878784062500002 0.227270453125 0.1709266828125 0.2302243640625 0.1646679484375 0.22814717343750002 0.16117825 0.2266411296875 0.1554681578125 0.22466511093750002 0.15467893593749998 0.22227882812500002 0.1537181390625 0.22163601093750002 0.1497845796875
0 0.292588965625 0.143859403125 0.2926348359375 0.1421212578125 0.291360603125 0.1401621234375 0.2864051875 0.14104770312499998 0.2861540625 0.14363137343750002 0.28843795 0.145072390625 0.29124792187500004 0.14508053125 0.292588965625 0.143859403125
0 0.2203913 0.138750690625 0.2230486359375 0.14460903125 0.2248494734375 0.14660319375 0.2286536359375 0.1484478859375 0.2312326609375 0.147219203125 0.23027289843749998 0.14541686250000002 0.2278648640625 0.1428281390625 0.22729944062500002 0.138552259375 0.22818779375 0.13582515312500001 0.2303950796875 0.137063609375 0.2321962953125 0.1386311828125 0.2346238734375 0.1373212734375 0.2338759125 0.134606521875 0.23621821875000001 0.131407434375 0.23989631875 0.1291719890625 0.2398969953125 0.12612399218749998 0.2393819578125 0.11916174531249998 0.2367541203125 0.1147348015625 0.22712939843750002 0.113290265625 0.2249372734375 0.11687275625 0.22861051406250002 0.12331705781249999 0.23403807968749998 0.12450998437500001 0.23432757343750002 0.1245267234375 0.2350274078125 0.12790185 0.23142020312499997 0.12976440625000002 0.22953562343749997 0.13221605625 0.2260298375 0.1297009265625 0.22057701562499998 0.12992228125 0.220665428125 0.13690652187500002 0.2203913 0.138750690625
0 0.21268626406250002 0.11705831562499999 0.211326984375 0.1124144453125 0.20847025000000002 0.1132309234375 0.2086929578125 0.116480634375 0.20996409531250002 0.1212358875 0.20957313593750002 0.1201480890625 0.2100246296875 0.1217837109375 0.21208585468750002 0.12186154687499999 0.2136114078125 0.120922278125 0.21268626406250002 0.11705831562499999
0 0.2777838765625 0.0774009 0.27948721875000004 0.0747353828125 0.2794198078125 0.06890959062499999 0.2738888265625 0.07085997968749999 0.271853796875 0.0747381453125 0.27058442656250004 0.07333547343749999 0.26538876562499997 0.0734590375 0.2613072796875 0.07690799375 0.262591253125 0.08267806875 0.2644950109375 0.08545704531250001 0.265754225 0.0862708359375 0.26678597656249997 0.0880962109375 0.2715628421875 0.09045138593749999 0.274617521875 0.0903707703125 0.275203934375 0.08710242812499999 0.275795721875 0.0818377796875 0.2777838765625 0.0774009
0 0.28447312187499996 0.0469685453125 0.28851963281250004 0.0499533921875 0.2898197265625 0.0492761 0.2909191140625 0.047684621875 0.2933104734375 0.045046978125 0.292404409375 0.043174121875 0.2870073546875 0.043064140625000004 0.2834577078125 0.0441077734375 0.28447312187499996 0.0469685453125
0 0.232821903125 0.047326190625 0.23136749843749999 0.0500506140625 0.230516471875 0.053434306249999994 0.2331162625 0.055354490624999995 0.23725753906249997 0.056004551562500005 0.2404506078125 0.056905678125000005 0.2408496484375 0.0572649390625 0.24707561249999999 0.050603034375 0.24679625781249998 0.048018704687500004 0.24374086250000002 0.048268796875 0.241769521875 0.0502596671875 0.2384840125 0.0533876796875 0.23774221093749998 0.0543392671875 0.2371815 0.0495895515625 0.2344077140625 0.0453853203125 0.232821903125 0.047326190625
0 0.21439115625 0.096431221875 0.21754013749999998 0.09779378749999999 0.22020778281250003 0.09537376875 0.219698853125 0.0918446484375 0.217208996875 0.09108797187499999 0.2175718296875 0.08714352656249999 0.21693932968750002 0.0821838375 0.214972240625 0.0783704234375 0.21434448125 0.0758905 0.21493268593749998 0.07292368437499999 0.213277315625 0.0688858703125 0.2126991125 0.0625057265625 0.211900640625 0.0619582109375 0.2071748125 0.062593715625 0.2081019140625 0.057486225 0.21217428593749998 0.0529497734375 0.20942429062499998 0.050593476562499996 0.209506584375 0.05078524375 0.20086366406249997 0.053456199999999995 0.20174545 0.055755934375 0.201964309375 0.057439406250000005 0.20046792500000002 0.061131196875 0.20122287343749998 0.0651639203125 0.20298259062500001 0.0677386953125 0.20597774218749998 0.07230800625 0.20664370937499998 0.075441134375 0.2049740546875 0.0789189625 0.20520113437499998 0.0838801640625 0.20841399374999997 0.085813803125 0.2096847671875 0.0891394546875 0.206612865625 0.09257349375 0.2058460265625 0.09757823125000001 0.20743351875 0.10234132031250001 0.20998537343749998 0.1073802484375 0.21248368750000002 0.10909357187499999 0.214697809375 0.1088385953125 0.21863000625 0.10670888125 0.21908503281249997 0.1033710234375 0.21779686874999998 0.10066247187499999 0.21359002500000002 0.10072601249999999 0.21204163125000003 0.0968683296875 0.21439115625 0.096431221875
0 0.2200432765625 0.24406983750000003 0.2211777921875 0.2469723859375 0.2222191484375 0.24450668125 0.22290627187499998 0.24283191093749998 0.2230314609375 0.2395881234375 0.22144828749999998 0.2372953046875 0.22106926875 0.2355196796875 0.2203566703125 0.22996520937499998 0.2193764390625 0.2326207921875 0.2195606625 0.23611030624999998 0.2208289890625 0.23834225468749998 0.2214232578125 0.24114558437500003 0.2200432765625 0.24406983750000003
0 0.468247478125 0.9900703078124999 0.4674374796875 0.993985203125 0.468479459375 0.9949042718750001 0.47040500312500005 0.994606803125 0.4754625296875 0.9918944515625 0.47431984062500004 0.9890511468750001 0.47155194062500005 0.9863024984375001 0.46773336875 0.985780325 0.468247478125 0.9900703078124999
0 0.485026340625 0.9865517718750001 0.4823161390625 0.9908833484375 0.48148920000000006 0.992043121875 0.48308782031249997 0.9944987875000001 0.48726111562499996 0.9937363234375001 0.49055371406250003 0.9920620421875 0.48775144687500005 0.988978853125 0.49385411718750005 0.9863286875 0.49502129687499996 0.9810279968750001 0.49354191406250003 0.9797194828125001 0.48794768906249997 0.9811769375000001 0.4845551453125 0.9840944796875 0.485026340625 0.9865517718750001
0 0.48162069062499996 0.9777966515625 0.4861980484375 0.9769962234375 0.4872122421875 0.9724788328124999 0.4849914234375 0.970778409375 0.4830167203125 0.9717013281250001 0.4795511265625 0.97616151875 0.47964719375 0.9777257265625 0.48162069062499996 0.9777966515625
0 0.36513749687499997 1 0.36520988125 0.9984495734375001 0.3632774921875 0.99510001875 0.36050761875 0.99328148125 0.3595475453125 0.9977378484375 0.36007760312500003 1 0.36513749687499997 1
0 0.3501991578125 0.9783995234375 0.347443771875 0.976333503125 0.348855496875 0.9891225859375 0.3510858046875 0.9900334718750001 0.35397625312500003 0.9905404671875001 0.355442534375 0.9890818609375 0.3550063375 0.9859174656249999 0.3543260765625 0.9827170890625 0.35232956875 0.9799977625 0.3501991578125 0.9783995234375
0 0.3499017125 0.9705220375 0.35002795625 0.9673658812499999 0.34884296875 0.9623846531250001 0.34715953593750004 0.95769626875 0.346974328125 0.9547357046875 0.3447092484375 0.950632603125 0.3434141328125 0.9529190249999999 0.34362647343749997 0.956300328125 0.3436749671875 0.9624128828125 0.3455615265625 0.96615555625 0.3487933328125 0.9736569234375001 0.3499017125 0.9705220375
0 0.5126445687500001 0.9040904546874999 0.5104339765625 0.9102614765625001 0.513607575 0.915677821875 0.514280034375 0.9198335078125 0.51133036875 0.9222719390625 0.5106901125000001 0.9243776328125 0.5133047125 0.9288249609375001 0.5137466828125 0.934173384375 0.514658753125 0.934789403125 0.5152692953125 0.9375189875000001 0.5128413125 0.9426372015625001 0.51569030625 0.9442568171874999 0.5156753515625 0.947162484375 0.5174965578124999 0.94990629375 0.5212082296875 0.9495422625 0.525236678125 0.947083790625 0.5233661203125 0.9452801624999999 0.5162702109375 0.9442645421875 0.5175957890625 0.9421665296875 0.52049625625 0.9368137031250001 0.52239781875 0.9300981578125 0.5236439921875 0.9314067218750001 0.52620075 0.9338759765625 0.532731934375 0.9290708765625 0.5334833671875 0.9235502562500001 0.53131875 0.9221142375 0.51884374375 0.918510434375 0.5184954109375 0.9146772171875 0.5190788953125 0.9084942281249999 0.5157624140625 0.9034277359375 0.5126445687500001 0.9040904546874999
0 0.34244271406250004 0.87198680625 0.34397205625 0.870471665625 0.34496558125 0.8688180265625001 0.3439615859375 0.8644628484375 0.347650478125 0.86467553125 0.3481520125 0.8614587765625 0.3463201046875 0.8579281234374999 0.340209875 0.8543276437499999 0.33463294062500004 0.8597142390625001 0.33565835625 0.865568025 0.3399117015625 0.8732835578125 0.34244271406250004 0.87198680625
0 0.365114609375 0.8805987453125 0.36227665937500003 0.8814735296875 0.359936353125 0.8845843359375 0.36151623593750004 0.888537559375 0.36292343125 0.8939028562500001 0.3639490984375 0.8980218046875 0.36251260625000004 0.9002743796875 0.363611175 0.9004977296875 0.368792246875 0.8977127921875001 0.369414246875 0.8925902812500001 0.37266925624999997 0.88896556875 0.370396703125 0.8872697515624999 0.3660200578125 0.8870003828125 0.3659947390625 0.8854834359374999 0.365114609375 0.8805987453125
0 0.39732811875 0.8242431124999999 0.3954335109375 0.8210788125 0.3924718328125 0.8208153859375 0.383520690625 0.8247642890625 0.3766439109375 0.8297546656250001 0.3766457609375 0.8346407421875 0.3798870921875 0.8363175359374999 0.3851515703125 0.8366154359375001 0.3847854171875 0.8342540234375001 0.3845021171875 0.8304261515625001 0.3880667 0.8314368062499999 0.3909132265625 0.8315793453125 0.3937358421875 0.8308052625 0.3937873234375 0.8275228296874999 0.3965290171875 0.8268490125 0.39732811875 0.8242431124999999
0 0.415305878125 0.8366307125000001 0.41940032499999996 0.8347157062499999 0.4200716640625 0.8326209765625 0.4167562203125 0.8304902984375 0.41164279375 0.83143661875 0.409193359375 0.8352063890625001 0.4097573234375 0.8368676234375 0.415305878125 0.8366307125000001
0 0.405070971875 0.849660590625 0.4052166125 0.8465881703125 0.4039341484375 0.843996615625 0.4005694375 0.8454593921875 0.3992117375 0.848834171875 0.4001738546875 0.851060921875 0.4026255390625 0.8514726843749999 0.4066629328125 0.8501384828124999 0.405070971875 0.849660590625
0 0.4480429234375 0.8581156703125 0.449744340625 0.8569441375 0.44866937343749996 0.8554490265625001 0.44505842656250005 0.8552197749999999 0.44298648281249997 0.8565419484374999 0.44465171249999996 0.8577854 0.4463712203125 0.85801414375 0.4480429234375 0.8581156703125
0 0.4323903609375 0.85960570625 0.4338830953125 0.8601653921875 0.436591775 0.8601854781249999 0.437294634375 0.8598172359375 0.437941015625 0.8586271515625 0.4370157640625 0.855950084375 0.4351259640625 0.854431690625 0.43182206718750005 0.8566690640625 0.4323903609375 0.85960570625
0 0.4563418546875 0.8489189421875001 0.45903309062500003 0.8460913640625 0.45787593125 0.8427591328125 0.45477736249999995 0.8416638015625001 0.451368625 0.843287690625 0.4501139390625 0.8481165781250001 0.4508806671875 0.8491836078125001 0.45377208125 0.850228725 0.4563418546875 0.8489189421875001
0 0.4203374703125 0.81502335 0.42789129062500003 0.8194032203124999 0.42571924687499996 0.8155950328125 0.4264301671875 0.813784215625 0.428090353125 0.8111486375 0.42844260468749995 0.8054860343750001 0.4245530546875 0.8049230390625001 0.4210010171875 0.8094575140625 0.4203374703125 0.81502335
0 0.4234609265625 0.7214238859375001 0.4191401265625 0.722228884375 0.41296096406249994 0.7231589281249999 0.405639078125 0.7202760484375 0.39552735 0.7190053140625 0.3962062328125 0.723566975 0.39553719374999996 0.72651423125 0.39039074687499997 0.7280266625 0.38657916875 0.7307313640624999 0.3882912046875 0.734817834375 0.39262147187499996 0.7380554593750001 0.3930067328125 0.7408073703125 0.3872732296875 0.7436011062500001 0.3857942703125 0.743752534375 0.3835879328125 0.7473508265625 0.388081659375 0.7484866609374999 0.39248418749999997 0.74584165 0.3956566890625 0.74584940625 0.3921116765625 0.749237046875 0.38686089375 0.7513483187500001 0.38437065625 0.7516795578125001 0.38317323124999997 0.74564029375 0.3834273640625 0.7442732078125001 0.3834132234375 0.740682046875 0.3753865609375 0.7394585218749999 0.3786417109375 0.7359471937500001 0.383482675 0.735507659375 0.3833167 0.730683625 0.38459530625 0.7241260515625 0.385183859375 0.7194323671875 0.38307965624999996 0.7149212765625 0.3797095546875 0.704665025 0.37623490312499996 0.7066176140625 0.3740344625 0.7132497265625 0.37476373281250003 0.7229107828125 0.3736556828125 0.718719890625 0.367935725 0.7126643078125 0.36618665625 0.7176398109375 0.364714125 0.7102085765624999 0.35756719062500003 0.7127931750000001 0.35845604531249997 0.717944375 0.3618725453125 0.722053528125 0.3661693125 0.7194821124999999 0.3679138625 0.7266750203125001 0.367473975 0.731218896875 0.3672264703125 0.7392681265625 0.3706813484375 0.745444153125 0.3751445328125 0.7498707484375 0.3775977625 0.7523188796875 0.38414351406249997 0.754015325 0.3883297203125 0.7542229375 0.3922745140625 0.7578715625 0.395910259375 0.7570300734375001 0.39888288125 0.75443660625 0.399153934375 0.7494366140625 0.3962722546875 0.7457393296875 0.3939463609375 0.7387498609375001 0.39667888281249997 0.7341851125 0.3984939265625 0.7300310296875 0.404056353125 0.722396771875 0.407281865625 0.7269075328125 0.41217059375 0.7321637828124999 0.4227388671875 0.7288487625 0.42539632968749996 0.7225555984375001 0.430905559375 0.7225395015625 0.434333003125 0.7241224234375 0.4397258671875 0.7212892734375 0.43937569375 0.7180410984375001 0.43883880625 0.7161089390625001 0.4425810375 0.7141601750000001 0.43925240624999995 0.7080595468750001 0.43256435625 0.7104507625 0.431105559375 0.7167543109375 0.42611637968749994 0.72142653125 0.4234609265625 0.7214238859375001
0 0.3418447859375 0.7998008734375001 0.3409826484375 0.7951887109375 0.335177784375 0.7901239953125 0.3313947828125 0.7881534015625 0.3278849421875 0.7880240625 0.3257715 0.7906841 0.32623069375 0.7944602078125 0.3297752421875 0.8005245234375 0.3331666484375 0.8058833906249999 0.33539360625 0.806643234375 0.3383681515625 0.80499821875 0.3418447859375 0.7998008734375001
0 0.348876128125 0.7928096375 0.3485529671875 0.78847108125 0.34571195781249997 0.7857842984375 0.34117533906249997 0.787092028125 0.34224731875000003 0.79375858125 0.3453926390625 0.7966746046875001 0.3463600890625 0.796138303125 0.348876128125 0.7928096375
0 0.350701034375 0.744287071875 0.34930456875 0.75044798125 0.34668880625 0.7552163421875 0.349314959375 0.7578241968749999 0.353326890625 0.7597445328125 0.3546286546875 0.7564072015625001 0.3549513875 0.7546038187499999 0.3532675640625 0.7518675484374999 0.3538326796875 0.7455079578125 0.350701034375 0.744287071875
0 0.3464526375 0.6133528874999999 0.352761153125 0.6133921296875 0.3534348703125 0.612894303125 0.35751325624999997 0.6114523484375 0.35751185625000004 0.61064915 0.35636376875 0.606187221875 0.3584844671875 0.6062667937499999 0.3613707953125 0.60477790625 0.3612712734375 0.6011457890624999 0.3586064109375 0.6020157312500001 0.3472591296875 0.6071368734375 0.344790890625 0.6104649625 0.3464526375 0.6133528874999999
0 0.366333546875 0.6109385281249999 0.36205663593750004 0.6147005828125 0.362285865625 0.6170415796875 0.367000909375 0.61797861875 0.3727032671875 0.6200284515625001 0.3744794046875 0.6185471125 0.37359045625 0.6166195 0.3728156265625 0.6137858625 0.3705414984375 0.61086516875 0.366333546875 0.6109385281249999
0 0.2935975703125 0.6658613843750001 0.29790268593749997 0.6678759484375 0.29984550312499997 0.6662393765625 0.30269672812500004 0.6659831625 0.3025207203125 0.668875140625 0.30584185937499997 0.668221925 0.30622946562500003 0.6655964640625001 0.30472701562500004 0.6623983296875 0.3016979796875 0.6583234296875 0.2981084546875 0.655369240625 0.29447874218750003 0.6561263828125 0.2928539765625 0.661957234375 0.2935975703125 0.6658613843750001
0 0.314276071875 0.6823425484375 0.3166270453125 0.677598521875 0.31383044843749996 0.6744518296875001 0.310150375 0.673393840625 0.3092732453125 0.6777143703124999 0.31065935312500004 0.6795986078125 0.31225624375 0.6822415359375 0.314276071875 0.6823425484375
0 0.37406330625 0.649288203125 0.37729167656249996 0.6539852546875 0.38259492968750003 0.6527445968750001 0.382994378125 0.6483035625 0.37778872343750003 0.6416690234375 0.3721064828125 0.64098389375 0.3689022734375 0.643585053125 0.3638121453125 0.6475343390625 0.36150493125 0.6545884984375 0.3609504375 0.6598707765625 0.3628211484375 0.6602622640625 0.36839980781250004 0.6613543859375 0.37026515 0.6684241765625 0.3678242640625 0.6744812140625001 0.3616521625 0.674903378125 0.35668851562500004 0.6754872 0.3550424671875 0.6742588390625001 0.353489325 0.6687855890625001 0.338815896875 0.6706585453125 0.3357117703125 0.6731218203125 0.337446125 0.6800788812499999 0.3355238734375 0.6829394890625 0.353907903125 0.6806899515625 0.3564047796875 0.6837342203125 0.368508346875 0.6865224265625 0.36930950937499996 0.67607281875 0.371674803125 0.6824660671875 0.3771617140625 0.6823524796875 0.382210975 0.6786994140625 0.377716025 0.670516078125 0.3754046140625 0.6684946625 0.3754182515625 0.6606453 0.3754975125 0.65633621875 0.3709420203125 0.652031478125 0.36680810625000004 0.6487105843750001 0.3713850765625 0.647089171875 0.37406330625 0.649288203125