0 0 0.42356142500000005 0.0016532953125 0.42217199375 0.0064399984374999995 0.41757951562500006 0.0125299671875 0.41458108125 0.015051926562500002 0.41859530312500004 0.012777446875000001 0.4278616109375 0.00862040625 0.44458129375000005 0.0043248328125 0.4543930140625 0.0319728484375 0.45086835625 0.0425494015625 0.42220622968750005 0.046745237499999995 0.4089777 0.046613165625 0.4018746828125 0.045637890625 0.39646409375 0.0404538 0.395851084375 0.0292852234375 0.3940818203125 0.11888536875 0.292716615625 0.1262908078125 0.28725666250000004 0.1298496796875 0.2830617734375 0.1335169203125 0.2758208484375 0.1339636265625 0.272787559375 0.13264213281249998 0.26768645 0.1270803609375 0.26548155 0.1229415703125 0.26498412656250003 0.119544171875 0.265700140625 0.11599017812500001 0.27054238124999996 0.1108149640625 0.27456655625000004 0.0596057140625 0.33074821249999997 0 0.392213903125 0 0.42356142500000005
0 1 0.4781695328125 0.9916425125 0.38264301562499997 0.5727285921874999 0.41255195625 0.11035670156249999 0.445252884375 0 0.4539326328125 0 0.5165065109375 0.010927118750000001 0.631543259375 0.29976260312499997 0.6062702921875001 0.3040602484375 0.6058942968750001 0.3084737140625 0.60452944375 0.3130855640625 0.602940196875 0.3207548734375 0.6046376078125 0.3220527984375 0.5740800796875 0.3193330265625 0.5695796859375 0.31681560468750003 0.563519784375 0.3152369609375 0.5537404703125001 0.31607552031249997 0.5515826125000001 0.3180827453125 0.545410746875 0.32418468906250003 0.5433021546875 0.327685528125 0.5314880171875 0.3312702234375 0.5199331828125 0.34205288125 0.5054053171875 0.3556444265625 0.49329496562499997 0.3663223296875 0.48366517968749995 0.372121434375 0.4809635375 0.375134671875 0.4788146140625 0.38330902031249997 0.4740041796875 0.3893899046875 0.47084812343750004 0.3980293453125 0.468341859375 0.403599025 0.4662986546875 0.40697474375000003 0.46425918125 0.41145802500000006 0.4623298453125 0.4156462515625 0.4614740609375 0.4256915109375 0.46073010312499996 0.429814878125 0.45893577499999993 0.4419482171875 0.45633244062499995 0.458170365625 0.45378075156250003 0.4695985359375 0.455505346875 0.496486421875 0.455913465625 0.52692315 0.4633781984375 0.5621210484375 0.4806951453125 0.5810500921874999 0.5029880140625 0.5959765 0.530516846875 0.6136749421875 0.5660297765625 0.619426290625 0.5778594671875 1 0.544446153125 1 0.4781695328125
0 0.517086484375 0.6235528453125 0.5180049999999999 0.6275975578125 0.520371553125 0.6301761109374999 0.5229672703125 0.6310892921875 0.525942509375 0.6322170875 0.529372828125 0.6333474171875 0.53078899375 0.63381169375 0.5356451484375 0.631931296875 0.537127 0.6324651140625 0.542198028125 0.6330048859375 0.546435515625 0.63251495 0.546672096875 0.6320817453124999 0.5501293625 0.631440484375 0.55087205 0.6281868109375 0.5485622 0.6267404359375 0.5486809312500001 0.6229343546874999 0.5485518296875 0.6199169375 0.545360284375 0.618916290625 0.5425874140625 0.619599625 0.531647971875 0.6170072578125 0.526849175 0.6172843671875 0.5247281312500001 0.61797811875 0.521289271875 0.6202819140625 0.517086484375 0.6235528453125
0 0.5744539359374999 0.6475661953125 0.5726666671875 0.6455314109375 0.5698176312500001 0.64373068125 0.5650138296875 0.6427314953125001 0.5607149812500001 0.6409603625 0.5578188578125001 0.6394460765625001 0.5536090453125 0.6392842453124999 0.5489045015625 0.6392582359375 0.5473768421874999 0.63925856875 0.5496786296875 0.639537140625 0.5484244921875 0.6398491953125001 0.546908175 0.6417181515625 0.5426223 0.6422107515625 0.5416169453124999 0.6436632765625 0.543612259375 0.644669765625 0.5465546265625 0.6449377796875 0.549079221875 0.6447153375 0.551530675 0.65170640625 0.575898009375 0.649227909375 0.5744539359374999 0.6475661953125
0 0.6149596625 0.6404133578125 0.6131067906250001 0.6377004609375 0.6113757359374999 0.6353580437499999 0.6091440390625 0.6379781437500001 0.6070544250000001 0.6379554921875 0.6071501109375 0.64164870625 0.6080552515625001 0.6447158640625 0.6110945328125 0.646898340625 0.6148012046875 0.6456298312500001 0.620519159375 0.6458730296875 0.6285022890625 0.6442193984375 0.62445259375 0.638393934375 0.6216001015625 0.6359441609375 0.620270309375 0.6385826 0.6226903765625 0.6422747906249999 0.616421475 0.6424750484375 0.6149596625 0.6404133578125
0 0.6318637296875 0.62629415625 0.6376982250000001 0.63050479375 0.636734921875 0.62636048125 0.6322491703125 0.621180165625 0.6286574890625001 0.6172014984375 0.62422456875 0.6132525125 0.6239796296875 0.6128551609375 0.6262714546875 0.6150277453124999 0.633051984375 0.6209264171875 0.6389489921875 0.6236823203124999 0.64192655 0.6315057046875 0.6387591078125 0.636158846875 0.64041848125 0.6438669921875 0.651939628125 0.6429970484374999 0.647531509375 0.6325728234375 0.622594896875 0.5855359531250001 0.612007740625 0.5623375953124999 0.586500884375 0.513677059375 0.5830999109375 0.5051911812500001 0.5795016125 0.499702659375 0.57450685625 0.4939034125 0.57347895625 0.4931620546875 0.5729234171875001 0.497084775 0.5681630515625 0.4969585625 0.5773184359375 0.5078254078125 0.5769934265625001 0.5113891703125 0.5708159453125 0.508869546875 0.569445940625 0.511102134375 0.571090415625 0.513028640625 0.573795053125 0.5138601421875 0.578856746875 0.5156915796875 0.5810829281250001 0.5174903375000001 0.5817211125 0.5211455 0.5842473703125 0.5253522687500001 0.5843616734375 0.5276447796875 0.5842643796875 0.5319289375 0.586914265625 0.53609665625 0.5918161015625001 0.5379295328125 0.5937467953125 0.539344771875 0.595525409375 0.5428044828125 0.5969063343750001 0.54535790625 0.599849259375 0.5497556484375 0.6013078734375 0.5525516625 0.599794434375 0.5528220953125 0.594870434375 0.5460567562499999 0.5911551921875 0.5428888187500001 0.5859664171875 0.541738234375 0.58433945 0.5418225421875 0.5868065921875 0.5463575859375001 0.589470540625 0.547548690625 0.5906813828125 0.54932335 0.59339324375 0.5514027203125 0.5948783359375 0.5526906874999999 0.5949226609375 0.557804721875 0.5972497453125001 0.559591515625 0.6029827328125 0.5586978265625 0.6050495 0.5608257937500001 0.60618236875 0.5633585703125 0.6082901328125 0.56712043125 0.6102584703125 0.5706153031250001 0.6109787890625 0.5737033375 0.61128080625 0.5765817171875 0.606121703125 0.577150715625 0.6028377015624999 0.5760075859375 0.601164253125 0.5740726359375 0.5994182984374999 0.5731196171875 0.5929446796875 0.5709082265625 0.5898393015625001 0.568902496875 0.590164046875 0.5662500374999999 0.5936878234375 0.5668530265625 0.594759871875 0.564047353125 0.5941985734374999 0.561037946875 0.590435090625 0.5585376906249999 0.5887986734374999 0.5580299453124999 0.583682928125 0.5544512562499999 0.5849815406250001 0.5509544546875 0.583672653125 0.5494754046875 0.5811311156250001 0.5476038546875001 0.5815365234375001 0.5454431109375 0.582698975 0.5422185890625 0.5794100375 0.540445365625 0.5771559265625 0.53778953125 0.5750265812500001 0.534300903125 0.5779166890625 0.5310852140625 0.5750587375 0.5280351953125 0.5713505203125 0.5247145015625 0.5627144734375 0.519676134375 0.55372704375 0.5188861218749999 0.5524877828125 0.5199418984374999 0.5561707109375 0.5226687859375 0.557748996875 0.5261334765625 0.5620559125 0.5267777437500001 0.558800021875 0.5277307640625 0.5595692718749999 0.5294060328125 0.5640859109374999 0.5319454828125 0.56673844375 0.5343327578125 0.57407289375 0.5367025359375 0.5702977 0.5391957406250001 0.5706823765625 0.5414771453125 0.5739556640625 0.543860303125 0.577930321875 0.5471608234375 0.5774394921875 0.549815265625 0.580501040625 0.5528976640625001 0.57918663125 0.556213903125 0.582497675 0.5576840468750001 0.5757920296875 0.5590235796874999 0.579800040625 0.563834753125 0.585594803125 0.5666231296875 0.5822405453124999 0.5668820828125 0.5773521015624999 0.5645210296875 0.5769090296875 0.566107871875 0.5867812484375 0.57333589375 0.592103275 0.5769059453125001 0.585033046875 0.5783808953125 0.5866184718749999 0.585369309375 0.5908899625 0.5872400796874999 0.590619340625 0.59036775625 0.5912774078125 0.594250175 0.5942327 0.597462640625 0.5944890515625 0.5985820578125 0.5896526890625 0.5966728734375 0.5880612359375 0.5980057109375 0.5883860671875001 0.5998720015625 0.5910205656249999 0.602071071875 0.593374384375 0.6038586625 0.594531896875 0.6071750859375 0.5961150390625 0.609583771875 0.5982990874999999 0.6104169015625 0.598508521875 0.612147421875 0.5961635421875 0.6133830640625 0.5903715421875 0.61415800625 0.5917435046875 0.6160173828125 0.596685590625 0.6202464953125 0.599111353125 0.620884378125 0.6020270062499999 0.6247731859375001 0.602465625 0.62629073125 0.6021995812500001 0.6323212421875 0.6068798640625 0.632285065625 0.6094852671875 0.6316775531250001 0.6104308046875 0.6342204453125 0.606141125 0.6373766390625 0.6006607421875 0.6333232359375 0.59921653125 0.6319109203125 0.5962578171875 0.6334998359374999 0.5982743578124999 0.63638035625 0.6039581968750001 0.6390482546875 0.6078664921875 0.638434978125 0.611382534375 0.6346469328125 0.614551453125 0.6336858359375 0.618771959375 0.6344898031249999 0.622318234375 0.6343818765625 0.6236507859375 0.6320976703125 0.6239427109375 0.6309883187499999 0.625021090625 0.6276096 0.622665796875 0.6236717671875 0.618465746875 0.6205917296875 0.6143101890625 0.6197413 0.609705196875 0.6188094171875 0.609170365625 0.6170885453125 0.612096675 0.6161690640625 0.6168185984375001 0.61578418125 0.61756701875 0.6149266265625 0.620561259375 0.6151242265625 0.6226753578124999 0.6178111328125 0.6249017890624999 0.6199533625 0.6318637296875 0.62629415625
0 0.49208683124999997 0.470990225 0.4882415078125 0.4707635671875 0.4845638046875 0.47049871718749997 0.48143949218750004 0.46877853593749996 0.4770629796875 0.47321905781250007 0.4846526296875 0.4752967328125 0.49105384687500003 0.47599931562500003 0.5008365515625 0.47558888593750004 0.5029536343750001 0.47764657499999996 0.50585905 0.47996624062500004 0.5116669671875 0.480879146875 0.514358021875 0.4835453765625 0.5149887750000001 0.4853049109375 0.519775384375 0.4874521515625 0.5241942640625 0.48903554531250004 0.5293685796875 0.49036149531250006 0.53355274375 0.49091141406250005 0.5361571281249999 0.49439769218749996 0.5401709421875001 0.49879114687500004 0.5427001890625001 0.501741309375 0.5442443953125 0.5061610421875 0.5442114890624999 0.5117727640624999 0.5468821703125 0.5146901625 0.5525687796875001 0.5149157125 0.5581985140625 0.5154771859375 0.5674822921875 0.5144375328125 0.5684330265625 0.509904609375 0.5700991375 0.5084570140625 0.5724614765625 0.5070253625000001 0.5665912718749999 0.5015818953125 0.5625636765625 0.497748021875 0.5577913156250001 0.4933613296875 0.5552585828125001 0.49227167656250004 0.55271034375 0.49462616718749997 0.5553152546875 0.49974988124999997 0.55849965625 0.5026050828125 0.562021290625 0.5050480734375 0.5657387328125 0.5080260328125 0.56128721875 0.5087229109375 0.5577194000000001 0.505716175 0.5536785625 0.501157259375 0.5517812296875 0.5004998078125 0.5447579 0.49774206249999997 0.5383501671875 0.4898298 0.539777984375 0.487110634375 0.54439 0.48993347500000006 0.546487915625 0.490427509375 0.551095015625 0.48907081249999995 0.550626765625 0.4838621140625 0.547735353125 0.4785830921875 0.5410798375 0.472320578125 0.5369440187500001 0.47232323593750003 0.5371198781250001 0.47506835468749997 0.5407649390625 0.47824086406250005 0.54367573125 0.48176934843749997 0.5410988031249999 0.48324016406250003 0.5347490625 0.4778731578125 0.5341894046875 0.47771508437500004 0.527608996875 0.47808375625000005 0.525236540625 0.47791174999999997 0.5242096875 0.4739016125 0.5208328859375 0.470173921875 0.5195224203125 0.47057717187500003 0.5181793781249999 0.47311795625 0.5162993828125 0.47581394218749995 0.5130670953124999 0.47314644218749996 0.5131369578125 0.4702339578125 0.5094927171875 0.4686125921875 0.5026230953125 0.4694582859375 0.5008944343749999 0.47228846874999997 0.49716601406249994 0.473129121875 0.49208683124999997 0.470990225
0 0.532990034375 0.5441787796875001 0.5330930406250001 0.54225466875 0.5281243765625 0.539855146875 0.5260313609375 0.5395426265625 0.5189762859375 0.5379279343750001 0.5184697265625 0.5360461734374999 0.5138566578125 0.5386613062500001 0.511931159375 0.5391340484375 0.5088756156249999 0.5435782046875001 0.51366635625 0.5467587046875 0.51476600625 0.5481588171875 0.5192246375 0.54786598125 0.5202084250000001 0.5473501515625 0.5248550015625 0.549492390625 0.526138846875 0.55122301875 0.52759696875 0.552830175 0.5328654671875 0.5548740859375 0.5379111109375 0.5565579234375 0.54265045 0.5560852515625 0.5415980578124999 0.55318155 0.5411768640625 0.5506978703125001 0.53591118125 0.548990934375 0.5335984421875 0.5466868609375 0.532990034375 0.5441787796875001
0 0.532800371875 0.5715557375 0.5351430796875001 0.56986386875 0.539684275 0.570586453125 0.547272321875 0.5716777015625001 0.5487384078125 0.5691449734375 0.5407445 0.5673049984375 0.5366685828125 0.5661637078124999 0.5310313890625 0.5628815953124999 0.529167509375 0.561495015625 0.5255342296875 0.5610208109375 0.5229768109374999 0.5612445562499999 0.520393559375 0.560993746875 0.5183320218749999 0.5558240609375 0.5178086546875 0.5554353843750001 0.5111813921875 0.5558959906250001 0.5040705812499999 0.5534470453125 0.496647703125 0.550873259375 0.4933381625 0.548918328125 0.4919859625 0.545778921875 0.4903300625 0.544134171875 0.4814203828125 0.5433185359375 0.47493882187500003 0.5431139125 0.469822525 0.5454091859375 0.47150315468750004 0.54710353125 0.47488941249999994 0.54912860625 0.47684564218750003 0.5496883640625 0.4786134625 0.55270200625 0.48405655625 0.5540703171875 0.490291421875 0.55606261875 0.49548725625 0.5541744625 0.4998096484375 0.5540096125 0.5019065421875 0.55551383125 0.500237178125 0.5572110968749999 0.4992846734375 0.55826374375 0.50162640625 0.5602359031249999 0.5049678359375 0.5604219484375 0.50914624375 0.5589161078125 0.5129278687500001 0.55898835625 0.516199846875 0.560047840625 0.5176455578125 0.5613518 0.51910679375 0.5628332078125 0.5159417390625001 0.5645734953125 0.517610278125 0.56695431875 0.52581748125 0.5698876765625001 0.527119084375 0.5703870734375001 0.532800371875 0.5715557375
0 0.5611109609375 0.5931376203125 0.5602494265625 0.5898517671875 0.55582026875 0.5887962765625 0.5554113515625 0.588030565625 0.5550601046875 0.5854858703125 0.5490177468749999 0.586877165625 0.5480041359375 0.5870521109375 0.5467942921875 0.588318625 0.5439325109375 0.5883980359375001 0.5429302328125 0.5860671453124999 0.5429483390625001 0.5834415140625 0.53851589375 0.5805198328125 0.5345965984375 0.5797883265625 0.52894135625 0.5775727828125 0.5262204734375 0.576734859375 0.521445609375 0.578630103125 0.5156994015625 0.5785838671875 0.510788153125 0.5780238421874999 0.5111040078125 0.5805763390625 0.5122249937500001 0.5826505953125001 0.5082329515625 0.5818046796874999 0.5087432625 0.5839982375 0.5112422015625 0.5864585531250001 0.5186214421875001 0.5888024546875 0.5247876265625 0.5888982125 0.5202260953125 0.5901662265625001 0.521744296875 0.5921194640625 0.5231290468750001 0.5935871734375 0.526265684375 0.5945518437499999 0.53073948125 0.5952928703125 0.5353148859375 0.5956893562500001 0.539326384375 0.5965963078125001 0.5432772406249999 0.5987821609374999 0.5472921734375 0.6005530375 0.5506816390625 0.6027582046875 0.5545327171875 0.6052915765625 0.558468840625 0.6059824 0.562866128125 0.605508284375 0.56226804375 0.6019170578125 0.5589806546875 0.5991038046875 0.5586083281249999 0.5956010515625 0.5611109609375 0.5931376203125
0 0.5427147999999999 0.605655775 0.542304596875 0.6033515078125 0.5385490859375001 0.6013367796875 0.5357588375 0.6006382453125 0.5333071312500001 0.60060021875 0.5329857062500001 0.6036492109375 0.5318992515625001 0.6054476203125 0.5287998328125 0.6063963625000001 0.5306512578125 0.6079095078125001 0.5344183953125 0.6089993890625001 0.5368575156250001 0.60878599375 0.54135378125 0.608116571875 0.5427147999999999 0.605655775
0 0.5092101437500001 0.60532620625 0.5087764359375 0.6047791124999999 0.5076102046875001 0.6034067828125 0.50535819375 0.6042170796875 0.5030654734375 0.6056018609375 0.5020675234375 0.60774856875 0.50368390625 0.6095332328125 0.5058176453125001 0.609809253125 0.509651971875 0.608691128125 0.5107681921875 0.6072508625 0.5092101437500001 0.60532620625
0 0.44491951093750004 0.61632605 0.4485424125 0.6140641859375 0.450667490625 0.6110142421875 0.44977798281250003 0.6055083156250001 0.4481106171875 0.6026568484375 0.445841434375 0.5958129515625 0.44643171875 0.5939905078125001 0.4510146453125 0.5915866203125 0.45471833124999994 0.59119828125 0.45687873593750006 0.5922452234375 0.4611794640625 0.594754940625 0.46265462812499997 0.5913399390625 0.46033107656250005 0.5885537234375 0.45842465312499997 0.5882405625 0.4514772765625 0.5894883140625 0.448234975 0.589771978125 0.4436741421875 0.5895420437500001 0.44054001249999997 0.59038089375 0.4361800640625 0.5926084265625 0.4344753328125 0.5956404171874999 0.43476468593749995 0.6035013609375001 0.4374552921875 0.606216253125 0.4374244265625 0.6085167593749999 0.43676038124999994 0.6120239187500001 0.4368202484375 0.6156841921875 0.44491951093750004 0.61632605
0 0.4713543953125 0.608616196875 0.47235971093750007 0.6072170031249999 0.47037075 0.605297109375 0.4673975453125 0.60482005 0.46654625781250003 0.605559559375 0.463409971875 0.60795138125 0.46382397031249994 0.61013768125 0.467763725 0.60988396875 0.4713543953125 0.608616196875
0 0.39697275 0.664315625 0.392798178125 0.6673174484375 0.39239824218749997 0.669074615625 0.39370371406250004 0.6715185734375 0.3989808703125 0.6720120796875 0.4181928984375 0.6681918546875 0.4175145140625 0.668128865625 0.421012040625 0.667087259375 0.4225483828125 0.6631524468750001 0.41872078906250004 0.6625368265625 0.417025534375 0.660191278125 0.4188081875 0.65925108125 0.4226487453125 0.6542959359375 0.4224131125 0.651656428125 0.42006791562499995 0.6514553734375 0.41374551875 0.654038109375 0.4108783359375 0.650039975 0.40982826718750004 0.6412825453125001 0.41344049375 0.6384146171875 0.41400894375 0.6368983671875 0.41175568125 0.6366186875000001 0.41141147812499995 0.6306227453125001 0.4110639171875 0.6273672109375 0.41327475468749997 0.62164023125 0.409226128125 0.6210439484375 0.4060163375 0.6197092453125 0.400074015625 0.6185508703125 0.39860193593750004 0.6142205046875 0.4033245890625 0.6129117296875 0.4084963453125 0.6118240312500001 0.408441109375 0.6098839625 0.4093920921875 0.6058199890625 0.4143959578125 0.6025981765624999 0.4166297890625 0.6006837 0.4149188203125 0.59767449375 0.41019846718749997 0.5985972234375 0.4053579140625 0.6007993609375 0.40391650625000003 0.60085331875 0.40133019374999995 0.59775286875 0.40201654218750005 0.5954687328125 0.40604363593750004 0.59373929375 0.40157448906250004 0.5912945015625 0.4005066015625 0.5890383640625 0.399061184375 0.5876481124999999 0.3955588046875 0.5892438125 0.3919979953125 0.592842853125 0.3904134328125 0.597230465625 0.38903591249999997 0.599843278125 0.385532440625 0.6019284359375 0.38669721875 0.6043956828125 0.387883871875 0.6065034046875 0.388041015625 0.6091780109375 0.38983375468750003 0.614394740625 0.39225581875 0.61533095625 0.39416103125 0.6211699375 0.393333503125 0.6234538765625001 0.39144795781249997 0.6248673421875 0.3960518421875 0.6256252203125 0.394314984375 0.628953325 0.391267765625 0.6319867 0.3902835953125 0.63369930625 0.387565175 0.635345621875 0.385868334375 0.6390952796875 0.38661495625 0.6406015640625 0.3916526078125 0.640221996875 0.3960252828125 0.6395382921875 0.3957340625 0.6421078265625 0.39727476093749997 0.645268384375 0.39697879999999997 0.647192125 0.3975426890625 0.6498546734375 0.39480710937499996 0.6478448218749999 0.3925452484375 0.6474310062499999 0.3936215875 0.650698065625 0.3951215640625 0.6519768890625001 0.39521776875 0.6529330796874999 0.3929103171875 0.6544901125 0.39061529375 0.6565118921875001 0.3912092921875 0.658389140625 0.3950219921875 0.66155953125 0.3991518375 0.6634426953125 0.39697275 0.664315625
0 0.451036959375 0.5677110078125 0.450721790625 0.56645714375 0.4466938265625 0.5660253109375 0.4428536546875 0.566072684375 0.43826337656250003 0.56647428125 0.43237875625 0.5676964984375 0.4299581859375 0.5690720734375 0.429063425 0.5704082671874999 0.4294858671875 0.5726910734375 0.43199820000000005 0.5728304515625 0.435063553125 0.5714564984375 0.43689298125000003 0.57053103125 0.440992803125 0.5706726843750001 0.44067869374999996 0.5720663015625 0.44351516249999995 0.5736516828125 0.4456858421875 0.5712125890624999 0.4472177140625 0.5703460921875 0.451036959375 0.5677110078125
0 0.3786055640625 0.6228978859375001 0.3766009609375 0.6226278203125 0.3734233515625 0.6230234609374999 0.372254278125 0.623447278125 0.36954217031250003 0.6242335203125 0.3677073125 0.625383753125 0.3661775359375 0.6268837265625 0.3650395703125 0.6294379390625 0.36439785156250004 0.6320350015625 0.366365953125 0.6323898203125 0.3697100484375 0.6326242546875 0.372667046875 0.6312488015625 0.37436542031250003 0.62950665 0.380268403125 0.626916690625 0.381287840625 0.6241909046874999 0.3786055640625 0.6228978859375001
0 0.338853471875 0.5548708328124999 0.3377029828125 0.55677993125 0.336224640625 0.5590470921875 0.3332269625 0.5616965640625 0.330739865625 0.563333621875 0.3278844890625 0.5682370796875 0.32931785625 0.5720532390625 0.3296585046875 0.5741361625 0.3308334703125 0.579104225 0.3309263609375 0.5822455828125 0.3290368953125 0.5862316796875 0.3290870859375 0.588616065625 0.3295196734375 0.59537125625 0.3299707390625 0.5991823828125 0.33231075625 0.5998262000000001 0.337259934375 0.5960868703125 0.3420816828125 0.59300646875 0.344410065625 0.5936607140625 0.3343790734375 0.6075832640625001 0.3318034171875 0.60505280625 0.3295505359375 0.6071618703125 0.3299796390625 0.61577756875 0.33188796875 0.616112521875 0.3377656015625 0.6115296890625 0.3446354078125 0.6029592703125 0.3482972890625 0.603509396875 0.35055645 0.605219003125 0.3547215875 0.600244871875 0.35462624374999996 0.5973264515625 0.3524662 0.5951721390625 0.34992567812500003 0.594710553125 0.3513874484375 0.59194920625 0.3549846296875 0.5877619453125 0.354128015625 0.5846936781250001 0.35804328124999996 0.580359384375 0.35692973906250003 0.5772587 0.352199234375 0.5793382796875 0.349079828125 0.5808832203125001 0.33973276406249997 0.5829385031250001 0.3394224125 0.5737618828125 0.3384762265625 0.5717852640625 0.336627440625 0.5725791046875 0.33473233750000003 0.5778094890625 0.33173325781249996 0.5719093625 0.33728208125000003 0.568050128125 0.3400736609375 0.5629373703125 0.3437256 0.556453784375 0.347301725 0.55096810625 0.3450722625 0.54859400625 0.3437204734375 0.5503356375 0.344427375 0.5544176859375 0.34245531875 0.556312396875 0.338853471875 0.5548708328124999
0 0.37562638593750003 0.5358873749999999 0.37242635 0.5357218968749999 0.36793290624999997 0.5363518609375 0.36568177031250004 0.537279715625 0.36387333437499997 0.538480965625 0.36069169843750004 0.5404799312499999 0.3593134015625 0.5429045968749999 0.3563685265625 0.5458349109375 0.3540368546875 0.5488182312500001 0.351315884375 0.5505071187499999 0.35219325625 0.5521274421875 0.352263890625 0.5551578171875 0.352309403125 0.558295478125 0.35292245625 0.56485450625 0.356665584375 0.56584924375 0.362423428125 0.562425009375 0.36478625 0.556014996875 0.36648404375 0.5522762343750001 0.3709362515625 0.5522506015624999 0.3737818109375 0.5499061734375 0.3794284453125 0.5477386 0.3833485765625 0.5465972828125001 0.3857106546875 0.5458259796875 0.3870111484375 0.5428168078125 0.3849302484375 0.541351971875 0.38475816093750004 0.5388292453125 0.385923725 0.53560445 0.3857790765625 0.5326244671875 0.384421796875 0.5313990375000001 0.3828568515625 0.5319233640625 0.382653425 0.527213796875 0.3818124234375 0.52513073125 0.376848159375 0.525936775 0.375145403125 0.5297622375000001 0.37426528124999997 0.5321621390625 0.3795185828125 0.5327236078124999 0.37739904062499996 0.536518090625 0.37731153281249996 0.5390854859374999 0.3733037390625 0.5409638109375 0.3730056625 0.5441362375 0.365428734375 0.549231625 0.3727008859375 0.540903625 0.376718246875 0.5379155546875001 0.37562638593750003 0.5358873749999999
0 0.3933031109375 0.5457844078125 0.39190249375 0.5519518234375 0.39415568125 0.5537544921875 0.3988303609375 0.553492946875 0.39886925156249997 0.5503698609375001 0.398593325 0.54768211875 0.3999528875 0.545025390625 0.401065221875 0.543020815625 0.40380111875 0.539351215625 0.4091357953125 0.5375261984375 0.41539425156250004 0.5370272765624999 0.417082525 0.5389703406249999 0.41436297499999997 0.5424502953125 0.41368687656249997 0.545048796875 0.4153412125 0.5474465484375 0.416813371875 0.549877490625 0.41799671875 0.55366846875 0.422528865625 0.5527637734375 0.4248010046875 0.550982403125 0.42721198281249995 0.547973321875 0.4229743609375 0.5483362234375 0.42075881875 0.5469459046875 0.42123299375 0.544280371875 0.4237891453125 0.5407613859375 0.427294803125 0.538199221875 0.431279653125 0.5368295203125 0.43415269375000004 0.5373090687500001 0.43639059687500004 0.540030628125 0.43773356249999995 0.545932915625 0.44328769218749997 0.5459708609375 0.4460155796875 0.54341086875 0.445551853125 0.540871309375 0.44212908124999994 0.5399348093749999 0.4386579609375 0.53894764375 0.437613275 0.5360244453125 0.43911249999999996 0.5349820000000001 0.443338675 0.5333229765625 0.449789653125 0.529825553125 0.45173511250000004 0.5279316 0.45538045 0.5289380312499999 0.45965931250000003 0.529261646875 0.46248906874999995 0.527364046875 0.4607337359375 0.5245469390624999 0.457269546875 0.5214338921875 0.452842515625 0.521460459375 0.4504694984375 0.5227879578125 0.44589441250000006 0.521713865625 0.44082235625 0.52435346875 0.4366700671875 0.525207678125 0.43839228124999996 0.519525015625 0.43910968125 0.5191375781249999 0.4438033828125 0.5196491921875 0.44566561250000003 0.51714454375 0.4440575203125 0.51350051875 0.4422311703125 0.5124353296875 0.437763546875 0.5128763875 0.4315576109375 0.5146568578124999 0.4266073796875 0.5149958390625 0.42860682031249997 0.5176629765625 0.43143432812500004 0.5200961140625 0.42589046875000003 0.5220758890625 0.42023948750000006 0.5216480265625 0.41855749375 0.5235236343749999 0.41937560781250005 0.5260980640625 0.4259440828125 0.526328021875 0.4416407234375 0.5268949390625 0.446224925 0.5270334265625001 0.440472284375 0.5314673 0.4335819234375 0.5322552078125 0.42587670468749994 0.528049821875 0.4201984921875 0.5284760187499999 0.4116428109375 0.5313121765625 0.405149496875 0.5328197796875 0.40502726874999995 0.529361021875 0.41531097812500006 0.5247989390625001 0.41655719687500004 0.5210259671874999 0.4192587296875 0.515852075 0.42401835625000006 0.514069525 0.420791453125 0.511857978125 0.41704125937500003 0.5110693281249999 0.41262825000000003 0.513550890625 0.4098390171875 0.5141368421875 0.40670846406249994 0.5154647406249999 0.407325803125 0.5196346171874999 0.4005443765625 0.5225461109375 0.397729615625 0.523234678125 0.3944336390625 0.524661746875 0.3976465125 0.5200438421875 0.39506569375 0.51799221875 0.39149763437499996 0.5191419453125 0.38939584374999997 0.5223325828125 0.3869273640625 0.5275707828125 0.385947296875 0.5296171125 0.3895998578125 0.5318714109375 0.39180156875 0.5348784625 0.39137453125 0.53978591875 0.3933031109375 0.5457844078125
0 0.44746279375000003 0.46477456406249995 0.44090578750000003 0.46550036875 0.4362809203125 0.4671738828125 0.43687034375 0.46410458125 0.44781698125 0.46186700468749997 0.4484918359375 0.45730018437500003 0.44925380625000005 0.4574938859375 0.45072695312500005 0.4569242625 0.461836484375 0.4564589203125 0.4695494125 0.45847561875 0.4828581640625 0.45912440312499997 0.49192118437500004 0.45989995937500006 0.506228940625 0.4630932328125 0.520084325 0.46281898750000006 0.5294862375 0.46606974062499995 0.5386317468749999 0.472592790625 0.5529634015625 0.47887385625 0.55859715 0.48575590625 0.563303353125 0.488794796875 0.5712873187499999 0.4941066625 0.5726873734375 0.48943875156249994 0.558793334375 0.47534136406250005 0.5533279171875 0.4728394359375 0.5475211718749999 0.46991408281249997 0.5443786187499999 0.4673579359375 0.5360032218749999 0.4651733359375 0.5239469375 0.46053615312499996 0.5082036515625 0.457123409375 0.49981023750000003 0.45503763125 0.4883789625 0.45422772499999997 0.4758691203125 0.4527248109375 0.462327378125 0.453285309375 0.45540715625 0.45353470781249994 0.43170801093750005 0.4576628078125 0.42530227500000006 0.45916745625 0.4113540515625 0.4620377953125 0.3923891265625 0.4693278140625 0.37479150625 0.4774737953125 0.3694607984375 0.4810473078125 0.36161575468749996 0.48607204375 0.356974790625 0.49173871875 0.34769156093750003 0.4993282484375 0.3427498390625 0.504371890625 0.339878659375 0.5079294187500001 0.332901834375 0.5171052171875 0.3326063078125 0.5253623953125001 0.3308735734375 0.5286838656249999 0.3294621265625 0.5342075875 0.3327423921875 0.537118709375 0.3285675171875 0.5550508109375001 0.3317682234375 0.5562278921875 0.333718071875 0.5532905234375 0.332024828125 0.5452669421875 0.337076515625 0.5458366390625 0.3370076171875 0.5425033984375001 0.341010625 0.5406599984375 0.339547146875 0.544800178125 0.343018140625 0.5467002046875 0.34585914375 0.5446981 0.3489297421875 0.540694934375 0.3451719484375 0.539227803125 0.343443346875 0.5366624484375 0.3480426765625 0.5343026109375 0.35210401406249997 0.5325701734375 0.3540724890625 0.5342738421875 0.364968025 0.5292112203125 0.365315884375 0.52495846875 0.3622112171875 0.5237855328125 0.3641287484375 0.519116265625 0.36028816875 0.51915896875 0.35581050625 0.521349746875 0.3511941328125 0.5255226578125 0.352793753125 0.521199603125 0.3518582640625 0.5178214062500001 0.34692755468750003 0.5159094953125 0.355464775 0.5075915875 0.36120106875 0.5034728390625001 0.361957596875 0.5029768906250001 0.3641258734375 0.4980363 0.3637793109375 0.49757098437499997 0.358305640625 0.49533328125000003 0.3641378625 0.49241856562499997 0.368087009375 0.489188646875 0.3761399125 0.48406573281250004 0.38104029375000004 0.48378444218750005 0.38803784375 0.4864268078125 0.3838289375 0.48874934999999997 0.3804721546875 0.4903777984375 0.3761935828125 0.4936788859375 0.37694091093750004 0.49651987656249996 0.37689225312499997 0.4996030359375 0.3749174328125 0.5033127078125 0.37556191875 0.5054443359375 0.37906062500000004 0.506764740625 0.3852690140625 0.5066795703125 0.38802175 0.5074692203125 0.3937309859375 0.5044037125 0.3956005703125 0.5036504015625 0.402326875 0.50247531875 0.4060711203125 0.4993056734375 0.40893440625000005 0.49515595625 0.405491671875 0.49434981718750004 0.403262909375 0.4936868578125 0.4006776203125 0.49470354843750003 0.398522796875 0.4971804671875 0.3906945703125 0.49829197187499996 0.3854614328125 0.5024608078125 0.382788346875 0.5022947125 0.38539298125 0.49907890468750005 0.390354496875 0.495373003125 0.398265984375 0.4939044453125 0.3987722046875 0.49117493906250004 0.401204003125 0.48811698281250004 0.4079942515625 0.48281437031249996 0.40919555625 0.4797291796875 0.4013082671875 0.48344637187500006 0.394163803125 0.4819932109375 0.4032106171875 0.47912349687500005 0.40462722187500005 0.47862469531249996 0.40705878437500004 0.47576124999999997 0.40971574374999997 0.47217541093750004 0.4157398609375 0.4699481484375 0.41958930937499994 0.473753690625 0.42520316718749995 0.4759085484375 0.42265627656250004 0.479407903125 0.41892017656249997 0.48146949531249994 0.418547709375 0.4870544609375 0.41347155625000004 0.4905257109375 0.41166945000000005 0.494739434375 0.41610057187500005 0.49592493437499996 0.424200559375 0.4943520515625 0.42668367968750004 0.48992660624999995 0.4264565203125 0.48474857499999996 0.430526440625 0.4810704875 0.437520340625 0.4814122296875 0.44646359375 0.47596046562499994 0.4519789421875 0.47125248124999997 0.4531900859375 0.465142421875 0.44746279375000003 0.46477456406249995
0 0.389666503125 0.5176097703125 0.393041803125 0.5164439703125 0.3979430109375 0.5118336328125 0.401571034375 0.5092717437500001 0.39964853125 0.5061932109375 0.3937258171875 0.5071772171875 0.3904829296875 0.5094262234375 0.389272746875 0.513001553125 0.385505284375 0.514883946875 0.3825236203125 0.5158161140625 0.377967478125 0.5153708890625001 0.37463005781250003 0.5185472890625 0.3787571828125 0.523357453125 0.3826659890625 0.5224273 0.384013875 0.519959809375 0.3868953671875 0.5163229578124999 0.389666503125 0.5176097703125
0 0.43765135 0.5534013140625 0.436011375 0.5508987859375 0.43166585625 0.55212594375 0.42705562343750003 0.5552395999999999 0.4211204546875 0.55814293125 0.42000353593749995 0.5612066234374999 0.41953177343750003 0.563828028125 0.41916944218749996 0.5659254015624999 0.421329475 0.565498015625 0.42514614687499996 0.5651641 0.42791706874999996 0.5629705 0.4293583984375 0.5594376875 0.42604646874999996 0.5588538062499999 0.427077375 0.557083784375 0.4322596296875 0.5548611625000001 0.43434707968749997 0.555271415625 0.432271309375 0.5578810109375001 0.43593818906250004 0.558667540625 0.438619921875 0.5562433359375001 0.43765135 0.5534013140625
0 0.3948575984375 0.5771056125 0.38928470000000004 0.579847065625 0.386712915625 0.579010215625 0.3839967015625 0.5798391656249999 0.384255359375 0.5817379093749999 0.387969059375 0.585318490625 0.3838626046875 0.5901745578125001 0.389136615625 0.58830151875 0.393713890625 0.5867294140625 0.394964728125 0.582345903125 0.39930603750000004 0.5800666718749999 0.3948575984375 0.5771056125
0 0.35035005625000004 0.620393171875 0.34828355312500003 0.622481225 0.34742156562500004 0.6248732671874999 0.349994825 0.627860359375 0.3527725390625 0.625457559375 0.353392171875 0.628201496875 0.351878996875 0.6308951921875 0.353589865625 0.6324331828124999 0.35704562812499996 0.63048395 0.35952979531249996 0.62829348125 0.36067348125 0.625679165625 0.3619605953125 0.62219435 0.36037457812499996 0.619340471875 0.3565089375 0.6211404843749999 0.3547252484375 0.6225528796875001 0.35576326406250003 0.620021528125 0.3579609890625 0.619200296875 0.3570901703125 0.616274434375 0.35530140625 0.6156388546875 0.3518657234375 0.617423209375 0.35035005625000004 0.620393171875
0 0.342768684375 0.640012965625 0.346167253125 0.6389517859375 0.34658101874999997 0.6359543171875 0.34649337812500003 0.63134911875 0.34591494218749996 0.6262614234375 0.345904484375 0.621964734375 0.34715686562500003 0.6203776671875 0.3461346578125 0.6186257171875 0.34470337500000003 0.619781421875 0.3432132875 0.6215916171875 0.342002990625 0.624950509375 0.3412522328125 0.6261219625 0.33951536718750003 0.6284101718749999 0.3389631421875 0.6316895296875 0.33914943750000004 0.633818896875 0.336176021875 0.636530553125 0.33508313749999996 0.6390980749999999 0.33527596718749997 0.6415531109375 0.336582446875 0.6426998562499999 0.3387001828125 0.6402293203125 0.33859876093749997 0.6379764625 0.340766259375 0.6363077640625 0.3417537734375 0.63823685 0.342768684375 0.640012965625
0 0.3315407453125 0.6606560359375 0.33275075 0.662510759375 0.3345767234375 0.6623525765625 0.336334946875 0.6606491046875 0.337406409375 0.658141490625 0.33936659062499996 0.656828153125 0.34237927031250004 0.650674978125 0.34046992187499997 0.6526410578124999 0.33734372343749996 0.654269721875 0.334816315625 0.6554460375 0.33278664375 0.65422610625 0.3320541578125 0.655265778125 0.3312180796875 0.6582766671875 0.3315407453125 0.6606560359375
0 0.3788740859375 0.638731609375 0.375365940625 0.6392753718749999 0.372625325 0.6404170140625001 0.371906146875 0.64153708125 0.371415340625 0.6419329265625 0.3716503875 0.6465377765625 0.370417753125 0.650017825 0.3697601640625 0.6538318390625 0.3701113734375 0.6578461921875001 0.3705037875 0.6641421984375 0.37140415 0.6681586984375001 0.3730154875 0.67038768125 0.3770028859375 0.6671826484375 0.379847284375 0.662637759375 0.380519765625 0.6581872140625 0.378837121875 0.657420009375 0.381001725 0.653728240625 0.381688340625 0.65015636875 0.381414846875 0.6456678124999999 0.3793294765625 0.64547853125 0.3794370828125 0.6412405265625 0.3788740859375 0.638731609375
0 0.34111651875 0.68504080625 0.3432496546875 0.6836605765625 0.34540247968750004 0.680479590625 0.3477432125 0.67632696875 0.345779340625 0.6718074953125 0.3431211765625 0.6736226390625 0.338204965625 0.6748165968750001 0.33566097968749997 0.676126115625 0.3329519421875 0.6791346093749999 0.3311212109375 0.6834872937500001 0.3298876234375 0.68874920625 0.3298345125 0.689934909375 0.3334016703125 0.689384415625 0.3382287609375 0.687064253125 0.33514792656250003 0.6842454765625 0.3366198734375 0.679735965625 0.33969435468750003 0.6782153453124999 0.33753531406250004 0.6820603375000001 0.33665124999999996 0.6839131890625 0.34111651875 0.68504080625
0 0.3527290828125 0.766410215625 0.3490387453125 0.7650328578125001 0.3463951703125 0.761923303125 0.35073213281250004 0.7585904421875 0.3572473109375 0.75568341875 0.3611239859375 0.7071107109375 0.358293821875 0.6967052796875 0.35368100625 0.682112721875 0.3315980421875 0.6972559406250001 0.33367635 0.7043204375000001 0.3373443171875 0.700117571875 0.3457818953125 0.692148740625 0.3488814578125 0.697368771875 0.3444437359375 0.6981695296875 0.34146845 0.7079771 0.3489027921875 0.701628434375 0.3491868921875 0.7094114140625 0.3321908796875 0.71590021875 0.3262748921875 0.72436523125 0.3278469453125 0.7301251359375 0.331451615625 0.727941721875 0.3301323578125 0.7210554984375 0.3327149875 0.7212812671875 0.3362240171875 0.7199767203125 0.33993618593749997 0.7161715156249999 0.3376407265625 0.7223654609375 0.3347800078125 0.7265086796875 0.33205666875 0.7329392546875 0.33352945 0.7355207171875 0.3355560375 0.7376914109375 0.3376694734375 0.7319447203125 0.3345281296875 0.7306573578125 0.34196356250000004 0.7243211421875 0.3444615921875 0.721213475 0.3479420765625 0.7199412265625 0.3496953015625 0.721586871875 0.3503103484375 0.7237226453125001 0.348521053125 0.7237443 0.3478193796875 0.721873334375 0.3452796171875 0.7247729109375001 0.3487192078125 0.7266725468749999 0.34925905468749996 0.727124090625 0.3518008328125 0.7282992187499999 0.3556510515625 0.7258747359375 0.357705040625 0.72572326875 0.3579702515625 0.7297765140625 0.3558047546875 0.73164736875 0.347597975 0.7343839890625 0.3421381484375 0.7347785328125 0.3401898578125 0.737464809375 0.3415468265625 0.74053321875 0.340530640625 0.741467528125 0.337463590625 0.743091015625 0.3351791421875 0.7459149265625 0.3354771140625 0.75202784375 0.33759734531249996 0.756201121875 0.33851519375 0.7589832750000001 0.3418453609375 0.760654078125 0.3421816296875 0.7629020734374999 0.3397598515625 0.765966996875 0.3381431453125 0.770489171875 0.34117155781249997 0.7737485687500001 0.344518 0.774583521875 0.35008580624999996 0.7747598640625 0.3517621703125 0.776835721875 0.349670803125 0.778872621875 0.3483464328125 0.7802464015624999 0.3457558453125 0.7852004125 0.3471329671875 0.78862466875 0.34872695625 0.786836753125 0.3530112484375 0.7852683203125 0.355725396875 0.7760435390625 0.355738709375 0.7704947015625 0.35614371875 0.7657836625 0.3527290828125 0.766410215625
0 0.33368158124999997 0.7512611046875 0.33309001562499996 0.7475830421875 0.329672278125 0.7506660875 0.3306839640625 0.7468477578125 0.3279923265625 0.7457704374999999 0.32613821875000004 0.7475073937500001 0.3259553671875 0.7506164109375 0.3265993 0.75170191875 0.3263251375 0.7547891234375 0.326674909375 0.7569763375 0.329797796875 0.755614603125 0.33368158124999997 0.7512611046875
0 0.332775675 0.7662204218750001 0.33337192656250003 0.7649323031249999 0.3306758078125 0.76267431875 0.3285753390625 0.7625992875 0.3271083140625 0.7637408671875 0.32564378125000004 0.768191696875 0.327018709375 0.7711785421874999 0.32744183437499996 0.77155089375 0.33026168437500003 0.7664027250000001 0.332775675 0.7662204218750001
0 0.3142786359375 0.785079309375 0.314225453125 0.7821587671875 0.31406544062499997 0.7803298171875 0.31600988281250003 0.7772768546875 0.314236665625 0.77481108125 0.3120333703125 0.7778992375 0.3113425640625 0.7803296296875 0.31130500156249996 0.783019703125 0.3122135453125 0.786125775 0.3133338921875 0.7880134390625 0.3142786359375 0.785079309375
0 0.33451599062500004 0.77892333125 0.3325072578125 0.7860818953125001 0.3304456921875 0.7867563265624999 0.3314237640625 0.7770858453125 0.32748744687500003 0.7779525281249999 0.3272519296875 0.7841168234375 0.3260793203125 0.7874583015625001 0.325859671875 0.7908638421874999 0.3277522109375 0.7939763656250001 0.330837575 0.79537685 0.33423046875 0.7954878125 0.336874346875 0.7976327328124999 0.3384154625 0.8000450953125 0.33449329375 0.8006611546875 0.3337124421875 0.8046976953125 0.335598509375 0.8070908578125 0.33950525 0.8064777171875 0.339814584375 0.80911705 0.3381589875 0.8133022703125 0.3374009859375 0.8167753015624999 0.3368080375 0.8218839203125 0.3373776375 0.82715746875 0.3385918953125 0.8314272609375 0.344122571875 0.8338325093750001 0.346699115625 0.8302239046875 0.34823139062499997 0.826403946875 0.34910355000000004 0.8226401734375001 0.35352360781250003 0.8197909718749999 0.353663971875 0.8161963109375 0.3535677421875 0.8071185906249999 0.3480567578125 0.8097071937500001 0.34475555468749997 0.8086722234374999 0.34416024843750004 0.8054713015624999 0.34621811406249997 0.799716925 0.34611614375 0.7977087968750001 0.34407293125 0.7945592640625 0.343058334375 0.797734775 0.3400309625 0.797212265625 0.3400133234375 0.794697984375 0.3410337484375 0.790638915625 0.3406779078125 0.7865716390624999 0.336545496875 0.7811094546875 0.33451599062500004 0.77892333125
0 0.336065509375 0.88874681875 0.33627851875000003 0.8857135859374999 0.3355799296875 0.88135005625 0.334284271875 0.8763470671875 0.3323212953125 0.8787758312499999 0.330368571875 0.8812680046875 0.3284698765625 0.885847790625 0.3274290609375 0.88820371875 0.3278777296875 0.8906787203125001 0.32951617187500004 0.8927155453125 0.3342300671875 0.891736915625 0.336065509375 0.88874681875
0 0.3463594953125 0.8562274546875001 0.343465684375 0.85999243125 0.343625834375 0.8618229390625001 0.3451193140625 0.8646409984375 0.3490078125 0.86498465 0.3492607359375 0.8543581078125 0.3463594953125 0.8562274546875001
0 0.3294017984375 0.8569691765625 0.330198328125 0.858525990625 0.332477053125 0.8575549406249999 0.33306046562499997 0.8543810781250001 0.3333748015625 0.85175305625 0.333210490625 0.848064278125 0.3300291265625 0.8501918359375 0.3288620703125 0.8528975984375 0.3294017984375 0.8569691765625
0 0.3493138671875 0.8375755515625001 0.34718965 0.8384123109375 0.34496445625 0.8404075921875 0.346495421875 0.842309521875 0.3504891734375 0.83998384375 0.3506441171875 0.8356773890625 0.3493138671875 0.8375755515625001
0 0.7048078953125 0.8683467984375 0.698595128125 0.8666788046875 0.692253625 0.86588786875 0.689375884375 0.8663764765625 0.68765818125 0.8671447328124999 0.6916868125 0.8705064078125 0.691644009375 0.875449259375 0.694007253125 0.8799620234375001 0.6986707609375 0.8818675109375 0.702880509375 0.8825485109375 0.7087320859374999 0.881683659375 0.7126519640625 0.8858281031249999 0.7160398015625 0.8823853578125 0.7163626265625 0.8792986 0.7231055296875 0.8831537125000001 0.726245153125 0.88169640625 0.724605634375 0.8783923515625001 0.71921278125 0.8766839937500001 0.7158591265625 0.8752646328125 0.7116238890625 0.871298353125 0.7048078953125 0.8683467984375
0 0.4790163890625 1 0.47977282812500005 0.9983154046875 0.4792729140625 0.9938921437499999 0.477803278125 0.9884244234375 0.4765861046875 0.9822209640624999 0.472540921875 0.9575154515625 0.475102403125 0.9540932421875 0.4808901109375 0.950831084375 0.48145862812500007 0.9468774281250001 0.47425742812499994 0.9420507499999999 0.46726398125 0.9378238718749999 0.46167549531249996 0.9339869640625 0.45539137343749997 0.9329196625 0.4524892515625 0.9318387984375001 0.45284632187499996 0.9199107265625001 0.456863621875 0.9170653921874999 0.4579465609375 0.92347351875 0.465869909375 0.9243456468750001 0.46892129687499995 0.919208590625 0.46829023437500006 0.9119955171875 0.4760922015625 0.9051159156249999 0.47738665156250004 0.9015536031250001 0.4671571046875 0.8964084 0.46085407343749996 0.8829879265624999 0.45992947500000003 0.88177796875 0.45342290468749996 0.882148025 0.44865715625 0.8832331421875 0.45221102812499997 0.889307453125 0.45204761250000003 0.8994869953125001 0.44945104999999996 0.9028667859375 0.442913525 0.90498055 0.43468986875000004 0.904853053125 0.430661253125 0.90690573125 0.4249795015625 0.9124187828125001 0.42463953125 0.9228929578124999 0.42839015312499995 0.928724196875 0.4348769734375 0.931964915625 0.437831809375 0.9359789093750001 0.436464615625 0.9407176625 0.44155887812500005 0.9428317125 0.44996950937499997 0.9434290765625001 0.45065310625 0.947083403125 0.4516301546875 0.9504705109374999 0.44844423593749994 0.9579422390625 0.4401491125 0.95282071875 0.43654828125 0.9493290765625 0.4299815984375 0.9506972328125001 0.43705434218750006 0.9556512156249999 0.44175316875000004 0.9538190890625 0.45119117500000006 0.9601895046875001 0.4527386265625 0.9771598375 0.44934499531250005 0.9802674375 0.443762903125 0.97867288125 0.44182542187499996 0.982343209375 0.44275506875000004 0.9896525 0.4494974421875 0.992246609375 0.454882434375 0.9903513140625 0.460798221875 0.9824039156250001 0.46424638749999997 0.9813180062500001 0.466209071875 0.98410285625 0.4676782015625 0.9929710593750001 0.4583368296875 0.9959339875 0.455655896875 0.9979550250000001 0.45588296406250006 1 0.4790163890625 1
0 0.546802109375 0.899919303125 0.547421459375 0.8984111468749999 0.54673431875 0.8967600656249999 0.5435248234375 0.895088115625 0.5399995078125001 0.894772290625 0.5378698187500001 0.8994726671875 0.5386341406249999 0.901432259375 0.543067278125 0.90169061875 0.546802109375 0.899919303125
0 0.3625807359375 0.9498653140625001 0.361198840625 0.9436794015625001 0.359878934375 0.9373594531249999 0.35955905781249997 0.9309065265625 0.36190801562499997 0.928873753125 0.3630299484375 0.924666209375 0.36027321093750003 0.92347224375 0.35672454375 0.9250766984375 0.35393978593750003 0.9291379859375001 0.352263003125 0.9315213218749999 0.3508443390625 0.938629828125 0.3507459515625 0.9432779671875 0.348795934375 0.945639721875 0.3500631234375 0.9508193015625 0.353011696875 0.9529689328125001 0.3569411265625 0.958925690625 0.362227653125 0.956657871875 0.3625807359375 0.9498653140625001
0 0.3578428046875 0.9066105296875 0.359873878125 0.90253989375 0.3611173265625 0.8994165109375001 0.3592506171875 0.8972804515625 0.3543619046875 0.89799989375 0.3532068828125 0.9015782390625 0.353368065625 0.9065220671875001 0.35467486875 0.908407534375 0.3578428046875 0.9066105296875
0 0.338900184375 0.9166653734375 0.338291265625 0.9110141281249999 0.3358927703125 0.9079270484374999 0.3333699984375 0.9086543765625 0.330725784375 0.9104855546874999 0.33111395312499997 0.9136136265625 0.3340547515625 0.9150110734375 0.3347158328125 0.9189638109375 0.3334740671875 0.9229669578124999 0.33754344375 0.9245354453125 0.3387629046875 0.922769315625 0.33973443593749997 0.9203206359375 0.338900184375 0.9166653734375
0 0.42196904999999996 0.9662312468750001 0.4166665125 0.9597107671874999 0.41234264062500003 0.9564345265625 0.40890484843749997 0.957172896875 0.40789351875 0.962304003125 0.41222900781250005 0.965408265625 0.410740146875 0.9705670328125 0.40762785625 0.9758505796874999 0.40617414687500003 0.9799052093749999 0.408176465625 0.98264110625 0.41348986718749997 0.9815410140624999 0.416643609375 0.977089834375 0.42204004531250006 0.9750743343750001 0.4249608953125 0.9734291296875 0.42196904999999996 0.9662312468750001
0 0.40219529062500003 0.93290281875 0.3999678390625 0.9385653765624999 0.3989014390625 0.9424575046875001 0.4006455328125 0.94462625 0.40823402187499996 0.942585228125 0.411581303125 0.9397545968750001 0.41185961875 0.9377367234375 0.41460979375000007 0.93252720625 0.41668309218750005 0.928311715625 0.41651718750000005 0.9244254484375001 0.41342395625000006 0.9237596953124999 0.41174920468750004 0.9201246390625 0.4074471609375 0.92050415625 0.40931943750000005 0.9242097656249999 0.40523367343750005 0.9265952531250001 0.40219529062500003 0.93290281875
0 0.74554754375 0.8790524671875 0.743450415625 0.87428271875 0.7409569828125 0.8682818890625 0.7389383296875 0.8630645343750001 0.735605803125 0.8600042765625 0.7314018578125 0.8573637515625 0.726270765625 0.8567649265625 0.7247142734375001 0.8583001765624999 0.7232227828125 0.8602736156249999 0.7190620765625 0.8586472437499999 0.716753203125 0.8568714046875 0.7148955578125 0.8584424125 0.7196142734375 0.863004759375 0.72251275625 0.867575784375 0.731197196875 0.87236053125 0.739282303125 0.8755476828125 0.7394464453125 0.8787863265625001 0.73740708125 0.8829235625 0.7433156515625 0.886941071875 0.7454027890625 0.8890688250000001 0.74798460625 0.8958289031250001 0.755387903125 0.9025890750000001 0.7602139515624999 0.90816310625 0.768370665625 0.91263484375 0.7719323109375 0.910873975 0.768791125 0.906038721875 0.7672420765625 0.899627459375 0.7692109125 0.8952219109374999 0.7671162875 0.8927575921875001 0.7644190984375 0.8888559468749999 0.7649483234375001 0.8856005578125 0.7628503656250001 0.88195076875 0.7598697671875 0.87977570625 0.7573142296875 0.87535975625 0.7585956640625 0.8716307578125001 0.7572404171875 0.869514259375 0.755211609375 0.8658301875 0.7528232234375001 0.863306871875 0.750097815625 0.8633853296874999 0.749125203125 0.8686542109375001 0.7525734828124999 0.8730375406249999 0.7550233671875 0.8775725265625001 0.7547045109375 0.882407778125 0.748519521875 0.8831010359375 0.74554754375 0.8790524671875
0 0.7857434624999999 0.9769106046875 0.7863473203125 0.9757990578125 0.78306665625 0.9737976843749999 0.7769955109375 0.972583134375 0.77121919375 0.9716549171875 0.765524003125 0.9679967390625001 0.77197523125 0.9767647171875 0.774690371875 0.977877625 0.7857434624999999 0.9769106046875
0 0.7765886375 0.9371148781249999 0.77469250625 0.9351445140625 0.7738080765625 0.93489565 0.7690953359375 0.9352420859375 0.7679909890625 0.9380192171875 0.7719052125 0.93978635625 0.7764464125 0.9401325078125 0.7765886375 0.9371148781249999
0 0.7629092749999999 0.9240370359375 0.7618016140625 0.9222047281249999 0.7592489109375 0.919954584375 0.75735906875 0.9193827453125 0.7554479374999999 0.920665128125 0.7573286171875 0.9246460515624999 0.7606042671875 0.9280422343750001 0.7626724078125 0.92905646875 0.7646354468750001 0.928026771875 0.7629092749999999 0.9240370359375