0 0.8316416109375 0.2100313765625 0.8264932359375001 0.2130791828125 0.8259860015625 0.21832421875 0.82690171875 0.22125028124999999 0.8316565406249999 0.227828375 0.8358278218749999 0.2314148875 0.8439962124999999 0.2356491546875 0.94835024375 0.321749834375 0.9375959437500001 0.3252444671875 0.9325715734375001 0.3266609 0.9324547078125001 0.33215744062499997 0.93343541875 0.3391936703125 0.939648996875 0.3516029609375 0.954579078125 0.3782576703125 0.982438078125 0.37741383281249996 0.9766605 0.3683948859375 0.9699391046875 0.3525313546875 0.9662430578125001 0.3437349375 0.9681060046875001 0.33937561562499996 0.9745900531249999 0.3413844546875 0.980036246875 0.345171584375 0.9908494062500001 0.3516800265625 0.98881905625 0.322644678125 0.98357919375 0.32046425625 0.9774074921875 0.3156424015625 0.9084954890624999 0.26393913750000003 0.8491279625000001 0.2164600625 0.84338694375 0.2132950140625 0.8391192125 0.20906835781250002 0.83565163125 0.208892628125 0.8316416109375 0.2100313765625
0 1 0.49530394062500005 0.9925372953125 0.375817959375 0.8762818078124999 0.38497327187499997 0.4144869296875 0.42500584531249996 0 0.46065809687500003 0 0.5174603859375 0.0073462984375 0.62251735625 0.39422395 0.595583275 0.39805391874999996 0.58299951875 0.409979015625 0.5451551671875 0.42041519687499995 0.5156302546875 0.43562382031249997 0.49065069375 0.46767940625 0.46804078281250006 0.496573665625 0.45590659999999994 0.5230666734375 0.45129731250000005 0.534084359375 0.447806190625 0.5505059578125 0.44778876093750003 0.562897165625 0.44846197187500003 0.5672504625 0.449589171875 0.5772884296874999 0.44875254531250003 0.581558965625 0.4489426109375 0.586288865625 0.45014685312499997 0.5899420671875 0.4516331390625 0.595762803125 0.4527798984375 0.60468794375 0.45390379999999997 0.6111876781250001 0.456069740625 0.6200139046875 0.4595422 0.6233262093749999 0.4611932921875 0.629476546875 0.46295449375000003 0.64152941875 0.470795328125 0.65684810625 0.4806303953125 0.6697706703125 0.4932926203125 0.67511880625 0.504144425 0.6804246828125 0.515265459375 0.6867813578125 0.5163935375 0.6897293624999999 0.5221754171875 0.6908951609375 0.5241755296874999 0.690865775 0.534081396875 0.6893273234375 0.540460503125 0.6873450531249999 0.54533095625 0.6934072484375 0.5753092296875 0.7007166046875 0.5724329734375 0.7055202875 0.5732812015625 0.710092925 0.5739388328125 0.7143964796875 0.5736378984375 1 0.5536696484375 1 0.49530394062500005
0 0.49052282968750005 0.6369807093750001 0.49184893125 0.6363006109375 0.4950601953125 0.634647578125 0.4978223796875 0.6330682375000001 0.500243284375 0.631760240625 0.5021773281249999 0.6288432234375 0.5024518015624999 0.6247046203125 0.49778907187500004 0.6221314203125 0.49403215781250004 0.62039394375 0.4918287 0.6200405390625 0.487045634375 0.6205175374999999 0.4766464109375 0.6247892937499999 0.47380078125 0.6245481453124999 0.470805065625 0.626035740625 0.47114958281249997 0.6290362046875 0.471862253125 0.632776853125 0.46980710468750003 0.6345667609375 0.471049634375 0.6376641937499999 0.47456465156250005 0.6377567234375 0.47486608906249994 0.6381475859375 0.479128046875 0.6379686015625 0.4840522046875 0.636642190625 0.4854323046875 0.6358831328125001 0.49052282968750005 0.6369807093750001
0 0.45352637187499995 0.6528830015625 0.450994109375 0.6551072484375 0.44954715468749995 0.6573965734375 0.44838080937499997 0.65926373125 0.4728358640625 0.6578998234375 0.4741634921875 0.6506113328125 0.4766918015625 0.650436103125 0.47955601875 0.6497111015625 0.48136931718750003 0.6484048671875 0.4801491140625 0.6471274984375001 0.4758389453125 0.6473114203125 0.47404892656250003 0.6457026796875 0.47276141406249994 0.64559065625 0.474991284375 0.6449554359375 0.47348238125000003 0.6451940859375 0.46883982656249995 0.6459557265625 0.4647071609375 0.6467741265625 0.4620835796875 0.6487228218750001 0.4581147234375 0.6511446375000001 0.45352637187499995 0.6528830015625
0 0.407299875 0.658933275 0.4010768265625 0.6597161546875 0.4028895125 0.6556908406249999 0.40116335000000003 0.653292909375 0.39872920624999997 0.6561587515625 0.39564067187499996 0.6625460046875 0.40378420156250006 0.6629304406250001 0.4093937140625 0.6617957515625 0.41325318906249997 0.6624687921875 0.4159136375 0.6598377375 0.4163278234375 0.6566667453125 0.4158445859375 0.6530040328125 0.4137842421875 0.6533532937500001 0.411170146875 0.6511145640625 0.4098268390625 0.6536989390625 0.40842117031249997 0.6566682890625 0.407299875 0.658933275
0 0.4077719375 0.6499597359375 0.41105218906249996 0.650413271875 0.415117525 0.65360465 0.419073640625 0.6535989843750001 0.4242701515625 0.650074784375 0.4258112515625 0.646914271875 0.42264040312500006 0.6458077624999999 0.42143490781250004 0.647428615625 0.4166560890625 0.652289434375 0.41192548437500004 0.649843153125 0.4124615859375 0.647183653125 0.41512994843750006 0.6473761109375 0.4197582671875 0.646679684375 0.4185521203125 0.6407650390625 0.41874794218750006 0.6391975609375 0.42101935468749996 0.634900521875 0.423315465625 0.63389101875 0.4275351265625 0.6289408625 0.42859932812499996 0.62688975625 0.4227574109375 0.6270304234374999 0.42024800312500005 0.626176828125 0.42018414687499994 0.6244348515625 0.42221097500000004 0.62327031875 0.423397825 0.6206436296875 0.424022284375 0.6171869609375 0.42606748124999994 0.6150531609375001 0.42832553593749995 0.6124690390625 0.428354415625 0.6105749109375 0.42657405312499996 0.6095074390625 0.422095896875 0.61214969375 0.4221739765625 0.61100395625 0.4245903453125 0.60736873125 0.424632965625 0.6034311671875 0.42387639843749997 0.6003843328125 0.427802646875 0.5978683859375 0.428275325 0.5907179953125 0.42106140937500003 0.5903672328125 0.425759434375 0.5860085859375 0.434379396875 0.5773251968750001 0.43369354375 0.575827203125 0.4292346359375 0.578923909375 0.425881165625 0.5791928656249999 0.4311683859375 0.57553231875 0.4343744171875 0.5701533875 0.42754178125 0.569879340625 0.43058207968750006 0.5679093359375 0.428765078125 0.5648395421875 0.431306740625 0.5613161625 0.43040670781249996 0.5587711843750001 0.4338161171875 0.554889525 0.43667629531249996 0.552023653125 0.4366993453125 0.549710159375 0.43258060781249996 0.5478382203125001 0.43945404374999997 0.5443502578125 0.44170046718749995 0.5415774250000001 0.4457642421875 0.5383626828125 0.4462619515625 0.536587703125 0.442897059375 0.5361557484375 0.447050165625 0.5348456640625 0.44806702343750004 0.53117673125 0.4512780296875 0.527907278125 0.449888865625 0.5270583640625001 0.44113567187499997 0.52924459375 0.433394121875 0.5355719046874999 0.43025103124999997 0.5394318078125 0.42790539375 0.542891359375 0.43126296249999996 0.5456153453125 0.4297055765625 0.549394125 0.42789468125 0.5523698828125 0.42492362968749997 0.554635778125 0.42657619375 0.557638753125 0.42731462656249997 0.559709475 0.42509715468750003 0.5619555671875001 0.4240357546875 0.5636211640625 0.4258654 0.5668717640625001 0.42137246875 0.5712066734375 0.41983562656249995 0.571964159375 0.4165096046875 0.575022371875 0.4164259921875 0.5780825328125 0.417923746875 0.580685959375 0.42130981093750003 0.579539153125 0.4220454953125 0.5821081546875 0.4192921140625 0.5845749796875 0.413244134375 0.587771840625 0.411668759375 0.5889862546875 0.41031860781249996 0.5911591671875 0.4072538625 0.5928019546875001 0.40206926562499995 0.5930470234375 0.4019172859375 0.590156834375 0.4021456609375 0.5869941375 0.40354304687500003 0.5832343765625 0.40503637656249997 0.5791891031249999 0.40575908437499997 0.5765102890625 0.40746751875 0.5740852078125 0.41326972812499996 0.57407105625 0.41528864531250004 0.571942225 0.4145324125 0.5668842187500001 0.41579773906249995 0.5653797890625001 0.4181509265625 0.562901790625 0.41906924375 0.5609595640625 0.4215140640625 0.5593663906249999 0.42324139687500006 0.554501234375 0.42162127031249996 0.554672478125 0.41667636874999997 0.5566206 0.41350244218750004 0.5603307265625 0.40969739687500006 0.5677830578124999 0.4081602859375 0.5677527062500001 0.40916354843749997 0.5647629390625 0.41138228281250006 0.5599589671875 0.4123467625 0.55722095625 0.4135622625 0.553525603125 0.41524779218749996 0.551825759375 0.4198025546875 0.5492486328124999 0.421767840625 0.5447176921875 0.42100155624999996 0.5405015 0.4207558234375 0.5382193328125 0.4225928953125 0.5336691625000001 0.422651428125 0.5299591671874999 0.4245688140625 0.5278343046875 0.429281690625 0.525233590625 0.431822953125 0.5239892265625 0.43314581093750004 0.5218291875000001 0.43144341875 0.519838403125 0.4257361484375 0.5232933765625 0.4248576453125 0.5198243312499999 0.4322003625 0.5076590578125 0.42751835 0.5085284015625 0.4263560015625 0.5047408812499999 0.42545673125 0.5056339125 0.4214306703125 0.5121431125 0.41873526562499996 0.518126959375 0.4167036484375 0.5270403906250001 0.399123009375 0.5790919875 0.39229522031249997 0.6036609312500001 0.37502380625 0.6540196453125 0.37230066875 0.6650051125 0.383816059375 0.6640620421875 0.3842491828125 0.6561892125 0.380392825 0.65208885625 0.38210987812499997 0.643895996875 0.387503165625 0.6402515281250001 0.3932774609375 0.6333647703125 0.3952012015625 0.6308604140625 0.39502143749999996 0.631291190625 0.3912608515625 0.63588501875 0.388335790625 0.6403765640625 0.38471564687500004 0.646194828125 0.384412515625 0.6504388109375 0.389516490625 0.645367296875 0.3954008 0.6380154828125 0.39726469999999997 0.6355513359375 0.398932446875 0.6325667921875 0.4018589125 0.6319032234375 0.40273226875 0.6326331421875 0.40745626562500004 0.6322746140625 0.4104903875 0.6327249984375001 0.41023134375000003 0.63450835 0.40582882500000006 0.6361491390625 0.401857465625 0.637639171875 0.3981909484375 0.6413383203125 0.39648066718749997 0.6455961203125 0.39807431718749997 0.6487645468750001 0.3985361875 0.6498145734375 0.4002096625 0.6518622 0.4037291609375 0.6514140390625001 0.4077719375 0.6499597359375
0 0.45401008750000005 0.48882618750000006 0.456333065625 0.484885796875 0.45943695937499995 0.4811821328125 0.4591812234375 0.4784433 0.4550959078125 0.47908765937500003 0.4495020046875 0.4863142234375 0.4474720125 0.49198057031250003 0.44782434687499995 0.49719839062500004 0.45258696093750006 0.497817675 0.45458176406249995 0.4970015375 0.45869540625000005 0.493491971875 0.4605310171875 0.4959543 0.455439925 0.5047715390625 0.4489344703125 0.5085940234375 0.4471633453125 0.5095401875000001 0.44388542812500004 0.514675103125 0.44083189375 0.5182029499999999 0.43632616874999997 0.5182110234375 0.4395319875 0.514688190625 0.44262809531249997 0.511724371875 0.445326640625 0.5084061734375 0.44709795625000004 0.5029380421874999 0.444212765625 0.501011171875 0.44188167500000003 0.5024836171875 0.4378543 0.5075628625 0.434476040625 0.5119795890625001 0.429529653125 0.518274340625 0.4320868671875 0.5193188156249999 0.43395891875 0.5204879499999999 0.43560705468750005 0.5248163390625 0.44493917187500004 0.5243908890625 0.4504117609375 0.5229556453125 0.455993075 0.5218432890625 0.45817449374999997 0.518544021875 0.457264125 0.5130065375 0.458097921875 0.508399653125 0.46013452343749994 0.50509015 0.4634116328125 0.5001228875 0.465438578125 0.4962721140625 0.4694852015625 0.49507441874999997 0.47438838906249997 0.492955353125 0.4785051671875 0.4907001875 0.48289694218749996 0.48783059218749997 0.48324467968749996 0.48599405000000007 0.48548551250000005 0.482939671875 0.49107911406250004 0.481129446875 0.49358588281250004 0.4783838328125 0.49535500781249997 0.47602029218749997 0.5050814765625 0.4748953171875 0.5112939765625 0.4732000140625 0.518465165625 0.46996063593750004 0.513447884375 0.4662594203125 0.5106311328124999 0.46844717343750003 0.507040140625 0.4692840828125 0.503277615625 0.47010949062499996 0.4985955625 0.4730166140625 0.4947815390625 0.4727695640625 0.492631421875 0.47024464843749997 0.48571408125 0.4704840109375 0.48236834375 0.4726555 0.4828929609375 0.47552119687500005 0.48011775625 0.47866149843750005 0.4778391609375 0.47629279999999996 0.47611518906250005 0.47399339375 0.47475777499999994 0.47380011250000004 0.47200568593750003 0.47801015625 0.4716188 0.48213155781249994 0.46930246093749994 0.48267258125 0.46274539375 0.48333785 0.46221735625000004 0.48358152656250003 0.4567853765625 0.48987577499999996 0.45401008750000005 0.48882618750000006
0 0.4923619 0.5403529796875 0.4873965296875 0.5384916875 0.48719057968749996 0.540429525 0.48047495781249994 0.54312799375 0.4784566 0.5437640859374999 0.473924475 0.5469113359375 0.4743272125 0.54879564375 0.47411864374999996 0.551368021875 0.472194815625 0.554005521875 0.4672609859375 0.5565151765625 0.4672335109375 0.5590341671875 0.4666483140625 0.56206675 0.471403246875 0.56179220625 0.476123359375 0.5593397859375 0.48100725625 0.556496865625 0.48219601093750003 0.5546813953124999 0.48319332031249995 0.5527712359375 0.4874475703125 0.5499284859375 0.4884999375 0.55028406875 0.4929494859375 0.5498758140625 0.49381657187499994 0.5483209171875 0.4980507921875 0.5444301375 0.49433764687500004 0.5405186875 0.4923619 0.5403529796875
0 0.518359175 0.5538536390625 0.5242056140625 0.5509105171875001 0.52936764375 0.548707565625 0.5306422625 0.545454478125 0.5324868421875 0.544595590625 0.53551461875 0.5420657203125 0.536909503125 0.5401293265625 0.531497134375 0.5386626765625 0.5251273828125 0.5398787203125 0.516454990625 0.5420780953125 0.515076771875 0.5439616359375 0.51423233125 0.547273921875 0.5112693562499999 0.5497225109375 0.50434049375 0.553425803125 0.497700328125 0.5569569734375001 0.4910826046875 0.5575387703125 0.4906264828125 0.558004534375 0.48939904375000004 0.5634330671875001 0.48688683125 0.5640848984375 0.484325896875 0.5642639765624999 0.4808115296875 0.5653007140625 0.47918750781249997 0.566961796875 0.47413315312500004 0.571085353125 0.47028595468749995 0.5728502062499999 0.46267829843749997 0.5759180500000001 0.4645225421875 0.57819025 0.4718464578125 0.5759254046875 0.47621870624999996 0.57450131875 0.4787972390625 0.5758058765625 0.4842257609375 0.5737628499999999 0.4854332171875 0.5730659874999999 0.49308049687500005 0.5688848546874999 0.49435605000000005 0.566272325 0.4909577203125 0.5650485875 0.49216922343749997 0.5633568312499999 0.49339315156249997 0.561842765625 0.49645910625 0.560284475 0.500182871875 0.559621540625 0.5045454015625 0.5604551953125 0.5078165890624999 0.5597487250000001 0.5098209781249999 0.5574345187499999 0.5087155296875 0.5565438359375 0.5068012078125 0.5551286125 0.5086369734375 0.5533148875 0.5129319375 0.5528015359375 0.518359175 0.5538536390625
0 0.48942429374999996 0.5916813671875001 0.49549958437499997 0.590622184375 0.50242130625 0.5871527734375 0.5045046015625 0.5843318281250001 0.50466548125 0.5820854453125001 0.5008549171875 0.5835454390625 0.50163761875 0.5813213609375001 0.501550284375 0.5787508781249999 0.49678710937500004 0.580072296875 0.4911188796875 0.58101686875 0.486106321875 0.5798919125 0.483550015625 0.5811451578125 0.4783109875 0.5842181 0.474554378125 0.5855537140625 0.47063355468749996 0.5891328109375 0.47106217656249993 0.591723284375 0.47043687187499994 0.5941822671875 0.4675979 0.5945515171875 0.466204825 0.59348985625 0.4651763265625 0.593475628125 0.4589907125 0.5930466953125 0.45904186874999997 0.5956150078125 0.4587577703125 0.5964352609375 0.45454825625 0.5981706296875 0.45421135 0.6015508031250001 0.4570685375 0.60359240625 0.45724874531250004 0.6071102796875001 0.45444192031249997 0.6104031578125 0.454412990625 0.61404373125 0.45883030781249995 0.613824121875 0.462609903125 0.612526059375 0.46601726093750007 0.6094214359375 0.4690200328125 0.6067131890625 0.47270850781249996 0.604336040625 0.47626878125000005 0.6015590484375 0.48008901249999997 0.6000357265625 0.48454606250000004 0.598928371875 0.48884885625 0.5974966109375 0.49179596875 0.596053140625 0.4929340703125 0.594386878125 0.4941280265625 0.5922201890625 0.48942429374999996 0.5916813671875001
0 0.48819879843749997 0.6095917328125 0.4849891234375 0.6091395265624999 0.4836347109375 0.6075332171875 0.48284027656250006 0.604572046875 0.4804247046875 0.6049931359375 0.47777808281249995 0.6061195625 0.47438398125000003 0.6086969765625 0.47433929375000006 0.61103704375 0.4760685109375 0.6132546343749999 0.480614140625 0.61321244375 0.4830566140625 0.61304165 0.4866068765625 0.611375875 0.48819879843749997 0.6095917328125
0 0.5110109171875 0.6037722015625 0.508659875 0.603324171875 0.50772268125 0.6048620437500001 0.5073798968750001 0.60547025 0.5061421140625 0.6076149421875 0.5074698984375 0.6088628609375 0.51143193125 0.6093674 0.513496221875 0.6087609875 0.5148135203125 0.6067454375 0.5134920375 0.6047812718750001 0.5110109171875 0.6037722015625
0 0.55899073125 0.582991865625 0.5627095671875 0.5827960390625 0.567612121875 0.584453403125 0.5684802312499999 0.5861610703125 0.5673096078125 0.593275684375 0.5661088375000001 0.596352878125 0.566091596875 0.6019301671874999 0.5686676296875001 0.6046101265625 0.5725997609375 0.6062773953125 0.5804988984375 0.6043764359375 0.5799854343749999 0.6007518625 0.578780925 0.5973917625 0.5783905609375 0.59512440625 0.5806233390625 0.5920220359374999 0.5796794078125 0.5842126078125001 0.57752135625 0.5814846265625 0.572866621875 0.5799665640625 0.56963985625 0.579628328125 0.56517114375 0.580568903125 0.5619243843749999 0.5807959375 0.5548673515625 0.5806503578125 0.5530333875 0.5812578937499999 0.551174303125 0.584373290625 0.5531655296875 0.58751548125 0.5570207015624999 0.58436388125 0.55899073125 0.582991865625
0 0.5490290328125 0.6034882500000001 0.552959971875 0.6031225250000001 0.5530268609375 0.6008983796875 0.549555025 0.5990266281250001 0.5485985328125 0.59842939375 0.5457365625 0.599365690625 0.5440724265625 0.601573090625 0.545284246875 0.602797790625 0.5490290328125 0.6034882500000001
0 0.6339840156250001 0.621133196875 0.6344858109375 0.619528659375 0.6322232859375 0.6160906109375001 0.6292807921875 0.61488981875 0.6280408296875 0.61335225625 0.6245566015625 0.6108329171875 0.622320496875 0.6078174921875 0.6267491421875 0.6063487375000001 0.6246656953125 0.6052476390625 0.62349106875 0.603121271875 0.6244594078125 0.5970561375 0.6267051953125 0.595752553125 0.6276597875000001 0.5903196046875 0.6273965953125 0.58765334375 0.6282389187499999 0.5853859390625 0.6290033953124999 0.58276685625 0.6252168640625 0.5812554343749999 0.6234475703125 0.57889028125 0.62119614375 0.5748045671875001 0.6171161578125 0.5718068703125 0.6134072781250001 0.5707787093750001 0.6121971375 0.5723779578125 0.6114953359374999 0.5747733734375 0.6074636625000001 0.57788719375 0.6117117203125 0.578965365625 0.6127469359375 0.5811140109374999 0.61067748125 0.5845808765625 0.6092453796874999 0.58475306875 0.60411993125 0.5833352734374999 0.5993133453125 0.5831623296874999 0.5980941859375 0.5864021421875 0.6006000046875 0.5879436 0.6060462671875 0.5903429703125 0.6076212875 0.5942081421875 0.607870225 0.5961329656250001 0.6131484625 0.5963982328124999 0.618017709375 0.596952109375 0.617241171875 0.6014594437499999 0.6115532203125 0.6035331421875 0.608591740625 0.6053535343750001 0.6046862390625 0.6065758203125 0.607765753125 0.611886440625 0.6079317484375 0.6151562640625 0.6085297546875 0.62113223125 0.6063479859375 0.6217609562499999 0.60714663125 0.6231696140625 0.611163028125 0.6254371546875 0.6114958515625 0.634251034375 0.6092894140625 0.6386484718750001 0.602640828125 0.6370865734375 0.6003559562499999 0.6376520234374999 0.6005361359375 0.6402958953125 0.6051045640625 0.6445892390625 0.6070123484375001 0.645238990625 0.605704890625 0.647820859375 0.602020725 0.6490276671874999 0.6041536921875 0.6526736984375 0.6077711015625 0.653155346875 0.6071109234375001 0.6533236828125 0.626684034375 0.654091453125 0.63181901875 0.65277849375 0.6327261 0.650160403125 0.6320562046875 0.6484874328125 0.6274634406249999 0.6461756140625 0.625174625 0.6456543156250001 0.6289590328125 0.6431482875000001 0.632228834375 0.6394204921875 0.632521853125 0.637473434375 0.629938809375 0.635835565625 0.62741619375 0.6346586671875001 0.62736163125 0.6336991984375 0.6286430890625 0.6322014734375 0.6291950953125001 0.628806259375 0.6270258171875 0.6295688125 0.6246383265625 0.6319818578125 0.624778759375 0.6292638796875 0.624185503125 0.627410121875 0.6252128124999999 0.62404745625 0.6245232140625 0.6215551140625 0.628949009375 0.621546365625 0.6339840156250001 0.621133196875
0 0.558952559375 0.5592178671875 0.563137003125 0.561223046875 0.5647855640625 0.5618392375 0.5673110765625 0.5639087328125 0.569864615625 0.5618991484375 0.5693363640625 0.5605718265624999 0.5733635515625 0.5597905640625 0.5753152296875 0.5604184515624999 0.578557778125 0.5612959625 0.5810173765625 0.5607652843750001 0.5810775078125 0.5584445 0.5799847375 0.557264728125 0.577378778125 0.5562847484375 0.5713754125 0.5559981359374999 0.5667788234375 0.5563195609375 0.5629785203125001 0.55687350625 0.5590677000000001 0.5579301359375 0.558952559375 0.5592178671875
0 0.638111646875 0.6066239875 0.6443471125 0.6082586296875 0.6462971093750001 0.6097136484375001 0.6494328703125001 0.6106095921875 0.652699121875 0.6098549109375 0.6545874859375 0.60919658125 0.6535473984375 0.60673188125 0.652023875 0.6043871328125 0.650278284375 0.603144934375 0.64828608125 0.6022958984375 0.64548436875 0.601943603125 0.6442633890625 0.6017078875 0.641063009375 0.60181420625 0.639125334375 0.6023945359375 0.6366783546875 0.6040912359374999 0.638111646875 0.6066239875
0 0.6533947515625 0.553926396875 0.6527799734374999 0.5571631046875 0.65732506875 0.560831553125 0.6569589828125 0.5639960484375 0.661166909375 0.5675690343750001 0.663042653125 0.5700677140625 0.6606056171875 0.570921040625 0.6588091765625 0.5733867359375 0.659171546875 0.576284140625 0.6640635296874999 0.5805454609375 0.6660274359375 0.5785034921875 0.6695581749999999 0.57738729375 0.6776841109375 0.584777521875 0.68420629375 0.58838446875 0.68603873125 0.5877551109375 0.6851147578125001 0.579178359375 0.6825596843749999 0.5774476890625 0.6804115875 0.5803499140625 0.668326128125 0.5681679671875 0.670523496875 0.5671575375 0.6757677625 0.5694457265625 0.68124096875 0.5723647953125 0.6834514609375 0.5713628468749999 0.6833007828125 0.567528078125 0.6826712984375 0.560788384375 0.682347871875 0.5584255015624999 0.67985810625 0.554784059375 0.6794584359375 0.5516668453125 0.6798417609375 0.5465761421875001 0.6798523734375 0.5444655734375 0.6806711140624999 0.5404721703125 0.6770838218749999 0.5360757609375 0.674371253125 0.5348479265625 0.6709960125000001 0.5327000140625 0.669181209375 0.5306920296875 0.6677462359375 0.5289864109375 0.66441424375 0.5309736796875 0.66217006875 0.52941079375 0.66222969375 0.52526841875 0.660622096875 0.523759696875 0.6587914734375 0.52645333125 0.6631817203125 0.5313120437500001 0.6678029546875 0.5371445140625 0.6713599765625 0.5417576265624999 0.6774442015625 0.5447013203125 0.6754050281249999 0.5509979671874999 0.6727150453124999 0.5461284359375 0.6707648374999999 0.5456335828125 0.6701395109375 0.5477338828125 0.6712685203125 0.5568460734375 0.6617150171875 0.556278296875 0.6583923328125 0.555240359375 0.6533947515625 0.553926396875
0 0.6182415703124999 0.5173206390625 0.6198972515625 0.5203233968750001 0.6201219250000001 0.5228419843750001 0.6182957953125 0.5246143109375 0.6200510171875 0.5273829937500001 0.622504671875 0.527775290625 0.62655508125 0.5282893125 0.6324712781249999 0.5295468703124999 0.6356485546874999 0.531417290625 0.640049959375 0.5307461296875 0.6423117203125 0.53417326875 0.6456482 0.5401347359375 0.6518708234374999 0.5426160875 0.65541225625 0.5410480421874999 0.6549917015625 0.5344738640625 0.6545458171874999 0.5313677140624999 0.654141525 0.5283635984374999 0.6547546203125 0.5266259734375 0.65180295 0.5253835312499999 0.649033290625 0.52280169375 0.6456662703125 0.5203681375 0.6439256421875 0.5181889375 0.6404704703124999 0.5167122984375 0.6384963828125 0.515808740625 0.6361278125000001 0.5152444640625 0.6315911421875 0.515325184375 0.628456390625 0.515989221875 0.62769525 0.5181632375 0.6321305859375 0.5204860640625 0.6406159921875 0.5275739171875 0.6323352546875001 0.52372655625 0.631544571875 0.5206398171875 0.6272922859375 0.519411575 0.6268042265625 0.5168894765625 0.6241171921875 0.5134732796875 0.6292179828125 0.5120969265624999 0.62797326875 0.5098642515625 0.62569304375 0.5063522578125 0.6206638046874999 0.5063327203125 0.6201590203125 0.5085217015625 0.6206948359375 0.5132051078125001 0.6190671359375 0.5129320484375001 0.617918265625 0.5143547171875 0.6182415703124999 0.5173206390625
0 0.5836690046874999 0.4979554390625 0.5800883546875 0.49932104062500005 0.5772471421875001 0.5020101578125 0.582227021875 0.5030261921875 0.5857046703125001 0.507713771875 0.5875257687500001 0.5112453421875001 0.5983965343750001 0.5141425296875 0.5988168796875 0.5175778265625001 0.5921676703125 0.5171045624999999 0.58327365 0.5156417265625 0.5775986734375 0.51610904375 0.5706461859374999 0.521468015625 0.5637174 0.5217676984375 0.5573419734375 0.518288325 0.561848071875 0.517434415625 0.577262775 0.5144189828125 0.5837144078125001 0.5131643203125 0.5841197203124999 0.5104936046875 0.5821650265625 0.5089042109374999 0.57665055 0.5102108140625 0.5708652390625 0.5091226625 0.573277309375 0.5062771609375 0.5748349015625001 0.50333008125 0.5698925874999999 0.503769659375 0.5634845296875 0.50298193125 0.5590029140625 0.5032451953125 0.5573656812500001 0.5045829734375 0.5563474390625001 0.5084336953124999 0.5585785546875 0.5106161890625 0.563134434375 0.5093766171875 0.5639036109375 0.509647059375 0.5664935859375 0.5149903453125 0.562258790625 0.5147962140625 0.5568362546875 0.512982553125 0.552485521875 0.514759121875 0.5499340515625 0.5138191890625 0.5455573703125001 0.5144854890625 0.5426228171874999 0.518102128125 0.5413297890625001 0.521159146875 0.5444215578125 0.5225907140625 0.548597115625 0.5216017203125001 0.5520401328125 0.5200374234375 0.5542579187500001 0.521603721875 0.5611765921874999 0.5240489312500001 0.5656102656249999 0.525026409375 0.56725410625 0.525821490625 0.5666795703124999 0.528872125 0.5634056125 0.5303901390625 0.56017148125 0.5318505484375 0.5601107390625 0.534431384375 0.5632055125 0.5365331234374999 0.568685325 0.5356267890625 0.5690884359374999 0.52958708125 0.570873040625 0.52654894375 0.5736356921875 0.5256258578125 0.57778575 0.526355328125 0.5816490578125 0.528337540625 0.5847242296874999 0.5314133328125 0.5856095484375 0.5339718703125 0.5836387765625 0.5356916593750001 0.5793965578125 0.5359961359375001 0.5822485765625001 0.5385910093749999 0.5847714093749999 0.539995009375 0.5893892843749999 0.54017958125 0.589965021875 0.5362501609375 0.5910387734375 0.53361885 0.59229765 0.5309918234375 0.5912233812500001 0.5285310796875 0.5879929265625 0.5255194000000001 0.589356453125 0.5233361546874999 0.59561590625 0.5228498953125 0.6011704 0.523817915625 0.604446665625 0.52701435 0.605858890625 0.5288202375 0.6076173171875 0.5312315734374999 0.6077652421875 0.5339293890625 0.6082922125 0.5370079421875 0.6129502546875 0.5365349859374999 0.614893703125 0.534402034375 0.6125455328125 0.5285296546875 0.6135119984374999 0.5223033203125 0.6123225234375 0.5175230875 0.6140267203125 0.514208634375 0.6172816625 0.5114107031249999 0.6159935453125 0.5095428828124999 0.612736021875 0.504755328125 0.6101609828125001 0.5019327671875 0.60645699375 0.5013553625 0.60422889375 0.5037854562499999 0.6081246109375 0.507843903125 0.6046459703125 0.5069500078125 0.6017581484375001 0.50671024375 0.5946047531249999 0.50489544375 0.5945621812499999 0.5006803328125 0.591262440625 0.499858509375 0.5884158859374999 0.49971610312500003 0.5836690046874999 0.4979554390625
0 0.5785216125 0.45713694687500006 0.5848199828125 0.45839440781249996 0.5880051796875 0.46152045937499997 0.5908547468750001 0.46396827187499995 0.592331940625 0.464239325 0.6017162953125 0.465658475 0.594887115625 0.4682113859375 0.5865154359375 0.465773803125 0.5881845796875 0.46863308437500006 0.595720740625 0.47280818281250003 0.59860096875 0.47544807499999997 0.599527946875 0.47806478593749996 0.6075717640625 0.4782776328125 0.6130519249999999 0.48116175781250003 0.61612755625 0.48393051875 0.6135133625 0.48451273125 0.607692503125 0.4812138640625 0.599786778125 0.4813406484375 0.597271009375 0.47923131406249997 0.594558503125 0.4786315671875 0.592460890625 0.47963502187499996 0.58918665 0.480969796875 0.5926638421875 0.4846205078125 0.59685783125 0.4871654 0.6036851484375 0.4872737890625 0.605649559375 0.487725359375 0.6117680562500001 0.4898600046875 0.614363371875 0.488649453125 0.6205086484375 0.48776236875 0.623757725 0.4859109015625 0.624060815625 0.4837046984375 0.6215299875 0.4803496296875 0.6209996171875 0.4773120390625 0.6212933140625 0.47438911875 0.6165510140625 0.47179798906250003 0.6129808140625 0.47071470625 0.6084604015624999 0.4690791765625 0.61495844375 0.46537468437499996 0.619842496875 0.4648859234375 0.6285976546875001 0.4686860140625 0.6330034515625 0.471258384375 0.6392198296875 0.4732248546875 0.6341636046875 0.47629127968749996 0.6338941015625 0.47680508125000004 0.636808559375 0.4813456515625 0.6376333578125 0.481717146875 0.6439433421875 0.48488783281250003 0.6536766625 0.4917678171875 0.6491057484375 0.49442752187499994 0.6487102421875 0.4979104703125 0.65096644375 0.5019300640625 0.64575411875 0.498530690625 0.6409888703125 0.4970673453125 0.63718889375 0.497625965625 0.63981325 0.5019377781250001 0.6369302953125 0.5035819515625 0.6379391484375 0.5077279265625 0.6494925109375 0.5110237828125 0.6511702390624999 0.5090331515625001 0.6554525875 0.510108925 0.66036445 0.511720215625 0.6590584421875 0.5145244 0.6555764234375 0.5165613171875 0.65923545 0.5200348499999999 0.6623546734375 0.5215678734375 0.6654857046875 0.5191482578125 0.6633925765625001 0.5152879875 0.6676346718749999 0.516482484375 0.66808805625 0.5197854656249999 0.6729884296875001 0.5184325249999999 0.6725711953125 0.5266222046875 0.67495654375 0.5292183859375 0.677933709375 0.5275550953125 0.671005034375 0.5104968609375 0.6737895140625 0.507108434375 0.67153134375 0.5018735171875 0.6693003515625 0.49886400000000003 0.66771675625 0.49075471249999997 0.659390415625 0.482783296875 0.655998065625 0.47971872031249996 0.650328184375 0.4755102296875 0.6399719828125 0.46946635781249996 0.63450169375 0.4645954546875 0.62596719375 0.4608598171875 0.6201430953125 0.45816420625000004 0.60148781875 0.4528713890625 0.5816159734374999 0.44863789218749994 0.5673904546874999 0.44798487343750004 0.5608282046874999 0.447500828125 0.536775059375 0.447130915625 0.529901021875 0.4479671484375 0.51643831875 0.4495319453125 0.504317603125 0.45297332656249994 0.4931537625 0.45556150625 0.48518997343750003 0.45893462500000004 0.47017438437500003 0.46476814375000003 0.458991946875 0.4712342546875 0.4510614125 0.47470215937500004 0.44835741875 0.477718440625 0.44307978906249995 0.481516153125 0.43807304843750006 0.48484225781249995 0.426555384375 0.5009395890625 0.428668425 0.5053310125 0.43572313593749995 0.498835578125 0.4398960109375 0.49509788906249996 0.44438380781250003 0.48741925625000004 0.45755644218749997 0.47897355625 0.465568925 0.4711001421875 0.4743465546875 0.466418628125 0.48807425625 0.4645220375 0.5017063234375 0.459129853125 0.5105364390625 0.456946075 0.5235798453125 0.45422333125 0.530882334375 0.45102489375 0.541927884375 0.44974659375000003 0.543472003125 0.450078753125 0.5441942890625 0.4497682375 0.5455752453125 0.4541732625 0.5567371453125001 0.454670859375 0.5577994562499999 0.45761016718749997 0.5529697328125 0.45668074531249997 0.5463799140625001 0.45698961718750003 0.5407806796875 0.4582488921875 0.5429327374999999 0.4640942609375 0.549116671875 0.4678814921875 0.5588026640625 0.471867103125 0.5656569953125 0.47043548125 0.5702521890625001 0.4734316109375 0.5708378484375001 0.47858142656249997 0.5739826906250001 0.4825639421875 0.58222900625 0.48285034375 0.5864201203125 0.48098625781250004 0.5839810296875 0.47710632343750004 0.5784243499999999 0.474471896875 0.5771827859374999 0.4690139578125 0.5731701796875 0.46756220156249995 0.5701072265625 0.4645043515625 0.575314875 0.4614978234375 0.5785216125 0.45713694687500006
0 0.6142656 0.49842853125 0.6176805453124999 0.50156984375 0.6193978375 0.5037961 0.6234040265624999 0.504103328125 0.626727865625 0.4987067609375 0.6229346359375 0.49609155468750005 0.6185042359375 0.4972440359375 0.6154134578125 0.49678978125000006 0.6113979078125 0.49551992343749995 0.6096433203125 0.49217792656250003 0.606088534375 0.49046390781250004 0.6000848078125001 0.490418534375 0.5986675625 0.49375991093750005 0.6026516859375 0.49572271093750003 0.6082137671875001 0.49950956875 0.6117298843750001 0.500133003125 0.6142656 0.49842853125
0 0.57564713125 0.5407943703125 0.5711631421875001 0.5402621109375 0.569934840625 0.5429903765625 0.5694227828125 0.545948928125 0.5724507296875 0.5479237703125001 0.5759494234375 0.5465732984375 0.5734909781249999 0.544320553125 0.57548855 0.543588803125 0.5809546984375 0.5449733765625 0.5822498031250001 0.5465603375 0.5790699890625 0.5476551296875 0.5810462281250001 0.550918975 0.5841261890625 0.5526520984375 0.58794810625 0.5523848453125 0.5901484046875 0.5524690640625 0.5894624328125 0.5504541953125 0.5885864 0.5479388640625 0.587003965625 0.545087615625 0.5806876875 0.54314849375 0.57564713125 0.5407943703125
0 0.6239984062499999 0.5667425781250001 0.6271062578125 0.5626251296875 0.6270647031250001 0.5607093 0.624252253125 0.5603154640625 0.62184304375 0.561544328125 0.6159099 0.55970841875 0.611979440625 0.5633289125000001 0.6166238515625 0.5649009515625 0.6185450203125 0.5690348203125 0.6233118734375 0.5698715265625001 0.6288139593750001 0.5708964671875 0.6239984062499999 0.5667425781250001
0 0.6681601296874999 0.6028202078125 0.6702344234375001 0.59946734375 0.6690088515625 0.597239596875 0.666641146875 0.5955005234375 0.664679534375 0.592804228125 0.6610070171875 0.5915793015624999 0.6593397015625 0.5924868796875 0.658937309375 0.5955129453125 0.661236446875 0.5959802671875 0.6626576734375 0.598318071875 0.660674996875 0.5972020953125 0.6565753640625 0.5960289640624999 0.65545531875 0.5990958156249999 0.65727173125 0.602336378125 0.65881030625 0.60473959375 0.661606553125 0.6065144859375 0.6653246968750001 0.60789911875 0.66677390625 0.606112425 0.664857975 0.60368860625 0.6650407328125 0.6008815203125 0.6681601296874999 0.6028202078125
0 0.6697925984374999 0.594985684375 0.6712778312500001 0.596357296875 0.671939653125 0.600602721875 0.6721642296875 0.6057182671875 0.6727980796875 0.610280478125 0.6736756578125 0.613176315625 0.677198390625 0.613692778125 0.6779229609375 0.6117797609375 0.678596540625 0.6097199453125 0.680998396875 0.6110290265625 0.6812506468749999 0.6132700140625 0.6837287875 0.615378846875 0.6848397921875 0.614041840625 0.6846461953125 0.611586865625 0.6831651171875001 0.60922191875 0.6798041125000001 0.6070087921875 0.6796550078125 0.6048764984375 0.678596578125 0.6017239015625 0.676523140625 0.59973556875 0.6755983703124999 0.5986959828125 0.673877528125 0.5955677781250001 0.6721226078125 0.5940129703125 0.6705281546874999 0.5930953953125 0.6697925984374999 0.594985684375
0 0.6874671171875 0.62769181875 0.684786809375 0.6269253578125 0.6814443203125 0.6258057906250001 0.6792509171875001 0.6241626046875 0.6831890734375 0.6297687359374999 0.6853305734374999 0.630759265625 0.686781121875 0.63306839375 0.6887841796874999 0.6344758453125 0.69061241875 0.6343464359375 0.6915173828125 0.6323252609375001 0.6914638609375 0.629924709375 0.6901670703125 0.6270816796875 0.6892809609375 0.6261693953125 0.6874671171875 0.62769181875
0 0.6492047703125 0.620070425 0.6486580828124999 0.61975623125 0.6477725421875 0.6187624578124999 0.644887075 0.6180635984375 0.6413370578124999 0.6180753250000001 0.641173475 0.620641425 0.641942725 0.6248104203125 0.6399126390625 0.6253235953125 0.6403446781250001 0.6297996734375 0.6415816046875 0.633220159375 0.6442970765625 0.6365278578125 0.6427551671875 0.637548840625 0.6441155875 0.64183939375 0.6476359421875 0.6458833640625 0.652075628125 0.648425171875 0.6533184375000001 0.6459715640625 0.6535793953125 0.6418636656250001 0.652982065625 0.6355837859375 0.6527009687499999 0.6315639140625 0.6514548328124999 0.6278997265624999 0.649692975 0.62465535 0.6492047703125 0.620070425
0 0.680927396875 0.6540732078125 0.6835513328125 0.656878253125 0.6858741203125 0.6579077953125 0.6901080171875 0.6560955390625 0.6889449875 0.6544037968749999 0.6862110390625 0.650943890625 0.6894855453125001 0.6519648359375 0.6916448125 0.6561885640625 0.6890428640625 0.6594545843749999 0.694173478125 0.6609910593749999 0.697782834375 0.6609767484375 0.6975448921875 0.6598139515625 0.695503346875 0.654809796875 0.693014246875 0.650797090625 0.689867928125 0.6482494234375 0.6871504093749999 0.64735399375 0.68210795 0.6469438015625 0.6791985609375 0.6455668343750001 0.67796586875 0.65033788125 0.680927396875 0.6540732078125
0 0.6969827734375 0.73270415625 0.7000105703124999 0.730532971875 0.7004818937499999 0.7276414875 0.7019231765625 0.7231879125 0.7012612093749999 0.71710364375 0.6985631296875 0.714671865625 0.6952798703124999 0.7135481578125 0.6941300375 0.7127843171875 0.69499029375 0.709541409375 0.692645765625 0.707192984375 0.6871914375 0.707657403125 0.6786575953125 0.7062383 0.6762260921875 0.7047292374999999 0.6758539703124999 0.7006844046875 0.6779063671875 0.70051269375 0.68208845625 0.70230501875 0.6844151109375 0.7007467359375 0.6848776734375 0.7002163015625 0.6879777484375 0.6978019828125 0.6850156609375 0.6953354125 0.684615309375 0.6972931078125 0.6828446546875 0.697551628125 0.683118021875 0.6953459359374999 0.684592225 0.6934462859375 0.688228884375 0.6941584015625 0.6911823046875 0.6968370312500001 0.6995173968749999 0.701932078125 0.6966161171875 0.70369500625 0.6996025125 0.70904033125 0.701264578125 0.706579334375 0.7023153984375 0.7037992609375 0.6986196234375 0.6978738812499999 0.6951459843750001 0.6942291875 0.6919098390625 0.6884705890625 0.69617156875 0.6916482328125 0.699841471875 0.6923877859374999 0.7023569875 0.691760784375 0.7021312156249999 0.6987686046875 0.7060330671874999 0.7003612421875001 0.7066847187499999 0.6944263281249999 0.699517346875 0.6869909984375 0.681715509375 0.6832408453125 0.6807785859375 0.6755092421875 0.68911455 0.680616759375 0.6846416515625 0.671395371875 0.6801332999999999 0.6712986859375001 0.682378109375 0.6656580437499999 0.6919584078125001 0.6722088375 0.6962386875 0.6757861625 0.6971862765625 0.6684835234375 0.6730062703125 0.656981278125 0.670733025 0.67211578125 0.6695654734375001 0.6828358390625 0.680992865625 0.7302040921875 0.6878825890625 0.732056125 0.69268753125 0.734669503125 0.6905629453125 0.7381543203125001 0.6871335078125 0.7400920156249999 0.683662896875 0.7400073453125 0.6847998890625 0.744597025 0.6856810671875 0.7500754640625 0.6898048734375 0.7587620875 0.6942817765625 0.7596409984375 0.69613583125 0.7611575484374999 0.6969603265625001 0.7575600203125 0.69362665625 0.7530722578125 0.6921036843749999 0.7519225703125 0.6897194234375 0.750237909375 0.6910504140625 0.74792536875 0.696522084375 0.7468802 0.6996967125 0.745532028125 0.70217795625 0.7418390109375 0.6998737312500001 0.73762541875 0.6970023109375 0.73497708125 0.6969827734375 0.73270415625
0 0.7104399406249999 0.7172621921875 0.708336940625 0.7158366671875 0.705846971875 0.7173217890625 0.7074435203125 0.7209348453125 0.703585565625 0.7184244093750001 0.703576659375 0.72214973125 0.7080936640625 0.725842071875 0.7113911265625 0.7266985140625 0.7113944375 0.7244835125 0.7106407046875 0.7214772046875 0.7111068984375 0.720304328125 0.7104399406249999 0.7172621921875
0 0.7060211484375001 0.7356041734375001 0.706811565625 0.736783159375 0.7093231234374999 0.7365699421875 0.7129136078125 0.74121360625 0.7132732749999999 0.7407796484375 0.7141640296875 0.7376144890624999 0.7120212640625 0.7334475609375 0.71039371875 0.7325495296875 0.708330846875 0.732952221875 0.7060211484375001 0.7356041734375001
0 0.72510055 0.745080721875 0.727498640625 0.7477919187500001 0.727626709375 0.7496233828125 0.7280310546875 0.7525162875 0.7294231671875 0.755266503125 0.730234425 0.75322681875 0.7306458859375 0.750016859375 0.730187965625 0.7473657828125 0.7291254671875 0.7450733765625001 0.726466203125 0.7423679125 0.72510055 0.745080721875
0 0.7009609125 0.79864353125 0.7030718953124999 0.8021767578125001 0.706181228125 0.805337875 0.71126755 0.8020970515625001 0.711798915625 0.797689875 0.7115365375 0.7923921468749999 0.710151725 0.78743918125 0.7088597531249999 0.7841274874999999 0.706569828125 0.7802527859375 0.706462471875 0.7775975578125001 0.7104170296875 0.7775920000000001 0.711905503125 0.7749332546875001 0.7105028109375 0.7710685625 0.7065325578125 0.7710736515625001 0.7076773234375 0.7684499046875 0.7099531109375 0.7659177984375 0.713286875 0.7652774375 0.71611516875 0.7634115375 0.7174975 0.7600412765625 0.7167478125 0.756712025 0.7150669187500001 0.753595121875 0.7138699921875 0.7475435625 0.7098465578125001 0.7473033250000001 0.7123253843749999 0.7567017421875 0.7101836968749999 0.7563581140625 0.7070798484374999 0.7496019203125 0.7054173140625 0.7520786140625 0.702190253125 0.75812 0.7024750562500001 0.7621928671875 0.7041178953125 0.766042334375 0.7044937953125 0.76852841875 0.7015854328125 0.76951808125 0.70008656875 0.7665403828125 0.6985612062500001 0.76997076875 0.69877463125 0.771970125 0.7017073453125 0.7773317359374999 0.701620103125 0.780586375 0.698521446875 0.7821250234375 0.6926733656249999 0.7804304 0.6939983890625 0.7894114109375 0.6946993546875 0.792939859375 0.6995107078125 0.7950625312499999 0.7009609125 0.79864353125
0 0.7271864390625 0.8500377625000001 0.7248678953125001 0.84788174375 0.72254914375 0.8457899578125 0.722052078125 0.8509340375000001 0.7220446953125 0.8553531296875001 0.722729584375 0.8583156953125 0.7250101843750001 0.8609818546874999 0.729819134375 0.8612110187500001 0.7311187765625 0.8589429609374999 0.7311747453125 0.8564282437499999 0.7297781953125 0.854264140625 0.7271864390625 0.8500377625000001
0 0.710922340625 0.831072965625 0.7074751874999999 0.827807034375 0.704317234375 0.8264145546874999 0.7062294015624999 0.8368707015625001 0.7100162671875 0.835922984375 0.71105051875 0.8329059890625 0.710922340625 0.831072965625
0 0.724236284375 0.8217809718750001 0.7226603218750001 0.819291090625 0.7191853015625 0.8176874015625 0.719600065625 0.82135646875 0.7203216453125 0.8239029625000001 0.7213943765625 0.8269464843750001 0.723796953125 0.82754910625 0.7243401359375 0.8258868546875 0.724236284375 0.8217809718750001
0 0.70386835 0.8103410875 0.7016393875 0.8098469312500001 0.7000285765625 0.8081802359375001 0.7008552906250001 0.8124094312500001 0.7051636890624999 0.8140817171875 0.706378278125 0.81196370625 0.70386835 0.8103410875
0 0.37026955625 0.891490690625 0.36735080937500003 0.891458275 0.36121111093749997 0.8932315031250001 0.3553357640625 0.8958508515625001 0.3490654109375 0.8998323234375001 0.3455027796875 0.9044123093750001 0.34241245 0.9063388234374999 0.3373532390625 0.908869775 0.3362507734375 0.9123896296874999 0.339579715625 0.9133378484374999 0.3456365296875 0.9084753765625001 0.34643825625 0.9114736296875 0.350322946875 0.9143440140625 0.35354623125 0.9096373921875 0.359461059375 0.9095762078125 0.3635124453125 0.9082450421875 0.367820453125 0.90563348125 0.36944865 0.9008065843749999 0.3686331421875 0.8959312828125 0.37208629375 0.8919807796875 0.37026955625 0.891490690625
0 0.598692196875 0.9475871296875 0.5985616109375 0.972621284375 0.59832985625 0.9789387765625 0.5977336546875 0.9845690812500001 0.5979318453125 0.9890160890624999 0.5998418015625 0.991936846875 0.607745975 0.9936693875 0.6220568109375 0.9926530124999999 0.62169548125 0.9848874265625 0.618731396875 0.9833106624999999 0.6090415265625 0.9818455234375 0.6091052765625 0.97285668125 0.6106081515625 0.9697990843750001 0.6141837375 0.9703322125 0.6212699390624999 0.977256334375 0.6268851234375 0.978285896875 0.633138678125 0.9746689843749999 0.6329134546875 0.9673042562499999 0.6304256609375 0.963982203125 0.6251617375 0.9664303593750001 0.6213237515625 0.9638918999999999 0.62019740625 0.946888425 0.6285226640625 0.9391200109375 0.6334502453125 0.9401945234375001 0.6396609390625 0.9341951109375 0.6329610765625 0.9338710546875 0.6299507906249999 0.9378830015625 0.6225589765625 0.9442391125 0.6182434453125001 0.9373577609374999 0.6186786046874999 0.933859509375 0.618782121875 0.9301432359374999 0.62699575625 0.9282375140625 0.6316965890625 0.9253525734375 0.629604925 0.9208860375000001 0.6318954546875 0.916459225 0.63779545 0.9122436421875 0.640587690625 0.9058974687499999 0.6386133828125 0.8956054312499999 0.6321391515625 0.8910490765624999 0.6278390265625 0.8896518859375 0.6197365625 0.891064275 0.612948859375 0.8899992296875 0.6098555484375 0.887067240625 0.6081017125 0.877038590625 0.6106616 0.870483115625 0.6057847749999999 0.8701568859375 0.5993004234375 0.8708092374999999 0.5985764875 0.8721489375000001 0.59445048125 0.8863901953125 0.5851517640624999 0.8930723046875 0.5869875453125 0.8963882625 0.5957696640625 0.9019626687500001 0.59627474375 0.90918565625 0.6000921765625 0.913782125 0.6077815453125 0.91168125 0.6078486984375 0.905182609375 0.6122616468750001 0.9073644671875 0.614480284375 0.919089828125 0.6117829765625 0.9206113765625 0.6057431859375 0.9226485921875 0.6008237265624999 0.9273124921875 0.5945776109375001 0.9325813453125 0.588220128125 0.938475115625 0.5894001328125 0.9422911609375 0.5956269 0.944607759375 0.598692196875 0.9475871296875
0 0.5203012078125 0.903482346875 0.52463935 0.9025336718749999 0.525087715625 0.900478640625 0.5222489453125 0.8961692906250001 0.5188164375000001 0.8970327078125001 0.51590800625 0.8991861484375001 0.5154876109375001 0.9009243953125001 0.5163352640625 0.902317096875 0.5203012078125 0.903482346875
0 0.70610184375 0.922829615625 0.7075131703124999 0.9294833125 0.713089375 0.930896215625 0.7160385859375 0.924398096875 0.71861458125 0.921813671875 0.7190559046875 0.9164996296875 0.7167604359374999 0.9144720015625 0.7159361296875 0.90989648125 0.7134229171875 0.9030974203125 0.711393940625 0.9010057343750001 0.70800814375 0.8974300796874999 0.7042521749999999 0.8964005125 0.701716153125 0.8980110265624999 0.703482478125 0.9019912609375 0.7061205125 0.9036315484375 0.706814034375 0.91005506875 0.7064990375 0.9165036875 0.70610184375 0.922829615625
0 0.7074249515625 0.8806455 0.7084207124999999 0.8785788171875 0.707806528125 0.8736706421875 0.70610595 0.8703170374999999 0.7011648796875 0.8703712156250001 0.6996553046875 0.87277299375 0.7013720484375 0.8756634062499999 0.7040149062500001 0.8793661937499999 0.7074249515625 0.8806455
0 0.7287896234375 0.88794953125 0.728824221875 0.8839420421874999 0.7315102062500001 0.8821017578125 0.7314042578125 0.8789514734375 0.7285061390625 0.8775564890625001 0.725900646875 0.8772327625 0.72401460625 0.8806570421875 0.724297234375 0.88633396875 0.7240450625 0.890074734375 0.7253876906250001 0.8923412859375001 0.726868421875 0.8938949046875001 0.73064233125 0.8917091375 0.7287896234375 0.88794953125
0 0.7570526328125 0.973812159375 0.754503234375 0.9729018421875001 0.7529393171875001 0.9738993031250001 0.7515126046875 0.9758285250000001 0.7500596093749999 0.9786586500000001 0.7535027921874999 0.9833909296875 0.759891278125 0.9830475812499999 0.7570526328125 0.973812159375
0 0.656963428125 0.9581762546875 0.660774659375 0.9620792781249999 0.6661947374999999 0.962334628125 0.667744415625 0.95931918125 0.6656743203125 0.9555418828125 0.66177381875 0.9508102546874999 0.659496278125 0.945947909375 0.663292778125 0.9422036453124999 0.661491215625 0.93729391875 0.65798024375 0.9371024265625 0.6542221234375 0.9410147359375 0.6500048953124999 0.9482844359374999 0.64817588125 0.9558617296874999 0.6513181375 0.9570297562500001 0.656963428125 0.9581762546875
0 0.6559251625 0.9048014734375001 0.657194703125 0.9008485984375 0.6528862546875 0.9011467421875 0.6518007703124999 0.9049990328125 0.64884976875 0.906140478125 0.649293853125 0.9100048515625 0.652001071875 0.9138441078125 0.6555323375000001 0.9185592640625 0.6561228906250001 0.92050875625 0.6598717703125 0.9227809078125 0.6676861187500001 0.9236096999999999 0.669069471875 0.9211948187500001 0.6674073390624999 0.91751743125 0.6643214921875 0.9122730390625 0.6603337953125 0.9065184390625 0.6559251625 0.9048014734375001
0 0.29592984843750003 0.9324699390625 0.2985636234375 0.936513253125 0.29803658906249997 0.9430879078125001 0.295690478125 0.9483550203125001 0.299483734375 0.9495370453125 0.306840490625 0.9438443718749999 0.310735153125 0.93758400625 0.316989778125 0.92974893125 0.3184823 0.9226681953125 0.3202108875 0.9202401390625001 0.3254182375 0.9153477875 0.322756775 0.9115805140625 0.322412259375 0.9083560671875001 0.3298992453125 0.9039433640625001 0.33772826562499997 0.89785898125 0.3398759984375 0.8928908109375 0.3438229109375 0.8876464625 0.34174237500000004 0.886385396875 0.33973973125 0.8885005593749999 0.3358846703125 0.8907577859375 0.334102828125 0.8890419640625 0.3323253328125 0.8877691046875 0.327351090625 0.8891632359375 0.3236119703125 0.89242889375 0.3207992046875 0.8959727984375 0.31962157812499997 0.9014417046875 0.31809757968749997 0.9077587140625001 0.3167724234375 0.9127978015625 0.31447037187500004 0.9172614453125 0.3082530796875 0.9175442687500001 0.30718175 0.9128184265625 0.30889204531250003 0.907956028125 0.311612165625 0.9030872343749999 0.3098272921875 0.898035371875 0.307123165625 0.8983842265625 0.30515891875 0.9012501015625001 0.30373140468750004 0.9052061921875 0.3027239359375 0.9075086406249999 0.3045729390625 0.9109912687499999 0.3027396703125 0.915752625 0.3001360234375 0.918367178125 0.298634846875 0.9223002250000001 0.29966681093749997 0.9254327453125001 0.29761318124999997 0.9297082890624999 0.29592984843750003 0.9324699390625
0 0.30382972656249996 0.9745495 0.3023045375 0.9719793187500001 0.297595625 0.9723743828125 0.2967610140625 0.9727585390625 0.295196459375 0.9750012640625 0.2958089953125 0.9779594921875001 0.30024013437499997 0.9769072031249999 0.30382972656249996 0.9745495
0 0.3074689703125 0.9579614812499999 0.30666158125 0.9599445078125 0.30558079375 0.96415515625 0.30768074375 0.9648650890624999 0.3095647625 0.9635398125 0.312268803125 0.95967301875 0.3135035734375 0.9554469031249999 0.31141536406250003 0.954479275 0.30963824375 0.9553397125 0.3074689703125 0.9579614812499999