0 0.0255177171875 0 0.0037650406249999996 0.41506579375 0.06041327656249999 0.6759349218749999 0.1156329703125 0.98054235 0.30090812499999997 0.9897796874999999 0.2983720609375 0.9735043421875 0.25866493749999997 0.78367701875 0.22529460937499998 0.6314078078125 0.14443851875 0.3253019328125 0.0826312796875 0.10590870781249999 0.05231699375 0 0.0255177171875 0
0 0.527401728125 0.5368689984375 0.505161971875 0.4574822 0.425650096875 0.202634109375 0.42441949531249995 0.1986486171875 0.41787558437500005 0.19788321250000002 0.41578145937500005 0.1979549625 0.41139049375000003 0.1990407078125 0.40793012968750003 0.2011484328125 0.4042469765625 0.20514865312500002 0.40277738125000007 0.20772370625 0.4022420390625 0.2092806359375 0.4093237890625 0.2259365921875 0.42941977187499997 0.286787353125 0.454280996875 0.3680717609375 0.49425955312500003 0.501309175 0.5242393203125 0.605272234375 0.57296805 0.7908925109375 0.6087272265625 0.93860080625 0.611255425 0.9464876796875 0.619126209375 0.9432514203125001 0.6204993265625001 0.9429650781250001 0.625373996875 0.9407703156249999 0.62902591875 0.9362912421875 0.6332272484375 0.9333007734375001 0.6328446046875 0.9243309546875 0.6006457703125 0.7974766359375 0.5620991515625 0.6552174265625 0.538280128125 0.572347890625 0.527401728125 0.5368689984375
0 0.64478116875 1 0.6385513953124999 0.9801201453124999 0.6467841937500001 0.976215978125 0.646369153125 0.9725814640625 0.638017846875 0.9768361578125001 0.635300125 0.9631313921875 0.632294146875 0.945731475 0.6334368671874999 0.9423178515625 0.6364828499999999 0.930323328125 0.6337595546875 0.9255023203125001 0.634969578125 0.8990997765625 0.6383399875 0.8979621109375 0.6413088124999999 0.9060097671875 0.64308378125 0.90435508125 0.6362369796875 0.8828876390625 0.6349119734374999 0.8720753515625 0.6347845859375 0.8330073296875 0.6367066343750001 0.83759233125 0.638613 0.8418197703124999 0.6397712875 0.8411842078125 0.6349378109375 0.8233661984375 0.6344687046875 0.8148221265625001 0.6354286390625 0.7967741937499999 0.6354959906250001 0.7971907890625001 0.637450934375 0.7964608531249999 0.6381535203124999 0.7995049203125 0.639177178125 0.7983631796874999 0.6369799203125 0.7789966421875001 0.6351267921875 0.775604384375 0.636329809375 0.76638283125 0.637939346875 0.771556971875 0.6395298859375 0.7703463671875 0.635681565625 0.7551366171875 0.636053659375 0.7451705578125 0.639725325 0.75336144375 0.636892946875 0.7396052937500001 0.6391933078125 0.7403751781250001 0.6373934140624999 0.73044393125 0.6399276421875 0.728184403125 0.6372808453125 0.7187689140625 0.6363989265625001 0.7114142421875 0.6345038453125 0.7047621937499999 0.62986040625 0.7049929296874999 0.6313961265625 0.7105903484375 0.633957190625 0.7189248687500001 0.633994021875 0.7242528484374999 0.6336064890625 0.7250195546875 0.6315011765625 0.725006228125 0.6287882437500001 0.7261376703125 0.62847726875 0.7273543124999999 0.6279108421874999 0.7287281125 0.6278765265625 0.7302487125 0.628117340625 0.7322218328125001 0.62830028125 0.7339259296875 0.6286786640625001 0.7352146875 0.6287170859375 0.737735778125 0.6283321171875 0.7393193625000001 0.6271727546875 0.7406620890625 0.626667725 0.74262585 0.6271151140625 0.7458521234375 0.633638340625 0.7698514125 0.6258863828125001 0.7704918968750001 0.624503915625 0.7789279796875 0.6235759484375001 0.808845415625 0.622030665625 0.8104464218749999 0.6211138187499999 0.8110727343749999 0.6188330546875 0.8182585281250001 0.6209517499999999 0.8204646234374999 0.6215704468750001 0.8130180484375 0.6208630609375 0.8760455281249999 0.6326985359374999 0.9222517109374999 0.6328230125000001 0.9298780515624999 0.62298288125 0.9337011109375 0.6176125015625 0.9369354171875001 0.6162449578125 0.9415936671875 0.6154028796875 0.94533128125 0.6117988546875 0.94952340625 0.611139465625 0.9523724890624999 0.6122806765625 0.9576456921875 0.6135507671875 0.9578921890625001 0.61157903125 0.9908278828125001 0.6103012640625 1 0.6320614140624999 1 0.6333285656250001 0.9836140921875 0.63542585625 0.9830042703125 0.6407615953125 1 0.64478116875 1
0 0.5647899953125 0.49439410156249997 0.5598741359375 0.47725239531249997 0.5569003046875001 0.46774779375 0.55530535 0.460205546875 0.553627634375 0.45385435 0.5521355046875 0.45333648593750003 0.549569496875 0.45339602343749996 0.5477468921875001 0.45392949062500004 0.5446277640625 0.45684055 0.570366459375 0.5409966921875 0.5997575281249999 0.635950971875 0.6086032453125 0.6653135359375 0.627602534375 0.7271770390625 0.6316705671875 0.7263419234375 0.6334466187500001 0.7236515 0.636051359375 0.7138963281249999 0.6363128765625 0.7089063015625 0.6361056703125 0.7051872343750001 0.6345369875 0.699084271875 0.617593675 0.6446839109375 0.590239578125 0.556301496875 0.578443690625 0.5178486359375001 0.5700411828124999 0.49212049843749994 0.5690211125 0.491671184375 0.568079190625 0.4921788328125 0.5647899953125 0.49439410156249997
0 0.596566153125 0.6569893421875 0.5955149890625 0.6548345015625 0.5938274953125 0.650670165625 0.5933951140625 0.6513969687500001 0.5930470718749999 0.6550525140625 0.5928269265624999 0.6592232703125 0.59338164375 0.6638946421874999 0.5943581625000001 0.66607060625 0.5955399671875 0.6685092359375 0.5965485578124999 0.6708793328125 0.5976875296874999 0.6690598859375 0.5995020265625 0.6682631328124999 0.599910621875 0.666198875 0.599893165625 0.662680640625 0.599306746875 0.6609428796875 0.5981155828125 0.65814545625 0.596566153125 0.6569893421875
0 0.5770314062499999 0.577398521875 0.5768614484375 0.57646178125 0.5745044125 0.5708619984375 0.572663503125 0.57180444375 0.5713632343749999 0.5728503265625 0.5677523718749999 0.5740082484375 0.56564675 0.5766579296875001 0.5694674515625 0.588812046875 0.570083465625 0.5888505890625 0.5701425171875 0.586290796875 0.5723170890625 0.5868037453125 0.5740432375 0.5897528140625 0.575529228125 0.5899996734374999 0.5785387484375 0.5953003812500001 0.5764156953125 0.58571363125 0.57833071875 0.584581053125 0.5777180093750001 0.5835241 0.57732969375 0.5807828328125 0.5770314062499999 0.577398521875
0 0.550053115625 0.5232843 0.5528906203124999 0.534255653125 0.559226509375 0.5239731546875 0.5591187859375 0.5178184578125 0.550053115625 0.5232843
0 0.5478484 0.5190772109374999 0.5491705046875001 0.5209286296875 0.5531497015625 0.5183552328125 0.5573394375 0.5145708828125 0.5478484 0.5190772109374999
0 0.54943410625 0.49879177500000005 0.5472723796875 0.49916821718750004 0.5503131890625 0.5099921953125001 0.5462848734375 0.5066361453125 0.548124315625 0.514946928125 0.5567531046875 0.5110103171875 0.5539725718749999 0.5032510359375 0.54943410625 0.49879177500000005
0 0.5591987765625 0.5524169359375 0.56554845 0.543543340625 0.5600178312499999 0.528309575 0.5552448421875 0.5386552046874999 0.5591987765625 0.5524169359375
0 0.562738915625 0.5541311234374999 0.568389309375 0.550778496875 0.5664245140624999 0.546740446875 0.562738915625 0.5541311234374999
0 0.5680232390625 0.5663916734375001 0.56738466875 0.5609617499999999 0.5675847125 0.55577135625 0.560845821875 0.5578605953125 0.5626864703125001 0.566417090625 0.564770265625 0.5675276703125001 0.5680232390625 0.5663916734375001