0 0.33227222031250003 1 0.372781809375 0.991217765625 0.8207416734375 0.8976345515625 0.8198496578125001 0.890614225 0.8210496125000001 0.8804513890625 0.8223453078125 0.8714124125 0.8215461296875001 0.8604635703125 0.8169263890625 0.8483954921875 0.8116953375 0.8477796640624999 0.8055832703125001 0.8616376671875001 0.80193393125 0.86355718125 0.8046381109375 0.8566190468749999 0.8040890203125001 0.8490271 0.799793209375 0.8489924359375 0.79205618125 0.848515653125 0.7870439124999999 0.848132528125 0.778441384375 0.8604296578125 0.7708675984375 0.8706022000000001 0.7671872484375 0.860829490625 0.7557677359375 0.861923109375 0.7513395203125001 0.8630800796875 0.7504583671875 0.8521030906249999 0.742251890625 0.8568626515625001 0.7335426765624999 0.8677370796874999 0.7308732140624999 0.8840935515625 0.72346081875 0.8736605953125001 0.7157054406250001 0.8781319796875 0.7014107109375 0.890487471875 0.6859406156250001 0.9019043390625001 0.6737546546875001 0.8990077937500001 0.6634907359375 0.8965503578125 0.6557073984375 0.8909568875 0.6512276828125 0.8943257078125001 0.6401258109375 0.8976945234375 0.6363091468750001 0.894022940625 0.635329465625 0.882204125 0.627465346875 0.883501884375 0.6256539265625001 0.8961266218749999 0.6292122265625 0.904279734375 0.620916959375 0.9100468390625001 0.6157889421875 0.9078042406250001 0.62094908125 0.8929500750000001 0.619070878125 0.8839581859375001 0.6136091046875001 0.8892369609375 0.6063021375 0.9068373375000001 0.5997734140625 0.9104436796875 0.5876537609375 0.9072566234374999 0.5791646953125 0.90269089375 0.5699727890624999 0.9072316031250001 0.561889625 0.9138684250000001 0.5476819078124999 0.9248955125 0.5208699859375 0.9282878359375 0.5015760328125001 0.9344095687499999 0.49145171093749995 0.9328934468750001 0.4916800078125 0.9273630828125 0.4825307671875 0.9297360546875 0.4763598046875 0.9383180015624999 0.468437534375 0.9409965437500001 0.45534757812500004 0.9430697890624999 0.4445079234375 0.9454273234375 0.4376849375 0.94621689375 0.4274665140625 0.9524467953125001 0.4207231875 0.9550477687500001 0.4164347234375 0.9481176859374999 0.4075311703125 0.9563667562499999 0.39937184375 0.9542325046875 0.39420372187499997 0.9518665359374999 0.38448685781249997 0.9466204375 0.3756890296875 0.9512221249999999 0.3692403578125 0.9572915828124999 0.35190723125 0.955767125 0.346407509375 0.9603368578125 0.3307738203125 0.9685334187500001 0.3263084546875 0.96283365625 0.320816759375 0.95275143125 0.319303678125 0.94390736875 0.3181870828125 0.9313239953125001 0.316105959375 0.92299861875 0.31227607812499997 0.9163170453125 0.3153228984375 0.9051498046875001 0.3168708671875 0.8984327640625 0.3158644546875 0.8893217796874999 0.31241150625 0.8813244171875001 0.30931161875 0.8655779812500001 0.31736191874999997 0.8658153093750001 0.31831228125 0.86012945 0.3195926203125 0.84853643125 0.31259597031249997 0.8486590203125 0.30738748125000004 0.8432414843749999 0.30345183750000004 0.831457384375 0.304163878125 0.8188232624999999 0.2976235859375 0.784101721875 0.310768465625 0.78630060625 0.3149901296875 0.7851779343749999 0.322902646875 0.7816387578125 0.32622072812499997 0.7754703140625 0.3295973859375 0.7754449 0.3344940390625 0.7841074203125 0.33992021562499997 0.7876332374999999 0.34699663593749996 0.7897222734375 0.3503958578125 0.78591394375 0.3542762234375 0.77959 0.3563896359375 0.7703202640625 0.3494689046875 0.7666372484374999 0.346453075 0.77125810625 0.340710940625 0.7737479656249999 0.3387565671875 0.77228569375 0.336036209375 0.76814464375 0.3273699046875 0.7654563171875 0.3236348671875 0.7656761234375 0.32037099375 0.76102000625 0.3215257859375 0.753238871875 0.32482582656250003 0.7494335953125 0.32475384687500003 0.73785226875 0.32165714218749997 0.72791909375 0.3165097984375 0.7236467156249999 0.3123718125 0.7225809187500001 0.3091871515625 0.7288326406250001 0.3139432921875 0.7419516953125 0.3102506921875 0.7464946515625 0.30927284843749997 0.7475322703125 0.310835628125 0.753114334375 0.312753953125 0.7586938734374999 0.3097912359375 0.76873408125 0.3083439953125 0.770353859375 0.305660190625 0.7755628296875 0.2989755390625 0.77363005625 0.306340415625 0.767572103125 0.3041749625 0.7542895109375001 0.303279121875 0.7469154265625 0.3000434703125 0.739780628125 0.29552994843749997 0.7409083953125 0.290639103125 0.74219084375 0.288709703125 0.7334949828124999 0.283837675 0.7190749140625 0.282431578125 0.707859925 0.291131375 0.720118653125 0.2995899921875 0.7284574734375 0.3054398875 0.7296444609375 0.3033092625 0.7197180546874999 0.29842364374999997 0.7154501 0.30101104218749997 0.7114602828125001 0.30643109218750003 0.7094738828125 0.31199664843749997 0.705150003125 0.31424403437500004 0.6933800906250001 0.322160840625 0.6904872625 0.3228321625 0.6932775359375001 0.3184740765625 0.7065634875 0.3225187484375 0.713112959375 0.328861534375 0.7139260515625 0.3317094234375 0.71534646875 0.331960734375 0.7246640578125 0.33453455625 0.7323845999999999 0.3426587578125 0.731899915625 0.3454579796875 0.7208873765625 0.3514357140625 0.71234394375 0.356139209375 0.7062329171874999 0.348021771875 0.6963925515625 0.343507853125 0.6875096328125 0.33696602656249997 0.68494043125 0.33142214375 0.6831085703124999 0.3315869 0.6732916203125 0.33597461093750003 0.6681133531250001 0.32896349375 0.6631205390625 0.3223216390625 0.6657529 0.31683752656249997 0.662021109375 0.30913951093750003 0.6539399140625 0.3020075375 0.6537374828125 0.30458094999999996 0.664342034375 0.3066973125 0.67705498125 0.300887734375 0.6810267609375 0.296110596875 0.6894195859375001 0.296339725 0.7021229546875001 0.2924465328125 0.7101637937499999 0.2945993953125 0.7004938968750001 0.28738178125 0.699730771875 0.2844527015625 0.7006044250000001 0.28684046875 0.6931168359375001 0.2854477625 0.6811973296875 0.2828085546875 0.678587434375 0.278252128125 0.67968403125 0.2744360515625 0.672819925 0.27869281562500003 0.6655963359375 0.27553337031249997 0.6617194140625 0.2735202765625 0.6592571421875 0.271990896875 0.6477531937500001 0.28304535 0.6425567953125 0.2854475890625 0.637477846875 0.2792372046875 0.6276423359375001 0.264924621875 0.6182706234374999 0.26278963437499997 0.6225099265625 0.2630409796875 0.629690259375 0.2565639796875 0.6262818343750001 0.255505375 0.6230340140624999 0.2537344625 0.6087365828125 0.2613542796875 0.6066754546875 0.26942089999999996 0.6094429421875 0.2684469375 0.6009263875 0.2577664984375 0.5888374046875 0.24619701875 0.5842897171875 0.246035621875 0.57767730625 0.25511760156249996 0.573770978125 0.26855715468749997 0.5733556421875 0.277170725 0.5712462765625 0.279932759375 0.57658935625 0.279928278125 0.5831932359375 0.2907671890625 0.5826788234375 0.28892699374999997 0.572988009375 0.302796846875 0.5688770484375001 0.3074326078125 0.567722009375 0.3011616171875 0.5804867265625 0.30234900468750003 0.5880535124999999 0.30927865 0.5930513203125 0.3140244765625 0.5912128375 0.3136152359375 0.58032879375 0.3150456875 0.5736588421875 0.308792003125 0.5716404078124999 0.31096872656249996 0.565666975 0.3033133890625 0.5465985203125 0.2997983 0.53945735625 0.29397439531249997 0.53180229375 0.2941382828125 0.524926378125 0.30353489375 0.5243050234375 0.3112166984375 0.5288878718750001 0.3149927078125 0.536897346875 0.3109253234375 0.5429993765625001 0.31189737968750003 0.5493963843749999 0.3158360859375 0.5534789359375 0.319669178125 0.5420621859375 0.3207396390625 0.5483613453125 0.3183202859375 0.5574074375 0.3156967984375 0.5623679765625 0.3182555265625 0.5714814671874999 0.3253612359375 0.5860808828125 0.325378190625 0.5967454671875 0.3328616328125 0.6013344203125001 0.342095984375 0.5958631140625 0.341443878125 0.5897682125 0.3453723078125 0.5871337359375 0.3482748703125 0.585503353125 0.339602284375 0.578340609375 0.335907125 0.56919354375 0.33011564843749996 0.558856640625 0.33411079374999997 0.5491322515625 0.34303069218750004 0.55299220625 0.33750716718749996 0.568438634375 0.342008125 0.578418334375 0.345059840625 0.5800469296874999 0.34875919375 0.5745078390625 0.34691907187500004 0.561910921875 0.3584932234375 0.5590668734375 0.33786087343750004 0.384531603125 0.303801553125 0.101919290625 0.294687340625 0.026285767187499996 0.07874163125 0.06048820781249999 0.0905965515625 0.163813609375 0.1002972625 0.1631346 0.09093799062499999 0.1643812484375 0.11609749062500001 0.38076415468749997 0.133366953125 0.5372232625 0.1357781109375 0.5562522265625 0.1361628625 0.5650139734375 0.1354069578125 0.56999985625 0.13463646406250002 0.574883640625 0.134264875 0.58585180625 0.1335448453125 0.5894161390625 0.13008755624999999 0.5923983828125 0.12803413125000002 0.59665324375 0.120447084375 0.6008290296875 0.11416912500000001 0.600704903125 0.112253934375 0.6010082390625 0.102968121875 0.6024789687500001 0.05269371874999999 0.6063395859375 0.02049439375 0.6113651046874999 0.0115161546875 0.6120609906250001 0.0141378984375 0.6286140296875 0.07295965625 1 0.33227222031250003 1
0 0.357166315625 0.6862290875 0.363814503125 0.6808699765624999 0.3668615296875 0.6774448984375 0.370490746875 0.6784647203125 0.375299784375 0.676655775 0.382362153125 0.6710950140625 0.38718210468750003 0.668156390625 0.388287615625 0.663999459375 0.3901983046875 0.65546739375 0.3995310328125 0.6578286921875 0.40033618750000005 0.6666678125 0.40256011562499994 0.6755052796875 0.40948066406250005 0.671666025 0.41249745468750004 0.6651434796875 0.417849646875 0.6612204125 0.4184493234375 0.6619702078125 0.42875589999999997 0.661560675 0.4291350484375 0.654176071875 0.42139176406249995 0.6479165734375 0.4095673234375 0.653954725 0.405725209375 0.65210011875 0.4020002390625 0.6429546109375 0.4005625078125 0.6338771375000001 0.3982254796875 0.6290599859375 0.3883233359375 0.6336910375 0.37899753281250004 0.6417412140625001 0.376231021875 0.649304609375 0.3757851359375 0.66203104375 0.3722946671875 0.6647638437500001 0.363084 0.664721375 0.363476240625 0.6668882546875 0.36119297499999997 0.673777125 0.3532188859375 0.6671191390625 0.350244115625 0.663659084375 0.348007175 0.664647753125 0.3465337671875 0.6769595109375001 0.347035840625 0.6850936140624999 0.3542702296875 0.685942671875 0.357166315625 0.6862290875
0 0.3625252578125 0.7457438015625 0.358598171875 0.7539102390625 0.3601034421875 0.7613665625 0.3618226578125 0.76538933125 0.3640186984375 0.7702652 0.3686051546875 0.772514475 0.375637090625 0.7707568609375001 0.37791855 0.7570246468749999 0.3749468875 0.74085924375 0.3741973375 0.731941709375 0.3757953890625 0.7273587328125 0.38222171718750003 0.7279102234375 0.3830826140625 0.7202911203125 0.3789659828125 0.7144459515625 0.3747910765625 0.7175418546875 0.3716476703125 0.7183308046875 0.36348145625 0.7181007625 0.3632550609375 0.710438721875 0.36341717500000004 0.7051197499999999 0.36080478125000004 0.7045669250000001 0.3588794375 0.710139853125 0.3579965421875 0.717110665625 0.3578213375 0.7263122984375 0.3600097828125 0.7297418609374999 0.36459411406250003 0.734514725 0.3648581234375 0.7403167328125 0.3625252578125 0.7457438015625
0 0.3374381421875 0.7646906203125 0.3471019796875 0.761131925 0.3402844890625 0.75063955 0.33670633437499997 0.7561847546875 0.3374381421875 0.7646906203125
0 0.34621357812500003 0.9194592359374999 0.34534344687499996 0.9262809031250001 0.344710603125 0.9338116796874999 0.34477852656249997 0.9401335749999999 0.3490337671875 0.93924288125 0.3565676015625 0.9353903359375 0.3640323640625 0.9342080328125 0.36149064062499997 0.9241331703125001 0.359556665625 0.9201428328124999 0.3512129125 0.9170838609375 0.34621357812500003 0.9194592359374999
0 0.3897392109375 0.9307803328125 0.39433344375 0.9345170171875001 0.39720798749999997 0.9402108765625 0.40307842968749996 0.9405387624999999 0.40760489375000003 0.9374251453125 0.4092305515625 0.9345146921874999 0.40953218125 0.928268734375 0.40605890625 0.918874540625 0.401433434375 0.913342515625 0.39476835781249997 0.9088564953124999 0.3889114953125 0.9061772234375001 0.3813524890625 0.904776846875 0.378691903125 0.9051982421875 0.37619888437500004 0.9093344734375 0.3775266 0.9149506031250001 0.3869284671875 0.9183577125 0.387175728125 0.9197091078125 0.385801853125 0.9220418109375 0.3790918578125 0.919939034375 0.3782242484375 0.9172478749999999 0.37334729218749996 0.9200563140625 0.368647984375 0.9131691546875 0.36791847031249997 0.908613121875 0.3685680703125 0.9047039984374999 0.36525638437499997 0.90215315625 0.35802961093749996 0.9010924890625001 0.354342971875 0.8995802749999999 0.35413924531249996 0.895157696875 0.3553724265625 0.8892498609375 0.35227004375000004 0.8856233453125 0.3464976390625 0.8881717859375 0.339578921875 0.891593109375 0.3355500796875 0.891486103125 0.33184343437499997 0.893663065625 0.33554456250000003 0.9079917406250001 0.33816283125 0.9118278203125 0.3512961015625 0.907411134375 0.3551179296875 0.9071000640625 0.3609303921875 0.9112069828125 0.36608546875000003 0.9204423796875 0.3719275765625 0.9279426875000001 0.380677215625 0.9267024234375001 0.38443865625 0.9259801109374999 0.3897392109375 0.9307803328125
0 0.34006427031249997 0.8730529859375 0.3368706578125 0.8767211765624999 0.3519580203125 0.8804870453125 0.36160158125 0.8824336765625 0.36339279062499996 0.883105490625 0.3662258375 0.8767512609375 0.368150240625 0.8729502953124999 0.3649211859375 0.8684041484374999 0.36186460781249996 0.8659457859374999 0.361839103125 0.8610203859375 0.356885140625 0.858728071875 0.3547440046875 0.8616600546875001 0.35318938437499997 0.868055425 0.3525694015625 0.8727508453124999 0.343165615625 0.8711095265625 0.34006427031249997 0.8730529859375
0 0.38086111875 0.8665059734374999 0.38407395625 0.8751947234375 0.38820119062499997 0.8780704234375 0.3960905703125 0.879658934375 0.40010692187499997 0.87946734375 0.4027537609375 0.8788393031249999 0.404230278125 0.8742281171874999 0.40329612499999995 0.8675909734375 0.4001041703125 0.8635087968749999 0.3956595015625 0.8635530796875001 0.39288751718750003 0.8673063593749999 0.3916542515625 0.8619869187500001 0.393313221875 0.86045541875 0.3933273296875 0.8563194781250001 0.3897994921875 0.8498669124999999 0.383288784375 0.8474842015625 0.3791802421875 0.8499004156250001 0.37864359062499997 0.8562706078125 0.38086111875 0.8665059734374999
0 0.3259389046875 0.8354180828125 0.324853165625 0.8381117171874999 0.3251229640625 0.8439602671875001 0.327085503125 0.8472120437499999 0.3308011 0.84863740625 0.33173737187499996 0.8484859515625001 0.337654746875 0.8455443671875 0.33801809843749997 0.8385894 0.3361104515625 0.8335966656249999 0.334097921875 0.8246656 0.3296620859375 0.8171846015625001 0.324349665625 0.8116901890625 0.325293234375 0.8087881031249999 0.32842430624999996 0.8051345640625 0.329746928125 0.7929495171875 0.31997041406250004 0.7956369890625 0.316762859375 0.8000461703124999 0.315220853125 0.8056422281250001 0.31710302968750004 0.8130910609375 0.32020913281249996 0.8154925375 0.3200330265625 0.8187255140625 0.317025415625 0.821850103125 0.3168183 0.8252968125000001 0.3190073640625 0.8274717703125001 0.3235028734375 0.8292766765625 0.3259389046875 0.8354180828125
0 0.34055735 0.83856056875 0.34199251875000003 0.8434667734374999 0.34952611562499997 0.84387769375 0.34961358124999997 0.8451990296874999 0.3498996171875 0.8537470234375 0.3538775890625 0.8524541265625001 0.357845334375 0.8493087718749999 0.36005458749999997 0.8463074671875 0.35722486875000004 0.843813175 0.3535958 0.8424247296875 0.352214121875 0.840153534375 0.347230828125 0.8361478390625001 0.343567784375 0.8335260874999999 0.34047894375 0.8332512171875001 0.34055735 0.83856056875
0 0.36631584375 0.788684178125 0.36499310937499996 0.7950254203125 0.3651237609375 0.8022327796875001 0.36395005468749997 0.8124215156249999 0.36181454375 0.8187949874999999 0.3608715546875 0.8307300703125 0.3628735359375 0.8378166390624999 0.3698081265625 0.8365031578125001 0.369733725 0.8346450453125 0.3733977828125 0.8320793359374999 0.3784547453125 0.83539153125 0.3798308984375 0.8315350234375 0.378883425 0.825752675 0.3775510546875 0.8219549734375 0.3757800484375 0.8161369515624999 0.372085296875 0.8126058390625 0.37262020625000003 0.8047963265625 0.3720745109375 0.8031188515625001 0.3695219640625 0.793684821875 0.36631584375 0.788684178125
0 0.3820917484375 0.8241450531250001 0.38427633437500003 0.8298675109375001 0.3950439453125 0.8280339484375 0.3971233890625 0.8238334999999999 0.399761646875 0.8195255609375 0.40293691875000004 0.8145329968749999 0.40422039375 0.80933225 0.41112241406249994 0.8063248859375 0.416687175 0.805951328125 0.42079492656250006 0.8039196593750001 0.4182356953125 0.7997072109375 0.4149771453125 0.7983708203125001 0.40931871875 0.7907417531250001 0.407389425 0.7885588734375 0.40254802968750003 0.7942187296875 0.4061521015625 0.7970175109375 0.404090178125 0.797932584375 0.39455722187500003 0.7991513718750001 0.39180129375 0.80845959375 0.389303234375 0.8170087562499999 0.38738708593750004 0.8181949875000001 0.3863195171875 0.81828655625 0.3838875421875 0.807885825 0.383303746875 0.8024619375 0.37979033281249996 0.8010346078125 0.376157490625 0.8021193906249999 0.37595489843749996 0.8080617421875 0.3820917484375 0.8241450531250001
0 0.4034815625 0.7437893234375 0.40516360625000003 0.7412448671874999 0.41122491875 0.7432273265625 0.4140180796875 0.7445219437499999 0.41553392499999997 0.7424863140625 0.4158349515625 0.7344686375 0.4153164578125 0.72919735 0.413770971875 0.726661015625 0.407304053125 0.7268420812499999 0.400836271875 0.734738584375 0.395896690625 0.741296734375 0.3951237734375 0.7360072093750001 0.3993775578125 0.734278296875 0.40093851249999996 0.7321279484375001 0.3990177296875 0.725484128125 0.3984259046875 0.7217874484375 0.3968108265625 0.71504616875 0.3921965625 0.713759975 0.389991575 0.7161689453125 0.38854673906250004 0.72452598125 0.3883207171875 0.734135903125 0.3914453140625 0.7448145171875 0.3945140796875 0.7494872984375001 0.40187566874999997 0.74998083125 0.4034815625 0.7437893234375
0 0.427540890625 0.7605934390625 0.425555625 0.76401013125 0.429313625 0.7698583140624999 0.4329469046875 0.7719026125 0.4337800359375 0.7728179265625 0.43780798125000003 0.7722400765625 0.43858978125 0.7684065171875 0.44016224687500005 0.7665485921874999 0.44386438437500003 0.76836841875 0.447327578125 0.765673159375 0.4470321109375 0.757275365625 0.44717941562499997 0.75105385 0.44265634218749994 0.75021356875 0.44018601718749995 0.7532245828125 0.43942046875 0.75978764375 0.4344827140625 0.7591158703125 0.433465703125 0.7592769484375 0.427540890625 0.7605934390625
0 0.47320684843749994 0.783949765625 0.46915289062500004 0.7902663999999999 0.4703489328125 0.7980975875 0.4772917875 0.8013309812499999 0.48267612499999996 0.8045027359375 0.48553959999999996 0.79842053125 0.48579405312499996 0.78796133125 0.4878949296875 0.785434384375 0.4921260921875 0.7844715671875 0.4962902890625 0.7853133203125 0.5018240109375001 0.7806685953125 0.5023068234375 0.777564221875 0.5034622546875 0.76839875625 0.5033534000000001 0.7629471031249999 0.500925546875 0.7542004671875 0.4995757546875 0.7504925328125001 0.49466340000000003 0.742629815625 0.4929403109375 0.7393416968750001 0.49039893125 0.7325351437500001 0.4868532140625 0.7311635546875 0.4797666328125 0.7370508734375 0.47874913281250003 0.7382276578125 0.47527693437499996 0.74009696875 0.4704013015625 0.7390483375 0.468928115625 0.7451887687500001 0.4743820296875 0.753044809375 0.48414703281250004 0.7570366859375001 0.4858691890625 0.75735241875 0.4904180484375 0.7633695890625 0.49139184687500004 0.7706965218749999 0.4901146140625 0.7716217796875 0.4859174015625 0.770192015625 0.480699415625 0.7654736343749999 0.47962345937500006 0.7600786562499999 0.4765637765625 0.75418473125 0.471480153125 0.7532212484375 0.46951103906249997 0.7561006734375 0.47531786875000004 0.7635480375 0.47962099374999995 0.769711703125 0.4806678609375 0.7735546249999999 0.47723429843750004 0.772641446875 0.47515159687499997 0.7739347375000001 0.47288493593750003 0.7819172875 0.47320684843749994 0.783949765625
0 0.4595491796875 0.7748176140624999 0.44744746874999997 0.780962959375 0.44609886093749995 0.7839845671875 0.44700570937500006 0.79212733125 0.4476219453125 0.7940404203125 0.45421405000000004 0.7933712625 0.46451826250000006 0.786824034375 0.46602031874999994 0.7839821984374999 0.4657674015625 0.776232603125 0.462847628125 0.7726103859375 0.4595491796875 0.7748176140624999
0 0.464749740625 0.8350503187499999 0.46326446250000003 0.8403652906250001 0.46301397812499995 0.8494412140625001 0.4641418234375 0.85241704375 0.46707969687500006 0.852777521875 0.4700679375 0.8460048 0.4706238171875 0.841963396875 0.4681904515625 0.8335814890625001 0.46689696875 0.8292302625 0.464749740625 0.8350503187499999
0 0.5339900484375 0.8996262859374999 0.5408838046875 0.8985344218750001 0.544195346875 0.893812940625 0.5430131359375 0.886368728125 0.5426607203125 0.885951534375 0.5360963265625001 0.8738908828125 0.5330828015625 0.8680386890625 0.527482003125 0.8611630078125 0.5230971249999999 0.8591776359375001 0.5210190671875 0.8540378750000001 0.522055221875 0.850421890625 0.5257443140625 0.8456769968750001 0.5263801359375 0.841151503125 0.5216169390625 0.83689738125 0.51414685625 0.83765655625 0.5154266453125 0.833581178125 0.51204465625 0.8270406515625 0.5086618421875 0.8279561109375001 0.5031862890625 0.8346561015624999 0.503633125 0.8448286296875 0.509096084375 0.8501947875000001 0.5145049265625 0.8539907046874999 0.5137816796875 0.8572850296875 0.51146198125 0.8618763109375 0.5170517328125 0.8677333671874999 0.524069796875 0.8748575859375001 0.5289563671875 0.8824775984375 0.52883278125 0.8830856671875 0.5241779046875 0.8867369281249999 0.5271951031250001 0.8953490890625 0.5339900484375 0.8996262859374999
0 0.6224113296875 0.7850206640625 0.6189843859375 0.7824912390625001 0.6139148640625 0.7811173734375 0.6127623453125 0.7860062953125 0.6138408109375 0.7898489578125 0.61267574375 0.8033284187499999 0.614846059375 0.8125065921875001 0.617028809375 0.8262879312500001 0.6221920203125 0.842856084375 0.6239250828125 0.8452582984375001 0.6254889359375 0.8362543671875 0.62433404375 0.8283533828125 0.624586696875 0.8227970140625 0.621675834375 0.8160648 0.6184846515625 0.8127465968750001 0.618825203125 0.807375634375 0.6223480218749999 0.8070644625 0.6246890265625 0.8072821796874999 0.635874565625 0.809525621875 0.6384489171875 0.80798044375 0.63951579375 0.8035496203125 0.63855054375 0.797455275 0.6365571734375 0.79410871875 0.633857875 0.795793915625 0.6315333812499999 0.8037808796875 0.63144279375 0.8045972906250001 0.6270696499999999 0.8060919906249999 0.62694931875 0.79922945 0.62233561875 0.7989556328125 0.6248627046874999 0.7955638640625 0.62621610625 0.7911841609375 0.6254646921875 0.7882278109375 0.6224113296875 0.7850206640625
0 0.5308109671875 0.7895306421875 0.533922065625 0.7979665703125 0.5394344156249999 0.8026557296875 0.5480730109375 0.8031115296875001 0.5506163468749999 0.8034680546875 0.551659396875 0.7942223046875 0.5530818609375 0.7898791234375 0.556752428125 0.7873345296875 0.55890761875 0.779477209375 0.5592580421875 0.7745381453125 0.5561108031249999 0.77427410625 0.554212684375 0.7764731109375 0.5503015578125 0.782343153125 0.5479605171874999 0.7852814859375 0.5393860421875 0.7870983218750001 0.5385322359375 0.785752821875 0.535130690625 0.7801076265625 0.5302965937499999 0.779451075 0.5308109671875 0.7895306421875
0 0.5785481531250001 0.789617090625 0.5760488640625 0.794402925 0.575715334375 0.8000179812500001 0.5807731234375 0.8008083750000001 0.58426604375 0.80184661875 0.5896450671875 0.8029072749999999 0.59263803125 0.800579159375 0.59488305 0.796265478125 0.597446690625 0.7916861828124999 0.5979005734375 0.78872876875 0.5938487546875 0.7835425109374999 0.5840835281250001 0.7843535515625 0.5785481531250001 0.789617090625
0 0.593717596875 0.821858196875 0.590598765625 0.8249497765625 0.5912529125 0.8317467531249999 0.5933461125 0.8354239515625 0.5971539124999999 0.834654746875 0.601696365625 0.8308330375 0.6064891640625001 0.8249562375 0.606470278125 0.8204521765624999 0.60538853125 0.8150106546875 0.60238815 0.807083990625 0.5983788671875 0.8094876484375 0.59764558125 0.8177826093749999 0.5951258625 0.8221398000000001 0.593717596875 0.821858196875
0 0.5180033546875 0.8009276359375 0.5182782453125 0.8046808421874999 0.5198354562499999 0.8089792234375001 0.5221779093750001 0.8088265281250001 0.523876709375 0.8044601437500001 0.52324405 0.800475684375 0.5202085890625 0.7980108125 0.5180033546875 0.8009276359375
0 0.519627890625 0.7812199296875 0.51776406875 0.7846442812500001 0.518077765625 0.789032040625 0.5239614921875 0.78962359375 0.524318246875 0.787051746875 0.5223827296875 0.783061653125 0.519627890625 0.7812199296875
0 0.4986556359375 0.711172690625 0.49773957500000005 0.717924115625 0.5005303984375 0.72571628125 0.5019621421875 0.7292324734375 0.5053253953125 0.7283533328125 0.5073539203124999 0.719925996875 0.507475875 0.7131848625 0.50585443125 0.7097793984375 0.501618221875 0.709361946875 0.4986556359375 0.711172690625
0 0.528463596875 0.7622146734374999 0.532669421875 0.7658562578125 0.5385992749999999 0.7665892109375 0.5402591109375 0.7661918515624999 0.5385540109375 0.7592417703125001 0.5345424875 0.7574662 0.533546134375 0.7571683984375001 0.5299024421875 0.758833903125 0.528463596875 0.7622146734374999
0 0.6381387046875 0.7796030359375 0.6426260015625 0.7871692203125 0.647248821875 0.79242481875 0.65584270625 0.8009684375000001 0.6649037843750001 0.8055100124999999 0.6708359515625 0.8085348828125 0.6752716640624999 0.8125292249999999 0.683998584375 0.8142318703125 0.6850048234375 0.81158563125 0.6855381828125 0.8034267453125 0.6820475515625 0.797998153125 0.68045098125 0.8016016515625 0.6733102265625 0.7947515625 0.6707670765625 0.7759080296875001 0.6682471828125001 0.7739515781249999 0.6591740781250001 0.7879321109374999 0.6569929250000001 0.787864675 0.6472807046875 0.7831572953125 0.64553020625 0.7797959999999999 0.6433939078125 0.7659883203125 0.6390050671874999 0.7701606296875 0.633464359375 0.77191460625 0.628491453125 0.7649980109375 0.6303020453125 0.75591386875 0.6323962890625 0.7524261296875 0.6349066453125001 0.747510403125 0.6305060109375 0.733629478125 0.6233803375 0.7287623828124999 0.6144185515625 0.73057095625 0.612907509375 0.739428890625 0.616403796875 0.7453027046875 0.617734578125 0.7440763015625 0.6212138671874999 0.7471859296875001 0.622437965625 0.750489803125 0.6237055359375 0.756715028125 0.626828678125 0.7655366328125 0.6315085078125 0.7722908265624999 0.6381387046875 0.7796030359375
0 0.6769414203124999 0.8369752374999999 0.6728907703125 0.83355428125 0.669950671875 0.83346941875 0.6702123624999999 0.839686271875 0.676395434375 0.8403000203125 0.6769414203124999 0.8369752374999999
0 0.7094820687500001 0.7589934234375 0.7131008125 0.769715584375 0.729761778125 0.7709415171875 0.7310457718750001 0.7707381515625 0.72709410625 0.7682617781250001 0.732499171875 0.7541250046875 0.7333976609375 0.7498695578125 0.7331054328125 0.743489853125 0.727930934375 0.7362792984375 0.7218468296875 0.7386176640625 0.718240525 0.7478106203125 0.71271988125 0.7539862078125 0.7094820687500001 0.7589934234375
0 0.76251335625 0.711611021875 0.7672980109374999 0.7167397421875 0.773813221875 0.7227666140625 0.777683378125 0.7314604109375 0.7849946437499999 0.7407055 0.787006525 0.733321740625 0.7885677390625 0.723721821875 0.7868594265625 0.7183795390625 0.7811743765625 0.7109619281249999 0.776137965625 0.7071402453125 0.7688151703125 0.7036854359375 0.76291418125 0.7079390484375 0.76251335625 0.711611021875
0 0.747616321875 0.8105469968750001 0.7417108781249999 0.8085398500000001 0.7363948640625 0.8096349406250001 0.739599325 0.8179611625 0.742016009375 0.822202515625 0.74497869375 0.8256961234375 0.7448847390625 0.8211675671875 0.7480731765625 0.8163580093749999 0.747616321875 0.8105469968750001
0 0.7237082421875 0.79492755625 0.7213153453125 0.796269978125 0.7188004593749999 0.8024156171874999 0.723828834375 0.8057370875000001 0.7262448140625 0.8040809421875 0.72796551875 0.8023798843750001 0.7298189234375 0.797381534375 0.7298097046875001 0.793557775 0.7290146734375 0.7899265015625 0.7260263625000001 0.78499260625 0.722436534375 0.7815745984375 0.7143872796874999 0.7785971203125001 0.7065616671875 0.7788794796875 0.7041432734375 0.7790521140625 0.7052712921875 0.7728698515625 0.7021504281250001 0.7689868171875001 0.698369853125 0.7743726640624999 0.6970845734375 0.7825984359375 0.6988243187500001 0.7908260125 0.704515078125 0.7964218625 0.7093508515625 0.7932734953125 0.7100694390625 0.790429190625 0.706041275 0.7881690078125 0.7057455828125 0.78610231875 0.7141975031250001 0.783142140625 0.7185040203125 0.7848425125 0.7238990828125 0.7895502484375 0.7237082421875 0.79492755625
0 0.6884367265625 0.783862128125 0.6871730281249999 0.7769022515625 0.6832967328125 0.7745721375 0.682018090625 0.7830895234375 0.6860360734375 0.7864840156249999 0.6884367265625 0.783862128125
0 0.684303740625 0.7352840296875 0.6860678703125 0.739120921875 0.689355584375 0.7406314578125001 0.6948409468750001 0.737459303125 0.6969238671875 0.7374758546875 0.6981359625 0.7365688234375 0.699643640625 0.7337624828125 0.697295321875 0.7253781781249999 0.6938095640624999 0.7209691890625 0.6870666828124999 0.7160019156249999 0.6845900406250001 0.720750940625 0.6836543875000001 0.7266195625 0.684303740625 0.7352840296875
0 0.648275859375 0.58014754375 0.6466037984375 0.5700899749999999 0.6480510609375 0.56681228125 0.648135671875 0.5590962359375 0.6375877046875 0.559559821875 0.6252082640625 0.55838821875 0.6224514250000001 0.560009759375 0.6205068703125 0.5671993453125 0.6236205125 0.5699081140625 0.62890323125 0.5678137421875 0.632448684375 0.569822909375 0.6325795953125 0.5750242796875 0.626159046875 0.5738201 0.6198142203125 0.5733237265625 0.6187067859375001 0.579406228125 0.623358484375 0.582197278125 0.62676785 0.5829576734375 0.6297578484375 0.585135496875 0.6344154515625 0.5887229296875 0.6375428578125 0.589980428125 0.6415760390624999 0.5930513703125 0.644939584375 0.595669934375 0.6459405921875 0.5941493078125 0.647573090625 0.5883854671875001 0.648275859375 0.58014754375
0 0.5785543515625 0.5693163546875 0.5774299609375 0.57527181875 0.5817601609375 0.5809771687499999 0.583784246875 0.5862156515625 0.5871170125 0.5905476265625 0.5899954359375 0.5843001109375 0.5906944671875001 0.5758887640625 0.592005396875 0.56932316875 0.5883042796875 0.56759968125 0.5825823984375 0.567420703125 0.5785543515625 0.5693163546875
0 0.6052211078124999 0.5716895984375 0.5983779328125001 0.576127240625 0.599446184375 0.5866474640625 0.596612409375 0.5858655109375001 0.5951142296875 0.58934110625 0.5945726 0.60008466875 0.5944647390625 0.6065752015625 0.5975277859375 0.607436325 0.6010422906249999 0.6051948765625 0.6011490859374999 0.6000460296875 0.6023316296875 0.5961157765625 0.6063465906250001 0.5969242140625 0.6072049109375001 0.5995567281249999 0.615150171875 0.604534475 0.6145523421875 0.5928592546875 0.6117968703125001 0.586289103125 0.60708571875 0.58096523125 0.6052211078124999 0.5716895984375
0 0.621191453125 0.6174673859375 0.616193359375 0.6142771703125 0.61000738125 0.6137050140625 0.6091520890625 0.62047054375 0.6088638375000001 0.6229255484375 0.6128245531250001 0.6327804109375 0.6170741843750001 0.63494065625 0.6204156453125 0.6431929734375 0.62260833125 0.6473385 0.62604130625 0.6465100140625 0.6344256359375 0.6482969796875 0.6395389703125 0.6465015359375 0.64404895 0.640337315625 0.6503642265625 0.6398480515625 0.6508602031249999 0.6399830640624999 0.6499172125 0.630493434375 0.6487761453124999 0.62670498125 0.6415704890625 0.6246190125 0.6395360734375 0.62836463125 0.6362683859375 0.6300069671874999 0.6330248765625 0.6259788328125 0.630388075 0.6221156328124999 0.621191453125 0.6174673859375
0 0.6572692984375 0.6294587 0.6608020359375 0.64055675625 0.6678511265625 0.6449503156249999 0.6709317328125 0.6376820421875 0.6703816015624999 0.6321610671875 0.6725597750000001 0.6282044250000001 0.682810575 0.625984453125 0.689302484375 0.6305058109375 0.693473978125 0.6360780984375001 0.7005901765625 0.6464488109375 0.7145351343749999 0.6601216109375 0.718082165625 0.661012071875 0.7149011984375 0.6389505703125 0.70993038125 0.6251852671875 0.704429040625 0.612255428125 0.70338504375 0.60251760625 0.70571579375 0.5938509843750001 0.7054674875 0.5836833968749999 0.7033335109375 0.57541385 0.7000900734375 0.564054825 0.6885680296875 0.5557614140625 0.6785890765625 0.5633534375 0.6713994750000001 0.5703881859375 0.6642272625000001 0.5769234390625 0.6667522015625 0.5647884234375 0.6616606609375 0.5634053890625 0.6537229390625 0.5747160625000001 0.6579645171874999 0.5873929828125 0.6704922046874999 0.5919676671875 0.6778851015625 0.5889632375 0.6870803140625 0.5867506734375 0.6867521234375 0.5916403390625 0.6800511734375 0.6025194125 0.67835809375 0.6112068500000001 0.674918009375 0.6146672890625 0.66965331875 0.612330853125 0.6664858031249999 0.601081615625 0.6633477921875001 0.5953124171875 0.656643584375 0.603284334375 0.6558507125 0.61743571875 0.6572692984375 0.6294587
0 0.5964865968749999 0.7559194640625 0.5946042515625 0.7499877734375 0.5918157171875 0.7468146171875001 0.5792076703125 0.7467866062499999 0.5810152546875 0.746193409375 0.5766221 0.7415089125 0.577014053125 0.7366123124999999 0.5823289515625001 0.7355601125 0.587116475 0.732756346875 0.5889426765625 0.7274364203125 0.5891119796875001 0.7213537984375 0.588350071875 0.7137765734375 0.5874112546875 0.7072398328125 0.582638653125 0.69724304375 0.5776032015625 0.691010275 0.576750878125 0.6856289171875 0.57941285 0.6838578765625 0.5870720875 0.691874025 0.594491353125 0.6969667203125 0.5964499390625 0.6926224703125 0.596071721875 0.68155475 0.595236634375 0.6746741109375 0.58999548125 0.664645540625 0.58954604375 0.654126971875 0.585408746875 0.6470226593749999 0.57840056875 0.6488603546875 0.5840226046875 0.662781959375 0.58840946875 0.6767457453125 0.5875230593749999 0.68469319375 0.58169206875 0.682436959375 0.5805402765625 0.6750749375 0.579561334375 0.668544553125 0.575353553125 0.664381225 0.5693698859375 0.6751245453125 0.565995321875 0.6815756171875 0.5606732 0.6765193671875 0.557181428125 0.6698949796875 0.5528825265624999 0.6690017921875 0.556015396875 0.6645205953125 0.5570009265625 0.6659686265625 0.5621647640625 0.6770472203125 0.5642614828125 0.6705786453125 0.5648631546875 0.660543790625 0.5595819703125 0.645448159375 0.5588423375 0.6345057062499999 0.5513034421875 0.6245325765625 0.54571621875 0.6368900015625 0.54597256875 0.650804015625 0.541539175 0.6698571265625 0.540214746875 0.6801330140624999 0.5505591515625 0.6942954046875001 0.55277743125 0.6909715296875001 0.5526513953125 0.6867897609375 0.562735125 0.6895478374999999 0.5702783796875 0.6958928046875 0.57291694375 0.70055620625 0.57330170625 0.712913784375 0.576748196875 0.719292225 0.5767811843749999 0.722367109375 0.5744265828125 0.7270177062500001 0.5694847843749999 0.732163503125 0.568775321875 0.7348956234374999 0.5627081375 0.7340547 0.55842998125 0.7293171875 0.5556557921875 0.7242070015625 0.5539731999999999 0.7167597796875 0.554446346875 0.7129751046874999 0.5520181703125 0.7072928093749999 0.5459461125 0.70543228125 0.544052390625 0.7181966125 0.54480221875 0.7270160203125 0.5471122328125 0.7363271015625 0.5517357734375 0.74257606875 0.559944096875 0.74185341875 0.568231634375 0.748472834375 0.5715872671875 0.7494932734375 0.5791982078125 0.7509518671875 0.5833153421875 0.75632078125 0.584554234375 0.7674689140625001 0.58783364375 0.7687671984375 0.5928515265625001 0.7649208109375001 0.5964865968749999 0.7559194640625
0 0.5152363515625 0.7253360828125001 0.5262847609375 0.727892328125 0.5263669203125 0.7388487421875001 0.527612496875 0.7463034828125 0.533311746875 0.747058721875 0.5328196484375 0.7375293187499999 0.5330129078125 0.7285415562499999 0.5318975125 0.7196614015625 0.52848891875 0.713712 0.522491825 0.7038347984375 0.5201602421875 0.7037864421875 0.5172446578125001 0.71250614375 0.5152363515625 0.7253360828125001
0 0.45991117968750006 0.7082444828125001 0.459008896875 0.7011593390625 0.45390169687500004 0.6982790703124999 0.45047981249999997 0.6991975546875 0.44967310468750005 0.7041123859375 0.450757896875 0.714906834375 0.45296800781249996 0.7203310015625 0.45979265468749997 0.723187625 0.45991117968750006 0.7082444828125001
0 0.40913928593750004 0.69553991875 0.41295928125000003 0.6997219515624999 0.4180711515625 0.6997950546875 0.4222392359375 0.7014604 0.42484800156249997 0.7022400234374999 0.4322077203125 0.697457959375 0.4337976515625 0.693562846875 0.43514639062500005 0.68877415 0.4333158984375 0.6800135828125 0.43021598125000005 0.6812069593750001 0.42841409375 0.6869201125 0.42252983593750004 0.6911694921875 0.41999994531249996 0.6898790546875 0.4167339296875 0.6907728515625 0.4153569703125 0.6920872499999999 0.40913928593750004 0.69553991875
0 0.47083196093749996 0.6448018875 0.470405715625 0.6508603453124999 0.47226528281249996 0.654680540625 0.47565759375 0.6554531265625 0.47821423125000007 0.6530469953125 0.4798951296875 0.6489571296875 0.4791681546875 0.643767903125 0.4764851765625 0.63846450625 0.47237849687500005 0.6389947109375 0.47083196093749996 0.6448018875
0 0.5187915078125 0.64852963125 0.515639621875 0.644830275 0.513666021875 0.6379828359374999 0.517787209375 0.631261640625 0.5195409921875 0.6272124359375 0.5198101734375 0.6227592515625 0.519130565625 0.6180988125 0.514604425 0.6116857140625 0.5106961265625001 0.610551896875 0.509452003125 0.608519940625 0.5070349265625 0.6041362734375 0.5037653765625 0.6012022453125 0.4980554890625 0.5985819593749999 0.49387113749999995 0.5987416265625 0.49044472343749995 0.6003806265625 0.4899386078125 0.6045264671874999 0.4949030890625 0.6101313578124999 0.500434721875 0.6108071515625 0.504243359375 0.6121307703125 0.505633225 0.6135147625 0.505136903125 0.6206489875 0.505876225 0.631279840625 0.5105679234375 0.6351624484375 0.5100201203125 0.6404634078125 0.5052266890625 0.645527171875 0.5040160328125001 0.6378833890625 0.49537311875 0.6382493203124999 0.49082723906250003 0.6411904109375001 0.48996412500000003 0.6479065562499999 0.495976253125 0.6523551984375 0.50153479375 0.650014646875 0.503601778125 0.6530568796875 0.5007786875 0.6630797187499999 0.5009578703125 0.6686657734375 0.5029944890625 0.669358834375 0.5140998328124999 0.66084804375 0.5210541296875 0.661676603125 0.5240896562499999 0.6669985140625 0.523521040625 0.6753243453125 0.5263095265625 0.6806047015625001 0.528634759375 0.6799437562499999 0.5317095625 0.6720894890625 0.5301671015625 0.6605828671875 0.5233196796875 0.65103018125 0.5187915078125 0.64852963125
0 0.5664927578125 0.6096149703125 0.5592752109375 0.62361484375 0.5586646 0.62514324375 0.5707383203124999 0.6284198375 0.5767607203125 0.6302265328125001 0.5907998234375 0.6342058875000001 0.5955606515625 0.6309539046875 0.5899869609375 0.6245390328125 0.58867904375 0.6200666984375001 0.5844457750000001 0.6229139828125 0.5780513734375 0.62015690625 0.575789609375 0.6149260109375 0.5780040734375 0.6049758390625 0.5743964109374999 0.5951726328125 0.5698503671874999 0.592499315625 0.569784371875 0.592082634375 0.5609557921875 0.582986109375 0.553607525 0.5860625703125 0.5507345156250001 0.5931033796875 0.553075753125 0.5987361671875 0.559177465625 0.5961893546875 0.5667258093750001 0.59550479375 0.569082725 0.6055614671875 0.5664927578125 0.6096149703125
0 0.6035791749999999 0.678933996875 0.6049962984375 0.6778631890625 0.609548571875 0.674702771875 0.6136333046875 0.6773700546875 0.6146449031250001 0.676765296875 0.618711346875 0.6804257953125 0.6198643078125 0.680543759375 0.6167744265625 0.6723117109375 0.60929768125 0.6681345921874999 0.6022483640625 0.6651379546875 0.596900928125 0.66898116875 0.5985938921875 0.67603441875 0.6035791749999999 0.678933996875
0 0.7005703171875 0.7191374609375 0.701080796875 0.7271848046875 0.7091392062499999 0.7296008125 0.709603728125 0.7295272390624999 0.7112369843749999 0.728922103125 0.7144210875 0.710960678125 0.7126487312500001 0.6958550859375 0.7058526625 0.6953463359375001 0.7066241921875 0.7055512828125 0.7055931359375001 0.7087899484375 0.7005703171875 0.7191374609375
0 0.466530725 0.6058688562500001 0.4618710484375 0.6086507906249999 0.45925044843749996 0.6155772703125 0.45969249375 0.6225233234374999 0.461453846875 0.6282004953125 0.464977809375 0.6304535265625 0.46980099218750004 0.6273055703125 0.46669983281249994 0.621649184375 0.46601278125 0.617051621875 0.4704235671875 0.6137569984375 0.473791921875 0.6130099359375001 0.4712595171875 0.605950428125 0.466530725 0.6058688562500001
0 0.471225853125 0.6813685921875 0.4769034546875 0.6760841078125 0.47378908906249995 0.67203235625 0.4657180484375 0.6759889703125 0.466951265625 0.6793404390625 0.46985244374999996 0.6834844906249999 0.471225853125 0.6813685921875
0 0.5315383546875 0.5907033359375 0.5317515890625 0.59751319375 0.5358747828125 0.6011124984375 0.5374311015625 0.6011602484375 0.5394130875 0.59955069375 0.5407928578125001 0.5973151390625 0.5412014562499999 0.5927433718749999 0.538347978125 0.590168996875 0.5342887000000001 0.5890907328125 0.5315383546875 0.5907033359375
0 0.5044920734375 0.5915272625 0.5074681421875 0.596004321875 0.5094296890625001 0.6002386640624999 0.5118384015624999 0.5993556734375 0.51355848125 0.5946442140625 0.511193353125 0.5903488171875 0.5092667109375 0.586404778125 0.5061453203124999 0.5832875046875 0.5029847859375 0.5825699625 0.502448003125 0.589179053125 0.5044920734375 0.5915272625
0 0.44843983749999994 0.5801130484375 0.44954343124999996 0.585712471875 0.45212432500000005 0.5885135296875 0.4532821171875 0.589051534375 0.4565624796875 0.5901360999999999 0.4572691765625 0.5853589203125 0.4557969078125 0.5804981406249999 0.45284426718750004 0.5793252828125001 0.44977062031250004 0.57888664375 0.44843983749999994 0.5801130484375
0 0.6790928546874999 0.68591323125 0.679168778125 0.6819478453125 0.676614115625 0.6782836203125 0.6744420625 0.6804310921875001 0.6743284515625 0.6866156328125 0.6765779328125 0.6897713375000001 0.6790928546874999 0.68591323125
0 0.6901396203125 0.6792499750000001 0.691065759375 0.67471963125 0.6898663390625 0.670363 0.6860134765625 0.6716867046874999 0.6845542609375 0.6766368578125 0.6898323375000001 0.6809755390625 0.6901396203125 0.6792499750000001
0 0.6253897234375 0.668205615625 0.6240013515625 0.6704567703125 0.6256995796875 0.67526594375 0.629905740625 0.6789296234375 0.6314887390624999 0.6804143296875 0.6335755921875 0.6772694671874999 0.6342371171875001 0.6736653593749999 0.630766509375 0.66798364375 0.6253897234375 0.668205615625
0 0.8522319984375001 0.9012371078125 0.8530339859374999 0.895283665625 0.8521397625 0.8924844015625 0.844822559375 0.8920613562499999 0.8428618390624999 0.8997581531250001 0.843912940625 0.9060050078125 0.8448947640625001 0.909726928125 0.8515306015625 0.90402015625 0.8522319984375001 0.9012371078125
0 0.8162521953124999 0.7877353828125 0.8157403609375 0.7845037890625 0.8134558078125 0.7795185453125 0.8079426890624999 0.7779808046875 0.8069525953125 0.7838153343750001 0.8085792671875 0.7896609625 0.8113366265625 0.7915086140625001 0.8160133140625 0.7896431140625 0.8162521953124999 0.7877353828125
0 0.962449184375 0.8833137375 0.9608697218750001 0.8751193078125 0.9590922546874999 0.8697199515625 0.9566866640624999 0.8614934249999999 0.9547701343749999 0.8511708359375 0.95226191875 0.8381212953125001 0.9509469859375 0.83222629375 0.9495758796875 0.8145101671875 0.9476541796875001 0.8023770328125 0.944876171875 0.7897815375 0.9437120328124999 0.783440265625 0.9415786953125 0.7717488015625 0.934889071875 0.7490391328125 0.9332964859375 0.7368364703125 0.9300364234374999 0.714485340625 0.9164066640625 0.6646476703124999 0.9115501265624999 0.642864209375 0.9083739968750001 0.6185159859375 0.9062618421874999 0.6006656953125 0.8994496125 0.5824856609375 0.89801810625 0.5762341953125001 0.888159959375 0.544246590625 0.884385415625 0.5308027937500001 0.8814246593749999 0.526242628125 0.879989925 0.522587696875 0.8746847828125001 0.5224629421875 0.868483928125 0.5232251671875 0.8670060109375 0.5271183578125 0.8651512859375 0.528842225 0.8657502609375 0.534072290625 0.8640704515625 0.5360215687500001 0.8649538109374999 0.5427774953125 0.8657242374999999 0.54557421875 0.8678526359375001 0.5549172296875 0.8709802218749999 0.56980975625 0.8701659062499999 0.57716361875 0.8730354640625 0.5850034296875 0.8753353125000001 0.59446008125 0.8777147921875 0.60464923125 0.879221459375 0.6174081203124999 0.8863315343749999 0.6346819671875 0.8872204140625 0.6422817937499999 0.8912038328125 0.652729465625 0.8942404765624999 0.673989615625 0.9030589499999999 0.7117484125 0.9251603671874999 0.801639890625 0.9355815937499999 0.8568993624999999 0.939237553125 0.8797224968749999 0.9429438015624999 0.8925253359375 0.9431839421875001 0.9009034187499999 0.9437862156250001 0.9106589968750001 0.9456704031250001 0.9207873796875001 0.9511265453125001 0.9317738 0.9519322656250001 0.9346535234375001 0.9714221343749999 0.9315666328125 0.9713945515625 0.9251798140625 0.9709612875 0.917909646875 0.969736078125 0.91296069375 0.9676408343749999 0.9067036156249999 0.9666524015625001 0.9022407953125 0.9640154296875 0.8949605515625001 0.962888875 0.8892461171875 0.962449184375 0.8833137375
0 0.8684893109375 0.6577603640625 0.8694096312499999 0.6595857421875 0.8705479296874999 0.6609795203125 0.8740855328125001 0.6638979859374999 0.8772973390625 0.6658381859375 0.879454528125 0.6660739421875 0.8851302375 0.6661811359375001 0.8848256062500001 0.658154975 0.8768990328124999 0.6521665484375 0.881694296875 0.6495814531249999 0.8829765859375 0.6427451296875 0.88179111875 0.6368185484375 0.8780559296874999 0.6290668 0.8773527078125 0.62462683125 0.876581346875 0.605423575 0.8734700859375 0.581854484375 0.8718674796875 0.5755415265625 0.8694306828125 0.5654199875 0.8661798234375 0.549918940625 0.8632939578125001 0.5472199734375 0.8533184500000001 0.547062928125 0.8478784078125001 0.55124036875 0.8515784015625 0.5631946765625 0.8606626953125 0.5685520390625001 0.85993605 0.574082234375 0.8569029625000001 0.5818602875 0.855742571875 0.5908446109375001 0.8559354796875001 0.598804621875 0.8567779 0.6062409546875 0.8574185421875 0.610955025 0.8618373421875001 0.6154218921875 0.8643640921875001 0.6210173859375 0.8656285546875001 0.6239668296875001 0.8650063078124999 0.63072550625 0.8644394484375001 0.6355865296875 0.864787015625 0.6396288 0.866614025 0.642803959375 0.867839575 0.6465964328125 0.8676337406249999 0.6486428906249999 0.8673771578125 0.652776103125 0.8684893109375 0.6577603640625
0 0.7875078890625 0.6289441859375 0.785328421875 0.6247522703125 0.78192575 0.628478884375 0.78060590625 0.633220290625 0.78223715625 0.6372569921875 0.78418986875 0.63812945 0.785817871875 0.6374112453125 0.7875497171875 0.6342023796875 0.7875078890625 0.6289441859375
0 0.7785625875 0.680727959375 0.7783426999999999 0.6820963921875001 0.7796487921875 0.6852986875 0.7802556671875001 0.6859840640625 0.78236044375 0.6853295593750001 0.7831188390625 0.68385526875 0.7821456171875 0.6811365421875 0.7807466015625 0.6791354468749999 0.7785625875 0.680727959375
0 0.8502329953125001 0.63480554375 0.8500546421875 0.636056659375 0.8503521125000001 0.6379348109375 0.8518157953125 0.638766075 0.8527851609375 0.639193128125 0.8530296875 0.6365219890625 0.8523615484375 0.6341013953125 0.8514206234374999 0.6335242953125 0.8502329953125001 0.63480554375
0 0.9075099140624999 0.6233782078125001 0.9084048109375 0.6306464484375 0.9103676093749999 0.6403921984375 0.911103284375 0.6418608203125 0.9146310546875001 0.6415409546874999 0.9189965843750001 0.6431544625 0.921027059375 0.64935219375 0.9199890281249999 0.6583899093750001 0.9223945140625001 0.6665658296875 0.9259750531250001 0.671453384375 0.9384397796874999 0.6748215 0.9464730953125 0.674362284375 0.9540465265625 0.6692315578125 0.9639359421875 0.6631217921875 0.970535203125 0.6537980875 0.9707453203125 0.6476235734375 0.96816121875 0.631308196875 0.9634450937500001 0.6167637703125 0.96119015 0.612884384375 0.9539970249999999 0.613224765625 0.9476327453125 0.617749503125 0.9441887578125 0.6234126718749999 0.9411890968750001 0.6304229171875 0.9414566921875 0.64135154375 0.9427494546874999 0.6542281546875001 0.94178540625 0.6577900062500001 0.9373826062499999 0.6517860875 0.9315141296875 0.65013219375 0.9283300296875 0.648546715625 0.92613493125 0.6447954828125 0.926771525 0.6410339625 0.93137366875 0.642453378125 0.932907965625 0.6406141546875 0.9346638703125001 0.6376071375000001 0.9339355125000001 0.6307111765625 0.9304088984375 0.627672321875 0.926475121875 0.628295371875 0.925838140625 0.624273628125 0.9237588999999999 0.61784790625 0.9222853687500001 0.61476705 0.9229381109375 0.6080810609375 0.9284399125 0.6099069312500001 0.9382700500000001 0.6060497953125 0.9404057937499999 0.6010162203125 0.9497999687500001 0.5981820671875 0.9508073671874999 0.5930361203125 0.9451806656249999 0.5848182796875 0.9363645875 0.5796161843750001 0.9461444374999999 0.576260590625 0.9505612140625 0.57547086875 0.9547080453125 0.5795789890624999 0.9604310406250001 0.5773278765625001 0.9578458812499999 0.572062775 0.9540196999999999 0.5678516625000001 0.9486653781250001 0.5659581375 0.9457428578125 0.5627081203125 0.943628065625 0.55514900625 0.94026535625 0.5496890796875 0.9304007609375 0.55164064375 0.9290135078124999 0.5497737359375 0.9250036890625 0.542215771875 0.92096274375 0.539215665625 0.9164112234375 0.542760384375 0.9185191421875001 0.55123496875 0.9244060328125 0.55334471875 0.9161360843749999 0.562118315625 0.9147935500000001 0.576834515625 0.917857178125 0.5826534624999999 0.921091778125 0.57925404375 0.923867659375 0.589948340625 0.9278709953125001 0.6026392640625 0.92471563125 0.6027134734375 0.921803721875 0.598721409375 0.92025949375 0.5940555359374999 0.9201634562500001 0.58720655 0.9185296328125 0.5833933140625 0.9157030296875 0.5858928265625 0.9104014875 0.584462371875 0.9106264921875 0.5766339171875 0.9103894468749999 0.57048276875 0.9045278046874999 0.5622198765624999 0.9003155265625 0.5522150203125 0.9038421890624999 0.55212788125 0.9146242828125001 0.550855209375 0.9149222625 0.5505691359375 0.9064593359374999 0.54120429375 0.9026853546875 0.5393104203125 0.8962429500000001 0.541833675 0.8912251984375 0.5403471984375 0.8863181984375 0.5392703140624999 0.8927101453124999 0.5533784640625 0.8941628203124999 0.560922215625 0.9008957234375 0.5648975890625 0.9027952671874999 0.569080053125 0.9039682656249999 0.5769655140625 0.9053749124999999 0.5842286375 0.9056348390625001 0.5881170984375 0.9013267234375 0.5907215390625 0.9023040140624999 0.6002579406249999 0.90413209375 0.6044786171875 0.905837971875 0.6079577171875 0.9065594875 0.6117540875 0.9075099140624999 0.6233782078125001
0 0.7456832624999999 0.5891391203125 0.746751303125 0.591567565625 0.7487223234375 0.5928452734375 0.7537248890625 0.5946853546875001 0.757767896875 0.5957108265625 0.7577821859375 0.5856630109375 0.7566004359375 0.5841147531249999 0.7536862828124999 0.5810374265625 0.750539775 0.5833250015625 0.74980085 0.581686040625 0.751069196875 0.5735531234375 0.750950928125 0.569650134375 0.74868290625 0.56474928125 0.7454217625 0.5622378921875 0.7431307046875 0.5665905046875 0.7436883734374999 0.5744563578124999 0.7456577984375 0.580897890625 0.7456832624999999 0.5891391203125
0 0.75784559375 0.578791934375 0.755335153125 0.574008575 0.7552468640625001 0.5770868484375 0.75784559375 0.578791934375
0 0.7510781890625 0.6765383859375 0.7514247187499999 0.678067059375 0.752545678125 0.6788719249999999 0.7542189203125 0.6783094968750001 0.7546172875 0.67799803125 0.75499765625 0.6752057140625001 0.7546929312499999 0.6727623640625 0.7526454578124999 0.671281615625 0.7512357828125 0.6726391640625 0.7510781890625 0.6765383859375
0 0.7075260953125 0.666618365625 0.7052922515625 0.6657587953124999 0.7029933171875 0.6663760265625001 0.702926696875 0.667883128125 0.7037097218749999 0.6734162578125 0.710841025 0.67255570625 0.710671353125 0.6712347359375 0.7097481296875 0.6684321546875001 0.7075260953125 0.666618365625
0 0.7601235796875 0.5617017328125 0.756345515625 0.5614600890625 0.7558023656249999 0.5639238265625 0.757131390625 0.5687092125000001 0.7579603421875001 0.5709065890625 0.7598778421875 0.5684703828125001 0.7607461265625 0.565092971875 0.7601235796875 0.5617017328125
0 0.709319096875 0.5414800296875 0.7099265625 0.5423788796875 0.711362734375 0.5439453734375 0.7133889765625 0.5446827921875 0.7187033921875 0.5458549265625 0.7314659796874999 0.545799928125 0.7326875828125 0.545242590625 0.7353199296875 0.5443732234375 0.7361425765625 0.541876290625 0.737057025 0.537871434375 0.7311001312500001 0.5380065234375 0.728875696875 0.5347392765625 0.729504028125 0.5308556703125 0.730432434375 0.5246116859375001 0.7275658 0.5240817265625 0.7256818890625001 0.52932695 0.72447139375 0.525419771875 0.7226841 0.5230846796875 0.72098481875 0.5232130234375 0.7182842703125 0.5253397921875 0.715900590625 0.527099978125 0.7160314015625 0.5285251859375 0.7133065843749999 0.529839496875 0.71275113125 0.5274611703125001 0.710137909375 0.5244959625 0.70890750625 0.5255071390625 0.7075657375 0.528222340625 0.7071192015625 0.52972791875 0.7070375421875 0.5318891765625 0.7071727953125 0.53496051875 0.7073409578125001 0.5366914609375 0.7078100078125 0.5379349578125 0.7084086593750001 0.5397669875 0.709319096875 0.5414800296875
0 1 0.787751809375 0.998929928125 0.7869897328125 0.9919703390624999 0.7888545375 0.9889225796875 0.7922749859375 0.984073809375 0.8017137703125 0.9864956250000001 0.8095533078124999 0.9919714718750001 0.8082288265625 0.993696053125 0.8086897171875 0.9948914734375001 0.81742589375 0.9773602359375 0.8256176749999999 0.9743385015625 0.8204327953125 0.9740442390625 0.8171066265625001 0.9738045421875 0.8127166375 0.9757457781250001 0.8011312640625 0.966595221875 0.80057936875 0.961643115625 0.8030231999999999 0.9560604265625001 0.80549096875 0.960361196875 0.8157349265624999 0.9658435375 0.8239202609375 0.964257346875 0.8288478125 0.9633580531250001 0.8349859390625 0.96310306875 0.836851925 0.9827241734375001 0.8542703968750001 0.9826100515625 0.8566661828125 0.9702771796875 0.859624071875 0.9596151734375 0.868776534375 0.9705414703124999 0.8666963624999999 0.99027885625 0.8626052625 1 0.859836825 1 0.787751809375
0 1 0.6741074859375 0.99681906875 0.6694952671875 0.9935252671875 0.6681660421875 0.9910981624999999 0.6713600484375 0.991064465625 0.6780191796875 0.99276974375 0.6841513499999999 0.9938886046875 0.68413391875 0.9962922578125 0.6818406078125 0.997453775 0.6794656046875 0.9979577078125 0.678232528125 0.9984692234375 0.6779063062499999 1 0.6752887375000001 1 0.6741074859375
0 0.9564179046874999 0.712450503125 0.956430296875 0.7154353125 0.9572954671874999 0.7169324640625 0.9590845171875 0.7168215421874999 0.9590698328125 0.7158398781249999 0.9593370906249999 0.714840453125 0.9588580421874999 0.7132441765624999 0.9577646281250001 0.7116044125000001 0.9564179046874999 0.712450503125
0 0.9302366687499999 0.7003977609375001 0.930802153125 0.70353859375 0.9344655234375001 0.7044644140625 0.9353253546875001 0.704139975 0.9360395031250001 0.703564928125 0.9373132328124999 0.7022779531250001 0.93662215 0.6985938296875001 0.9354132734375 0.6972238859375001 0.9323089140624999 0.697280525 0.9302366687499999 0.7003977609375001
0 0.9018719718750001 0.87387388125 0.8876057265625 0.8831131140625 0.8926527140625 0.882886425 0.8991112703124999 0.881863490625 0.9049326609375001 0.8798340890624999 0.9376416750000001 0.8737217062499999 0.937601384375 0.8721888234374999 0.93474164375 0.8595667234375 0.9320511109374999 0.8559635671875 0.925370953125 0.8579945171875 0.9248447000000001 0.8580778671875 0.9203904218750001 0.8585808625 0.91122265625 0.863154134375 0.9045016718750001 0.8735871 0.9018719718750001 0.87387388125
0 0.9116990218750001 0.8305738078125 0.9184038484375 0.8298472468750001 0.9201151781249999 0.829435403125 0.9210503234375 0.8296464 0.9267721796874999 0.8336806593749999 0.929940646875 0.8338290171875 0.9299549953125 0.8283262109375 0.9204160546875 0.7809745140625 0.91903384375 0.7796288609375 0.918003628125 0.7808851765625 0.9152569187499999 0.7865359890625 0.9132260046875 0.7931903078125 0.9105750828125 0.7988765734375 0.9102771093750001 0.8039370515625001 0.9093317078125001 0.8103134484375 0.9077784609374999 0.812272740625 0.9076973031250001 0.8159953296875001 0.9097714359375001 0.8200615515624999 0.9113484156249999 0.8220376234375 0.90371956875 0.829005890625 0.9116990218750001 0.8305738078125