0 1 0.2422599546875 0.9902495515625 0.22778191875 0.9726045421875 0.20918564062499997 0.9537576296875001 0.19635940000000002 0.9240961562500001 0.1587702015625 0.91336358125 0.147756759375 0.891207140625 0.1207820734375 0.8793062953125 0.10318544999999998 0.8577129234375 0.07243801562499999 0.8423849156250001 0.033231965625 0.8334482046874999 0.032292678125 0.754584171875 0.024003734375 0.7304990265625 0.0247967453125 0.759308790625 0.06238755 0.7860832734375001 0.088146103125 0.8128348937500001 0.1099666328125 0.83288153125 0.12188675156249999 0.8455251718750001 0.129217278125 0.86435100625 0.1421842734375 0.8809900421875 0.1559866375 0.8900321609375 0.168808284375 0.90505813125 0.18248667031250002 0.9209342953125 0.1984948125 0.944893071875 0.21271615625 0.95732665625 0.2229720015625 0.9662946703124999 0.2341817609375 0.9805553515625001 0.24768230156249998 0.9881640562499999 0.2555017140625 1 0.2647700734375 1 0.2422599546875
0 0.773215353125 0.70398246875 0.7696737406249999 0.693088528125 0.7739036421875001 0.67788174375 0.7815036 0.661269528125 0.7640529125 0.64735671875 0.7649698234375 0.638632896875 0.7640126171875 0.6246154265625 0.7364352265624999 0.61951580625 0.7154291484375 0.6131963921875 0.7156294812499999 0.597852025 0.7051433578124999 0.5886194109375 0.68172146875 0.6106213734375 0.6798062781249999 0.64371654375 0.69744300625 0.6705084140625 0.66508686875 0.6801871109375 0.6477436859375 0.685775178125 0.618789959375 0.6886283828125 0.5796244500000001 0.713690515625 0.574991775 0.7513846359375 0.6068968828125 0.7631277078125 0.6569385296875 0.773199596875 0.7135621171875 0.778377990625 0.760902865625 0.7273736015625001 0.7696759828124999 0.7115131328125 0.773215353125 0.70398246875
0 0.8399126890625 0.585093578125 0.842079109375 0.6002970671875001 0.851326703125 0.6174718515625 0.8678040625 0.5928562328125 0.859118496875 0.5866125765625 0.8445001640625 0.580879703125 0.8399126890625 0.585093578125
0 0.8983786140625 0.556240621875 0.8967711546875 0.5465114859375 0.8827155546875 0.542151203125 0.8794380593750001 0.560075553125 0.8845234484375 0.571513528125 0.8960399062500001 0.5677891109375001 0.8983786140625 0.556240621875
0 0.8516069671875 0.5096903953125 0.8459543171874999 0.511258121875 0.8420029140624999 0.5229481890625001 0.8444335796875 0.528776378125 0.8596394453125 0.5432843625 0.8641109703125001 0.53712426875 0.865243646875 0.5201889546875 0.8516069671875 0.5096903953125
0 0.48642904531250003 0.8550891640625 0.48544957968749997 0.8644081453125001 0.484995371875 0.8687296531250001 0.48466524062499994 0.87415769375 0.484938325 0.8814700468750001 0.4843327140625 0.8872320578125 0.4839323578125 0.8928349656250001 0.4849476390625 0.896493946875 0.48562990937499995 0.8997487187500001 0.48829224375 0.9007119734375 0.4901336359375 0.9007264046874999 0.4954826296875 0.9007921375000001 0.5006372921875 0.9007934531249999 0.503399459375 0.899506378125 0.5047173625 0.8970274312500001 0.5065398562500001 0.8928418796875001 0.5071985828125001 0.8883533343750001 0.5076545046875001 0.8845237625 0.5074903828124999 0.8830956593750001 0.5063153421875 0.8776681015625 0.5067802140625 0.8683421671874999 0.5068821609375 0.8602868203125 0.5076152625 0.85600248125 0.508115646875 0.8530354062500001 0.508663240625 0.846539875 0.508754228125 0.8421314859375 0.5090162031250001 0.839638965625 0.5086133453125 0.8355793031250001 0.510446121875 0.834375221875 0.513280509375 0.8346731281249999 0.5142288796875001 0.8340956593750001 0.51748574375 0.8300750062500001 0.5180303875 0.8292728546875001 0.5195728625 0.8246572406249999 0.52006713125 0.8134820609375 0.5212603265625 0.8105752359375 0.523605771875 0.8080660296875 0.524970559375 0.8067703421875001 0.527841278125 0.8051081828125 0.52943126875 0.801520353125 0.5292368 0.79902070625 0.529044325 0.7982809109375 0.5273815984375 0.7970000921875 0.5258323375 0.7959103046875 0.5213740828125 0.7954417234375 0.5138769625 0.7935414 0.5085160390625 0.791466540625 0.5044185546875 0.7911081484375 0.5001007984375 0.790588346875 0.4907644734375 0.791134175 0.48565977968749996 0.79059765 0.48098034375000004 0.7925174703125 0.474422390625 0.7944472375 0.470457084375 0.7988553359375 0.47067898750000003 0.8021104250000001 0.47202691718749995 0.8069842703125 0.47483611562499994 0.8088522078124999 0.478621353125 0.8108211593749999 0.4787539515625 0.8167047500000001 0.4782177109375 0.8220608515625001 0.47853982500000003 0.8285928046875 0.4847414109375 0.8342690156250001 0.48572490625000003 0.8349866890625 0.48650631562499996 0.83729821875 0.4873245 0.8420252625 0.48714833124999996 0.8482456109375001 0.48642904531250003 0.8550891640625
0 0.2557961671875 0.87677055 0.2542655140625 0.8837550640625 0.25416745625 0.8879317578125001 0.256895628125 0.8920205781250001 0.2594255671875 0.89099975 0.2609263046875 0.8903687874999999 0.26825349374999996 0.8908215421874999 0.27164439375 0.8877827796875 0.2745832453125 0.8830358437499999 0.27656561874999996 0.876193071875 0.2780922796875 0.8719072984375 0.2787357734375 0.86935746875 0.2793815171875 0.8650073875000001 0.280440959375 0.8598005437499999 0.2806655328125 0.8576638750000001 0.280508465625 0.8548083765625 0.280256715625 0.8515831437499999 0.2809841203125 0.8490421328125001 0.28210745625 0.8450061953124999 0.281895759375 0.842685415625 0.282806571875 0.839385984375 0.2832472234375 0.835193453125 0.2838196375 0.8336338046874999 0.28533434375 0.8297756875 0.2861515328125 0.8281742078125 0.2901109796875 0.8265573515625 0.292723996875 0.8249105265625 0.2942318046875 0.8198325046875 0.29418063125 0.8132190515625 0.29314995312500003 0.8125466953125 0.2896248328125 0.8186412953125 0.28270316093750003 0.8272006093750001 0.2789830265625 0.8268096078125 0.276910103125 0.8262775124999999 0.2802615765625 0.8185165718749999 0.2801356578125 0.808817465625 0.27692069375 0.8078055546874999 0.27426452343749996 0.8059914078125001 0.27188335 0.806493696875 0.2697421328125 0.8121870046874999 0.26337860625 0.811668996875 0.260761625 0.8104685593750001 0.25789586249999996 0.81244231875 0.25720161406250003 0.8157142359374999 0.255016725 0.8130933703125001 0.25342585156249997 0.8167942281249999 0.25287171875 0.8243385703125 0.256252084375 0.8292029375000001 0.26138463437500004 0.832658365625 0.2616180125 0.8345038062500001 0.26111815625 0.8392745671874999 0.2603538796875 0.8460678296875 0.2601367671875 0.8509138703125 0.2580429140625 0.8561565359375001 0.2580816359375 0.8621260968750001 0.2568888453125 0.8686465109375 0.2557961671875 0.87677055
0 0.22723269531249998 0.8451475578125001 0.21912042187499997 0.8439728453124999 0.2113581125 0.8444013109374999 0.197957134375 0.8416903640625 0.19181984375 0.841291971875 0.18885398281250002 0.8412284828125 0.19753984062500002 0.8508924671875 0.20109514062499997 0.8572913390625001 0.20344226718749997 0.8628829359375001 0.219437778125 0.862374009375 0.22948274531249999 0.8674031078125 0.24607673281250003 0.8672540218749999 0.251008728125 0.8659059203125 0.2541436078125 0.8631654671875 0.2570936921875 0.8544401 0.25650596718749996 0.8496430109374999 0.253444359375 0.8486817828125 0.249232471875 0.848933525 0.239239178125 0.8474637015625 0.22723269531249998 0.8451475578125001
0 0.193062225 0.8729405234375 0.186462275 0.8756435734375 0.18239589218750002 0.8806396390625 0.19291550156249998 0.8838584328125 0.2061601515625 0.8852913515624999 0.21302547343749997 0.885056121875 0.22489783124999999 0.8868695546875 0.23258432187500003 0.8884928421874999 0.2417620125 0.8912500890624999 0.2493840296875 0.89166313125 0.252700375 0.8914413828125 0.25564711875 0.8874714031250001 0.25558329375 0.879453621875 0.2550042703125 0.877981909375 0.2510055671875 0.8801366734375 0.24589321874999998 0.878776084375 0.23674457499999998 0.87245390625 0.23146456093749998 0.8726138078125001 0.2273407109375 0.8772597624999999 0.21919184687499998 0.87640328125 0.21545058125 0.872685596875 0.209626315625 0.86833735 0.20336021249999997 0.869493384375 0.1973698734375 0.8715833609375 0.193062225 0.8729405234375
0 0.34666243125 0.910286640625 0.3568766953125 0.909594278125 0.3624703046875 0.907556871875 0.3692130125 0.9046017375 0.37318044375000003 0.902266153125 0.3820159046875 0.9000730078125001 0.384583434375 0.8962579890625 0.38383441875 0.8924274609375 0.379207715625 0.89058688125 0.3740251609375 0.8900437437500001 0.365564996875 0.8848544265625 0.361661865625 0.8820938140625 0.357293215625 0.8819535859375 0.35058534375 0.8791511328125001 0.3460643875 0.8762595984375 0.34336826249999997 0.870012303125 0.344690934375 0.86249531875 0.34257562343750003 0.8555800765624999 0.3413910625 0.854099709375 0.33577998125 0.8547637046875 0.3273696546875 0.8549748046874999 0.3078335765625 0.85330954375 0.297399884375 0.85348865625 0.2861534953125 0.8484699703125 0.284350846875 0.84881939375 0.279223375 0.85374635625 0.27739762031250004 0.858516015625 0.2783963203125 0.87115213125 0.277506684375 0.87961644375 0.27697685625 0.8846574265625 0.276413709375 0.8900154140625001 0.27317720156249997 0.8955464687499999 0.27257713125 0.899103228125 0.2796977328125 0.89696236875 0.2866249359375 0.8960187890625001 0.290973075 0.8952330515625 0.2965506640625 0.8974139531249999 0.3000339609375 0.90049179375 0.30453957656249997 0.90620499375 0.313958809375 0.9102068062500001 0.319157459375 0.9101184796874999 0.32464967499999997 0.908208671875 0.3328717875 0.9073069265625 0.34174682343749996 0.9102680296875001 0.34666243125 0.910286640625
0 0.3714633140625 0.8665393859374999 0.3728827671875 0.8633782546875001 0.3729355890625 0.8601850343749999 0.3712713890625 0.8536864140624999 0.37243915625 0.8508271921875 0.372859253125 0.8459333578124999 0.3734946328125 0.841726728125 0.373663021875 0.840124615625 0.37352523125000003 0.8365924250000001 0.37468348125 0.8309387734374999 0.375020421875 0.8277329953124999 0.375352953125 0.8245691718750001 0.3759014015625 0.8193510406250001 0.37629436250000003 0.815612259375 0.37651893593749997 0.813475590625 0.376687325 0.811873478125 0.3771214828125 0.809551453125 0.37739186875 0.809579871875 0.3800676375 0.8091148296874999 0.38458254531249997 0.8057857171875 0.385490996875 0.8041231312500001 0.38692126718750003 0.8005750734375001 0.38943447343750004 0.777381028125 0.38973384843750003 0.7745326546875 0.38628813125 0.7722333203125 0.378210159375 0.7691925984375 0.3727166984375 0.7678705078125 0.3662261140625 0.7670516328125 0.3614087828125 0.76789175 0.35434706718750003 0.768470834375 0.3507956546875 0.7685971781250001 0.348325909375 0.7701365140624999 0.3464005390625 0.774374096875 0.34583776718750003 0.777964628125 0.3463421984375 0.7851237609374999 0.3448100609375 0.7982809984375 0.343183796875 0.800031534375 0.345772696875 0.8036516671875 0.348372353125 0.8064968046875001 0.3522997609375 0.8055285890624999 0.3519732203125 0.8114157687500001 0.3514299484375 0.8188717015625 0.34935805468750003 0.8285393390625 0.34922379531250003 0.832896046875 0.348386096875 0.8408662078125 0.3483630484375 0.8456446625 0.3480321609375 0.85562411875 0.34637174375 0.8638283140624999 0.34469642968750003 0.8709186000000001 0.34947795625 0.8779978109375 0.358153478125 0.8812128875 0.3663062125 0.8796408437500001 0.37118044375000003 0.8750156265625 0.3714633140625 0.8665393859374999
0 0.3855259890625 0.89406166875 0.38475951249999996 0.89830479375 0.38468915312499996 0.9007530390625 0.38512630937500003 0.9055327296875 0.3851120140625 0.9087629937499999 0.386440484375 0.9105632828125 0.3920015015625 0.911900328125 0.3954466953125 0.91190265 0.4003071859375 0.911444134375 0.4034839328125 0.9086640906250001 0.404711025 0.9049564203125 0.4050104 0.9021080484375 0.40504315625 0.8987320406249999 0.40524629531249995 0.8955137687500001 0.40687368749999997 0.8915700859375001 0.4063591203125 0.8880799937500001 0.40637325625000004 0.884881134375 0.40690124843750003 0.8811581171875 0.40736423125 0.8785468953125 0.407389390625 0.8757513984375 0.407215753125 0.8725752234374999 0.407930459375 0.8688545484375 0.40758578125 0.86602018125 0.4087468453125 0.86162528125 0.40863144062499995 0.8574167265625 0.41304092968750006 0.85670499375 0.415080884375 0.8561307062499999 0.4178958703125 0.853713271875 0.41925046093749996 0.8354139953124999 0.4205320640625 0.8345808953124999 0.423205415625 0.8338249453125 0.4268281515625 0.8316746578125 0.4279093609375 0.829668875 0.4284872015625 0.8272504015625 0.4302119484375 0.8261025234374999 0.43257032500000003 0.8257423812500001 0.43520132499999997 0.82247449375 0.4341081390625 0.820603096875 0.42876974062500006 0.819793775 0.4276867953125 0.8201120062499999 0.41983103125000004 0.817587965625 0.415704125 0.816836846875 0.40865377968749994 0.81534955 0.403242571875 0.8143958874999999 0.39467510156249996 0.8143830859375001 0.389841271875 0.813810615625 0.3810105890625 0.8141346453124999 0.3765783109375 0.8176342671875 0.3753008015625 0.825259690625 0.373732790625 0.8292363234375 0.37643630156249996 0.8340829671875 0.37953483125 0.835799065625 0.38334708125 0.8368831812499999 0.382953003125 0.843397990625 0.382399165625 0.8486674015625001 0.38285948125 0.8535406515625 0.38540038593750003 0.8556741859375 0.387993390625 0.8573120140625001 0.389255625 0.8581281109375001 0.38940220625 0.8619204578125 0.3890660828125 0.8651184671875001 0.3879018453125 0.8711878328125 0.387651140625 0.87357313125 0.387656315625 0.8783969734375001 0.3872493078125 0.8822693921875 0.386624015625 0.88666404375 0.38602041875 0.8901497328125 0.3855259890625 0.89406166875
0 0.4477112265625 0.9150109328125 0.45379355312499997 0.9127782281249999 0.45957810312499997 0.9090138187499999 0.45992100156250004 0.9083224375000001 0.45242766718749994 0.902933084375 0.4487271640625 0.90047185625 0.443457765625 0.8989612156250001 0.4376884453125 0.8976478374999999 0.43498769687500005 0.897363978125 0.4289835796875 0.8976567296875 0.427017165625 0.898846765625 0.4194163125 0.8998766515625001 0.4148200703125 0.9003472296874999 0.4109295796875 0.9025636421875 0.410480865625 0.9049045625 0.42305597968750003 0.9091799406250001 0.42998138125 0.9123791796875 0.4398119828125 0.9152773218749999 0.4477112265625 0.9150109328125
0 0.6875801109374999 0.8071290078125 0.612845359375 0.89118538125 0.610381709375 0.900813415625 0.6905132890625 0.80947659375 0.6875801109374999 0.8071290078125
0 0.372761221875 0.8773451874999999 0.377669990625 0.8780716484375001 0.3831198765625 0.87690838125 0.3877057390625 0.8738758093750001 0.3881621671875 0.8664987312499999 0.3818498609375 0.862488825 0.3758399265625 0.8637487671875 0.37284113125 0.8659269265624999 0.3710409109375 0.870812390625 0.372761221875 0.8773451874999999