0 0.39731168906250003 0.6591091171875 0.386406775 0.6613030453125 0.3699116515625 0.6685003609375 0.34113105625 0.6780498406250001 0.326526584375 0.6848967859374999 0.3280485640625 0.6953606953125 0.335080590625 0.705205215625 0.3472253109375 0.71070960625 0.36310940625 0.712633596875 0.3825867875 0.71444744375 0.3877124265625 0.7120469843749999 0.4022012265625 0.70726910625 0.41164908125000005 0.6986255359375 0.421218228125 0.6885554625 0.424054390625 0.680302815625 0.4257802546875 0.670392228125 0.4207700703125 0.6637724281249999 0.4110208203125 0.660545075 0.39731168906250003 0.6591091171875
0 0.1920440328125 0.647551734375 0.19392473906250002 0.6482515734375001 0.19892558437500002 0.6457806953125 0.20070704374999998 0.6420123156249999 0.19816086875 0.6374807234375 0.19361135625 0.6361475171875 0.1906371703125 0.6377484921875001 0.1892663453125 0.6430483625 0.1920440328125 0.647551734375
0 0.069529234375 0.7331156078125 0.082498953125 0.73857661875 0.0944197125 0.7380843500000001 0.10718861718749999 0.7315746078124999 0.11977854218749999 0.7230212921875 0.1360143546875 0.7327495296875 0.151038246875 0.7351764375000001 0.16992887968749998 0.740516553125 0.1803249328125 0.7426519468749999 0.195505209375 0.7420387765625 0.2075228203125 0.7382640546875 0.22302969374999998 0.72710220625 0.2363535453125 0.71741815625 0.24113305624999998 0.7107959609375001 0.2382397578125 0.7017447859375 0.24375360937499999 0.6896496562500001 0.23783848437500002 0.6827966515624999 0.2310117953125 0.6781683984375 0.22256310156249998 0.6784043984375 0.21411616875 0.6726780625 0.2009142296875 0.6716463078125 0.19182360781250002 0.6691168249999999 0.1788630171875 0.6679489328125 0.1714664328125 0.676193765625 0.151295078125 0.6732661 0.11363487812499999 0.6684813484375 0.08622332656250001 0.6784067734375 0.0763500953125 0.6827368015624999 0.049859890625 0.6853346499999999 0.041662396875 0.6897484640625 0.0262310203125 0.6961163265625 0.0073224859375000005 0.7023654078125 0.008251260937500001 0.709780425 0.0220658359375 0.71116525 0.028789143750000003 0.7188884515625 0.037295498437500005 0.722343775 0.043238523437499995 0.722911628125 0.0582654109375 0.7193207312500001 0.0660558390625 0.7270078234375 0.069529234375 0.7331156078125
0 0.5859706375 0.0622805828125 0.5813084515625 0.0522409140625 0.5750234296875 0.048101560937499996 0.5674825203125 0.044961240624999996 0.5577914390625 0.0495415609375 0.5380659734375 0.0698445375 0.5552888921875 0.09119974374999999 0.56235501875 0.0930730671875 0.5727076609374999 0.0918287078125 0.5837985484375 0.08419055156250001 0.5858390906250001 0.073594603125 0.5859706375 0.0622805828125
0 0.5774082796875 0.19015083125 0.58448920625 0.1909080359375 0.593271059375 0.19255297656249998 0.5995790796875 0.1868948359375 0.595478459375 0.18085295625 0.5829399000000001 0.17465600625 0.5760924609375 0.16653143125 0.5766821484375 0.15057579999999998 0.5737529078125 0.14388774531249998 0.5733857078125 0.1254603671875 0.5764865671875 0.11294713593750001 0.5735258109375 0.1009428953125 0.5748925171875 0.1020760578125 0.571923425 0.0965183546875 0.5606347281249999 0.093193915625 0.5549142515625001 0.0943963640625 0.54319295 0.10219053593750001 0.5442057703125001 0.11007394374999999 0.5324992875000001 0.12117386562500002 0.5260333921875 0.1326557578125 0.53528365 0.14129991875 0.5507766640625 0.147176596875 0.5564941109375 0.156913621875 0.5401918625000001 0.16900643437500001 0.52546289375 0.1895468375 0.5235583109374999 0.20510999062500002 0.5291684703125 0.215407146875 0.539002865625 0.23137227500000002 0.5460568375 0.2302618984375 0.561139359375 0.2203578125 0.568496328125 0.212210334375 0.5730359390624999 0.20225296250000002 0.5774082796875 0.19015083125
0 0.7172825171875 0.2089049734375 0.712362971875 0.21637859062499998 0.712862525 0.22483076249999998 0.715293546875 0.23226400625000002 0.721312403125 0.23410407812499998 0.7267933609375 0.22470852031250002 0.727445625 0.2161857671875 0.7271489390625 0.2115868484375 0.720547734375 0.208648290625 0.7172825171875 0.2089049734375
0 0.555063346875 0.267772725 0.546128503125 0.30616385468749996 0.533664528125 0.32797382656249996 0.5268662890625 0.343163553125 0.5210455281249999 0.35483133125 0.52853890625 0.3713346609375 0.5308381921875001 0.394578565625 0.5312884203125 0.410113965625 0.5436437171875 0.42287944218750007 0.5379750078125001 0.5006676140625 0.5418201 0.514534184375 0.54371144375 0.541899409375 0.5403367046875001 0.5445128703125001 0.5302690671875 0.5385097046875 0.522662903125 0.5259685890625 0.507267840625 0.5111780796875001 0.497136665625 0.5070249046875 0.492317171875 0.5154332234375001 0.4905383296875 0.5056929734375 0.485465978125 0.4996468515625 0.4608050515625 0.4904918734375 0.44414428125 0.49012326249999993 0.442823525 0.4975976390625 0.42933957031250003 0.49428262343749996 0.42293611093749994 0.5033142203125001 0.42495969687499996 0.5154721515625 0.42788136874999994 0.5224038640625001 0.438632834375 0.5280417359375 0.454881171875 0.534307178125 0.452738775 0.5396130609374999 0.43895106406249995 0.5379262515625001 0.42403771875 0.53185981875 0.41489064999999997 0.5266563734374999 0.40315729375 0.5158502546875 0.38107471249999997 0.5099231140625 0.38991988437499997 0.530297690625 0.41352135 0.575914165625 0.4196041390625 0.5630048234375 0.432723290625 0.5701455203125 0.4592302859375 0.5869097359375 0.46825864843750004 0.592658359375 0.46668259218749997 0.6171768578125 0.48319331249999997 0.61966038125 0.47748888906250003 0.603493646875 0.4793754671875 0.5923631874999999 0.4933522453125 0.6000542015625 0.51523968125 0.607124484375 0.51407595 0.59366291875 0.5224787937500001 0.591238909375 0.53006011875 0.607912140625 0.520563590625 0.6065946624999999 0.505674534375 0.6205968937499999 0.482064021875 0.6305799000000001 0.4586529578125 0.64083884375 0.448065665625 0.683055265625 0.44475326718749997 0.6913012953125001 0.4309951984375 0.7080669765625001 0.4104399640625 0.7139354875 0.400886784375 0.727297209375 0.3865885265625 0.728834721875 0.37104967968749997 0.7355589375 0.3579009125 0.808992975 0.3353945171875 0.942589025 0.3316196765625 0.9583075453125 0.3304673125 0.97640453125 0.3407866671875 0.9784104109375 0.341637834375 0.9688725843749999 0.3522456828125 0.9545889140625 0.35656948125 0.946372346875 0.354177871875 0.9334791203125 0.359779584375 0.9174026078124999 0.36236859843749997 0.9078173812499999 0.3631172265625 0.8991510015624999 0.37398706718749997 0.887867759375 0.37022406406249997 0.87518389375 0.37000829375 0.867302609375 0.3784608421875 0.84460943125 0.38675869375 0.8316133359375 0.3989840796875 0.8208164296874999 0.4076411796875 0.8044408546874999 0.42348813124999996 0.7968358078125 0.432265775 0.8110149203124999 0.43487321406249996 0.832763590625 0.4430045890625 0.8456407828125 0.43721521250000006 0.848098459375 0.42786333593750003 0.8531283249999999 0.420920125 0.8609487437500001 0.433139490625 0.8788928046875 0.450293503125 0.88416754375 0.4676257640625 0.8803037046875 0.4477151453125 0.85040366875 0.45155964062500004 0.8442762171875 0.47417945 0.8382025656250001 0.4696006265625 0.8658366 0.485368021875 0.8828387890625 0.4761261375 0.9035002765625 0.4863573203125 0.9092598609375001 0.5024941421875 0.8848832312500001 0.5112695640625 0.8789947859374999 0.5126781625 0.8899682984374999 0.5292224015625 0.888848259375 0.5479788359375 0.870852778125 0.5625794890625 0.854632896875 0.583381303125 0.8588291671875 0.598101721875 0.8557421765625 0.603585746875 0.846347215625 0.6083322984375 0.833065121875 0.612142621875 0.8234530640625 0.6167184765625 0.8208757 0.6284075859375 0.8147211359375 0.6375966296875 0.799416740625 0.641367553125 0.785126846875 0.6395086625 0.767216528125 0.6312067046875 0.7606460968750001 0.6204061750000001 0.7725062890625 0.6085345953125 0.789794659375 0.5983636375 0.8030426640625 0.5868987234375 0.8037938562500001 0.567694015625 0.8233830859375001 0.5655971609375 0.8093501625 0.5731827421875 0.7825106921875 0.57341665 0.7509186390625 0.5774127109375 0.7437494046875 0.5867128609375001 0.7234924031250001 0.5914424265625 0.6959672578125 0.598926015625 0.6981413890625 0.5922601015625 0.7380766328125 0.594842553125 0.7456889343750001 0.6023821640625 0.755386990625 0.61085890625 0.7533116125 0.625762996875 0.7047571140625 0.629212090625 0.696119025 0.6323747203125001 0.6896998578125 0.645243053125 0.69885151875 0.6571095328125 0.6824901453125001 0.6425054140625 0.677109375 0.642636140625 0.6670033296875 0.6226340234375 0.6559906625 0.6231415671875 0.644846825 0.6251538890624999 0.6326027109375 0.620564609375 0.6275434578125 0.6121584062500001 0.626627334375 0.603977846875 0.6327555640625 0.5929222249999999 0.6464030453125 0.5775619515625 0.655434984375 0.56442844375 0.6510786421875 0.5715112796875 0.64550425625 0.5787359015625 0.6433112375000001 0.5808786734375 0.6371681687499999 0.5870106078124999 0.6259795046875001 0.5925008609375 0.6119012500000001 0.5959410484375 0.6025228609375 0.6029989640625 0.6080333171875 0.614404178125 0.613976540625 0.629692921875 0.6070731874999999 0.6352480500000001 0.5900325718749999 0.642363215625 0.567775025 0.6276246796875 0.5748203468749999 0.633377771875 0.562255996875 0.638685840625 0.5501304171875 0.6443945109375 0.5357555765625001 0.6399697125 0.5283597796875 0.6364538953125 0.5252298625 0.6282015249999999 0.52272801875 0.63278925 0.5109017421875001 0.635901775 0.510685415625 0.6426944546875 0.5303267609375 0.6441301046875 0.5288533125 0.6422730890625 0.530946815625 0.6495502046875 0.5370983765624999 0.6484267546875 0.5528929515625001 0.643899540625 0.572506665625 0.6451902015625001 0.5916451890625 0.6545552406249999 0.60451386875 0.6662652453125 0.6096997734375 0.6697603421875 0.58571665625 0.6743522984375 0.5892881484375 0.672174303125 0.60387494375 0.6748473265625 0.6162211906249999 0.6764241156249999 0.6283766359375 0.6793076625000001 0.6423093890625 0.691864809375 0.5687253343750001 0.693868521875 0.5598747375 0.6955225984375 0.5513652578125 0.6997206015625 0.54068409375 0.7009004078125 0.535760946875 0.7061200015625 0.528012978125 0.709271409375 0.5206525 0.7101038296875 0.515240015625 0.7120703546875 0.5051231203125 0.71108250625 0.495964803125 0.7100136203125 0.48949988437499997 0.7144254171875 0.48021644375 0.71893589375 0.44969125 0.72058988125 0.43906950624999996 0.723603678125 0.4159001296875 0.7260030515625 0.40411326875000003 0.7280733359375 0.3901215421875 0.7280194843750001 0.38050648593749997 0.7315617234375 0.373395478125 0.7356760999999999 0.3669687109375 0.740817475 0.3627185171875 0.743707496875 0.35802115625 0.74143285 0.35292793125 0.7348558421875 0.34857105625 0.7371295453125 0.33218986875 0.7403908828125 0.3098024015625 0.7335326140625 0.299506175 0.7205381578125001 0.2956464265625 0.7114565015625 0.304461459375 0.7077440968750001 0.3184093609375 0.70955653125 0.329147796875 0.706098696875 0.34115550156249996 0.697497565625 0.352469065625 0.690499134375 0.3698515046875 0.6858972578125 0.3884654140625 0.6832585124999999 0.40199964218749995 0.6819429 0.4168829984375 0.6574389968750001 0.414322896875 0.6644965421875 0.3979547484375 0.6597539359375 0.37372814375 0.6541804078125 0.3522449578125 0.6332643234375 0.3431827953125 0.6333956828125 0.3322873671875 0.642693025 0.29967151406250003 0.6467598140625 0.28223813125 0.64993151875 0.2537607359375 0.6485157296875 0.2263892625 0.6448634609375 0.2103269546875 0.6479748328125 0.1942056890625 0.65285406875 0.1887409765625 0.6626441796875 0.17890167968749998 0.6660065140625 0.152751859375 0.66072779375 0.137899884375 0.6603018296875 0.1275296390625 0.668375665625 0.11249235937499999 0.6746290421875 0.0974689125 0.6733870515625 0.0847784578125 0.675290709375 0.07425618125 0.6747082046874999 0.063724984375 0.6833318687500001 0.048872575 0.6859568640625 0.0355155421875 0.68688531875 0.032221235937499995 0.68786764375 0.027159423437500003 0.6202243281250001 0.01401089375 0.6041010499999999 0.07691993124999999 0.6032915171875 0.12865345625 0.597701509375 0.1748783 0.5993424625 0.20291750625 0.595437790625 0.2176907609375 0.598873790625 0.24396345937500002 0.5745105359375 0.25465809687499996 0.555063346875 0.267772725
0 0.46730475781249997 0.4394314515625 0.463925 0.43664155468750004 0.4629628828125 0.4371119296875 0.454274428125 0.44661462187499995 0.456958721875 0.4558894015625 0.46241608437500004 0.46246878437500005 0.4723454703125 0.4622882078125 0.46730475781249997 0.4394314515625
0 0.43051111718749996 0.9389270984375001 0.43805059062499996 0.9360805859375001 0.4379947875 0.9224221187499999 0.4318404828125 0.9087417890625 0.42546752187500003 0.90732314375 0.42173433437499996 0.9158996421875001 0.4183895140625 0.9297088859375 0.42751825312499997 0.9423438078125 0.43051111718749996 0.9389270984375001
0 0.3819567046875 0.9247186171875 0.3871642703125 0.9270965828125 0.3921954734375 0.9270653828125001 0.38952491718750004 0.9188008484375001 0.381104821875 0.9157697796875001 0.3798612625 0.9176880546874999 0.3819567046875 0.9247186171875
0 0.48138869062499995 1 0.48138440468750004 0.9941630828125 0.47797282656249995 0.9900792781250001 0.4740290046875 0.98838150625 0.46834617031250003 0.9926904000000001 0.4689726421875 1 0.48138869062499995 1
0 0.5497389265625 1 0.5498858609374999 0.9996295234374999 0.5491623828125001 0.9912484296875 0.5356292734375 0.9949912062499999 0.5242150343749999 0.9995024000000001 0.5237394375 1 0.5497389265625 1
0 0.6158593453125001 1 0.6207145484375001 0.975894125 0.6285338890625 0.9267822390625 0.6333611218749999 0.9202011546875 0.6330920609375 0.9124384437499999 0.6325519875000001 0.9032366421875 0.6373553281250001 0.8981869484375 0.6366846453125 0.8885761484374999 0.63676695625 0.8761478859375 0.6451281921875001 0.85124671875 0.64757710625 0.838648146875 0.6489600734375001 0.8236967046875 0.656180390625 0.7787310734374999 0.66158173125 0.7447037062499999 0.6562830875000001 0.7487148109375 0.6503586125 0.75463533125 0.647504775 0.7616031875 0.6521531375 0.768577653125 0.6498765703125 0.7785944875 0.64379386875 0.7860250625 0.638515584375 0.7940831562499999 0.6355460671875 0.8043648234375 0.6364712046875 0.8136000875 0.6325729640625 0.8221413203125 0.6297830390625 0.8305573531249999 0.626280121875 0.84590055 0.6294717578125 0.8552102765624999 0.6267630578125 0.8632903234375 0.613292778125 0.8737194984375 0.6111418093750001 0.8885439406250001 0.6036862859375 0.893087653125 0.6008311921875 0.8824887703125001 0.5998975843750001 0.8768428343749999 0.587055453125 0.882165228125 0.5888467187499999 0.8606094140625 0.5809937515625 0.86470021875 0.579650478125 0.873223953125 0.579140271875 0.8771343843749999 0.5736249453125 0.88261234375 0.5679684859374999 0.8883414234375 0.560304759375 0.896429275 0.5523052328125 0.9046969828125 0.543673075 0.9137872140625 0.539258515625 0.920407128125 0.5446318906250001 0.9281719531249999 0.5469592203125 0.9302017593749999 0.5603696578124999 0.9345418953125 0.570653690625 0.935795971875 0.57778415625 0.941178865625 0.5812727875 0.9484038328125 0.58863185 0.9569016359375 0.5916192234375 0.966688975 0.594119303125 0.9816200265624999 0.5958565203124999 0.9879140156249999 0.5934770781250001 0.9988531671875001 0.5931797671875 1 0.6158593453125001 1
0 0.595277646875 0.76726365625 0.59904574375 0.7679165125 0.6007105125 0.7642161796875 0.600017928125 0.759393865625 0.596180128125 0.7580350515625 0.594795828125 0.7617501078125 0.595277646875 0.76726365625
0 0.7483313093749999 0.10633072187499999 0.744322428125 0.114925259375 0.7472710499999999 0.1339769796875 0.751701715625 0.145289609375 0.755686296875 0.157808028125 0.7627932453125 0.1783875125 0.7759035437499999 0.10707575312499999 0.7676226546875 0.102247603125 0.758133546875 0.10173539843749999 0.7483313093749999 0.10633072187499999
0 0.7535059984375 0.20612822187500002 0.7485109515625 0.2238332265625 0.7531095609375 0.226821840625 0.7576232234375 0.20855529375 0.7535059984375 0.20612822187500002
0 0.7393550796875 0.273368175 0.7413870218749999 0.2725120328125 0.7455148296874999 0.266925134375 0.74583940625 0.2567962828125 0.741819971875 0.253186453125 0.73769573125 0.2709890953125 0.7393550796875 0.273368175
0 0.4939006453125 0 0.4863890890625 0.0479522125 0.45958646875 0.2071552265625 0.43982889375 0.3338569203125 0.42943407968749997 0.3986259859375 0.416122825 0.47425529062500005 0.4262999609375 0.46033676874999996 0.4346714484375 0.42345175625 0.44140135 0.3993111 0.459243740625 0.39373183125 0.45761733437499996 0.37359369062500003 0.4666346640625 0.32008746875 0.4915705328125 0.2729465328125 0.5083018640625 0.2644357796875 0.506812428125 0.2573256359375 0.505003009375 0.22782748125 0.5201752171875 0.193149403125 0.5095029828125 0.161767725 0.5168222796874999 0.1431440171875 0.5124976453125 0.11783986718749999 0.5148233875 0.10382776093749999 0.5309213390624999 0.0923192 0.537683803125 0.0711391515625 0.5453656734375001 0 0.4939006453125 0
0 0.52520309375 0.107586740625 0.52234266875 0.111353909375 0.523274375 0.113815984375 0.5280309921875 0.11519740781250001 0.5292796921875 0.1082247515625 0.52520309375 0.107586740625
0 0.7095963859375 0.059219496875 0.7139267625 0.05748738437499999 0.713453440625 0.0550173140625 0.7122724609375 0.0533790609375 0.71092685 0.053029954687500006 0.7082200875 0.053140510937499996 0.7075142734375001 0.05691900625 0.7095963859375 0.059219496875
0 0.7108079859374999 0.037910740625 0.7114357 0.040937690625 0.7121160625 0.042424515625 0.71311021875 0.0433451859375 0.7144688140625 0.0435456015625 0.7156011203125 0.0428138359375 0.7154436015625001 0.040602526562500005 0.714777825 0.0393764 0.71328055 0.037784904687499996 0.7108079859374999 0.037910740625
0 0.780437225 0.0563112578125 0.781413346875 0.058430192187499994 0.7834163953125 0.06157963125 0.7858063515625 0.0477121203125 0.7835575859375 0.047063303125 0.782088675 0.0480527625 0.779801078125 0.05127229531250001 0.779597 0.0539927125 0.780437225 0.0563112578125
0 0.7636292625000001 0.07331499218750001 0.7648330703124999 0.07690757031249999 0.7667958546875 0.07657917812500001 0.768198540625 0.07529988125 0.7640649890625 0.0686085359375 0.7636292625000001 0.07331499218750001
0 0.475020890625 0.4775700984375 0.4734673015625 0.48165655156250003 0.4757266265625 0.484936984375 0.478608115625 0.48557349375000003 0.483536134375 0.4856145578125 0.48540637656249996 0.48245397343749996 0.48400021249999997 0.4770854671875 0.48138334374999997 0.476479703125 0.4793562015625 0.47641038281250003 0.475020890625 0.4775700984375
0 0.5207116828125 0.496258228125 0.52901564375 0.4966276109375 0.52532053125 0.49326546562500007 0.521027975 0.49133914062499995 0.51815959375 0.491142909375 0.5139815171875 0.48992965312500003 0.5118178265625 0.491242484375 0.5121363578125 0.4935917390625 0.5149674296875 0.4946514015625 0.5207116828125 0.496258228125
0 0.408727934375 0.5009408171875 0.3933010015625 0.49923621406249996 0.3735259 0.49676759062500003 0.376258690625 0.501411859375 0.388837553125 0.5034462734375 0.3998117046875 0.5068576031250001 0.40205889843750003 0.5055164343749999 0.41234776718750005 0.5091940875 0.4208824953125 0.5112669234375 0.422951053125 0.5086255937499999 0.4195485875 0.5044703421875 0.408727934375 0.5009408171875
0 0.11162174531249999 0.4683690359375 0.1147135984375 0.46869306718750003 0.1163171421875 0.46704373437499996 0.11299418750000001 0.46512442187499997 0.109086340625 0.4629959125 0.10655452031249998 0.46117467031250003 0.10305960781250001 0.45986977187500006 0.0994579859375 0.460194771875 0.0940705625 0.46019970624999995 0.08840164375000001 0.4594336375 0.086321059375 0.4591151671875 0.0865847765625 0.46107493125000004 0.0907100296875 0.46311676874999996 0.0951183140625 0.46457055625 0.103068359375 0.466359425 0.11162174531249999 0.4683690359375