0 0.5350314890625001 0.6874805390625001 0.540955046875 0.6850733015625 0.551655375 0.6731175796875 0.5613351609375 0.6645533078125 0.5720802953125 0.6528367953124999 0.57584373125 0.6412798468750001 0.5851533703125 0.62840628125 0.5884845515625 0.61481113125 0.5882499546875 0.598158425 0.5860107953125 0.5870188062499999 0.587304109375 0.586874790625 0.5817678468749999 0.5771615984375 0.57861546875 0.5705037765625 0.5742816296875 0.5560859328125 0.5645533484375 0.5483542109374999 0.551473634375 0.54315706875 0.562314096875 0.52597961875 0.5576944390625 0.5154932578125 0.5237861500000001 0.5053787140625 0.49994647968750006 0.509591475 0.489177609375 0.52879296875 0.4827375546875 0.5470652828125 0.4670927671875 0.5715357562500001 0.4591958625 0.5887253171875 0.46144211406249996 0.606422303125 0.46796356875 0.6245015375 0.47827657500000004 0.6410981296875 0.4889118265625 0.6537050984375 0.5032980609375 0.66599121875 0.519956571875 0.6777234890625 0.5350314890625001 0.6874805390625001
0 0.491131928125 0.9473161265625001 0.4892522171875 0.933673465625 0.510425471875 0.893037646875 0.5450088281250001 0.9530373890625 0.5499415953125 0.9517368718749999 0.589351696875 0.9069162109375 0.5789693312499999 0.9314359968750001 0.5928538156250001 0.931540934375 0.599629953125 0.9229409296875 0.595941184375 0.8951546421875 0.58820635 0.895749125 0.5473222718749999 0.9396193281249999 0.5156600859375 0.8800936968749999 0.5124850624999999 0.8764572375 0.48133682499999997 0.9219775968749999 0.475169771875 0.8778558046875 0.47148715625 0.87120448125 0.46876261562500005 0.8736061718749999 0.460203915625 0.8968528890625 0.45894879218750007 0.9017683296874999 0.46996694687499996 0.9463909781250001 0.48880191875 0.9530601843750001 0.491131928125 0.9473161265625001
0 0.4287046359375 0.8143955359374999 0.42273585625 0.8258879796875 0.43227839843750004 0.8627121921875001 0.43901697031250003 0.89333320625 0.4450422609375 0.895444771875 0.4429825015625 0.873884753125 0.455169725 0.882835846875 0.44725655625 0.84685495 0.4390105609375 0.844715865625 0.436507925 0.8147508968749999 0.4287046359375 0.8143955359374999
0 0.47432505625 0.7853262078125 0.4760202171875 0.789031375 0.47737746562499994 0.79327976875 0.48145742968749994 0.789940434375 0.48121131093749997 0.7828853609374999 0.47432505625 0.7853262078125
0 0.418211125 0.9337004328124999 0.4165810328125 0.99591581875 0.47050915312499997 0.9992749296874999 0.4517219328125 0.9745385703125 0.42166595781250005 0.9343385812499999 0.418211125 0.9337004328124999
0 0.42974064375000004 0 0.4293767203125 0.000770228125 0.43271848906250004 0.074489575 0.44499537968749997 0.07984316875 0.444140603125 0.11099168749999999 0.4411814625 0.161614565625 0.44153745625 0.24073925156249998 0.4397239953125 0.260658409375 0.4509973203125 0.276752271875 0.4617464453125 0.24938574062500002 0.4613952484375 0.23352006875 0.460688846875 0.215872165625 0.4596721625 0.1909918390625 0.46266676875 0.171678334375 0.471805521875 0.15210253437500001 0.4887498625 0.13304008437499998 0.514351875 0.10907366874999999 0.5335956078125 0.093695271875 0.5425809359375 0.0886761109375 0.607633253125 0.0860291671875 0.6494008453125 0.082314259375 0.6423007421875 0.019199896875 0.586385853125 0.0027118890625 0.5087275203125 0 0.42974064375000004 0
0 0.5187147203125 0.2312315953125 0.5067744375000001 0.23656500937499997 0.489382528125 0.24686431406249998 0.49346675781249993 0.2572819484375 0.49931832343749993 0.26754710625 0.49433085625000006 0.28039806093749997 0.528724771875 0.28206815937499996 0.5316214453125 0.2747820015625 0.5293477484375 0.25778135625 0.52075578125 0.23841814218750002 0.5187147203125 0.2312315953125
0 0.6088090140625 0.08884847968750001 0.5744406671875 0.0885504234375 0.559624171875 0.0998230140625 0.575258103125 0.1125998515625 0.5901004984375 0.12274746249999999 0.5923406953125 0.12450015 0.594910234375 0.1321335375 0.5974419578125 0.1454612625 0.590906028125 0.159852865625 0.5809005093749999 0.1700442625 0.5719717375 0.189919759375 0.5725304828125 0.204140109375 0.574249496875 0.222742684375 0.5847062203125 0.24476009375 0.5948174828125 0.2734914125 0.59860030625 0.27830292343749996 0.6100049015625 0.2779225828125 0.6264947171874999 0.24040177499999998 0.6305099109375 0.221904071875 0.633550296875 0.207861 0.62990241875 0.1879027828125 0.62343674375 0.17279292968749999 0.6270845656249999 0.1628454265625 0.6358714390625 0.15173437812499999 0.6374489984375 0.126885234375 0.6391559359375 0.10822562656250001 0.650634215625 0.08675219375 0.6088090140625 0.08884847968750001
0 0.6411045375 0.19788731406249999 0.629812178125 0.2437649125 0.6346205421875 0.249026553125 0.6393855203125 0.23972624531250003 0.65201694375 0.2321515234375 0.6662523921875 0.2431143875 0.6697158625 0.206658365625 0.6595853109375 0.20010394531250003 0.6556285500000001 0.207257715625 0.6411045375 0.19788731406249999
0 0.459172271875 0.569656628125 0.450370434375 0.53866338125 0.430356209375 0.5465118625 0.42280478437499996 0.5544797390625 0.421931815625 0.5797021375 0.43304445156250004 0.58535434375 0.43485755 0.6100826828125 0.44339527968750003 0.627014396875 0.43302197343750004 0.6393208078125 0.43428597187499995 0.6541192484375 0.432718640625 0.6798395921875 0.43297876874999996 0.76220196875 0.4517135703125 0.7559801390625001 0.451847553125 0.6961342953125 0.45464168125000004 0.6748610375 0.4558536984375 0.6194242531249999 0.459172271875 0.569656628125
0 0.44362519218749996 0.824230059375 0.45894407812500004 0.864787825 0.4846308203125 0.8730033468749999 0.49632186093749997 0.8959393921875 0.51354821875 0.8785612484374999 0.5440273671875 0.9272827593749999 0.5685426984374999 0.9127654265625 0.575555728125 0.8966206546875 0.51504555 0.8774550171875 0.5014207453124999 0.87765933125 0.5112591234375 0.8728810250000001 0.5264222984375 0.8582622437499999 0.5298458046875 0.8384415234375 0.5369486890624999 0.828857009375 0.56718706875 0.8211216640625001 0.578672665625 0.7932602203125 0.5712731046874999 0.752331734375 0.5283504390625 0.7511127 0.5118829625 0.7394168062500001 0.5466870015625 0.7332824 0.565156871875 0.7190667671875001 0.557653625 0.7087314234375001 0.5422764640625 0.7075846953125 0.5049120312500001 0.7185389296875 0.48247057812499994 0.7440040609375 0.49058217187500003 0.7730939343750001 0.511419175 0.7661293921875 0.5354626390624999 0.7650350171875 0.5418895140625 0.771719634375 0.55055950625 0.7866547484375 0.53746010625 0.8065112453125 0.526267653125 0.8086516250000001 0.5342831171875 0.7897682953125 0.524751809375 0.7800672468750001 0.503163396875 0.780567253125 0.51590410625 0.7922487 0.53039811875 0.7860022921875001 0.5235150953125001 0.8017372875 0.49209593281249997 0.8039765140625 0.46643211406249996 0.790627415625 0.4490485921875 0.7901204296875 0.44362519218749996 0.824230059375
0 0.4393089703125 0.43868987812500004 0.43530189375 0.4449116359375 0.4345777421875 0.44912799375 0.43148975468749995 0.47326461562500005 0.430979021875 0.487890075 0.43406522968749994 0.4995767765625 0.43874140156249997 0.5049526234374999 0.4482745890625 0.50063113125 0.44798451874999995 0.4923722265625 0.4542585828125 0.485255603125 0.4549093375 0.47969367656250006 0.455237065625 0.470308771875 0.45733736875000003 0.4654119 0.4608634828125 0.4612777546875 0.4682670671875 0.44845488749999995 0.464307621875 0.44229889218749996 0.46408437031250005 0.4419315015625 0.45072881562499995 0.43841012968750004 0.4393089703125 0.43868987812500004
0 0.50474251875 0.4406168375 0.4998636375 0.43961314218750003 0.4939515421875 0.439453590625 0.48573837812500004 0.4460897484375 0.48591852500000005 0.4513179703125 0.5056239890625001 0.45602729999999997 0.511841528125 0.45232015625 0.50969921875 0.44467510781249997 0.50474251875 0.4406168375
0 0.5066023578125 0.47112532968750004 0.49656171718750003 0.47408453125000005 0.4866582140625 0.484085621875 0.48380056875 0.49607444375 0.49290699687500006 0.5036155984375 0.5081831609374999 0.5028638953125 0.5290290718749999 0.49609196874999995 0.5335068546875 0.48968809062499996 0.530161215625 0.4847589515625 0.5232028093750001 0.475744990625 0.5066023578125 0.47112532968750004
0 0.2150014796875 0.6147016937500001 0.2246463109375 0.6135407109375 0.20665521406249998 0.5699909890625 0.203200846875 0.5660711703125 0.20002281875 0.572012315625 0.2105069984375 0.608197125 0.2150014796875 0.6147016937500001
0 0.29916203124999996 0.6459547671875 0.26925174531249996 0.6515924734375 0.2697617671875 0.6542243765625 0.30086060468750003 0.650233840625 0.29916203124999996 0.6459547671875
0 0.2648293703125 0.85210559375 0.2621515234375 0.8542446921875 0.2783811328125 0.859096865625 0.2843845140625 0.855164921875 0.26875365 0.8492845812500001 0.2648293703125 0.85210559375
0 0.0959324421875 0.5641889109375 0.070388725 0.5800836921875 0.0748179390625 0.5848755640625 0.1031694484375 0.569030365625 0.0959324421875 0.5641889109375