0 0.4791909375 0.320542603125 0.46817103906249996 0.3272958875 0.45555459843749996 0.336968528125 0.44984149375 0.3476963859375 0.4384378171875 0.3587577703125 0.432796471875 0.3715679265625 0.4301357921875 0.388008378125 0.430406559375 0.3993675875 0.42910788593750004 0.3992848328125 0.4328733609375 0.409811821875 0.43482172812500003 0.41691590156249997 0.4365860953125 0.43186726875000003 0.44482398125 0.4411708265625 0.45680251250000004 0.44856028124999997 0.4431439078125 0.463594340625 0.4458724453125 0.4747235859375 0.47750921875 0.4905725796875 0.5017182499999999 0.490563534375 0.5156578203125 0.47352375 0.525172990625 0.45664733750000003 0.5448293515625 0.4352653125 0.555591221875 0.41970818281250005 0.55645214375 0.40188999687500004 0.5531691921874999 0.38295298906249997 0.5458948296874999 0.3648177015625 0.537610328125 0.3505554671875 0.5255761156250001 0.335957859375 0.5112079734375 0.32151110781250003 0.498056371875 0.30928455781249997 0.4918047953125 0.3106266078125 0.4791909375 0.320542603125
0 0.557983184375 0.1111231140625 0.5343440734375 0.046029565625000005 0.5292604140625 0.0464537578125 0.4826660140625 0.08375 0.4971484640625 0.061405604687500004 0.4834931390625 0.058891246875000004 0.4753265703125 0.066183934375 0.4741342609375 0.09418863281249999 0.4818548171875 0.09494632187499999 0.5297357546875 0.0588420515625 0.550580403125 0.122961434375 0.5530757265624999 0.12709398593750001 0.5916552796875 0.0876740171875 0.5900669734374999 0.1321963984375 0.5925386515625 0.1393861515625 0.5956388484375 0.1374940609375 0.6081042734375 0.11608671562499999 0.6101938859375 0.1114639015625 0.6070917640625 0.0656058890625 0.5897010328125 0.05576734375 0.5864089765625 0.061019534375 0.58589110625 0.0747813421875 0.557983184375 0.1111231140625
0 0.6296770703125001 0.154557953125 0.6283581546875 0.1232320015625 0.6227910718749999 0.12010623437500001 0.6210756796875 0.14169638125 0.61062795 0.1307649859375 0.61217288125 0.167573359375 0.619922153125 0.171111846875 0.6171834078125 0.20105616093749998 0.624806440625 0.20276114843749998 0.63268018125 0.19247976875 0.6296770703125001 0.154557953125
0 0.5732063453125 0.21510417187500003 0.5686084953125 0.2176842953125 0.567625775 0.22467492500000003 0.574831259375 0.2234669453125 0.573805246875 0.21952370625 0.5732063453125 0.21510417187500003
0 0.6157409953124999 0.013431210937499998 0.6299473734375 0.041054134375 0.652566075 0.0858625609375 0.6558576078125 0.087090940625 0.6682665234375 0.0261038078125 0.6157409953124999 0.013431210937499998
0 0.483368009375 1 0.49237024375000005 0.9307292781250001 0.4812095078125 0.9233251578124999 0.48746018125 0.892798284375 0.49916493749999996 0.8434583312499999 0.5125542109375 0.765473909375 0.5177990453125 0.746172271875 0.5094916578124999 0.72836531875 0.4941536875 0.7534495265625 0.4917445046875 0.769135146875 0.48937564843750003 0.7866376046875 0.4860564625 0.8113164875000001 0.479753596875 0.8298165687499999 0.46735438125 0.847508040625 0.4473573015625 0.8633385359375 0.41798251718749996 0.8824951046875 0.396360709375 0.8942982296875 0.3866403203125 0.897680853125 0.32211665625 0.88899136875 0.28033852187499997 0.8853969718749999 0.2763710640625 0.9487854046875001 0.3285733671875 0.9747324421875 0.4474478796875 1 0.483368009375 1
0 0.46649961875 0.751133690625 0.464286440625 0.7401651046875 0.4603062984375 0.729039784375 0.467449540625 0.717250128125 0.43386815468749995 0.7096329625 0.4297502609375 0.716305425 0.42903728281250003 0.733442615625 0.4341363328125 0.7540036375 0.4348984546875 0.76143543125 0.44758347499999995 0.7582564515625 0.46649961875 0.751133690625
0 0.3717916484375 0.8837437687499999 0.35861390625 0.8684462375 0.345759115625 0.8558754359374999 0.34385730312499996 0.8537603703125001 0.342652325 0.8457967546875 0.3424733984375 0.8322318796875001 0.3514091078125 0.81919386875 0.3630323390625 0.8108947437499999 0.37527680625 0.7928716640625 0.3771958875 0.778770328125 0.3787332921875 0.7601518640625 0.3722587140625 0.7366531578125 0.367290203125 0.7066025296875 0.3644003609375 0.7012072359375 0.35310298125 0.6996014125000001 0.3303482625 0.73368876875 0.32318197656250003 0.75120821875 0.31774922656250004 0.7645099859375 0.317875978125 0.784798440625 0.3216196265625 0.8008014937500001 0.31629985625 0.8099644343750001 0.30571706249999997 0.8193808562499999 0.2998484625 0.8435785453125 0.29492725000000003 0.8616582656249999 0.279894528125 0.8808122859375 0.3214483265625 0.8860107171875 0.355242784375 0.8922722468750001 0.3717916484375 0.8837437687499999
0 0.323843565625 0.723783984375 0.3175359953125 0.7321155703125 0.303781134375 0.737381790625 0.2916656359375 0.7241135187500001 0.28192426249999997 0.7594142671874999 0.2907627453125 0.7676282609375 0.29590163281250004 0.7612702578125 0.30857783906249997 0.7730203703125 0.3276652046875 0.7298006515625 0.323843565625 0.723783984375
0 0.5766624453125 0.46628827343749996 0.5854827546875 0.4597527390625 0.590722284375 0.43506511562499994 0.5807599703124999 0.42756909062500004 0.5832684484375 0.4029015875 0.5778005859374999 0.38474454375 0.590153284375 0.3744264 0.5914782109375001 0.359633290625 0.597488021875 0.33457586093749997 0.6115339234375 0.2534195828125 0.5920033359375 0.25629362499999997 0.581479265625 0.315207009375 0.5750335234375 0.3356718828125 0.5642134234375 0.39005599375 0.552303209375 0.4384912734375 0.55558940625 0.47054208593749997 0.5766624453125 0.46628827343749996
0 0.5799070375 0.1353322421875 0.5723764140625 0.11071451875 0.5523940796875 0.124837325 0.5308383796875 0.07156335312499999 0.5041745828125 0.08160309375 0.4944645875 0.0962847890625 0.5507274015625 0.125666740625 0.56418069375 0.127831453125 0.5536620375 0.13082875 0.5361907015625 0.14259238125 0.5293773734375 0.16151749531249998 0.520718065625 0.16972299531249999 0.4895958453125 0.172089984375 0.4734466515625 0.197533696875 0.4736266390625 0.23912530781250002 0.51568553125 0.2477792640625 0.5298718578125 0.26215701875 0.49453134218750006 0.262154571875 0.4738735515625 0.272946978125 0.4794680953125 0.2844282296875 0.49441251406250003 0.28822775156249997 0.53311148125 0.2839282015625 0.5596339718750001 0.2627468625 0.5566970140625 0.23269036562499998 0.5349671921875 0.23593079218750002 0.511098965625 0.2328334375 0.5059305015625 0.225134359375 0.49998568125 0.208920615625 0.516334115625 0.1916404703125 0.5277282046875 0.19147615625 0.5165554578125 0.20868073593749997 0.5242573937499999 0.21988949687499998 0.5456046546875 0.22314587656249998 0.5350859671875 0.2094294953125 0.5197274734375 0.2130641484375 0.5292382812499999 0.19876342656249998 0.5605689546875 0.20201410000000003 0.5835248359375 0.21961687031250002 0.6005562249999999 0.2231347703125 0.6118203062500001 0.19048510624999998 0.60377693125 0.1478834078125 0.5799070375 0.1353322421875
0 0.555594515625 0.5614596015625 0.5628268703125 0.53822589375 0.565869528125 0.5239113140625 0.56485958125 0.511866246875 0.5611879562500001 0.5057600625 0.5510491796875 0.50836048125 0.5499007 0.516544284375 0.542486165625 0.522463309375 0.540879478125 0.5278277359375 0.5389270578125 0.5370131546875 0.5360083296875 0.5414709171875 0.531817896875 0.544929953125 0.5223001234375 0.55627239375 0.5251304390625 0.563022415625 0.5252865015625 0.563422990625 0.5378276750000001 0.569210034375 0.5491226046875 0.5709175703125 0.5541492031249999 0.56548615625 0.555594515625 0.5614596015625
0 0.4954427953125 0.5606768765625 0.5046835390625 0.5555677390625 0.505414 0.5503876625 0.48682567343749994 0.5423280609375001 0.48005885312499996 0.5448992203125 0.4808410671875 0.5528001312499999 0.485017753125 0.5576574703125 0.48964822343750003 0.559493125 0.4954427953125 0.5606768765625
0 0.5103755921875 0.5179893796874999 0.515271659375 0.50667891875 0.5076130859375 0.49767101875 0.49243846874999997 0.495758621875 0.47073332187499994 0.4988078140625 0.4652115453125 0.50433684375 0.4676504203125 0.5097720625 0.4729378546875 0.5198573953125 0.4884839125 0.5272895125 0.4988858734375 0.52611880625 0.5103755921875 0.5179893796874999
0 0.8010420265624999 0.48201111875 0.8037632453124999 0.48647123125 0.8079246609374999 0.48117220468750005 0.8038831859375 0.44371656406250004 0.8005864921875 0.43653035625000003 0.7908865859375 0.43599889375 0.8010420265624999 0.48201111875
0 0.753521178125 0.3880990890625 0.722201853125 0.3866287421875 0.7231315671874999 0.3911377609375 0.7535664265625 0.3907795703125 0.753521178125 0.3880990890625
0 0.78060849375 0.1848423359375 0.77401354375 0.1876720671875 0.7883858296875 0.19617734375 0.7927403546875 0.19408063281250001 0.7957489703125 0.1924390359375 0.78060849375 0.1848423359375
0 0.9334610781249999 0.4902459765625 0.9027888000000001 0.5009272640625 0.9090751515625 0.5069518578125 0.9369909015625 0.49573417343750004 0.9334610781249999 0.4902459765625