0 0.49601231874999996 0.44754877187500003 0.49386088125 0.4513351 0.48118501562500005 0.4566864640625 0.469978059375 0.46030858906249994 0.46495623750000004 0.45117874375 0.45834712499999997 0.45246342500000003 0.450090265625 0.454549103125 0.4478490875 0.4578737609375 0.44626333125000006 0.4682879875 0.44180677187499995 0.4787795375 0.436098934375 0.48470087343749996 0.43644668593749997 0.4976266890625 0.4389320609375 0.5048444437499999 0.44708588593750004 0.5133654875 0.457119203125 0.5167093515625 0.46636891093750005 0.5197232359374999 0.46928033750000003 0.51241945625 0.47512792499999995 0.5146525234375 0.473234621875 0.5179079703125 0.47586140312499997 0.5202848 0.4828171515625 0.5189327390625 0.48838133125 0.5308445859375001 0.4976563140625 0.5247105734375 0.50095458125 0.52310645 0.5014180671874999 0.5143540828125001 0.50481895 0.5151367296875 0.5145320203125 0.522393275 0.5224139 0.52952346875 0.5260093890624999 0.5201623 0.5207015109375 0.5077183359374999 0.5076526171875 0.5092917781249999 0.5063396453125 0.49510986875 0.5079517921875001 0.488540940625 0.5067147484375 0.47289896875000004 0.5046556 0.46415624375000003 0.49315184062500006 0.46254191718750004 0.5010108171875001 0.45283271875000003 0.49601231874999996 0.44754877187500003
0 0.5021499609375 0.3491431015625 0.49516977500000003 0.33365606875 0.48861356406249995 0.3296363234375 0.48401460468749996 0.3189805703125 0.4756041796875 0.3109901109375 0.4674886046875 0.32122989375 0.46639272343749993 0.32673705468750003 0.46498857656250003 0.3380773953125 0.4671644515625 0.351130159375 0.4609421796875 0.35811449687499997 0.459331865625 0.364684659375 0.463839253125 0.37487750625 0.4701388625 0.37942783593749996 0.472933021875 0.3938025390625 0.47843244062499996 0.396103284375 0.4869471359375 0.3934851890625 0.4961834484375 0.38158384375 0.5033725953125 0.3628602734375 0.5021499609375 0.3491431015625
0 0.4205836828125 0.1672014 0.40969838437500006 0.17990557499999998 0.4024457109375 0.1890162125 0.40039842343750004 0.195189015625 0.398554534375 0.2061341265625 0.38746400468750003 0.21406475625 0.387875703125 0.2236100125 0.394302784375 0.2343927125 0.394946225 0.23956178437500003 0.38314677656249996 0.245704203125 0.3852835625 0.26598312968750004 0.39071861406249997 0.28465793125 0.3967975265625 0.295508309375 0.40308302500000004 0.298135371875 0.417033490625 0.3012001171875 0.42675854218750003 0.3103771609375 0.438377196875 0.3163002921875 0.4556504875 0.3216049796875 0.452945946875 0.3206869765625 0.460584225 0.3172778265625 0.47127521406249995 0.3147190015625 0.4812588171875 0.3103716671875 0.4910359546875 0.301252621875 0.49835410781249995 0.2887611234375 0.5056707265625 0.2762699234375 0.506097075 0.2617499234375 0.5058657515625 0.2531326125 0.5168655249999999 0.25773073750000003 0.5234485453125 0.25260228906250004 0.5194184546875 0.23557880937500003 0.5096030671875 0.22593702656249998 0.5014488218750001 0.2304094765625 0.5005863390624999 0.21854512812500002 0.4959889125 0.20788907656250002 0.49763831718749996 0.19409275312500002 0.49181600468750003 0.18271178906250002 0.4855056484375 0.176239128125 0.4751103484375 0.1710412078125 0.460426703125 0.16234571874999998 0.4369308421875 0.164023834375 0.4205836828125 0.1672014
0 0.32702 0.2763454125 0.3371712796875 0.283997484375 0.33924495781249997 0.2816699828125 0.34209243906250003 0.277746765625 0.344938684375 0.2738253796875 0.3442174859375 0.270115134375 0.34218319531249997 0.265218009375 0.33919413125000003 0.2609855890625 0.33386127499999996 0.25769105312499996 0.3299459578125 0.25797140625 0.3275363875 0.26228861875 0.32644204062500004 0.26779548124999997 0.32702 0.2763454125
0 0.460357265625 0.020870609374999998 0.4554621984375 0.030965095312500003 0.45771583125 0.042559032812499994 0.45707197343750006 0.05038345625 0.45878478125 0.059195093750000004 0.46469601718750003 0.058046065625 0.46960447812500006 0.06286680781250001 0.4796129390625 0.062365073437499995 0.48302652031250004 0.052076259375 0.4789576390625 0.042280475 0.47936945781249996 0.0388307015625 0.483221546875 0.0289389484375 0.47419253906250003 0.0196250171875 0.460357265625 0.020870609374999998
0 0.43043359218750005 0.652316121875 0.43232843125000003 0.649060378125 0.42825771875 0.6392633578125 0.42416202812500003 0.6386157671875 0.41906049375 0.6439385421875 0.4114352140625 0.6362777640624999 0.405715096875 0.6402770671875 0.40593426250000003 0.6339773171875 0.39976531249999997 0.6226637328125 0.40234267968750004 0.6173509 0.39994610625 0.6105981828125 0.39467843125 0.603921253125 0.391754846875 0.5963079734375001 0.386641034375 0.599708715625 0.37959525625 0.6025219890625 0.36898006250000004 0.6146913609375 0.371053321875 0.625357353125 0.36691700781250003 0.631936221875 0.367574559375 0.6390285609374999 0.3674328546875 0.64386795 0.3695574828125 0.649229815625 0.3701369765625 0.6577794484374999 0.37070265625 0.664407346875 0.37660119375 0.67432978125 0.382282221875 0.6775566390625001 0.38874839375 0.6811131796875001 0.3916716796875 0.6887249265625 0.3948408203125 0.6938837578125 0.4003031015625 0.690416871875 0.40448882968750005 0.6915276687499999 0.4076193 0.690919165625 0.4098094078125 0.6929001703125001 0.4209899734375 0.6854327453125 0.42455865312499996 0.685219771875 0.43325372343749996 0.683529621875 0.42901551250000003 0.67472975625 0.430859103125 0.6637831125 0.42863032656250005 0.6560347734375 0.43043359218750005 0.652316121875
0 0.29902246250000003 0.594602053125 0.305283403125 0.59338505 0.3084655390625 0.5874739531250001 0.310141334375 0.57752293125 0.3093937453125 0.5699673859375001 0.30694580312499997 0.5685187984375 0.2989593546875 0.5719956265625 0.2942837515625 0.575791896875 0.2932656296875 0.5798402296875 0.29356243125 0.58507668125 0.295094865625 0.5929603734375 0.29902246250000003 0.594602053125
0 0.32116346875 0.6249489703125 0.32667670000000004 0.6291714500000001 0.3291885875 0.6272394765625 0.3321512609375 0.627626596875 0.33721370624999997 0.6295299828124999 0.339647834375 0.6290568359375001 0.3395965875 0.6213659359375 0.337922746875 0.618323165625 0.3336080125 0.610980296875 0.328211209375 0.6110663234375 0.322142921875 0.615133303125 0.3199278375 0.622301728125 0.32116346875 0.6249489703125
0 0.44761837968749996 0.65715730625 0.44506586875 0.6663157390625 0.4446414734375 0.667841946875 0.451894025 0.6717263375 0.4557970625 0.66952395 0.45404558437500003 0.6549449796875 0.44761837968749996 0.65715730625
0 0.2821153265625 0.500195128125 0.276640765625 0.50173998125 0.27868916875 0.508560375 0.2828751953125 0.50967270625 0.2843315265625 0.5060199 0.2821153265625 0.500195128125
0 0.2269945859375 0.32803235937499997 0.23022767187499998 0.329810628125 0.23179919531249998 0.33046816093750003 0.2353663421875 0.3302554859375 0.2356509859375 0.32057487500000004 0.229699546875 0.3159568671875 0.22387834843749999 0.3175691 0.22505033281250003 0.3235984390625 0.2269945859375 0.32803235937499997
0 0.2413963796875 0.30742767656250003 0.2428263203125 0.29992956875 0.24043127968750003 0.2931765546875 0.23797105937500002 0.289805934375 0.23176302031249998 0.2857185109375 0.224755903125 0.2923747 0.22185675625 0.3016005125 0.227407121875 0.311590625 0.2310784171875 0.31376442187500003 0.24017260624999998 0.31969596093749997 0.2411646359375 0.311803859375 0.2413963796875 0.30742767656250003
0 0.2387839515625 0.2809840578125 0.23759845156249998 0.27303451875 0.23227940781249998 0.2716617171875 0.2282986125 0.27532293124999996 0.22824724375 0.280627059375 0.22990880468750002 0.281747796875 0.23238160312499997 0.287041984375 0.23709587656250003 0.28901304687499996 0.237946203125 0.2859603359375 0.2387839515625 0.2809840578125
0 0.2683828625 0.30699387968749997 0.264506634375 0.300048071875 0.255528575 0.29842350624999997 0.2543813265625 0.3092347953125 0.2574727078125 0.3158524546875 0.25845020625 0.31903057968750004 0.25899103125 0.3218128796875 0.265188325 0.323977971875 0.2668748640625 0.3159492796875 0.2683828625 0.30699387968749997
0 0.2215413140625 0.42630659218750006 0.2288824828125 0.4157350390625 0.22598529687500002 0.41389147656249997 0.22275250937500002 0.41211474062500003 0.21908274843750003 0.40994064375 0.21599106875000001 0.4033214515625 0.21346536875000002 0.40333169062499996 0.20958872187500002 0.40937937812499997 0.206496921875 0.41575521406249993 0.20705002499999997 0.4204595453125 0.20683085937499998 0.42675929687499997 0.2101539828125 0.429000771875 0.2215413140625 0.42630659218750006
0 0.12282071562500001 0.5345269953125 0.130575421875 0.5354263515625 0.1427739890625 0.536905621875 0.1545218921875 0.52307076875 0.1582061828125 0.5141746375 0.165317571875 0.49690989375 0.1623430375 0.481607246875 0.16743199375 0.47436090468750003 0.16484430156250002 0.4647579140625 0.159888609375 0.46379678281250003 0.15009931406250002 0.4579987671875 0.15212327812499998 0.4479800671875 0.1482206609375 0.43718895937499996 0.1381348609375 0.42615602656249996 0.1291693796875 0.4264550265625 0.11675164687499999 0.4312755078125 0.09592925937499999 0.457459365625 0.091175775 0.47570949218749997 0.08420579375000001 0.4881333125 0.073332896875 0.489764490625 0.0644577515625 0.49052823125 0.0569484796875 0.5001694546875 0.048832903125 0.5104092375 0.0502750015625 0.5178281921875 0.05448546562499999 0.535779615625 0.06779219375 0.53367375625 0.0781997734375 0.5407937109375001 0.0822440953125 0.5467454296875001 0.0939795984375 0.543983571875 0.093967440625 0.5290665109375 0.1003949421875 0.5268557171875 0.10825196562499999 0.5301403109375 0.1137917078125 0.5252130640625 0.12282071562500001 0.5345269953125
0 0 0.431191553125 0.001101028125 0.43209843125 0.0104272578125 0.43365531874999996 0.0179747796875 0.442774925 0.0322735375 0.432776965625 0.0434804953125 0.429154840625 0.05123478125000001 0.443047690625 0.0566418921875 0.45402865468750003 0.06154881875 0.4588496953125 0.0673589734375 0.45531359687500006 0.0780128265625 0.446987140625 0.072938225 0.43016669375000005 0.0652348875 0.423963209375 0.059180831249999996 0.41695842968749997 0.05558729531249999 0.4133258046875 0.056386671875 0.4025837265625 0.058937648437500004 0.3934255921875 0.0596218328125 0.37837317656249997 0.06759570468750001 0.37297278125 0.065535021875 0.3642303546875 0.0604090515625 0.3527140359375 0.048997284375 0.3385691234375 0.0327283015625 0.3272943671875 0.0172066109375 0.323573621875 0 0.33125174999999996 0 0.431191553125
0 0.091610425 0.5709132171875 0.09002466875000001 0.5813274453124999 0.0829911609375 0.5841383328124999 0.08162640156249999 0.588254046875 0.0803624265625 0.5947552953125 0.0785248734375 0.5982975609375 0.080301628125 0.6037286374999999 0.07177435625 0.604423165625 0.0709504203125 0.6113211781250001 0.071245390625 0.6165563921875 0.0717735171875 0.6304101546875 0.07224915937500001 0.6365748484375 0.0759982125 0.63728981875 0.08550451875000001 0.6397731171875 0.082269778125 0.6509901734375 0.0861989078125 0.6526315546875 0.0979201765625 0.6609414578125 0.10440483281249999 0.6645930921875001 0.108067071875 0.6630025828125 0.116065921875 0.648452759375 0.118707234375 0.6397593625 0.1279059921875 0.6350838796875 0.1326843328125 0.620679353125 0.130985634375 0.613790984375 0.13210649375 0.59913439375 0.11905831874999999 0.587715875 0.0977158484375 0.57261386875 0.091610425 0.5709132171875
0 0.238364759375 0.5423027015625 0.2300178609375 0.543925175 0.229179815625 0.54889991875 0.2315234859375 0.5609570625 0.23401039531249998 0.5681745171875 0.24998299375 0.561219328125 0.2457973875 0.5471135031250001 0.238364759375 0.5423027015625
0 0.1579084 0.8005778671874999 0.1699779609375 0.7958250640625 0.1740487953125 0.7926270546875 0.1785846484375 0.7806763812499999 0.1789580953125 0.7714608078125 0.177220728125 0.7588051046875 0.168486690625 0.7547263875 0.15842532812500001 0.76053255 0.15537219687499998 0.77267571875 0.14801690781250001 0.779399584375 0.1457753109375 0.7957177375 0.153128646875 0.8019876640625 0.1579084 0.8005778671874999
0 0.0982161328125 0.818436425 0.1035083671875 0.8289574203125 0.10474553281250001 0.8316043640625 0.11241019999999999 0.8320405140625 0.11341977968750001 0.826965575 0.1227918109375 0.8223216734375001 0.12388798906250001 0.8168160453125 0.1218147296875 0.8061500531249999 0.115078146875 0.8012023625 0.11198676562500001 0.794584703125 0.1140233078125 0.7864895703125 0.11586536562500001 0.7755432234375 0.1141670875 0.755661359375 0.1095678296875 0.7450040718750001 0.10481488593749999 0.737265675 0.0929913 0.726570534375 0.079633325 0.72098549375 0.064704125 0.7147444546874999 0.053625875 0.7245971171875001 0.045176240625 0.736827846875 0.0426624 0.7517536140625001 0.0428448171875 0.7685619984375001 0.052178070312500005 0.80813475625 0.060434931250000004 0.8060490781249999 0.0708550890625 0.8150925984375 0.075583175 0.8189853953125 0.08055558125 0.8204255765624999 0.08895384843750001 0.8134989750000001 0.0930372609375 0.8122245328125001 0.0982161328125 0.818436425
0 0.08889761406249999 0.88377270625 0.094398984375 0.873079659375 0.087238425 0.8566646812500001 0.0788014875 0.8578239484375001 0.077653940625 0.8686337046875 0.0762750703125 0.8708261484375001 0.0700282390625 0.8739664203125 0.0679794171875 0.8801395218750001 0.069061065625 0.8857041203125 0.073259371875 0.888738484375 0.078747746875 0.8891153640624999 0.084324625 0.8899557484375 0.08889761406249999 0.88377270625
0 0.167436559375 1 0.1657032375 0.9910828421875 0.16114294843750002 0.9861944218750001 0.15919839687499998 0.98175896875 0.15717638437499998 0.9787838750000001 0.15559258125 0.9762043109375 0.1488030953125 0.9765610468749999 0.1414991765625 0.9779807859374999 0.1373521171875 0.9826373234375 0.1406097609375 0.9882596578125 0.1389355 0.9982103828125 0.1404269953125 1 0.167436559375 1
0 0.356643221875 0.9520418578125 0.3637793453125 0.9516177406249999 0.3698460984375 0.9475510578125 0.37143185624999997 0.9371368312499999 0.3714319765625 0.9241418015624999 0.368869140625 0.918384409375 0.369745978125 0.9061819703125 0.37435805625 0.8927727671874999 0.3697854875 0.885962315625 0.359494334375 0.8831508671874999 0.3531166671875 0.88005783125 0.34509338125 0.8777685609375 0.3454786875 0.883468515625 0.34537565312499996 0.8940752390625001 0.3434420234375 0.904558678125 0.3426303671875 0.9133787234374999 0.3450905890625 0.91674934375 0.3453095203125 0.9383640671875 0.34846300625 0.9396755109375 0.351386590625 0.9472887921875 0.356643221875 0.9520418578125
0 0.2185841890625 0.9028401640625001 0.22351750625000003 0.91150650625 0.2290043453125 0.911883684375 0.2288894515625 0.9075748796875001 0.233487296875 0.9052374375 0.24067632187500002 0.89950889375 0.2397874484375 0.8837992437500001 0.2405481546875 0.8672898328124999 0.23164827500000001 0.85121294375 0.2215127609375 0.8324888140625 0.21313977031250003 0.83026751875 0.20306583125 0.8341501140625001 0.195452409375 0.8414048640624999 0.1904673046875 0.8510361453125 0.184528021875 0.8613351984375001 0.18249301406250001 0.8694300343749999 0.1856479203125 0.8856606265625 0.18951186874999998 0.8906844015625 0.190734803125 0.90440310625 0.1957462984375 0.898617125 0.20128450625 0.893690175 0.204093196875 0.8969946515625 0.20777677031250003 0.9010904828124999 0.2185841890625 0.9028401640625001
0 0.293900828125 0.7548930546875 0.2908867859375 0.7598100624999999 0.29539417343749996 0.770002909375 0.29863953906249996 0.7737032109374999 0.300790975 0.7699168828125 0.3056343765625 0.7651249890625 0.31648046406249997 0.7726420046875 0.32566498906249997 0.7790382828125 0.3284595671875 0.780419490625 0.3349909203125 0.7805936375 0.33915209062499996 0.7778603687500001 0.3484002640625 0.78087455 0.354802909375 0.7748181578125 0.36141048750000004 0.7735337734375001 0.36204176875 0.763785784375 0.3614883671875 0.75907991875 0.358218565625 0.738540521875 0.353246578125 0.724106846875 0.3451969015625 0.7179722749999999 0.3388333453125 0.7168025078125 0.3331132296875 0.7208018109375 0.329751015625 0.725786496875 0.32279526718749996 0.7271385578125 0.31688249687500003 0.7282878828125 0.3097198625 0.7378617265625 0.305623753125 0.7502076296875 0.30581640625 0.7530576078125 0.2975989328125 0.7479186578125 0.293900828125 0.7548930546875
0 0.1262692609375 0.26387445781249996 0.13390724062499998 0.2604637734375 0.14173970625 0.259904303125 0.1543500921875 0.2579337984375 0.1563851 0.2498389640625 0.15694015781249998 0.24154950312499998 0.1509251921875 0.2273185625 0.1435841359375 0.22297066875 0.130482340625 0.22984853749999998 0.12426006875 0.236832875 0.12223763750000001 0.2468512765625 0.1200348328125 0.255941734375 0.1262692609375 0.26387445781249996
0 0.11372306406249999 0.23647434375 0.1142129390625 0.2315672765625 0.112616559375 0.22706414531250002 0.10879127968749999 0.227807703125 0.10723233437499999 0.22907373749999999 0.10474530312500001 0.23485131093749997 0.10616284375 0.2384262 0.10912521875 0.2388117859375 0.11372306406249999 0.23647434375
0 0.037857559375 0.1525647578125 0.0419670640625 0.155134084375 0.063401525 0.157705503125 0.07639904843749999 0.16143618906249999 0.0887513015625 0.1599965671875 0.0968028109375 0.166132375 0.1113328921875 0.164751725 0.12270611093749999 0.1601342765625 0.1236855640625 0.150318609375 0.1251544734375 0.1485893703125 0.13113076875000002 0.1570529765625 0.14204233593749999 0.1611891328125 0.149707125 0.1486302546875 0.1443869671875 0.1342642578125 0.139004396875 0.12327852343750001 0.1294203328125 0.1222540515625 0.1259416921875 0.12293023125 0.11200575625 0.10879525937500001 0.098365090625 0.0998970359375 0.09040391875 0.09422596718750001 0.087029546875 0.0842935921875 0.0870437796875 0.07322183125000001 0.0751338109375 0.07322727343749999 0.026790206249999997 0.08262431875000001 0.023100603125 0.0933519875 0.0243235375 0.10707069218750001 0.0200968875 0.11318482187500001 0.0174945421875 0.127647084375 0.01997991875 0.1348648375 0.028107353125 0.13954058281249998 0.0316246640625 0.1446317359375 0.037857559375 0.1525647578125
0 0.200893221875 0.21327462343749998 0.2091500828125 0.2111889453125 0.20165363125 0.196763678125 0.2088797921875 0.1968027671875 0.2206295265625 0.18296915 0.2227936625 0.1681113578125 0.215657959375 0.1555419796875 0.20468440000000002 0.14179259375 0.192654346875 0.12632574218749998 0.1822851390625 0.1249715875 0.1774417375 0.1297634796875 0.1698922625 0.1336376671875 0.16431496406249999 0.14579077812500002 0.1574615328125 0.1495280765625 0.15501317187500002 0.161072984375 0.15872160156249998 0.1690144125 0.1671335609375 0.177004575 0.181134975 0.1877586875 0.1862486671875 0.1973529734375 0.19411796875 0.2025596 0.200893221875 0.21327462343749998
0 0.22158538125 0.1303274 0.22412170625 0.14523451874999999 0.23596147812499998 0.13186410625 0.22657018906249998 0.120694584375 0.22158538125 0.1303274
0 0.48224199062500006 0.79945426875 0.49270081875000005 0.814265121875 0.49855867187499997 0.819302440625 0.508687421875 0.815087659375 0.5113031718750001 0.7960513 0.505383378125 0.79158790625 0.49396505625 0.7904376796875 0.48070872812500004 0.7980682390625 0.48224199062500006 0.79945426875
0 0.8421936265625 0.083805015625 0.8510038890624999 0.0864252046875 0.860999771875 0.083999903125 0.8627533250000001 0.072590053125 0.8386147421875 0.0561071359375 0.8372866999999999 0.0789839765625 0.8421936265625 0.083805015625
0 0.9103398546875001 0.014734648437500001 0.9036931875 0.0232451921875 0.908728821875 0.034296771875 0.9161353578125 0.0352638046875 0.917151825 0.0442107984375 0.9211958484375 0.050160984374999995 0.9165739859375 0.022665839062500002 0.9103398546875001 0.014734648437500001
0 0.790605915625 0.050521275 0.7869216234375 0.059417404687499994 0.7919188859374999 0.064703184375 0.795565325 0.06303138281250001 0.7946499390625 0.056471459375 0.790605915625 0.050521275
0 0.742035065625 0.18316195 0.7417519546875 0.1928422625 0.7521085859375 0.19227285 0.7533070828125 0.1891524609375 0.750035328125 0.18160685625 0.742035065625 0.18316195
0 0.6488879484375001 0.2368816140625 0.643710609375 0.23066942343750002 0.6374887578124999 0.22466026718749998 0.6331472140625001 0.2264655921875 0.631962828125 0.2315092484375 0.6382857609375 0.2399054765625 0.6436963765625 0.241741184375 0.6488879484375001 0.2368816140625
0 0.78521015625 0.24743908124999997 0.7792851062499999 0.246666375 0.7747122390625 0.2398543890625 0.77149173125 0.239999684375 0.7689143640625 0.24531251874999999 0.7809838046875 0.25355474375 0.7841265546875 0.25486827500000003 0.78521015625 0.24743908124999997
0 0.8984513328125001 0.3991598078125 0.9037826546875 0.4024546421875 0.9076343234375001 0.40555638437499997 0.9112665296875001 0.41495634218750005 0.9107378625000001 0.4270911046875 0.9220471375000001 0.4258542171875 0.9201810625 0.406967975 0.8922705328125 0.3748551140625 0.8910188265625001 0.3813539796875 0.8924998921875 0.3945418 0.8984513328125001 0.3991598078125
0 0.9592664234375 0.7733032484375 0.95900816875 0.7868291593750001 0.9610427578125 0.79172781875 0.9662852796875001 0.7945576156249999 0.9698155875 0.7885788406249999 0.967818553125 0.77645431875 0.9592664234375 0.7733032484375
0 0.8352324015624999 0.77768175 0.8327717609375 0.787304625 0.839508046875 0.79225078125 0.8457938437499999 0.7948793765625 0.8503016515624999 0.792078728125 0.8530327046874999 0.783847003125 0.848795728125 0.77504530625 0.8413646343750001 0.7702342078125 0.8352324015624999 0.77768175
0 0.5342012671874999 0.32383112187499996 0.53752389375 0.3327357375 0.5430412375 0.332459146875 0.54216836875 0.32387421875 0.5342012671874999 0.32383112187499996
0 0.5744211078125 0.30964619843749996 0.5679877984374999 0.3093049609375 0.5734620453125 0.316995471875 0.5744211078125 0.30964619843749996
0 0.5625746578124999 0.3469673015625 0.5597621140625 0.35706447343750003 0.5655775968750001 0.358321675 0.5693061046875 0.3488423296875 0.5625746578124999 0.3469673015625
0 0.5771008171875 0.3807538328125 0.57309571875 0.384715834375 0.577036171875 0.392704484375 0.5828947515625 0.38599458593749997 0.5771008171875 0.3807538328125
0 0.3312305765625 0.34418368906249996 0.3266292 0.34507810625 0.3302715140625 0.3515329640625 0.3312305765625 0.34418368906249996
0 0.6379855296875 0.34185938125000004 0.6379424328125001 0.3498264828125 0.6452917078125 0.3507855453125 0.6477845624999999 0.34313813125000003 0.6379855296875 0.34185938125000004
0 0.4965926484375 0.13854037187499998 0.490159340625 0.1381991359375 0.49409979374999996 0.14618778593749998 0.4965926484375 0.13854037187499998
0 0.55956079375 0.16768597031250002 0.557983903125 0.1759512109375 0.564097525 0.1787422046875 0.5665903796875 0.171094790625 0.55956079375 0.16768597031250002
0 0.4979325046875 0.17409418906250002 0.49429018906250005 0.16763933125 0.49211702187500006 0.1728369875 0.4979325046875 0.17409418906250002
0 0.42527306875 0.1237520859375 0.42399431875 0.1335511203125 0.43317552499999995 0.1357458359375 0.433538309375 0.1253289765625 0.42527306875 0.1237520859375
0 0.4200789546875 0.06427541718749999 0.41181371406249995 0.0626985265625 0.416989821875 0.06885524531250001 0.4200789546875 0.06427541718749999
0 0.34589311093749997 0.2394619125 0.3409935953125 0.23882253750000002 0.3449340484375 0.2468111875 0.34589311093749997 0.2394619125
0 0.573332453125 0.0010593125 0.5726499796875 0.01392593125 0.581533046875 0.014586854687500001 0.5834296250000001 0.0038718562499999998 0.573332453125 0.0010593125
0 0.4933562171875 0.11370155312500001 0.494548771875 0.1198367234375 0.501898046875 0.1207957859375 0.501025178125 0.1122108578125 0.4933562171875 0.11370155312500001
0 0.5085719328125 0.0200144625 0.501840484375 0.018139432812500002 0.5011795609374999 0.027022499999999998 0.5085719328125 0.0200144625
0 0.5911635328125 0.330267971875 0.5911204359375 0.33823507343750003 0.6015372953125 0.338597859375 0.6003662875 0.3284791375 0.5911635328125 0.330267971875
0 0.6557481234375 0.40048473125 0.654469371875 0.4102837640625 0.6602848546875 0.411540965625 0.66307585 0.4054273453125 0.6557481234375 0.40048473125
0 0.6447925484375 0.4997107140625 0.643215659375 0.5079759546875 0.649031140625 0.50923315625 0.6512258578125001 0.50005195 0.6447925484375 0.4997107140625
0 0.5591121140624999 0.533874496875 0.556938946875 0.5390721515625 0.5645863609374999 0.5415650078125 0.5655454234375 0.5342157328125 0.5591121140624999 0.533874496875
0 0.565649625 0.57160148125 0.5589397265625 0.5657429031250001 0.55830035 0.57064241875 0.565649625 0.57160148125
0 0.6648576015625001 0.5292371046875 0.66174691875 0.537800484375 0.67276005625 0.5412308546875 0.6737191203124999 0.5338815796875 0.6648576015625001 0.5292371046875
0 0.613304934375 0.5424414171875 0.60840541875 0.5418020421875 0.611706496875 0.554690209375 0.613304934375 0.5424414171875
0 0.470450290625 0.5527003546875 0.4673396078125 0.561263734375 0.4734532296875 0.564054728125 0.47901367031250003 0.5558110359375 0.470450290625 0.5527003546875
0 0.43939010781250004 0.5730635453125 0.434490590625 0.5724241703125 0.4368972515625 0.580710959375 0.43939010781250004 0.5730635453125
0 0.4451013875 0.5369349984375 0.4465920828125 0.5446039609375 0.45210942656249997 0.5443273703125 0.45123655781250005 0.5357424421875 0.4451013875 0.5369349984375
0 0.3316473828125 0.49372668593749997 0.3261515890625 0.49001972499999996 0.32578880468750004 0.5004365843749999 0.3316473828125 0.49372668593749997
0 0.22334793749999998 0.460658640625 0.2275865296875 0.4701810828125 0.2355751796875 0.4662406296875 0.2316347265625 0.45825197968750003 0.22334793749999998 0.460658640625
0 0.16992732500000002 0.365987396875 0.16835043593750001 0.37425263750000004 0.1775316421875 0.376447353125 0.17819256562500002 0.3675642859375 0.16992732500000002 0.365987396875
0 0.0487901921875 0.5534837875 0.0496415125 0.5660522671875 0.06065465 0.5694826359375 0.0622530890625 0.5572338453125 0.057076981250000006 0.5510771265625001 0.0487901921875 0.5534837875
0 0.203361996875 0.5298050515625 0.20178510625 0.5380702921875 0.21250010625 0.5399668703125 0.21132909843749997 0.5298481500000001 0.203361996875 0.5298050515625
0 0.067533396875 0.6007763125000001 0.06203760312499999 0.597069353125 0.062271096875 0.610553796875 0.067533396875 0.6007763125000001
0 0.0628673734375 0.61362138125 0.06416767343749999 0.5998387984375 0.0589269203125 0.60563273125 0.0628673734375 0.61362138125
0 0.23035627656250002 0.8078884765625001 0.23031317968749998 0.815855578125 0.237662453125 0.8168146406250001 0.2380252390625 0.80639778125 0.23035627656250002 0.8078884765625001
0 0.14143586875 0.8745169421875 0.143544390625 0.8812699390625 0.1499992484375 0.877627625 0.148188865625 0.8724084203125001 0.14143586875 0.8745169421875
0 0.22506534375 0.9362565171874999 0.223190315625 0.9429879640625 0.229602075 0.9473127515625 0.231498653125 0.9365977531249999 0.22506534375 0.9362565171874999
0 0.263151571875 0.9766056484375 0.257016403125 0.9777982046875 0.2643225796875 0.98672436875 0.263151571875 0.9766056484375
0 0.4023787890625 1 0.40276624375000003 0.9988113953125 0.39450100312499997 0.9972345062500001 0.39623159375 1 0.4023787890625 1
0 0.44720666875 0.9408289625 0.447163571875 0.9487960640624999 0.45327719375 0.9515870578125 0.4557700484375 0.94393964375 0.44720666875 0.9408289625
0 0.426890115625 0.844498175 0.4222887390625 0.8453925921875 0.42652733125 0.854915034375 0.426890115625 0.844498175
0 0.46931913906249995 0.9317554984375 0.468977903125 0.9381888078125 0.474793384375 0.939446009375 0.4757524484375 0.9320967343750001 0.46931913906249995 0.9317554984375
0 0.515286275 0.98808193125 0.5073191734375 0.9880388343750001 0.5164572828125 0.9982006515625 0.515286275 0.98808193125
0 0.5451108046875001 0.9695506703125 0.5380812171875 0.96614185 0.5426179484375 0.9771980843750001 0.5451108046875001 0.9695506703125
0 0.6835860390625 0.1260687109375 0.6853964218749999 0.131287915625 0.6921494187499999 0.12917939375 0.6903390359375 0.12396018906249999 0.6835860390625 0.1260687109375
0 0.65972075 0.23257932343749999 0.6535855796875001 0.2337718796875 0.6593579640625 0.24299618281250002 0.65972075 0.23257932343749999
0 0.67177914375 0.212726215625 0.6653458359375 0.2123849796875 0.67082008125 0.22007549062499998 0.67177914375 0.212726215625
0 0.6570374984375 0.218775190625 0.650902328125 0.219967746875 0.656078434375 0.22612446562500002 0.6570374984375 0.218775190625
0 0.7358536515625 0.2639411859375 0.7373443453124999 0.27161014843750003 0.74439548125 0.27103541875000003 0.7438207515624999 0.263984284375 0.7358536515625 0.2639411859375
0 0.7510191875000001 0.2928282015625 0.7430520859375 0.29278510468749996 0.7503582625 0.30171126875 0.7510191875000001 0.2928282015625
0 0.7943532515625 0.2127763953125 0.794310153125 0.220743496875 0.800423775 0.223534490625 0.8010846984375 0.21465142343750002 0.7943532515625 0.2127763953125
0 0.68251215 0.2679427453125 0.6809352609375 0.276207984375 0.69041460625 0.27993649375 0.6904792515625 0.2679858421875 0.68251215 0.2679427453125
0 0.682770734375 0.2201401359375 0.6784243984375 0.230535446875 0.693740775 0.2315376078125 0.6928679062499999 0.22295267968750002 0.682770734375 0.2201401359375
0 0.882149590625 0.41059606875 0.87635565625 0.40535531562499993 0.877824803125 0.41700782968750005 0.882149590625 0.41059606875
0 0.851434184375 0.3672224484375 0.8510929484374999 0.3736557578125 0.8602741546875 0.3758504734375 0.8612332171875 0.3685012 0.851434184375 0.3672224484375
0 0.7585768640625 0.3685587625 0.752506340625 0.3578006671875 0.7475637265625 0.36512839218750004 0.7585768640625 0.3685587625
0 0.7761956999999999 0.3404619625 0.77274378125 0.3554586515625 0.7849925734375 0.3570570890625 0.7893604578125 0.342678228125 0.7761956999999999 0.3404619625
0 0.7323480109375 0.45881548437499997 0.7292373296875 0.4673788640625 0.7381203968750001 0.46803978749999997 0.7393775984375 0.4622243046875 0.7323480109375 0.45881548437499997
0 0.9204117484375001 0.3617732921875 0.92190244375 0.36944225468749997 0.9274197875000001 0.3691656640625 0.9265469187500001 0.3605807359375 0.9204117484375001 0.3617732921875
0 0.9587710265625 0.4649432703125 0.9520611265625 0.459084690625 0.951719890625 0.465518 0.9587710265625 0.4649432703125
0 0.8599007453124999 0.558177840625 0.8653749921875 0.5658683515625 0.87029605625 0.5625241765625 0.8681875343750001 0.5557711796875 0.8599007453124999 0.558177840625
0 0.84601041875 0.5767952953125 0.847799253125 0.5859980499999999 0.8533165968749999 0.585721459375 0.8521455890625 0.5756027390625 0.84601041875 0.5767952953125
0 0.7751147296875 0.5969430015625 0.76902265625 0.59016845625 0.7729200125 0.6061242078125 0.7751147296875 0.5969430015625
0 0.8096663859375001 0.610919521875 0.81603505 0.6232114109375 0.8289232156249999 0.6199103328125 0.8259202765625 0.6085559578125 0.8096663859375001 0.610919521875
0 0.8238548515625 0.593835859375 0.823513615625 0.6002691687499999 0.829030959375 0.599992578125 0.8302881609374999 0.594177096875 0.8238548515625 0.593835859375
0 0.862914609375 0.737459171875 0.8564812999999999 0.7371179359375 0.861316171875 0.7497079624999999 0.862914609375 0.737459171875
0 0.9666522343749999 0.820758034375 0.9666091375000001 0.8287251359375001 0.9724246187500001 0.8299823375000001 0.9733836828125 0.8226330624999999 0.9666522343749999 0.820758034375
0 0.7809051218749999 0.65948725625 0.7817564406249999 0.672055734375 0.7927695796875 0.6754861046875 0.794069878125 0.6617035203125 0.7809051218749999 0.65948725625
0 0.74877105 0.8217244812500001 0.748727953125 0.8296915828125 0.7548415734375 0.8324825765625 0.7585700828124999 0.8230032312500001 0.74877105 0.8217244812500001
0 0.7201963390625 0.6092098 0.7216439375 0.6248458625 0.73082514375 0.6270405796875 0.73178420625 0.6196913046875 0.7201963390625 0.6092098