0 0.5517163968750001 0.5009146875 0.552451365625 0.5074044062499999 0.5526004265625 0.5088076515625 0.55557531875 0.5133967234375 0.5593460078125 0.5146976515625 0.5609482890625 0.509369725 0.5598086921875 0.499235528125 0.5547957109375 0.496620990625 0.5517163968750001 0.5009146875
0 0.5657028390625001 0.6108831984374999 0.568740478125 0.6153152390625001 0.5711419656250001 0.614726784375 0.574426771875 0.6128402234375 0.5756534671875 0.6098092875 0.5757458140625 0.6050871375 0.5788468265625 0.6055145203125 0.582923203125 0.6059936312499999 0.5803121484375 0.597691215625 0.5769267015625 0.5923574359375 0.5791726374999999 0.58888023125 0.5781773359375 0.5805721578124999 0.5674613734375 0.5722217281249999 0.5619324625 0.5722510078124999 0.5575350265625 0.5698880921875 0.5532028984374999 0.57303345625 0.55063034375 0.57879743125 0.5467444687499999 0.5843836359375 0.5481255140625 0.5915590796875 0.5526695625 0.6018529640625 0.5561844765624999 0.603053025 0.55902469375 0.6121242 0.5657028390625001 0.6108831984374999
0 0.5778739328125 0.6403803390625 0.5775497921875 0.6378671953125 0.576344896875 0.6338592843749999 0.573528321875 0.6298531390625 0.569626296875 0.6376602640625 0.57731135625 0.647798540625 0.579172053125 0.6431263281249999 0.5778739328125 0.6403803390625
0 0.6335009281249999 0.6018272921875 0.6290332765625 0.583058578125 0.6273776109375 0.5615934140625 0.62437403125 0.5634732265625 0.627053396875 0.5817100171875 0.62583066875 0.5816051234375 0.621898225 0.572566290625 0.6211567203125 0.5772601109375 0.623595415625 0.585070925 0.6217357265625 0.5896588703125001 0.6273506984375 0.6066561296875 0.6335009281249999 0.6018272921875
0 0.384283253125 0.4776973625 0.3819488671875 0.4813028109375 0.38207192968750003 0.4906658765625 0.382906809375 0.49726331718749994 0.3891024828125 0.5034359140625 0.39261951562499997 0.498511309375 0.39352445468749997 0.49209893750000006 0.3926268171875 0.48702618124999997 0.3884825203125 0.479008396875 0.384283253125 0.4776973625
0 0.692613953125 0.45340918124999996 0.6920848640624999 0.451092421875 0.689510525 0.45017869531250004 0.6875344812499999 0.45898372500000006 0.688091340625 0.4627267046875 0.690154515625 0.4671481078125 0.6930302546875 0.4739822546875 0.697191828125 0.48143216093749996 0.7020315328125 0.480391571875 0.7029897015625 0.475216884375 0.7034982921874999 0.47003896718749993 0.7010530359375 0.4683996140625 0.6995873828125 0.459106690625 0.6975978828125 0.45859438125 0.6941727328125 0.4517397015625 0.692613953125 0.45340918124999996
0 0.6980559625 0.37741116875 0.70031715625 0.383963371875 0.7020066796875 0.3891360734375 0.707817378125 0.39351229062500004 0.7096214125 0.3914521 0.71001009375 0.38482930312499997 0.71094116875 0.37857415625 0.7082678062500001 0.372473828125 0.7029293296875 0.361480709375 0.6995780328125 0.35726739687500003 0.6968364703125001 0.35796975937500003 0.6955668578124999 0.36110821875 0.6962259265624999 0.37119863125 0.6980559625 0.37741116875
0 0.7526010671875001 0.45964031875 0.7489159328125 0.447801946875 0.7459522140625 0.44032487187499997 0.7432503109375 0.44612910625 0.7457297453125 0.46233221875 0.7515739 0.46890474375 0.7536530046875 0.46423844374999995 0.7526010671875001 0.45964031875
0 0.726254425 0.4607319484375 0.7268580359375 0.46348933593749997 0.7261109703125 0.4665229625 0.726823409375 0.47099531875 0.7317912609375 0.4766022171875 0.733058078125 0.47144133125 0.7323619515625001 0.4668185453125 0.7300752984375001 0.4623984671875 0.7285622125 0.459630090625 0.726254425 0.4607319484375
0 0.61519508125 0.290567965625 0.6118797984375 0.28707179374999997 0.6078865703125 0.2868302921875 0.6068668671874999 0.28865064218750003 0.612171584375 0.3009189953125 0.61381581875 0.3089301859375 0.6157576546875 0.300722990625 0.61519508125 0.290567965625
0 0.5325185609374999 0.26426562656249997 0.5369802328125 0.259677409375 0.5399998828125 0.261343996875 0.5490453546875 0.2552446671875 0.5514322078125 0.2453501875 0.5520720828125001 0.235985871875 0.5508166953125 0.227966409375 0.544513453125 0.21881727187500002 0.5395974046875 0.2130092609375 0.5346343078125 0.2096608484375 0.5295202515625 0.2107561609375 0.5237047546875 0.20767545781250002 0.5185905296875 0.2067272546875 0.5160352953125 0.207712496875 0.5134569671875 0.2146404703125 0.5124095171875 0.22136038593750001 0.5135768953125 0.22569540625 0.5142326234375 0.23313043281249998 0.516759740625 0.24231552031249998 0.5175059875 0.2477624375 0.5210345078125 0.253943621875 0.5265591890625 0.262195575 0.5325185609374999 0.26426562656249997
0 0.5069253125000001 0.1902399171875 0.5105167125000001 0.1966067546875 0.5104076156249999 0.195520128125 0.5115983 0.19368866875 0.5132889078125 0.19172304843750002 0.51188256875 0.1861228015625 0.5098888171875 0.18365178437500002 0.5069373406250001 0.184459384375 0.5069253125000001 0.1902399171875
0 0.552232315625 0.18511965156250001 0.5512233 0.18233061875 0.5512970609375001 0.1791317109375 0.5467392906249999 0.1861262984375 0.549819684375 0.1903239140625 0.55165478125 0.19529642187500001 0.5540476203125 0.197016415625 0.5573686078125 0.2004909546875 0.5590750828125 0.2041851265625 0.5615328796875 0.20806414062499998 0.5632445421875001 0.2044003140625 0.56160836875 0.200915871875 0.559746071875 0.1988754453125 0.557633871875 0.1916115578125 0.5560757328125 0.1873819296875 0.5534590015624999 0.18474310625 0.552232315625 0.18511965156250001
0 0.5429126421875 0.1713348234375 0.5380551203125 0.1625384359375 0.5355056359375 0.1605779265625 0.5345656296875 0.1640200125 0.5345866390625 0.1678463703125 0.5354426125 0.1718190234375 0.5373523203125 0.1759279546875 0.5392500140625 0.17922190468750002 0.5412097640625 0.1795205078125 0.54499959375 0.18442123906250002 0.5460478359375001 0.1791545140625 0.5429126421875 0.1713348234375
0 0.6182906125 0.2296153625 0.616545140625 0.22518712343749997 0.61269595 0.22991961249999998 0.6133160859375 0.23295967499999998 0.6119198625 0.233364528125 0.608210265625 0.228198965625 0.6059399796875 0.22713801562499997 0.6020484203125 0.22869683593749998 0.60092098125 0.23524205 0.6068106656250001 0.24570800625000003 0.6092340796875 0.241707659375 0.6112530203125 0.24464545625 0.6131260046875 0.24207649999999997 0.6174432078125001 0.2479615453125 0.62024041875 0.2486725546875 0.6218358703125 0.24625724999999998 0.62318003125 0.24011331249999998 0.6209258875 0.23754224218750003 0.6182906125 0.2296153625
0 0.4297780015625 0.32943865 0.43179688125000004 0.3289208328125 0.4342150546875 0.32745521875 0.43507463281250003 0.323736965625 0.43359922187500005 0.3201654703125 0.43225385000000005 0.3174484390625 0.4292445515625 0.310342734375 0.42686773125000005 0.3125467625 0.4256427328125 0.31704500625 0.425996796875 0.3211045734375 0.4267768671875 0.32676130312499996 0.4297780015625 0.32943865
0 0.51967536875 0.12715499218749998 0.518492240625 0.13126982812500002 0.52062821875 0.137426834375 0.5225063734375001 0.138693375 0.52314013125 0.1310040046875 0.51967536875 0.12715499218749998
0 0.646146121875 0.2122012453125 0.64377490625 0.207940459375 0.6423968421875 0.20989698125 0.6407658328125 0.21287545312499997 0.642622928125 0.2178107625 0.6454093046875 0.216381765625 0.6470631109375 0.2180496109375 0.647273809375 0.2155643296875 0.646146121875 0.2122012453125
0 0.56127348125 0.133888540625 0.5628697375 0.1373895421875 0.565053171875 0.1381468984375 0.5664157078125001 0.13656120624999998 0.5669184828125 0.1321871359375 0.5660072921875 0.1289001125 0.563888928125 0.128205853125 0.56140429375 0.129843434375 0.56127348125 0.133888540625
0 0.38930059375 0.038917876562499995 0.3894108625 0.0459048765625 0.38826404375 0.0544637359375 0.388173021875 0.0626666625 0.38705424375 0.0720233984375 0.3866921375 0.07824803125 0.38670910625 0.0857496765625 0.3891156265625 0.0925681890625 0.392368003125 0.09215336874999999 0.3973694375 0.086694128125 0.39966796875 0.07146677968750001 0.40095085937499997 0.0568231 0.4026265109375 0.0426702375 0.40584525625 0.0289814703125 0.409672471875 0.0266978125 0.4098717515625 0.02496659375 0.41061785000000006 0.020433796875 0.40939420625 0.015851667187499998 0.4110960421875 0.0093067140625 0.40982294843749995 0.008187340625000001 0.396828103125 0.0104786828125 0.3969334890625 0.0226119015625 0.39546699687500003 0.030392573437499997 0.39268688749999997 0.0271241171875 0.390252253125 0.020047184375 0.3895230375 0.011898451562499999 0.3775674171875 0.013874862499999998 0.3836138515625 0.026426534374999998 0.38930059375 0.038917876562499995
0 0.3729978140625 0.1961659 0.37398628125 0.1892104609375 0.37416792499999996 0.1873792234375 0.3813146515625 0.14978900312500001 0.3836773171875 0.14914234375 0.38671044062500004 0.14830289375 0.38870164687500003 0.14565756093749999 0.3902287453125 0.1426926515625 0.39075167187500004 0.137263109375 0.3888026953125 0.133048453125 0.3854279328125 0.129646859375 0.3871396453125 0.11911778749999999 0.3901332796875 0.114563128125 0.39177721249999997 0.10978634218750001 0.3906710953125 0.1042600859375 0.3890716578125 0.100858015625 0.38684517500000004 0.10049538124999999 0.3842201 0.10252423125000001 0.3817885734375 0.11017678281250001 0.38199861875 0.11824253437500001 0.3815042703125 0.12384314999999999 0.3780582109375 0.1273796546875 0.3773023578125 0.13826376093749998 0.37801767656249996 0.146765584375 0.378359771875 0.14968649218750002 0.3598151546875 0.24329129843750003 0.36189305 0.245996575 0.36403294062499997 0.2409641578125 0.3664939296875 0.23557525468749999 0.36251866875 0.2311165640625 0.36431031406250003 0.22702453125000002 0.3663276828125 0.22889164687500002 0.3671659484375 0.2228749890625 0.36784953125 0.21748375625 0.368405440625 0.2131050765625 0.370920584375 0.20751940468750002 0.3719067296875 0.202287428125 0.3729978140625 0.1961659
0 0.3865082234375 0.236767928125 0.38212419531249997 0.25316106875 0.3810112796875 0.25941971875 0.3811247875 0.2613321890625 0.3809334140625 0.2654387453125 0.3784913546875 0.268136603125 0.37687690625000003 0.273728465625 0.37628438750000004 0.275164103125 0.3772692296875 0.27734814218750004 0.37675658125 0.2791647609375 0.3776149203125 0.286291165625 0.3915160796875 0.220277484375 0.3877098 0.223669659375 0.3882053765625 0.22679515 0.3866236234375 0.2309437828125 0.3883151171875 0.23301432656249998 0.3865082234375 0.236767928125
0 0.3283795421875 0.3207454890625 0.32546079843750003 0.32049698437499996 0.32469838125 0.3245773046875 0.3244617609375 0.329255084375 0.3234517109375 0.335197315625 0.32416670625 0.3414747765625 0.3238180734375 0.3458502265625 0.3250504296875 0.349608959375 0.32737730625 0.3537712609375 0.33054765625 0.352225375 0.334023040625 0.348036365625 0.3340400328125 0.34626113125 0.3335885578125 0.342332978125 0.3331514484375 0.334680115625 0.3329986421875 0.328333671875 0.33036558125000004 0.3214091359375 0.3283795421875 0.3207454890625
0 0.3352537875 0.39585855 0.3400245734375 0.39508396874999996 0.341532375 0.38705167500000004 0.344548096875 0.3831261765625 0.3428653859375 0.37843301406249996 0.3392113859375 0.36985755625 0.33386098125 0.3704312984375 0.327288671875 0.38448291874999996 0.32482698593750003 0.392918225 0.3236324828125 0.4052647828125 0.320879434375 0.40786357500000003 0.3199449859375 0.410392384375 0.3235471984375 0.41451702968750004 0.3285810171875 0.41634093749999995 0.3317690765625 0.4078679890625 0.3357402515625 0.405923865625 0.3352537875 0.39585855
0 0.30696380625 0.3567931875 0.30268601093749997 0.35781720156249996 0.30344961875 0.37119090312499997 0.2987572421875 0.3789247828125 0.2997237671875 0.3865477578125 0.302363165625 0.389549090625 0.2994203703125 0.391719640625 0.3024500796875 0.3997959203125 0.3065291234375 0.4058149828125 0.3121861875 0.40394803125 0.30984056249999997 0.39726792187500004 0.317941496875 0.3887902265625 0.31455080625 0.384074559375 0.3174209703125 0.382184953125 0.315454303125 0.3776180171875 0.31219235 0.3655431921875 0.30696380625 0.3567931875
0 0.2937272609375 0.36905135625 0.292716871875 0.362475340625 0.28928176250000004 0.35954132968749997 0.2868032859375 0.361150853125 0.2872465984375 0.36585153593749997 0.290090265625 0.3696514046875 0.2923785734375 0.37063460625 0.2937272609375 0.36905135625
0 0.618571421875 0.6680286468750001 0.6205680984375 0.6787494890625 0.625389865625 0.6804235671875001 0.6251419515625 0.677163971875 0.627358975 0.6772030203125 0.6278800453125 0.6688655609375 0.62662089375 0.667069421875 0.62246359375 0.66273009375 0.618571421875 0.6680286468750001
0 0.6109264359375 0.709406684375 0.60721049375 0.697159640625 0.605211025 0.6973916203125 0.6035680078125 0.7059887859375 0.604010603125 0.708696821875 0.6065878984374999 0.7111299953125 0.60944201875 0.7113629203125 0.6109264359375 0.709406684375
0 0.5411072203125 0.7513697390625 0.5413606984375 0.7452308984375 0.5376057578125 0.7458818890625001 0.5383934499999999 0.7520497500000001 0.5411072203125 0.7513697390625
0 0.378286771875 0.591950971875 0.3771341625 0.595294096875 0.3786797734375 0.601090325 0.379735828125 0.604731003125 0.3819599421875 0.6006531515625 0.38015140468749997 0.5973609343749999 0.3820888734375 0.59451881875 0.3855084375 0.594044371875 0.3867092765625 0.5914336859375 0.3820073921875 0.587506115625 0.3807124609375 0.5852641046875 0.37831122968750003 0.5859619890625 0.378286771875 0.591950971875
0 0.6579502421875 0.8027799484375 0.6601113015625 0.8062717953125 0.6647273031250001 0.80490731875 0.6666376578125 0.802433315625 0.6661782656249999 0.7955538875 0.662125621875 0.7942915687500001 0.65962080625 0.7952568140625 0.657885090625 0.7981093671874999 0.6579502421875 0.8027799484375
0 0.574509034375 0.8683483046875 0.57711325625 0.872418865625 0.5797781265624999 0.8680062656249999 0.5783110265625 0.8671543328125001 0.5758443109375 0.8636116640625 0.5739765609374999 0.8643297171875 0.574509034375 0.8683483046875
0 0.3778390640625 0.8573117046875 0.3805462046875 0.8587446328125001 0.3812138703125 0.8545588531250001 0.3807034859375 0.8511694249999999 0.379617190625 0.8508484953125001 0.3776200984375 0.853523425 0.3778390640625 0.8573117046875
0 0.41619311875 0.9158503 0.41980684375 0.917259821875 0.421072378125 0.9128654921875 0.42002894687500003 0.9108710703125 0.41726273750000004 0.9104798484375 0.41611252812500005 0.9128467890625 0.41619311875 0.9158503
0 0.3748924515625 0.953184590625 0.3832755671875 0.9495375328125 0.3833036953125 0.941886728125 0.3811389609375 0.935539640625 0.378454659375 0.9293412859375 0.375392465625 0.930942671875 0.3725935046875 0.9376001609375001 0.372638325 0.9478782109375 0.3748924515625 0.953184590625
0 0.3394371703125 0.8290142843750001 0.3431368359375 0.826853071875 0.3420719765625 0.8195092265625 0.34027397656249997 0.8230883203125 0.338591115625 0.8214176656250001 0.3381833265625 0.8255116109375 0.3394371703125 0.8290142843750001
0 0.554601065625 0.9238976453125 0.5524016796875 0.9181008734375 0.55837271875 0.9195802375 0.557126309375 0.915336896875 0.5527573140625 0.9115426078125 0.5511745375 0.9113393671875001 0.549771371875 0.91220873125 0.54855585 0.9149521078125 0.548212859375 0.9191076109375 0.5493040390624999 0.921399828125 0.5516755703125 0.925338478125 0.554601065625 0.9238976453125
0 0.6847419875 0.9566670640625 0.684899415625 0.9623288671875001 0.6863544328125 0.967395365625 0.6920752515624999 0.9704880031249999 0.69637068125 0.9663336828125001 0.6947818156250001 0.959158390625 0.6936857359374999 0.951115596875 0.6897220921875 0.9490173109375 0.6857233953125 0.9529558890625 0.6847419875 0.9566670640625
0 0.64802376875 0.9118418078125 0.6460256109375 0.9150055984375 0.6459615421875 0.9187993593750001 0.6459831 0.9212881140625001 0.648098328125 0.92370121875 0.6488091390624999 0.9236203078124999 0.6513366890625 0.9219021765625 0.6521205 0.918240121875 0.6516987265624999 0.912905759375 0.64802376875 0.9118418078125
0 0.788004834375 0.8451556124999999 0.789842425 0.849764346875 0.7942307828125 0.8523097375 0.7938202734375001 0.8408395765625001 0.7911900890625 0.8399150703125 0.7911957171874999 0.8339452734374999 0.7885689734375 0.8336611484375 0.7879991328125 0.8399493828125 0.788004834375 0.8451556124999999
0 0.8042333171875 0.8353336609375 0.804567109375 0.83808150625 0.8053303125 0.84005235625 0.8075131109375 0.841480959375 0.8092377328125 0.8442072765624999 0.80881771875 0.8405385359374999 0.8071362578124999 0.835321575 0.8042333171875 0.8353336609375
0 0.7727806859374999 0.7769823015624999 0.7745258390624999 0.7765587625 0.7745094328125 0.7799839609375 0.7746866640625 0.7825277671875 0.7759970625 0.7848574890625 0.7781881625 0.786459153125 0.7796364312499999 0.784099946875 0.778193253125 0.7778588609375 0.7783646484375 0.774223875 0.7798621703124999 0.770461359375 0.7756397546875 0.7585812765625 0.7712387828125 0.7627669 0.772525434375 0.765960746875 0.7704713375 0.768501346875 0.7705424140625 0.77027215625 0.7727806859374999 0.7769823015624999
0 0.7226546671875 0.6696957328125 0.723911134375 0.6764615875 0.72737038125 0.67635616875 0.7280047453125 0.6714686359375001 0.7269872046875 0.6688112078125 0.7226546671875 0.6696957328125
0 0.7546304875 0.6472871265625 0.7525013921875 0.64175403125 0.74895335625 0.6450721125000001 0.7491185734375 0.6474577921875 0.7517761187499999 0.6520917125000001 0.75511296875 0.654108540625 0.755850340625 0.6511369140625 0.7546304875 0.6472871265625
0 0.770553015625 0.6389153359375 0.768604865625 0.6365679671875 0.7662208109375 0.6387129781249999 0.7673470906250001 0.6417891359375 0.7694897515625 0.648056025 0.7730206921875 0.6478982984375 0.7715707468749999 0.641510853125 0.770553015625 0.6389153359375
0 0.7569760609375 0.5581553984375 0.7536636109375 0.55901236875 0.7540032359375 0.5634219484375 0.753601309375 0.567018253125 0.7543774375 0.5704211140625 0.7602959890625 0.57443719375 0.759253659375 0.5677970015625 0.7569760609375 0.5581553984375
0 0.7770072046875 0.5247920374999999 0.77896613125 0.533598159375 0.7823888390625 0.5332945109375 0.7790128203125 0.5226693296875 0.7770072046875 0.5247920374999999
0 0.745719684375 0.580060015625 0.7444750796874999 0.5726145890625001 0.74174921875 0.5697617765625 0.7398161984375 0.57316000625 0.7418511750000001 0.5746860703125 0.7431677156250001 0.5803529234375 0.745719684375 0.580060015625
0 0.8900651140625 0.9260685296875 0.888889165625 0.916331046875 0.885663296875 0.9109754750000001 0.8840743671875 0.9250622749999999 0.8865438765625001 0.9345415218750001 0.8886093671875 0.9385801468749999 0.891117375 0.9387487609375 0.8900651140625 0.9260685296875
0 0.8873188687500001 0.8765620453125 0.8896449828125 0.894001184375 0.8921046046875001 0.901030871875 0.8935227937500001 0.9131769453125 0.895889440625 0.9203451953125 0.9001792375000001 0.93713345625 0.90237188125 0.9367642875 0.899487534375 0.9241405531250001 0.8964751796874999 0.9129863734375 0.893790875 0.899013659375 0.8960713703125001 0.89826090625 0.8942466765624999 0.88878536875 0.89105635625 0.873202625 0.8880706609375 0.8675445015625 0.8873188687500001 0.8765620453125
0 0.80504049375 0.6138616515625 0.8031960484375 0.627930040625 0.8038896 0.6367403296874999 0.80588329375 0.6461305375 0.810472934375 0.652714834375 0.8163567328125 0.6573526453125 0.8172091671875 0.6457835484375 0.8158756828125 0.6395976906249999 0.8131283093749999 0.627444825 0.8134123421874999 0.6241786968749999 0.812052746875 0.6157032140625 0.8100719140624999 0.61666174375 0.8087600453125001 0.60864589375 0.8051862249999999 0.6092712953125 0.80504049375 0.6138616515625
0 0.8598883140625 0.7412953046874999 0.8605754015624999 0.7484312796875 0.8641797125 0.7621957625 0.8680806656250001 0.7776785875 0.8699081171874999 0.7764440609375 0.8701409234374999 0.769909040625 0.8699999453125 0.759211628125 0.8679868734375 0.7563791 0.8673922203125001 0.7510450734375 0.8635756046875 0.7363644796875 0.8595629171875 0.7198700625 0.8567563249999999 0.7208694796875 0.85843220625 0.7343060359375 0.8598883140625 0.7412953046874999
0 0.790379965625 0.5541756609374999 0.7900531546875 0.5487499828125 0.7872768359375 0.5377556828125 0.785635109375 0.5416451671875 0.7863304359375001 0.54421185625 0.784736778125 0.54350599375 0.7840205234375001 0.54692131875 0.7851867671874999 0.5496572421875 0.790379965625 0.5541756609374999
0 0.813995240625 0.5676832468749999 0.8169591109375001 0.57342455 0.8183851687500001 0.5719561718749999 0.81715378125 0.564495721875 0.8156433 0.5625249484375 0.814224675 0.5561081796875 0.8114721828125001 0.55665856875 0.812437109375 0.5660001171875 0.813995240625 0.5676832468749999
0 0.8026491109375 0.60298986875 0.7977923890625 0.5825905046875001 0.7944720359375 0.5843024609375 0.7943899015625 0.5871839375000001 0.793304809375 0.58992018125 0.79729928125 0.6013803421875 0.7995593875 0.6059828 0.8014466718750001 0.6053755390625 0.8026491109375 0.60298986875
0 0.8124997796875 0.5222019671875 0.8164146453125 0.5359370765625 0.818866290625 0.5430475 0.8192850593750001 0.5387548796875 0.8156209796875 0.5226178578125 0.8124997796875 0.5222019671875
0 0.84722803125 0.5315367234374999 0.8471257328125 0.5297238203125 0.8473766656249999 0.5242994000000001 0.8471610328124999 0.5180195640624999 0.8449541984375 0.5039563125 0.842557221875 0.4922969734375 0.8292930421875001 0.49175612031249993 0.8156188125 0.4926869546875 0.8240737265625 0.5311261890625001 0.8335998671875 0.529903415625 0.8391454656249999 0.5296538281250001 0.8398180921874999 0.5359879453125 0.8379751296875 0.539402028125 0.8381764859375 0.5435583312500001 0.8360417140624999 0.545632415625 0.8304450765625001 0.554266684375 0.8312640671875 0.5579666171875 0.8366629453125001 0.54925456875 0.8430997843749999 0.540202425 0.84722803125 0.5315367234374999
0 0.7569566875 0.493187378125 0.7592289109375 0.498533403125 0.7612119578125001 0.49857721718750003 0.7601598265625 0.492124384375 0.759440240625 0.488916225 0.7580139265625 0.4863610203125 0.7559287546875 0.48455028437500003 0.7557534968749999 0.489279121875 0.7569566875 0.493187378125
0 0.770427678125 0.43922999375 0.7724223921875 0.44714130625 0.7739459140625 0.44582075000000004 0.7725041078125 0.4388226109375 0.770427678125 0.43922999375
0 0.79789359375 0.499977225 0.7995861546875 0.506732821875 0.8006225625000001 0.50195685625 0.8001386328125 0.4990323984375 0.79789359375 0.499977225
0 0.7906030562499999 0.62779441875 0.7937258671875 0.6289842875 0.792825953125 0.6201104296875 0.7907170640625 0.6189750093749999 0.7906030562499999 0.62779441875
0 0.657042196875 0.308341625 0.66174843125 0.3115830140625 0.6612970265625 0.30454193125 0.6531690734375 0.3029415203125 0.653259228125 0.3061702296875 0.657042196875 0.308341625
0 0.7159060078125 0.32391284374999996 0.7132758406249999 0.32416718125 0.7161585140625 0.33190446875 0.7180469 0.3298817625 0.7174155625 0.3266881875 0.7159060078125 0.32391284374999996
0 0.7489027687500001 0.361651665625 0.7522259390625 0.3670011875 0.7534622296875 0.370467290625 0.754729440625 0.3754764671875 0.7578297968750001 0.3773668140625 0.7595643375 0.37515545625 0.7598665671875 0.37251441406249997 0.758892415625 0.36766458125 0.7578349421875 0.36381789531250003 0.7543253125 0.35198506875 0.7520875140625 0.347077221875 0.7499421625 0.34777758593749997 0.7500156890625 0.3534224515625 0.749407709375 0.3560301421875 0.7489027687500001 0.361651665625
0 0.7489810015625 0.35364614687499996 0.7484442828125 0.3482717609375 0.746561784375 0.34375027343750003 0.744744440625 0.3438993671875 0.7447156781250001 0.3521944453125 0.746370503125 0.35564069374999996 0.748432446875 0.35590700000000003 0.7489810015625 0.35364614687499996
0 0.7822634046875 0.4174977046875 0.7759945578125 0.391456275 0.77381438125 0.393947709375 0.7746735234375 0.39595876093750004 0.7747783828125 0.398892940625 0.7755855796875 0.40278693125 0.7772189765624999 0.4093149703125 0.778240690625 0.412553946875 0.7822634046875 0.4174977046875
0 0.7839186312499999 0.38102175 0.787475228125 0.39747600625 0.7887346281250001 0.39617822187499996 0.7863776015624999 0.38102924374999997 0.7839186312499999 0.38102175
0 0.4563020640625 0 0.43556336093750003 0.0036486125 0.42740311249999996 0.0376683984375 0.45209139218749994 0.05008083437500001 0.46601683125 0.0560455109375 0.470823028125 0.0629311578125 0.4800560921875 0.07337241718750001 0.48506383125 0.08632301875000001 0.498473603125 0.0923865546875 0.5093341140625001 0.094241325 0.515718765625 0.0907689515625 0.5272553859375 0.10318869687500001 0.5333008718750001 0.103704559375 0.5433337328125 0.1107363875 0.5551935984374999 0.11454257968749999 0.567373865625 0.1256096953125 0.570687384375 0.133324959375 0.57412850625 0.141197009375 0.5790350765625 0.14487270937500002 0.5789990609375 0.1318102015625 0.5811927453125 0.1408589296875 0.5858292734375 0.1552315328125 0.5935699750000001 0.1616362390625 0.6022939359375 0.1568898546875 0.605184271875 0.1505526140625 0.61905410625 0.1619247234375 0.6235356140625 0.1728357171875 0.622920015625 0.17427542499999998 0.6175635890625 0.1712787828125 0.6174765359375 0.177632615625 0.6249457375 0.18050898906249999 0.62638675 0.173708571875 0.6308398828125 0.1823350984375 0.635717346875 0.1863856109375 0.641832553125 0.20621084375 0.64547393125 0.207282303125 0.64549394375 0.19682305312499998 0.659991828125 0.207698875 0.6675121093749999 0.22269741562499998 0.669550825 0.21167436875 0.678650946875 0.23885394375 0.689495990625 0.246478746875 0.6910769921875 0.237979778125 0.700211034375 0.25752339218750003 0.70818285625 0.2655897703125 0.70399479375 0.24491543125 0.7065258609375 0.253673025 0.7182930359374999 0.2692269125 0.7239398031250001 0.2801958171875 0.7224135609375 0.274410453125 0.7223670828125 0.2636820984375 0.729111396875 0.28451971875000004 0.7352429453125 0.2948906703125 0.7402662203125 0.2885835046875 0.7438032921875 0.3003020171875 0.7472485046874999 0.30477801250000003 0.7514380015625 0.298916146875 0.7561693265625 0.31112694531249996 0.7746870296874999 0.3392844671875 0.7835146234375 0.3560103640625 0.789573790625 0.37657055625 0.792791659375 0.392570478125 0.7953137828125 0.3856206828125 0.7917671359375 0.3614125265625 0.786730259375 0.341908040625 0.783749146875 0.3312909703125 0.7721257375 0.3012196921875 0.7618796078125001 0.280686975 0.754839296875 0.26778062343750003 0.7459974703125 0.25186481875 0.735026259375 0.2363800140625 0.718129275 0.214795603125 0.7113461765625 0.204031825 0.7042540921875 0.1976254 0.696621434375 0.18882808281250002 0.68920901875 0.1766188125 0.682147690625 0.17294226875000002 0.6767658234375 0.16611211718750002 0.6668369578125 0.15455916875 0.6603527171875 0.1484596671875 0.6520816609375 0.1384263046875 0.647974009375 0.1246506203125 0.6355035671875 0.12000012499999999 0.6280011421875 0.11456883124999999 0.6254043593749999 0.1116742203125 0.6206813203125 0.1088594171875 0.6125467171875 0.095874709375 0.6086564171875 0.096828809375 0.6043896125 0.09042875156249999 0.5976937546875 0.084307859375 0.5903304390625 0.078945646875 0.5855460703124999 0.072606703125 0.5795954328125 0.0650073828125 0.5721707640625 0.06148375625 0.5643942578125001 0.0587091671875 0.5496582046875 0.0486781625 0.5429164671875 0.043142884375 0.536623371875 0.036525765625 0.5294755906249999 0.031657060937499995 0.5182104937500001 0.0245474 0.5096309437500001 0.0153379359375 0.4986142078125 0.0056776484375 0.49063666406250006 0 0.4563020640625 0
0 0.7534910953125 0.3419271265625 0.752718078125 0.33308007812499996 0.748059390625 0.323134834375 0.7408918390625 0.3003378171875 0.739703671875 0.30358725625 0.7425801296875 0.314357640625 0.743050828125 0.31869175 0.7426854390625001 0.3218564015625 0.746738625 0.3302662765625 0.7485272359375 0.32716481875 0.7492269828125 0.3311332859375 0.75091619375 0.339201596875 0.7534910953125 0.3419271265625
0 0.2777915734375 0.6376269515625 0.2740128359375 0.64537743125 0.2765915375 0.6526685375 0.28106519531249996 0.6607996 0.2889653125 0.6644551703125 0.292571334375 0.6737213265625 0.300135109375 0.674083709375 0.30864847968750003 0.669096803125 0.31565485 0.6605392125 0.3190815265625 0.6434406609375001 0.314899353125 0.624023459375 0.30834188125 0.60951835 0.29680215312499997 0.5999153749999999 0.28563980624999996 0.6011267874999999 0.2788205 0.599479675 0.27382266093749996 0.605130259375 0.2742813109375 0.6108357328125 0.2683235828125 0.613867909375 0.2634450796875 0.62637696875 0.2673241859375 0.634303478125 0.27282052968750004 0.6321999015624999 0.2811034859375 0.635426221875 0.2777915734375 0.6376269515625
0 0.3038449828125 0.5934361546875 0.3012950390625 0.5960800515625 0.3047488265625 0.6007306484375 0.309371278125 0.5959474874999999 0.309170646875 0.591786296875 0.3038449828125 0.5934361546875
0 0.28305222343750003 0.5802701953125 0.2859215375 0.588390625 0.2899943984375 0.5881119578125 0.290106621875 0.5823597703125001 0.2925190265625 0.580717471875 0.29190676249999997 0.5764083249999999 0.2892862984375 0.575233009375 0.2857292359375 0.5744687625 0.28305222343750003 0.5802701953125
0 0.2869057453125 0.5593837265625 0.2860497328125 0.5673962875 0.295753621875 0.5669656203125 0.29544454062500003 0.5609656375000001 0.295058778125 0.5570322421875 0.28935713750000003 0.556612825 0.2869057453125 0.5593837265625
0 0.27730806406249997 0.5296612953125 0.2710478078125 0.5205759765625 0.265860215625 0.5173940765625 0.26142590781249997 0.523721146875 0.25899066875 0.5313886328125 0.25944551875 0.5357858265625 0.26159793593749997 0.5395885859375 0.26233252500000004 0.546202125 0.26684765 0.545804225 0.27203949843749997 0.5411729359375 0.2755120015625 0.534925021875 0.27730806406249997 0.5296612953125
0 0.225770025 0.5992412953125 0.2232420515625 0.5949193015625001 0.22080833437499997 0.5955499296875 0.220005671875 0.5993930078124999 0.2196744375 0.6062246265625 0.22165300625 0.6065849640625001 0.22661473906250001 0.6041218859375 0.225770025 0.5992412953125
0 0.174044121875 0.7614708484375 0.17068435625 0.76735935 0.17209778281250002 0.77275685 0.17699538125 0.776516634375 0.18153725 0.7777640875 0.18623549374999998 0.7811941046875 0.1918347140625 0.78260734375 0.1920583859375 0.776659390625 0.189624921875 0.7676815 0.1818316703125 0.762958340625 0.174044121875 0.7614708484375
0 0.12145181875 0.7814221359375 0.1240663828125 0.784021678125 0.126446203125 0.7817266843749999 0.125737440625 0.778795859375 0.124572303125 0.7772179609375 0.12153495624999999 0.776539775 0.12145181875 0.7814221359375
0 0.01423326875 0.30611318125000003 0.014794553125000002 0.3105741109375 0.016275046874999997 0.3134005921875 0.01926790625 0.3118019125 0.0201611125 0.30775247656250004 0.01685755625 0.3038909046875 0.01423326875 0.30611318125000003
0 0.4035804609375 0.3400950109375 0.40366965 0.349598909375 0.40946230625 0.3509574140625 0.4108208109375 0.3451647578125 0.4035804609375 0.3400950109375
0 0.5365045203125 0.626044709375 0.5318882328125001 0.6268586843749999 0.536956103125 0.6331048015625 0.5365045203125 0.626044709375
0 0.62978315625 0.9166050578125 0.6236299875 0.9042038937499999 0.6237191765625 0.9137077921874999 0.62978315625 0.9166050578125
0 0.8443348625 0.662202346875 0.8394472499999999 0.6614775609375 0.8437903328124999 0.6726112890625 0.8443348625 0.662202346875
0 0.84406729375 0.6336906531250001 0.8389083562499999 0.6314271046875 0.8433406296875001 0.6520647296875001 0.84406729375 0.6336906531250001
0 0.7681440828125 0.5090434078125 0.7635277968749999 0.509857384375 0.767328228125 0.5179135875 0.7681440828125 0.5090434078125
0 0.565767296875 0.43207900625000006 0.559340921875 0.43162554531249997 0.5662188796875001 0.4391390984375 0.565767296875 0.43207900625000006
0 0.3018559609375 0.9014436828125 0.29651676718750003 0.8936588046875 0.29633463125000004 0.901623940625 0.3018559609375 0.9014436828125
0 0.098414534375 0.6699731078125 0.090902859375 0.6633645984375 0.08909089375 0.6755836265624999 0.098414534375 0.6699731078125