0 1 0.11211211875 0.9492299609374999 0.15003831406249998 0.91081764375 0.1410910234375 0.862734575 0.12486313125 0.7626231640625 0.1015654234375 0.6812650734375 0.08074120781250001 0.6195750390625 0.068341221875 0.4970027078125 0.052085296875 0.3481237140625 0.033102404687499996 0.22747396874999998 0.027680624999999997 0.133637678125 0.0307754359375 0.067582021875 0.033953051562499996 0.061404571875 0.0729559375 0.1229520734375 0.0752688140625 0.183225584375 0.09026985625 0.224862715625 0.09640575625 0.2556447953125 0.09738474999999999 0.281036378125 0.081957559375 0.2822400578125 0.091977025 0.28651279218750003 0.0943354015625 0.2891301578125 0.088986809375 0.2947181234375 0.0931592046875 0.2922298421875 0.0990012515625 0.29156906562499996 0.104371815625 0.29732547343750004 0.104014796875 0.29908085156249997 0.1157748078125 0.30493173906250004 0.1150609875 0.305295253125 0.1118169765625 0.304819465625 0.10165651875 0.304279634375 0.0937782 0.315410653125 0.0929277546875 0.323523196875 0.0994489984375 0.31728834375 0.1081305359375 0.31960798125 0.11421044843749999 0.3284840953125 0.1110364640625 0.332370209375 0.10651686875 0.3408759453125 0.112453359375 0.3439281140625 0.12364675781250001 0.3485714578125 0.126441925 0.3558055875 0.1161057109375 0.3658539078125 0.11860526406250001 0.37053390625 0.11234941875 0.37378514375 0.11917961562499998 0.37938592187500003 0.11659899843749999 0.37903943125 0.1039341828125 0.3963684140625 0.11822725468749999 0.4128233296875 0.11999026406249999 0.4359873328125 0.114412428125 0.44416381875 0.1382490421875 0.471388984375 0.131221475 0.4825186453125 0.12845187656249998 0.49018678437499996 0.13920729375000002 0.5148315953125 0.13113191875000002 0.5404493109375 0.13647076875 0.5763122984375 0.13961974531250002 0.57797865 0.1656556515625 0.583805809375 0.16547119999999998 0.5848898015625 0.1704631703125 0.5898351859375001 0.1684447609375 0.5890356953125 0.1606676953125 0.5851079375 0.154583034375 0.589606596875 0.14635579999999998 0.5921376406250001 0.141801928125 0.6042768234375 0.1431360890625 0.63102160625 0.127575190625 0.65943719375 0.1581483359375 0.7011582015625 0.17047672187500001 0.7111296109375 0.15424456250000002 0.732993078125 0.16115294062500002 0.7772596093749999 0.17874433125 0.7940039421875 0.18902782812500002 0.8135531484375 0.174350609375 0.8348022140625 0.1822216015625 0.8491281624999999 0.200642590625 0.8795651843750001 0.1922538359375 0.9198491484375 0.2310947703125 0.9386854359375001 0.2724379171875 0.9705834796874999 0.2546748015625 0.9953036375 0.1888613015625 1 0.1858264421875 1 0.11211211875
0 0.9271138359375 0.4471980578125 0.9216471890625 0.45892001406249994 0.9122232203125 0.49447888281249996 0.914447896875 0.5026066515625 0.932747403125 0.5089442265625 0.94130385 0.49833969062500005 0.9475669046874999 0.4765353765625 0.9525654484375 0.46458266249999997 0.9437962078125001 0.4489433046875 0.9271138359375 0.4471980578125
0 0 0.6864646265625 0.010092440625 0.680013778125 0.023158343749999998 0.6690145046875 0.02666591875 0.6570265562500001 0.027734750000000002 0.6449545062500001 0.026832228125000003 0.6362198453125 0.0321880328125 0.6233998421875 0.0303524359375 0.6156421812499999 0.026398865625 0.6083321453125 0.020545484375 0.5989636328125 0.0023550421875000002 0.59608255 0 0.5960923734375 0 0.6864646265625
0 0.529742034375 0.416243371875 0.5353444078125 0.4213735609375 0.539632246875 0.42442565312499997 0.544124846875 0.42343816875 0.5464106140625 0.420163234375 0.5506087546875 0.41356371718749996 0.553029746875 0.40931513593749996 0.5536786828125 0.40747524999999996 0.5543199546875 0.40382595156249995 0.5534580203125 0.3987204453125 0.5501878390625 0.3954957375 0.5441765453125 0.3932669859375 0.537890128125 0.394093753125 0.535035590625 0.3959956203125 0.5302843046875 0.40048417968749994 0.5267208812499999 0.406442278125 0.5253644125 0.4101823765625 0.529742034375 0.416243371875
0 0.41556409375000003 0.475245925 0.41445451718750004 0.48198184218750006 0.41946664843750003 0.48664361874999995 0.4233580671875 0.48462755 0.426459871875 0.48459044687499997 0.42849327812500004 0.4843271765625 0.4301087234375 0.48208825937500005 0.43028878437499996 0.47823460781250005 0.42751118750000006 0.47636457187500003 0.42722226562500004 0.47497255000000005 0.42697700000000005 0.4711274671875 0.4237822390625 0.4698637 0.41911386874999995 0.469124303125 0.4173798546875 0.4704537859375 0.41556409375000003 0.475245925
0 0.47157033437500007 0.571495346875 0.4677859125 0.5687207359374999 0.4650033515625 0.5678908546875 0.459245971875 0.572489 0.458763490625 0.578212109375 0.4613396296875 0.5802653859375 0.46713890312500006 0.5785989500000001 0.46990401718749997 0.576502575 0.4715186796875 0.57317988125 0.47157033437500007 0.571495346875
0 0.40973545937500006 0.55843171875 0.40955861406249994 0.5630341546875 0.41284635156249994 0.5657285171875001 0.41421269531249993 0.5661410906250001 0.4176671734375 0.5646364015625001 0.4206798796875 0.56202555 0.4214692359375 0.557690978125 0.42103731250000004 0.5553540140625 0.41802318437499997 0.552949775 0.4158963625 0.55236455 0.41205630312499997 0.5534870265625 0.40973545937500006 0.55843171875
0 0.32331693281249996 0.5238717671875001 0.3249713140625 0.527699571875 0.3268954953125 0.5287352046875 0.3300832046875 0.528265590625 0.3329683765625 0.5253213078125001 0.3322591828125 0.5233865453125001 0.331188425 0.5194297015625 0.3302094953125 0.516920671875 0.3268037875 0.5153007703125 0.32442617500000004 0.515120359375 0.323250215625 0.5186596609375 0.32331693281249996 0.5238717671875001
0 0.5290993453125 0.6100571265625 0.5297282265625001 0.6119396187499999 0.5335329265625 0.6127383890625 0.5356966187500001 0.6128311328125 0.5374164218749999 0.612000884375 0.5376679390625 0.6104128671875 0.5372794859375001 0.6080511484375 0.5362406296875 0.6055009874999999 0.53422681875 0.6050412359374999 0.5322715046875001 0.6047315453125 0.529728659375 0.6055943781249999 0.5290478328125 0.60787533125 0.5290993453125 0.6100571265625
0 0.52345935 0.6427001640625 0.52327951875 0.647091725 0.5237942796875 0.6486160171875001 0.524832628125 0.6495113484374999 0.5276403484375 0.6471559499999999 0.5293180421875 0.6448636140625 0.5279416968749999 0.6402192515625 0.5267120281250001 0.6402222375 0.5250853249999999 0.641034009375 0.52345935 0.6427001640625
0 0.358300534375 0.5961878640625 0.357624684375 0.5997858093749999 0.35732745781249997 0.6016624171875 0.3580641 0.6042928515625 0.3603690625 0.6036834234375 0.3619070140625 0.6011047656249999 0.362264253125 0.5985795609375 0.36007358125 0.5961301453125001 0.358300534375 0.5961878640625
0 0.45161124687500004 0.380596209375 0.4515701765625 0.3866486765625 0.45319811093749995 0.3890453484375 0.45520887656250003 0.3904332390625 0.459421878125 0.389622946875 0.4635979078125 0.38696854062499997 0.46464134062499995 0.386233659375 0.46583143437499996 0.385241996875 0.4662561703125 0.381881125 0.4653097078125 0.379257009375 0.4645684078125 0.375667159375 0.463353675 0.3729689140625 0.46072698437500004 0.3721637203125 0.458953775 0.371882871875 0.4550463015625 0.3740103 0.452876628125 0.3762326234375 0.45161124687500004 0.380596209375
0 0.38657218437499996 0.3528442484375 0.3874190625 0.3547786703125 0.38886765156249997 0.3564698515625 0.3911293859375 0.3582708375 0.391233128125 0.358075284375 0.39602272968749996 0.3548330625 0.400626775 0.35317190468750004 0.40324128281249993 0.352276125 0.405827603125 0.3510389203125 0.407063390625 0.348260534375 0.407744825 0.344877040625 0.40816756718749997 0.3412690640625 0.4079227140625 0.338430184375 0.4074364015625 0.3358473078125 0.40480444687499995 0.333307434375 0.40251266250000006 0.33115681874999997 0.40031148281249995 0.32893354375 0.3977875390625 0.32780924375 0.39488895625 0.32890049062500004 0.3911671359375 0.332642465625 0.3883210828125 0.336168784375 0.3848001015625 0.3389823078125 0.3834366125 0.3414383109375 0.3824101296875 0.3458017671875 0.38252842187499997 0.34966945312500003 0.383999846875 0.352185296875 0.38657218437499996 0.3528442484375
0 0.37189891406250003 0.3864073734375 0.3751613546875 0.3888319578125 0.3768158953125 0.38943255468750004 0.38025643593749997 0.38785605156249997 0.3807461203125 0.3872913265625 0.3846497875 0.3846285875 0.385377990625 0.3816290109375 0.3857431671875 0.37932337656250004 0.385382084375 0.376119634375 0.38407187187499997 0.37451365000000003 0.38221954375 0.3732141328125 0.37937832031249996 0.37326403125 0.3776964515625 0.3739246890625 0.374112028125 0.3752110484375 0.3732345921875 0.3758567359375 0.371381715625 0.38012410937499996 0.3704557328125 0.38411273437500004 0.37189891406250003 0.3864073734375
0 0.31262493125 0.40492853125000006 0.3126383203125 0.4085296484375 0.3138013375 0.41099506406249997 0.3168079453125 0.413326921875 0.3208278296875 0.41309668593750004 0.3227367953125 0.409763653125 0.324156565625 0.4064828625 0.3246845484375 0.4051569453125 0.32373901875 0.40057923593749994 0.32298456875000003 0.3986705265625 0.3200419015625 0.397672909375 0.318056440625 0.3978931515625 0.3166950734375 0.399816365625 0.3138478640625 0.40202155 0.31262493125 0.40492853125000006
0 0.368172146875 0.3962534125 0.36493824531249996 0.39768388125 0.36358869843749997 0.401390271875 0.3641407953125 0.40518586875 0.3657516421875 0.40798007500000005 0.3680444796875 0.40656824687500004 0.3703894 0.404957428125 0.3708538140625 0.402025228125 0.3702332234375 0.39792295312500003 0.369554671875 0.397143140625 0.368172146875 0.3962534125
0 0.35299628906249997 0.395164415625 0.35299917187499996 0.40001046718750005 0.35387095468749996 0.4023569828125 0.35708727812499996 0.40320494218749997 0.35869412500000003 0.401619603125 0.36076454999999996 0.4002136796875 0.3604463671875 0.3952907953125 0.3584723453125 0.39282190625 0.35745239687499997 0.39251956718750003 0.35501702343749997 0.3932032578125 0.35299628906249997 0.395164415625
0 0.46626221093750003 0.4908043453125 0.46063256093750005 0.49158959218750004 0.45874215625000003 0.4933072015625 0.4570231609375 0.4970389234375 0.45751990156250005 0.499386153125 0.46096242500000006 0.5026713796875 0.4643357578125 0.5023482312499999 0.46477683281250004 0.50117149375 0.46477339375 0.498676171875 0.4653496828125 0.4975746359375 0.46888236875 0.49729412812499996 0.46997131718749996 0.49497340625 0.46867996874999995 0.49264902812500005 0.46626221093750003 0.4908043453125
0 0.44005976406249997 0.5506547375 0.43827433437499996 0.5509604484375 0.4366297046875 0.55171559375 0.4361349328125 0.5532413546875 0.4358791609375 0.55710358125 0.43829094062499996 0.5573479375 0.4399025515625 0.557180803125 0.44114586562499997 0.5566721640625001 0.44206544374999995 0.55606004375 0.44262968750000004 0.5538159953124999 0.4419745078125 0.551380390625 0.44005976406249997 0.5506547375
0 0.6821294859375 0.550782165625 0.679405284375 0.5566754390625 0.677988396875 0.556811715625 0.6788050640625001 0.5391802109375 0.6742500046875 0.5393035359375 0.6738029812499999 0.5638103250000001 0.6716721999999999 0.5711707406250001 0.673802071875 0.5730251953125001 0.67677950625 0.57419284375 0.6794498515625 0.57849795625 0.681840940625 0.577674365625 0.6820904156250001 0.5742414390625 0.6840864515625 0.57160719375 0.6843941 0.567297575 0.6843140015625 0.5652662859375 0.683156465625 0.5611881234375 0.6820829875000001 0.560204965625 0.6840539609375 0.556470440625 0.6850739124999999 0.5538761812499999 0.6836552828125 0.5500082 0.6821294859375 0.550782165625
0 0.6927333703125 0.6273524359375 0.690046115625 0.63072514375 0.690871428125 0.6349531796875 0.6921449375 0.63805939375 0.6948761515624999 0.6416306171875 0.698985021875 0.6423367671875 0.70000965625 0.6399726359375 0.7005175796875001 0.6367657359375001 0.700991771875 0.63377180625 0.700185203125 0.6299248296875 0.6953411968750001 0.6268384375 0.6927333703125 0.6273524359375
0 0.7179614796875 0.6694706515625 0.72011433125 0.66981163125 0.721232246875 0.6694255078125 0.7224676390625 0.6686672421875001 0.7223888625 0.6648896609375 0.7211724625 0.6605838625 0.7207023640625 0.6580684156250001 0.7181626515625 0.6574731640625 0.7166328796875 0.6631664484375001 0.716147165625 0.6671520359375 0.7179614796875 0.6694706515625
0 0.7454688734375 0.613916353125 0.74452493125 0.6182580796875 0.7442870687500001 0.6206787984375 0.744206884375 0.6257996125 0.74671726875 0.6241928546875 0.7539815171875001 0.6159338 0.7516371359375 0.6126769609375 0.7498500703125 0.6114747890625 0.7481460390625 0.6119357703125 0.7473500796875 0.6122368359375 0.7454688734375 0.613916353125
0 0.7411525515624999 0.5893796703125 0.743866021875 0.590815578125 0.7442526875000001 0.593178596875 0.7451243125 0.5968745140625 0.7478844671875 0.5975062624999999 0.7508401046875 0.5999202218749999 0.7556503765625 0.598635015625 0.7590768515625 0.5987853859375 0.762090328125 0.6008541421875 0.7644016437500001 0.5966388140625 0.7670350046875 0.5936862875 0.7694756640625 0.590951609375 0.7718239984374999 0.5850842328125 0.7711596578125001 0.5793803953125 0.7682130953125 0.5734432296875001 0.7666638984375 0.5704895171875 0.7641247156250001 0.5672540296874999 0.758020390625 0.5647336984375 0.7476909296875001 0.5659768703125 0.7431332546875 0.56800448125 0.73949415 0.5699956515625 0.7382320796874999 0.5732096656250001 0.7407997171875 0.577074540625 0.738326753125 0.5836688703124999 0.7365766328125 0.5879366984375001 0.7360774515624999 0.5906988656250001 0.7383002578125 0.5901586890625 0.7411525515624999 0.5893796703125
0 0.7506844687500001 0.5077628265625 0.7504225921875001 0.5133516046875 0.7507769359375 0.5180761406250001 0.7520405921875 0.52123458125 0.7533186546875 0.5222944375 0.7558643171874999 0.5196159406249999 0.757684234375 0.5163257546875 0.7581093015625 0.514311196875 0.757269821875 0.511511025 0.7556037109375 0.5097948828125001 0.7519858312500001 0.5078265640625 0.7506844687500001 0.5077628265625
0 0.737614690625 0.44814995468749996 0.736387959375 0.44829420156250005 0.7358606156249999 0.45202324374999997 0.7368746953125 0.45474982343750003 0.738755703125 0.45450987343750004 0.7412029421875 0.4531319921875 0.7418511890625 0.45171596718749996 0.7416546562499999 0.4490714140625 0.737614690625 0.44814995468749996
0 0.46307114374999997 0.2459847671875 0.46399066875 0.250586834375 0.4660572421875 0.2531605546875 0.4677425765625 0.2528975234375 0.47096990156249996 0.2512888328125 0.4720003265625 0.24887815937500002 0.472185671875 0.2439923140625 0.47204372812499995 0.241172896875 0.47131049375 0.2365133265625 0.471144996875 0.23198480937500002 0.46964468593750003 0.22872244375 0.4676502625 0.22865967343750002 0.46591923125 0.231059046875 0.46608188124999994 0.2374633375 0.46395824843750005 0.24074338593750003 0.46307114374999997 0.2459847671875
0 0.508296203125 0.30436895625 0.51279880625 0.2957073046875 0.5139646359375 0.28922550468749997 0.5121573296874999 0.28023047343749996 0.507892928125 0.2750527515625 0.4999650078125 0.27246981406250004 0.49313710468750005 0.2738088046875 0.4868364640625 0.2787306390625 0.4847181359375 0.28110821874999997 0.478986609375 0.28515360312500004 0.47568528906249996 0.28895743125 0.47804324062500003 0.294246096875 0.4800528296875 0.2975891234375 0.481545478125 0.300570265625 0.48290772656250003 0.30496402499999997 0.4847317890625 0.30880921250000004 0.48869660000000004 0.31044489531249997 0.49280300312499997 0.311895765625 0.5018408109375 0.3113465796875 0.508296203125 0.30436895625
0 0.6496353234375001 0.287934746875 0.650063490625 0.2923529984375 0.6519812046875 0.29825376718749996 0.653469996875 0.30301718593750004 0.6561291078125 0.30023168125 0.6568102875 0.29500197968749997 0.657762071875 0.2917593875 0.65943740625 0.28981155 0.662028696875 0.28616578125 0.662621940625 0.28442781250000004 0.6588629390625 0.2814927015625 0.6529917796875 0.2788985625 0.652130803125 0.2791007390625 0.6507979140625 0.2824522421875 0.6496353234375001 0.287934746875
0 0.644752528125 0.2312068703125 0.6479590234375 0.23494354374999998 0.651144659375 0.2355857296875 0.65245385 0.23626926093749998 0.6549830953125 0.238368896875 0.6585891515625 0.2399224484375 0.6637814078125001 0.23532655 0.6659729015625 0.2311286296875 0.664650890625 0.2254819890625 0.6603601375 0.22054055468749997 0.653286328125 0.21903733593750002 0.651807546875 0.2198440609375 0.6463028296875 0.221308778125 0.64423349375 0.21686472499999998 0.6427198765625 0.2137363015625 0.6397886500000001 0.205624765625 0.63659554375 0.20599860625000002 0.634703040625 0.2100667 0.63123858125 0.2144410953125 0.629126534375 0.2193160296875 0.6298008984375 0.222569390625 0.6305228828125 0.2245931875 0.6311181718750001 0.22673771406249998 0.632787590625 0.22969148437500003 0.6347324765625 0.2312556140625 0.6413922624999999 0.234613778125 0.6432785062499999 0.2307250375 0.644752528125 0.2312068703125
0 0.638317621875 0.1806828828125 0.6330347171875 0.17302625 0.6311630625 0.176812890625 0.6316328546875 0.1803091140625 0.632912390625 0.1871228546875 0.638317621875 0.1806828828125
0 0.7181044671875 0.22701914531249998 0.71506425625 0.23160153125 0.7131987125 0.23636838437500002 0.7139183984375 0.24065404375 0.7170820015625 0.24031666093749998 0.7217989015625 0.2375833953125 0.7257383234375 0.236932265625 0.72760345625 0.2362531765625 0.7302402406249999 0.233788440625 0.7298100140625 0.226027146875 0.7275900578125001 0.2238325375 0.7224458546875 0.223910009375 0.7181044671875 0.22701914531249998
0 0.7372406671875 0.2195441140625 0.7335071906249999 0.22184147968749998 0.7319533765624999 0.22633814531250002 0.7328174203125 0.23043152031249997 0.734770684375 0.2331613125 0.7401670218749999 0.23020344375000001 0.742498575 0.22970580156249998 0.7446683828125 0.2283915546875 0.7456012640624999 0.224079715625 0.7443217578125 0.2202622453125 0.74230141875 0.21918448750000002 0.7372406671875 0.2195441140625
0 0.7601782328125 0.198765584375 0.7578236734375 0.1984496109375 0.7559764953125 0.2006534046875 0.75627138125 0.2062227921875 0.7557500765625 0.20955413125 0.7610519390625 0.2040564640625 0.7601782328125 0.198765584375
0 0.753696453125 0.1853141265625 0.7560541656249999 0.1858299296875 0.758251009375 0.18522394375 0.759751696875 0.1827706859375 0.7596004953125 0.1814779921875 0.7591333687499999 0.1797128734375 0.75718725625 0.1785060765625 0.7537166281250001 0.18202048125 0.753696453125 0.1853141265625
0 0.7079881671875 0.20409341718750001 0.7077386421875 0.20338155625 0.7058148546874999 0.202713003125 0.7049540015625 0.2035036953125 0.7053523203125 0.2071515421875 0.7078103921875 0.2072434515625 0.7079881671875 0.20409341718750001
0 0.7559463640625 0.3159177875 0.7577345953125 0.31825125781249997 0.7632617328125 0.3174640125 0.7676966578125 0.31716029843750004 0.7686223328125 0.3150114625 0.7728611921875 0.3083646078125 0.7751890703125001 0.30263636875 0.77536215625 0.2970588390625 0.7742578984375 0.2878998953125 0.7736419515625 0.2837682984375 0.7720825312499999 0.280279840625 0.7695922625 0.27616619375 0.7650298859375 0.27239036875 0.7619047921875 0.2703371546875 0.7591772265625 0.269160040625 0.7557342078125 0.2686147203125 0.751247690625 0.2657083421875 0.7487603203125001 0.2643731046875 0.7419097328125 0.26439704375 0.740205865625 0.26519659375 0.7328863046875 0.26698292968750004 0.7297498 0.273511715625 0.730676590625 0.279396334375 0.7319453859375 0.28522912968749997 0.7339087453124999 0.28978295625 0.7363250531250001 0.2961914109375 0.74077840625 0.3013547640625 0.7430864484375 0.3045014375 0.7453116390625001 0.3084908375 0.746738534375 0.309340134375 0.7494358421875 0.30839102500000004 0.7526666484375 0.30867809375 0.7559463640625 0.3159177875
0 0.6860209296875001 0.2368841296875 0.6854955859375 0.2420388484375 0.6869407734374999 0.2469377390625 0.6873807281250001 0.247595915625 0.6897732359375001 0.24669344999999998 0.6900273046875001 0.2416333984375 0.6892286828125 0.2367973640625 0.6869947953125 0.2362189109375 0.6860209296875001 0.2368841296875
0 0.6916015390625 0.8299477890625001 0.6943303171874999 0.8313070234375 0.6955517812500001 0.8313059015625001 0.6983358109375 0.8287205265625 0.6980495671875 0.8259731734375 0.6965605421875 0.8225496515625 0.6936927125000001 0.8220084234374999 0.6914487328125001 0.8221529171874999 0.6908923453125 0.8264848375 0.6916015390625 0.8299477890625001
0 0.642868175 0.8709429921874999 0.6517036140625 0.87129195625 0.6529463296875 0.871186625 0.65429314375 0.864530996875 0.6542841125 0.8625204562500001 0.6523658921875 0.8595494265625 0.6499981328125 0.85676980625 0.647051796875 0.8547765453125 0.645769734375 0.85376193125 0.6419054328125 0.8551273578125 0.6408325859375 0.860302934375 0.6417010750000001 0.8683535375 0.642868175 0.8709429921874999
0 0.42719365312499996 0.7684769124999999 0.42701016249999996 0.7735607984375 0.4259917890625 0.7777831609375 0.424966478125 0.7805410984375001 0.4269113921875 0.7805169265624999 0.4295186828125 0.7814645890625 0.43117419687499997 0.7813898359375 0.4326596484375 0.780391165625 0.436561228125 0.7803984734375 0.43794567031250003 0.7815258015625 0.43918069062500004 0.778652375 0.4395322984375 0.7748243109375 0.4388944296875 0.7703317140625 0.43825970625000005 0.7677569734375 0.43683097968749995 0.76648974375 0.43588027812499996 0.7616849921875 0.43351015625 0.76010888125 0.4306180140625 0.7604702750000001 0.429757465625 0.7652143765625 0.430987275 0.7672980390624999 0.4311731296875 0.7700199999999999 0.4295812921875 0.7697726234375 0.42719365312499996 0.7684769124999999
0 0.3852756984375 0.7644037265625 0.3840533671875 0.7650295921875 0.38193180312499997 0.7665286625000001 0.380896103125 0.768253503125 0.3800924625 0.77221879375 0.3842046234375 0.7750516421875 0.38599577812499997 0.77160345 0.39047608125 0.7706836234375001 0.3917411671875 0.768129771875 0.39027666562499996 0.7642118124999999 0.3878337859375 0.7637742750000001 0.3852756984375 0.7644037265625
0 0.43876095312499996 0.6967423265625 0.4391228734375 0.700400228125 0.44279118906250003 0.7052763 0.44057593749999996 0.70904490625 0.4405923515625 0.712606953125 0.44395454687499997 0.713832378125 0.4456120109375 0.7140948953125 0.4478234484375 0.7140559859375 0.4503520328125 0.7149911828125 0.45088923750000004 0.714935471875 0.452948303125 0.7128221875 0.454735309375 0.7110882015625 0.45603176406249996 0.7085060953125 0.4572159328125 0.7051247109375 0.458104409375 0.7017724265624999 0.45924926875 0.6990587374999999 0.45759777343749997 0.69412400625 0.45545220468750003 0.6921389265625 0.45333694687500004 0.68996248125 0.45173288125 0.68861369375 0.447617090625 0.6874318546875 0.44519108125000006 0.6870476125 0.44248850781250004 0.6896680359375 0.43876095312499996 0.6967423265625
0 0.660492690625 0.731329640625 0.6610559984375 0.7364827671875 0.6619183203125 0.7387391937500001 0.664367603125 0.7397156171875 0.6661330249999999 0.7401455203125 0.6681994296875 0.7391645125 0.6693872984375 0.7353502515625 0.668485609375 0.7318441546875001 0.6655563015625 0.729064184375 0.662818309375 0.7286321109375 0.66134054375 0.729182715625 0.660492690625 0.731329640625
0 0.483096175 0.9944288359375 0.485722975 0.9927962203125 0.4861902359375 0.9879882468750001 0.4883295515625 0.9858876734375001 0.48833985156250004 0.9854131296875 0.4873020796875 0.979909590625 0.485682028125 0.9729185250000001 0.483843425 0.9712826390625 0.47975316875 0.9751434390625 0.4767761828125 0.9786474390625 0.47298473124999996 0.9863349078124999 0.479975840625 0.9926152546875 0.483096175 0.9944288359375
0 0.4032189953125 0.9231130890625 0.3993857796875 0.923682959375 0.3980910234375 0.9267937125 0.39839414687499997 0.93042331875 0.401060284375 0.9340158734375 0.4047496125 0.9255149140625001 0.4032189953125 0.9231130890625
0 0.943588165625 0.6626860375 0.9498083812499999 0.6684899234375 0.95740831875 0.6684691859375 0.9586856750000001 0.666926578125 0.95995788125 0.6639182453125 0.9654719828125 0.6535247546875 0.9666880250000001 0.6456571859375 0.9624917484375001 0.636793175 0.9589093796875 0.62884744375 0.9585387546874999 0.6173937640625 0.9560237468749999 0.6052160265625 0.9527298999999999 0.6030696421874999 0.9496142093750001 0.61074549375 0.9502916703125001 0.6218000734375 0.9519155328125001 0.627958040625 0.9487527046875 0.633644209375 0.9421477390625 0.6445926328125 0.9403005921875 0.6533584718750001 0.943588165625 0.6626860375
0 0.8940107390625001 0.54027964375 0.891968425 0.5440550749999999 0.8898963 0.5493571375 0.890921571875 0.554330315625 0.894422759375 0.559792140625 0.8982009078125 0.5547855984375001 0.89793536875 0.5500197578125 0.8973520562499999 0.5467808187500001 0.8967253484375 0.5420479484375 0.8940107390625001 0.54027964375
0 0.853671678125 0.41273170937500003 0.8526919156250001 0.41639067656249995 0.8524264374999999 0.42016435625000004 0.85516094375 0.423984471875 0.8592380578125001 0.42451157500000003 0.859811971875 0.4197094203125 0.8597799765625 0.4157763046875 0.8592266921875 0.4131068875 0.85611805625 0.412138353125 0.853671678125 0.41273170937500003
0 0.9336169859375 0.316284865625 0.9303849218750001 0.3128494640625 0.9253660125 0.30944903125 0.92242539375 0.3109655 0.9216952375 0.3160150078125 0.9250048906250001 0.3199293828125 0.9276344156249999 0.32092644375 0.9306771421875 0.32365951718749997 0.9312895671874999 0.322579525 0.9336169859375 0.316284865625
0 0.935143434375 0.30581823125 0.932663775 0.306362021875 0.93479114375 0.31277691875 0.9376631375000001 0.3151396609375 0.9396652062499999 0.31688211875 0.9477648578125001 0.31604354687499997 0.9506763609375 0.3147708375 0.9536853109375001 0.31271308124999997 0.954926365625 0.302819796875 0.95459221875 0.3005347046875 0.9489240953125 0.3063571984375 0.9460177171874999 0.309824921875 0.9371717515625001 0.30753478749999996 0.935143434375 0.30581823125
0 0.9483752593749999 0.2897860734375 0.95400254375 0.29259154062500004 0.9557862265624999 0.28812178906249997 0.9526899453125001 0.2849277890625 0.9483752593749999 0.2897860734375
0 0.924630496875 0.3944080828125 0.9208478171875001 0.412637653125 0.9191945468749999 0.4211083125 0.92189029375 0.4230856140625 0.9257064828124999 0.4204058546875 0.9278201578124999 0.39529453124999997 0.924630496875 0.3944080828125
0 0.9544880921875001 0.48974952656250004 0.95458611875 0.49097842812500003 0.9572059421875 0.49102793125 0.9601018046875 0.4939291625 0.9638495624999999 0.49489767812499996 0.9612098390625 0.4797118328125 0.95626208125 0.4810860015625 0.9551597828125 0.48550863906249997 0.9544880921875001 0.48974952656250004
0 0.9788432671875 0.4799070875 0.97741679375 0.48089295156249995 0.9765469421875 0.48317876875000004 0.9772369968750001 0.4848747859375 0.9803869265625 0.4856125640625 0.9810290890625 0.48162802656250003 0.981137859375 0.4809412734375 0.9788432671875 0.4799070875
0 0.9962713421875 0.4624212859375 0.9957768453125 0.46149818906249995 0.9936947984375 0.4625779671875 0.9927958578125 0.46453803593750004 0.992415034375 0.46780145156249997 0.99485553125 0.46727518906250004 0.9959486109375 0.4656575171875 0.9962713421875 0.4624212859375
0 0.063350359375 0.9035456390625001 0.06223644375 0.9083113062500001 0.06198555 0.9123325031249999 0.0663754296875 0.9134818203125 0.06865679687500001 0.9102346640625001 0.07297210781249999 0.9067907640625 0.07661386249999999 0.9065607531250001 0.0808700140625 0.9067365390625 0.085062803125 0.903516859375 0.08368291718750001 0.8979559703125 0.0871405 0.8970908921875 0.0895689875 0.8960311828125 0.0943818109375 0.8897457531249999 0.0949884 0.88319910625 0.093926540625 0.8774481281250001 0.091145646875 0.874150628125 0.08574108593749999 0.8730652437499999 0.0847824453125 0.8704281234375 0.0809697296875 0.8648157109374999 0.073308653125 0.861207203125 0.064736375 0.862782471875 0.0612562375 0.8646089828125 0.0580865265625 0.8690601203125 0.05481788125 0.8765630390625001 0.05568886562499999 0.8817712249999999 0.055975387499999994 0.8851261015624999 0.058640581250000004 0.8888244999999999 0.06229699062500001 0.8936259140624999 0.06332736562499999 0.8976080015625 0.063350359375 0.9035456390625001
0 0.1297905484375 0.7533209078125 0.128704909375 0.7578980546875 0.12886867500000002 0.7607794593749999 0.130477996875 0.76217495625 0.13402197968750001 0.7610340609375 0.139389428125 0.7592074765625 0.1415088625 0.7575720203125 0.14139109375 0.7548197109375 0.13838261093749998 0.7521600859375 0.135174775 0.7490211875 0.13470087343749998 0.7485174125 0.13208827812499999 0.75050980625 0.1297905484375 0.7533209078125
0 0.06791277500000001 0.7664575124999999 0.070743203125 0.7680938734375 0.0725823921875 0.7674787000000001 0.07506834375 0.7648176375 0.0774792234375 0.7596340890625 0.0763766734375 0.7548891328125 0.0766071265625 0.7519958109375 0.07507259375 0.7494588984375 0.0725779 0.7484895203125 0.0672536859375 0.7495936609375 0.0662776140625 0.754537778125 0.06675138593749999 0.76279321875 0.06791277500000001 0.7664575124999999
0 0.21013380937499998 0.7493593390625 0.20595325781249998 0.749575203125 0.2039365265625 0.7514911171875001 0.202122078125 0.7547267984375 0.2012914796875 0.7595215203125 0.2017562125 0.7674844453125 0.20291265468750003 0.769262240625 0.206981159375 0.7675763765625 0.210533121875 0.7665648843749999 0.21157056718749997 0.7644195140625001 0.2138730484375 0.756594296875 0.2135226953125 0.752014353125 0.21013380937499998 0.7493593390625
0 0.1977571765625 0.6820839999999999 0.1978912171875 0.6868211015625 0.198819453125 0.6884915640625 0.201066971875 0.689103815625 0.2029411734375 0.68865713125 0.2076516203125 0.68480596875 0.20956017500000002 0.6809761296875 0.2106918671875 0.6769172578125 0.21050042812499997 0.6729620515625 0.2065685625 0.6708886328125 0.20452350937500002 0.6710456484375 0.202941034375 0.673136334375 0.201861359375 0.6744096765625 0.19965929531249998 0.6747190062499999 0.19880605468749998 0.6775991140625 0.1977571765625 0.6820839999999999
0 0.12147547968750001 0.6662449703125 0.1221352859375 0.67157790625 0.12237104218749999 0.6742444921875 0.12343884062499999 0.6803175515625 0.125581584375 0.682430325 0.132866384375 0.6741713625 0.1323851140625 0.6710672328125 0.1316226734375 0.6682001625 0.1311777109375 0.667144115625 0.129971896875 0.6632908578125 0.12930263749999998 0.6615933890625 0.12333659374999999 0.6615660078125 0.12147547968750001 0.6662449703125
0 0.053717146874999996 0.7100675734374999 0.051640609375 0.7104932859375 0.048433089062500004 0.7141743390624999 0.0454994546875 0.71977183125 0.04669071875 0.7255148296875 0.04961065 0.7264961890625 0.054037378125 0.7249857109375 0.0550346265625 0.7234936578125 0.056844240625 0.7210276328125 0.057435340625 0.7176551421874999 0.056898759374999996 0.7150500671875 0.053717146874999996 0.7100675734374999
0 0.0376847890625 0.6753224140625 0.0367675609375 0.6788362515624999 0.0372280453125 0.6822613953125 0.041682459375 0.6836724656250001 0.0394650296875 0.6826505015625 0.0441140546875 0.6798463703125 0.046364896875 0.6787695984375001 0.048019810937500004 0.6770605671875 0.049582209375000005 0.673977965625 0.05030208125 0.6703917390624999 0.047124348437500005 0.667831865625 0.0424571828125 0.669502009375 0.040470715625 0.6708073296875 0.0376847890625 0.6753224140625
0 0.109627915625 0.685992540625 0.11023520625000001 0.682397975 0.11007047343750001 0.6803517 0.106034678125 0.6803927421875 0.10407311718750001 0.6831289484374999 0.103750334375 0.68868276875 0.108326865625 0.6886735828125 0.1091478140625 0.6875854859375 0.109627915625 0.685992540625
0 0.1521046921875 0.6479929734375001 0.153302784375 0.652704021875 0.15324489531250002 0.6563856046875001 0.15319184218749998 0.65929753125 0.1556623421875 0.6585418859375001 0.1581377484375 0.656866309375 0.16022217968750002 0.6562409359375 0.1624137515625 0.6566370890625 0.1631794171875 0.6515631468749999 0.1633817890625 0.647768396875 0.1636428390625 0.6461201921875 0.16446460937500001 0.643478725 0.165518653125 0.6419577000000001 0.1662375921875 0.6398156687500001 0.164471065625 0.6367658375 0.1595369421875 0.634767809375 0.15670476875 0.63593918125 0.1542684078125 0.6388564671875 0.152828546875 0.6427035875 0.1519497984375 0.6449057328125 0.1521046921875 0.6479929734375001
0 0.0661949734375 0.597665365625 0.063825228125 0.6004017828125 0.06207641093750001 0.6033029890625 0.06044505625 0.609427884375 0.0625614734375 0.6095194671875 0.0665482359375 0.6099278499999999 0.0679201953125 0.610145146875 0.07005451875 0.609654234375 0.071712628125 0.6075454703125 0.0728824015625 0.6050540390625 0.073208828125 0.602753340625 0.07169940625 0.6003675296875 0.071468484375 0.5979500796874999 0.0686009828125 0.597067196875 0.0661949734375 0.597665365625
0 0.1106379390625 0.604204534375 0.1123353515625 0.6056930828125 0.11214240312499998 0.6093184703125 0.1135894046875 0.6105901765625 0.1165649 0.6093529140625 0.118855703125 0.6048875484375 0.1209686890625 0.6031529859375 0.122959696875 0.599991146875 0.12304408124999999 0.5967915171875 0.120496803125 0.5941764640625 0.11769177812500001 0.5927592765624999 0.11372336406250001 0.5911863 0.11060444843749999 0.590822034375 0.1092459625 0.5945349203125 0.109464025 0.5976827890624999 0.10998314687499999 0.6009574390625 0.1106379390625 0.604204534375
0 0.15314673437499998 0.60188045 0.151152040625 0.6054451109375 0.15057689999999999 0.6090764078124999 0.15164847343750001 0.6142167 0.1535406015625 0.6168830203125 0.15916283125 0.612758628125 0.15970276562500002 0.6040958140625 0.156226684375 0.602191084375 0.15314673437499998 0.60188045
0 0.06616825312499999 0.5444371078125 0.071551375 0.5434704359375 0.07298560937500001 0.546470803125 0.0736348140625 0.54644706875 0.07671797968750001 0.5444501078124999 0.0799943140625 0.540574296875 0.08145164218749999 0.538764365625 0.0827278796875 0.534631884375 0.08334086406249999 0.53136094375 0.0841282 0.5288769656250001 0.0829164828125 0.5258200890625 0.08027785468750001 0.5193969875 0.0757414109375 0.5222094578124999 0.0753456359375 0.5232699765625 0.0718705953125 0.5224174265625 0.067830465625 0.5255821859375 0.06550481875 0.5303774125 0.06493333125 0.535034409375 0.065688125 0.5416653734375 0.06616825312499999 0.5444371078125
0 0.09177106406249999 0.49664290624999996 0.08847103281249999 0.49758197812500005 0.08651776562499999 0.4992769765625 0.088117446875 0.50317046875 0.0897573015625 0.509686915625 0.092154371875 0.509095240625 0.0940758828125 0.5077305921875 0.09577505625 0.50587195625 0.0968566328125 0.5033380796875 0.0966212640625 0.5008787953125 0.09563820468749999 0.49766671406249996 0.0946277203125 0.49455786562500004 0.093507946875 0.49372715468750006 0.09177106406249999 0.49664290624999996
0 0.027085548437500002 0.50044884375 0.0267929671875 0.5022961296874999 0.028690165625000003 0.502852896875 0.0355961921875 0.5064841953125 0.0378606734375 0.509166778125 0.04309479375 0.5019593390625 0.046181867187499996 0.498409496875 0.0470414921875 0.49644794687499993 0.046545746875 0.4911678890625 0.0498942703125 0.47952493125 0.0453934359375 0.47309322343750004 0.0415658578125 0.47614452500000004 0.037673056249999996 0.47884853437499997 0.034185025 0.4803653109375 0.032252378124999995 0.48480672187499996 0.029818234375000002 0.49022704531250005 0.028042992187499997 0.4894396421875 0.0268639953125 0.49457625937499994 0.0284079078125 0.4970339765625 0.027085548437500002 0.50044884375
0 0.22491251406249999 0.49901565468750003 0.22583905624999998 0.5052514328125 0.229323228125 0.507394740625 0.22720021406250002 0.512438790625 0.2263204328125 0.518842503125 0.22542887500000003 0.529835246875 0.227819153125 0.5344503640625 0.2289112953125 0.5366640921875 0.2302805796875 0.5407837015625 0.231225834375 0.5433854796875 0.2330739125 0.5450814 0.2358299265625 0.546218725 0.23914409375 0.5473178953125 0.24156114999999997 0.54671989375 0.24364621406250003 0.5478284671875 0.24718643906249999 0.5462218765625 0.25001035625 0.5473699562500001 0.25178022499999997 0.5483510921875 0.2572358890625 0.5472060734374999 0.260266396875 0.546610315625 0.2662321140625 0.545960559375 0.2680039609375 0.5451812671875 0.27340947187500003 0.5418958015625 0.27488947812500003 0.5451565328125 0.2772211421875 0.5442586687500001 0.2808669921875 0.5410662640624999 0.2820352203125 0.5365370031250001 0.28130128593750003 0.532491128125 0.2812736984375 0.5312369968749999 0.2825862546875 0.5275943546875 0.285601259375 0.5217028453125 0.2839067671875 0.5132540624999999 0.280340453125 0.505196971875 0.2733885296875 0.506160375 0.2691153 0.5046640984375 0.2636866828125 0.498846375 0.25953139062499997 0.4931195875 0.2563538140625 0.48666332968750003 0.2441879453125 0.48456875625 0.241056925 0.487097590625 0.23868405781250002 0.4941586390625 0.237108234375 0.4964370515625 0.234267440625 0.49558529218749997 0.2310320609375 0.49212088906250007 0.2264907359375 0.492736803125 0.22491251406249999 0.49901565468750003
0 0.2714862859375 0.5663238234375 0.2682701515625 0.5691603187500001 0.26689107500000003 0.5731230593750001 0.2651424140625 0.5790996515625 0.266772653125 0.581941225 0.2696656359375 0.5850903703125 0.27448535937499996 0.5840850890625 0.2750210234375 0.5821513281249999 0.2799844296875 0.58134756875 0.282502103125 0.5792752812499999 0.28411490625 0.574575971875 0.281885215625 0.571334134375 0.27781524687500003 0.569113865625 0.2714862859375 0.5663238234375
0 0.2681168203125 0.47541023750000005 0.266236453125 0.48110969062500003 0.2661114171875 0.48455599843749997 0.2674544453125 0.48701353750000004 0.2725504796875 0.4896573453125 0.2760104953125 0.4913538734375 0.2778635234375 0.492549090625 0.2786952453125 0.49101341875 0.282798365625 0.4876007734375 0.2852469890625 0.48945034375 0.28794305 0.48974763593750004 0.288964353125 0.48687516249999996 0.2903742421875 0.48472550156249994 0.2939797140625 0.481718121875 0.29557964062500003 0.479147696875 0.29649827968750003 0.47335761718749997 0.295363878125 0.467275590625 0.2931669984375 0.46421613125 0.2887877671875 0.46254012187500004 0.287712990625 0.46206457187499994 0.28564730781250003 0.45915561406250005 0.2815566765625 0.4573354765625 0.2778186265625 0.459002490625 0.27428120625 0.4603516640625 0.2714936203125 0.46459755156250004 0.269906834375 0.47061085625 0.2681168203125 0.47541023750000005
0 0.2831438109375 0.4172701765625 0.284320390625 0.42450423437499996 0.28488221875 0.4296966765625 0.29212677343750004 0.430521378125 0.2959080890625 0.430109396875 0.301605871875 0.4283446234375 0.30551671874999997 0.425616578125 0.305800403125 0.4211386375 0.303762646875 0.4186027046875 0.30088725625 0.417569865625 0.2979495703125 0.42110539999999996 0.2973001015625 0.42100095312499997 0.2952063 0.418968703125 0.2954776640625 0.4168158984375 0.29875523125000003 0.414270725 0.297669146875 0.41178902031250003 0.2945918796875 0.4113016296875 0.2934330515625 0.4094190453125 0.2906150375 0.4069651875 0.2869084140625 0.40899312343750005 0.28652700625 0.4161955703125 0.2831438109375 0.4172701765625
0 0.2538654453125 0.37944939375 0.25520113125 0.3836712578125 0.25670415625 0.386187359375 0.258413971875 0.38653884843749997 0.2617798859375 0.385932934375 0.2642430703125 0.3833157265625 0.266035784375 0.3803471203125 0.266616059375 0.378721 0.2671330015625 0.3741487 0.26639325 0.371228271875 0.26452074375 0.3691472265625 0.2615329234375 0.3691438484375 0.258776609375 0.369656478125 0.25570557968749996 0.37226600312499997 0.25452775625 0.37528770312500004 0.2538654453125 0.37944939375
0 0.4297035875 0.23988514843750003 0.4309433328125 0.2431046625 0.43438336718750004 0.24547669375 0.4362628953125 0.2462948515625 0.4375920875 0.2430266078125 0.43806358124999994 0.2392206953125 0.4365611109375 0.2348632609375 0.4328511703125 0.235843403125 0.43085365312499996 0.2380075671875 0.4297035875 0.23988514843750003
0 0.4409785421875 0.233091865625 0.4393439 0.23266527343750001 0.4379809609375 0.23413895624999997 0.4379869515625 0.23519982968750003 0.43927901875 0.23653084062500002 0.4414478625 0.23468331406249998 0.4409785421875 0.233091865625
0 0.43642456875 0.209346496875 0.43643832656250003 0.21302519062499997 0.43820324531250004 0.21552582031249998 0.43939077656250003 0.21615844375 0.44151738749999997 0.21582608906249998 0.4436809890625 0.21390179687500002 0.4448420484375 0.2117949890625 0.4455624546875 0.2106624921875 0.44511403437499997 0.20800019062500003 0.44337301250000005 0.206487334375 0.4411892953125 0.2061414671875 0.4392337890625 0.2065721109375 0.43808075156250004 0.20718996875 0.43642456875 0.209346496875
0 0.449600375 0.1623050515625 0.4482641640625 0.162920790625 0.44668253125 0.16460662343750002 0.44666047343750004 0.1677623375 0.44663159375 0.17125076875 0.4522063515625 0.16974335625 0.451028121875 0.1680032421875 0.4510354125 0.1670283171875 0.45061220156250004 0.1653255234375 0.449600375 0.1623050515625
0 0.299875115625 0.2082848859375 0.306080315625 0.21270532812499998 0.3104653578125 0.2136055078125 0.31321471875 0.21200812343750003 0.31497051875 0.210640959375 0.31847377187500003 0.20668085937499997 0.32161208124999996 0.2036864953125 0.3236387953125 0.2014478578125 0.3251669734375 0.1985813125 0.325409378125 0.1937946765625 0.3255457578125 0.1900669921875 0.3256782265625 0.186364 0.3254541015625 0.18281493124999998 0.3244520375 0.178743990625 0.3235806421875 0.1750765859375 0.3184559296875 0.172953453125 0.31345864375 0.172582765625 0.308230965625 0.1725979765625 0.30360875468750004 0.173854434375 0.3011286609375 0.17514010468750002 0.29825675625 0.17820039062499998 0.2948607046875 0.1856087796875 0.2920069140625 0.19291954218750001 0.2914306328125 0.1967278421875 0.2932671484375 0.20205256718750003 0.29659210625 0.20725867656250002 0.299875115625 0.2082848859375
0 0.329033015625 0.191701390625 0.3305443984375 0.1942346375 0.3333592015625 0.196099490625 0.33629864375 0.19704755625 0.338946853125 0.19752710625 0.3423560203125 0.1953096796875 0.3435721109375 0.1929553078125 0.3444089453125 0.189219915625 0.3437118125 0.18346342499999999 0.34288255 0.17900063125000001 0.3414234578125 0.17855438437499999 0.34073420312499997 0.1785812671875 0.3365201140625 0.1787791625 0.3333400203125 0.1794603859375 0.330646490625 0.1815143125 0.3287236453125 0.1866928953125 0.329033015625 0.191701390625
0 0.33189451718749996 0.1997038015625 0.3298702375 0.20109805 0.32977054843750003 0.2030059453125 0.33043467656250003 0.20524521875 0.3321477140625 0.207524065625 0.3344721484375 0.20458430625 0.334883603125 0.2021562796875 0.3340794046875 0.1998125578125 0.33189451718749996 0.1997038015625
0 0.3604105375 0.148428721875 0.359837934375 0.1496368328125 0.3608410765625 0.15247241875 0.3648925125 0.1547198109375 0.3674326953125 0.156710440625 0.3688583921875 0.14884760156250001 0.3702340125 0.14735377968750002 0.3701636265625 0.1455708171875 0.3678036265625 0.1442304421875 0.366556153125 0.14562433125000002 0.3613713140625 0.147446615625 0.3604105375 0.148428721875
0 0.3706671828125 0.13399140468749998 0.36974537500000004 0.133149334375 0.367551515625 0.1334568 0.3668950640625 0.13436529375 0.36725988125 0.13825462187499998 0.36906567031250004 0.137161146875 0.37057639062500003 0.1359829703125 0.3706671828125 0.13399140468749998
0 0.386468159375 0.12987504218749998 0.38922240937499997 0.1297749828125 0.39195365625 0.127492896875 0.3933073234375 0.127066596875 0.39644250937500003 0.125340484375 0.398183609375 0.12141926249999999 0.3970224703125 0.12096958437500001 0.395604115625 0.11958693281249999 0.3936099484375 0.12086097343749999 0.3924439609375 0.1217204046875 0.3892405984375 0.12298801875000001 0.3864046171875 0.1231146828125 0.38542339062500003 0.124905103125 0.385595625 0.1279128265625 0.386468159375 0.12987504218749998
0 0.31642156875 0.14104074687499998 0.3148633828125 0.1439768921875 0.313996240625 0.15045063125 0.314776840625 0.1530532234375 0.31543659218750003 0.1545909890625 0.32213888125 0.15433474062500002 0.32911254375 0.14969826718749998 0.33000057968749996 0.146418684375 0.328507096875 0.14416195468749998 0.326825178125 0.14169661718749998 0.3270200921875 0.13735965156250002 0.32657716875 0.13356394375 0.3235756796875 0.132757921875 0.32057459062500004 0.134516346875 0.318304490625 0.13798201875 0.31642156875 0.14104074687499998
0 0.3260818984375 0.12337666875 0.32477215312499996 0.12504386875 0.324631403125 0.1297580140625 0.32573206718750003 0.1323274546875 0.32807741562500004 0.1332209734375 0.33215727031250003 0.13243230625 0.3339760421875 0.1286499453125 0.333130746875 0.1230598265625 0.329615371875 0.12281153125 0.3260818984375 0.12337666875
0 0.33725394375 0.14053561718750002 0.3391100296875 0.1402632453125 0.3395089890625 0.1374646375 0.33911610312499996 0.1355404234375 0.3368693765625 0.1358221140625 0.3351016390625 0.139561934375 0.33589621406250003 0.14045820625 0.33725394375 0.14053561718750002
0 0.2822019 0.096862453125 0.2811306359375 0.09685414375 0.2805882140625 0.09916018125 0.2816382484375 0.1029682015625 0.284025690625 0.10280688125 0.2866287515625 0.09883708906250001 0.2822019 0.096862453125
0 0.296617684375 0.1528712015625 0.29634765937499996 0.1583416234375 0.2988099234375 0.1630915359375 0.3004353796875 0.1648945734375 0.30382430625 0.1638936453125 0.3059790703125 0.1617654609375 0.3071440703125 0.1551490609375 0.3073775078125 0.1504290296875 0.3055094703125 0.144604153125 0.3008004296875 0.14601929375 0.29846759375 0.1485226796875 0.296617684375 0.1528712015625
0 0.26455407656249996 0.15740649843750001 0.262688021875 0.15746214375 0.2616140515625 0.15988806718749998 0.2613077828125 0.161821775 0.262011378125 0.1640815390625 0.2654321296875 0.1629496015625 0.2661343515625 0.1617920765625 0.26600799375 0.1589941125 0.26455407656249996 0.15740649843750001
0 0.2404304015625 0.191067459375 0.23952372031250002 0.18968042031250001 0.23629803749999997 0.190569571875 0.2349758640625 0.1910467390625 0.234596965625 0.1938485234375 0.23552489375 0.194971571875 0.23647023906250003 0.195005815625 0.24004249375 0.1935166171875 0.2404304015625 0.191067459375
0 0.418563025 0.1780798921875 0.4176933015625 0.178057625 0.41708624062500005 0.1821901 0.41917183125 0.18355503906249998 0.42198835 0.1845500765625 0.421882078125 0.1820447953125 0.42045009687499996 0.17976933281250002 0.418563025 0.1780798921875
0 0.3351637609375 0.28752456875 0.33533038125000003 0.2893591578125 0.3366754890625 0.289845884375 0.3402187796875 0.287600659375 0.340101084375 0.2857168671875 0.337664878125 0.281681390625 0.336353725 0.2857846109375 0.3351637609375 0.28752456875
0 0.28314641875 0.283441684375 0.2812202640625 0.2902792359375 0.2801145140625 0.29427419375 0.282955225 0.29495666875 0.285253746875 0.2940583 0.28956037343749996 0.291448309375 0.29060930625000003 0.288721009375 0.2902430078125 0.2838522015625 0.28857019687499996 0.2813693234375 0.285679696875 0.278973590625 0.28314641875 0.283441684375
0 0.2580277921875 0.31770124375000003 0.254416725 0.3181370265625 0.2511425296875 0.319062790625 0.24892236093750003 0.32190357812500003 0.24890202968750003 0.3275654171875 0.252872775 0.3319103859375 0.25714248125 0.3341480515625 0.26010623437499997 0.3316465109375 0.2619301734375 0.3294596015625 0.2622085140625 0.32562467968750003 0.26241055625 0.32303059843750004 0.2599126671875 0.31905495781250004 0.2580277921875 0.31770124375000003
0 0.2635047296875 0.30976975156250003 0.2614415484375 0.312168721875 0.2606341359375 0.3151889734375 0.26355901249999997 0.3175474375 0.26601701875 0.317949403125 0.268404115625 0.31051884375 0.2648381515625 0.3088719796875 0.2635047296875 0.30976975156250003
0 0.21293548437499998 0.22594729687499998 0.2173661875 0.2244516859375 0.22018078437500002 0.22113395156250001 0.22224913750000003 0.21692443749999998 0.22664106718750002 0.20868188281250002 0.2242313640625 0.2039197296875 0.2228817984375 0.202562209375 0.2246382328125 0.200382009375 0.223234125 0.19875957187499999 0.223580678125 0.196501609375 0.2212233046875 0.194595303125 0.2197189859375 0.1932559875 0.21700723281249998 0.1929878484375 0.21431201562500002 0.193304496875 0.21256427968749997 0.1915643546875 0.21159684531249998 0.191180159375 0.2097579046875 0.1919535703125 0.2087789734375 0.1948881234375 0.2074036359375 0.19714924843749998 0.2037556953125 0.19995532031250002 0.2017250296875 0.2068933859375 0.19927953437499998 0.21635069843750002 0.199099765625 0.2218006125 0.20017845625000003 0.22377965937500002 0.204365703125 0.22620833906249999 0.2088270328125 0.2269165265625 0.21293548437499998 0.22594729687499998
0 0.185836640625 0.3378625296875 0.18686695312499998 0.3343238890625 0.18566302343750002 0.329080371875 0.18392168125 0.33010653749999996 0.183834925 0.3246713609375 0.175108878125 0.328965425 0.1755432171875 0.3313470671875 0.174070940625 0.33350108437500003 0.174117725 0.3364019296875 0.1740338296875 0.33857967968749997 0.1752697109375 0.3403653109375 0.1767845765625 0.3408789234375 0.17850312968749998 0.340116503125 0.180690209375 0.3385233984375 0.1813099828125 0.33889524375 0.183844453125 0.3389043328125 0.185836640625 0.3378625296875
0 0.156179859375 0.3225771859375 0.1570047671875 0.324590390625 0.15844395625000002 0.3252122484375 0.1599406625 0.32497154687499996 0.1615493546875 0.32377408281250003 0.1624908109375 0.3205567484375 0.162323815625 0.3189942 0.16026038125 0.3161409671875 0.15902355625 0.316498765625 0.1576277390625 0.31860952343750004 0.156179859375 0.3225771859375
0 0.1966418703125 0.1825737890625 0.1985658125 0.184789540625 0.2001222890625 0.18593937031250002 0.20228902031249998 0.1859629875 0.20415279218750002 0.183204965625 0.205140128125 0.1808665671875 0.20476778750000002 0.17776387031250002 0.2040577265625 0.1749256625 0.201059809375 0.1754854515625 0.1990638640625 0.1775897484375 0.19735999375 0.1802671046875 0.1966418703125 0.1825737890625
0 0.14046908281249998 0.32934024375000004 0.14109611093750002 0.327109303125 0.14112085000000002 0.32565463906250003 0.13934855156249998 0.32465888125000003 0.13762788125 0.3250950796875 0.13670188125 0.3275855703125 0.1365455671875 0.3300207859375 0.13769708593750002 0.3302015875 0.1394551171875 0.3302886125 0.14046908281249998 0.32934024375000004
0 0.20642486718750003 0.3928951546875 0.20810676093749997 0.394561590625 0.21049419375 0.39509950312500003 0.21344758281249998 0.3959295453125 0.21534117187500001 0.396389240625 0.2171790984375 0.39195655625 0.2191432296875 0.3897934328125 0.218435815625 0.3875378109375 0.218330915625 0.3853934375 0.21830322500000002 0.3818027109375 0.21657832500000002 0.3798684375 0.21373302968750002 0.38164204687500003 0.211480484375 0.3830491828125 0.208455546875 0.38643643125 0.2068227765625 0.38872480781249996 0.206116775 0.3916741140625 0.20642486718750003 0.3928951546875
0 0.14098143125 0.4197348625 0.14556592031249999 0.420074971875 0.14810661875 0.4184366296875 0.1491373296875 0.416953040625 0.15965814843749998 0.4135428109375 0.16165980625 0.4098542765625 0.1623085203125 0.40575845624999995 0.1633025515625 0.40249882656249997 0.162785 0.39865491406250003 0.157767784375 0.395113953125 0.1555467546875 0.3938050796875 0.151463228125 0.3929289265625 0.1486936796875 0.393425221875 0.144489953125 0.3957351140625 0.142375575 0.39885685 0.1374236796875 0.3983493921875 0.13452 0.40313849375000005 0.13207463125000002 0.40774073906249997 0.132541715625 0.4116336109375 0.13317959375 0.4164457671875 0.14098143125 0.4197348625
0 0.20891809062500002 0.0999108703125 0.20672416562499998 0.1015471859375 0.205849103125 0.1033465109375 0.20740239843750002 0.10639421093749998 0.20878730937499998 0.106369934375 0.2113025015625 0.10558181874999999 0.2127592296875 0.10213760937500001 0.21331800781250002 0.09857965468749999 0.2122476828125 0.0967775328125 0.2100720515625 0.0990574453125 0.20891809062500002 0.0999108703125
0 0.1904314109375 0.128635059375 0.1906194359375 0.1303844484375 0.19149355625 0.1322567421875 0.193930096875 0.1342325390625 0.1937991796875 0.13077416875 0.193649846875 0.12964946093750002 0.1927460359375 0.127694946875 0.191530275 0.126811065625 0.1904314109375 0.128635059375
0 0.160169575 0.10222750781250001 0.15988557812499998 0.10497946093749999 0.1602294265625 0.1082121125 0.16021854375 0.11109749687499999 0.160065590625 0.1134715484375 0.1642435078125 0.112133646875 0.1655797328125 0.10945026718749999 0.166040309375 0.107411275 0.1656892015625 0.1061122328125 0.163859134375 0.103783209375 0.1612199578125 0.10139880781249999 0.160169575 0.10222750781250001
0 0.1403084828125 0.11750552031249999 0.1419795546875 0.120568709375 0.145219934375 0.122073834375 0.148162940625 0.122699740625 0.15083454999999998 0.12334119531250001 0.151563684375 0.1228128140625 0.1532263234375 0.12193396249999999 0.1564343 0.11815015312499999 0.1567910984375 0.114169459375 0.15652120625 0.10848222031250002 0.1536184140625 0.106823325 0.1502224546875 0.109276975 0.14513772656249999 0.1115359234375 0.1403084828125 0.11750552031249999
0 0.1384192625 0.11351238125 0.1369795421875 0.11349317343750001 0.13530505937499998 0.11433692656250001 0.1342999171875 0.1165380375 0.13427093750000002 0.119727459375 0.139178421875 0.1195065 0.13983547031250002 0.11513831875 0.1384192625 0.11351238125
0 0.1377878953125 0.0903107765625 0.136241865625 0.0955174015625 0.1353186421875 0.1003575671875 0.1373779984375 0.10120895468749999 0.1389843859375 0.100585384375 0.1449195 0.0975119390625 0.145952809375 0.090078946875 0.1466711859375 0.085543296875 0.1426368265625 0.0820694140625 0.14088608125 0.083394665625 0.13921022031250002 0.086104934375 0.1377878953125 0.0903107765625
0 0.101309796875 0.154220871875 0.1013963796875 0.1559415375 0.10383354687499999 0.1579633109375 0.1040094 0.1608782703125 0.10580375 0.16247392656249998 0.10940901875 0.1617651265625 0.11209502812500001 0.1606576125 0.11445046875 0.160828184375 0.11710160781250001 0.159601246875 0.11879987031250001 0.1574387265625 0.12047334375 0.15105789375 0.122090778125 0.1494156984375 0.12234288906249999 0.147264590625 0.1219063078125 0.14498700312499999 0.1221692875 0.1420181546875 0.1228617546875 0.137646090625 0.122782434375 0.13552000625 0.120250546875 0.13452575312499998 0.11761175937499999 0.13489563437500002 0.11654076718749999 0.1317692921875 0.11248593437500001 0.1308518046875 0.10852981875 0.13124875625000001 0.10692585624999999 0.13274596249999998 0.1055454484375 0.1355884515625 0.10421123437499999 0.14205465781249998 0.1038960515625 0.1468313484375 0.10186190937499999 0.1499958484375 0.101309796875 0.154220871875
0 0.0781019890625 0.16834551874999998 0.0775745875 0.17015719375 0.0782696140625 0.1745386125 0.0801556078125 0.17746340625 0.08294932031249999 0.175695865625 0.0884993234375 0.17363558750000002 0.089038196875 0.1671968640625 0.085338125 0.16265114218750001 0.081160675 0.1633468359375 0.0781019890625 0.16834551874999998
0 0.0640300125 0.21597115156250002 0.062823803125 0.21668499843750003 0.061599959375 0.2182693015625 0.061069465625 0.2204301046875 0.06299281875 0.22234993281249998 0.0650674765625 0.22194607031250002 0.0660217859375 0.2188573296875 0.0653211390625 0.2160395953125 0.0640300125 0.21597115156250002
0 0.0818723328125 0.26366986875 0.0791210640625 0.2643304203125 0.077466446875 0.265248509375 0.07702696875000001 0.2681830765625 0.077404465625 0.2700146796875 0.08229065625000001 0.27049749375 0.082451415625 0.2650477328125 0.0818723328125 0.26366986875
0 0.068822784375 0.3397289453125 0.0652170125 0.3469332625 0.0632845890625 0.3536306078125 0.0638193546875 0.3562970921875 0.06569996875 0.3641900234375 0.0674698625 0.36495126718750004 0.07325178593750001 0.36253539218749997 0.079956240625 0.3601279984375 0.08256870937500001 0.3555095046875 0.0838587609375 0.35340730625 0.085163571875 0.3498235515625 0.08596516562499999 0.34640055625 0.08907118124999999 0.341632428125 0.0930007234375 0.3376876390625 0.09093669374999999 0.326897534375 0.085927434375 0.3267622484375 0.083727784375 0.33001285468749997 0.080410396875 0.33004270625 0.0770165171875 0.32950675 0.0756187421875 0.32908287187499996 0.07361553125 0.33143280625 0.07318179531249999 0.33527001093750003 0.0724731328125 0.337666784375 0.068822784375 0.3397289453125
0 0.027101049999999998 0.32314017968750003 0.026680984375 0.3197894640625 0.024725803125 0.31784086718750004 0.02200581875 0.3217098765625 0.022033596875 0.32817665156250003 0.027101049999999998 0.32314017968750003
0 0.030545673437499997 0.2677913515625 0.0299239296875 0.2749430765625 0.0319539390625 0.26649095625 0.0359048484375 0.26372970625000003 0.0354963359375 0.26050579687500003 0.0337900125 0.256926046875 0.0330219828125 0.2521565546875 0.031685934375 0.2605920296875 0.030545673437499997 0.2677913515625
0 0.043542603125 0.26225162968750004 0.042049165625 0.261432925 0.040398915625 0.2627329609375 0.0396200734375 0.266142159375 0.039192321875000005 0.2688428703125 0.03837565625 0.2720214359375 0.03943963125 0.2735140671875 0.0408508484375 0.2738530671875 0.042159334375 0.2734623234375 0.0428648453125 0.2723939109375 0.04319979375 0.269939528125 0.043198775 0.26713926718750003 0.0434893453125 0.2669527390625 0.045224442187500005 0.266075871875 0.045549878125 0.26533959218750003 0.0452392875 0.263395190625 0.043542603125 0.26225162968750004
0 0.64525845 0.5467363296875 0.6447767718749999 0.5347952140625 0.637381575 0.5415338140625 0.64525845 0.5467363296875
0 0.5567148359375 0.38163361875 0.554850453125 0.37342844531249997 0.546889709375 0.37374956406250004 0.5465614109375 0.3808164625 0.5567148359375 0.38163361875
0 0.4722426421875 0.1958190703125 0.4696449734375 0.1922436875 0.4629830640625 0.194352496875 0.46444245781250004 0.2001205609375 0.4722426421875 0.1958190703125
0 0.7750361359375 0.2667155109375 0.7789398171874999 0.2570509453125 0.7740656 0.257860921875 0.7750361359375 0.2667155109375
0 0.5861781390624999 0.2605329953125 0.5862620078125 0.255009359375 0.5796000984375 0.2571181703125 0.5861781390624999 0.2605329953125
0 0.6254665687500001 0.147316425 0.6249010203124999 0.14089894375 0.6199429328125 0.14723255625 0.6254665687500001 0.147316425
0 0.7822133359375 0.3762176765625 0.7818922171875 0.3682569328125 0.7752303078125 0.37036574375 0.7766897015625001 0.37613380625000004 0.7822133359375 0.3762176765625
0 0.679626975 0.189907090625 0.6830417984375 0.18332905156249998 0.678412009375 0.1825957640625 0.679626975 0.189907090625
0 0.72148239375 0.8245811125 0.7238428125 0.8146721171875001 0.7187241656250001 0.81702535625 0.72148239375 0.8245811125
0 0.484706553125 0.80131729375 0.4881213765625 0.794739253125 0.48129890781249995 0.7928676921875 0.47788408281250006 0.7994457328125 0.484706553125 0.80131729375
0 0.7251824390625 0.9011020265624999 0.7316837890625 0.89501284375 0.7255107375 0.8940351281250001 0.7251824390625 0.9011020265624999
0 0.7379958625 0.94505385625 0.73767474375 0.9370931125 0.7322277984375 0.94651325 0.7379958625 0.94505385625
0 0.79751445 0.8239675921874999 0.79987486875 0.814058596875 0.786795478125 0.8167329546875 0.79751445 0.8239675921874999
0 0.8671410984374999 0.96867240625 0.866010003125 0.9558374437499999 0.85707154375 0.962331615625 0.86112860625 0.9716750624999999 0.8671410984374999 0.96867240625
0 0.9263457468749999 0.82459775625 0.9236713890624999 0.811518365625 0.9141673812500001 0.8115950546875 0.91594789375 0.8253238625 0.9263457468749999 0.82459775625
0 0.8278549546875 0.90708090625 0.8275338359375001 0.8991201625 0.817540971875 0.902283378125 0.8218424625 0.9100835625 0.8278549546875 0.90708090625
0 0.8945099515624999 0.8108545890625001 0.893539415625 0.8019999984374999 0.8892307453124999 0.80922745625 0.8945099515624999 0.8108545890625001
0 0.9670671375 0.6024517484375 0.966585459375 0.5905106328125 0.9609779546875 0.5959503984375 0.9670671375 0.6024517484375
0 0.22464046093749998 0.9001318140624999 0.22407491249999997 0.8937143328125 0.21944512343749997 0.892981046875 0.218872396875 0.9015912078125 0.22464046093749998 0.9001318140624999
0 0.17772905 0.8167668921875 0.1791956234375 0.8075073140625 0.17074602187500001 0.810914959375 0.1719609859375 0.8182262859374999 0.17772905 0.8167668921875
0 0.271455928125 0.8442675859375001 0.27267807187500004 0.8365512703125001 0.2665050203125 0.8355735546874999 0.2659322921875 0.8441837156249999 0.271455928125 0.8442675859375001
0 0.0995379265625 0.915911996875 0.10498487187500001 0.9064918593750001 0.09881182031249999 0.90551414375 0.0995379265625 0.915911996875
0 0.3001715859375 0.7578520359375001 0.3069173640625 0.7502195890625 0.2989566203125 0.7505407078124999 0.3001715859375 0.7578520359375001
0 0.23584568125 0.569691428125 0.2352801328125 0.563273946875 0.2273193890625 0.5635950656250001 0.228534353125 0.5709063921875 0.23584568125 0.569691428125
0 0.29574771875 0.4961251984375 0.2996514 0.48646063125000005 0.292989490625 0.4885694421875 0.29574771875 0.4961251984375
0 0.0547973328125 0.3693717078125 0.0582121578125 0.3627936671875 0.0495181265625 0.367744575 0.0547973328125 0.3693717078125
0 0.1803815453125 0.3655326421875 0.18533963281250002 0.3591990296875 0.1789221515625 0.35976457812499996 0.1803815453125 0.3655326421875