0 0.5524684046874999 0.5075966859375 0.5519183515625 0.5136327296875 0.55314240625 0.5170838 0.55244669375 0.5236197515625001 0.5540644421875001 0.5255570781250001 0.55776653125 0.527084084375 0.565460546875 0.5279718921875001 0.569777959375 0.5284885078125 0.573024603125 0.5216570265625 0.5717409015625 0.5152129890625 0.5719748765625 0.51285565625 0.577894825 0.51279034375 0.5810450671875 0.5138681296875001 0.5827742078125 0.509571171875 0.578973578125 0.5070604390625 0.5730628015625 0.503639571875 0.5662621953125 0.5007176421875 0.56116945625 0.5016295265624999 0.55826435625 0.505038028125 0.5561744453124999 0.5029216140625 0.5546815203125 0.5041702734375 0.5524684046874999 0.5075966859375
0 0.457185678125 0.47723255781249996 0.458804696875 0.4787305984375 0.4584394609375 0.49286083437499995 0.4577330796875 0.49670258437500003 0.46976565625 0.500724965625 0.47835777031250004 0.4969819203125 0.4810918734375 0.4913066953125 0.48538460937499994 0.4908734328125 0.48492257812500006 0.49609017343749995 0.48916601406250004 0.4937555953125 0.49511870625 0.488141171875 0.496789528125 0.484215840625 0.4941078 0.48033238437500003 0.49115984062500007 0.4765959765625 0.4887211890625 0.4721988140625 0.4834918234375 0.46699439218750005 0.4807047671875 0.46102317499999995 0.47267736875 0.4579520890625 0.46653903281250003 0.45970455781249997 0.4616441921875 0.46403793125000004 0.45902794374999994 0.4703676703125 0.45620097656249997 0.47229987500000004 0.457185678125 0.47723255781249996
0 0.5505801890625001 0.4740056375 0.55270511875 0.47731306250000005 0.5542484234375 0.4801733515625 0.556409453125 0.48047708125 0.5587161671875001 0.4801011046875 0.5618375890625 0.4729603796875 0.5592987109374999 0.46847841875 0.5549777921875 0.469942575 0.5505801890625001 0.4740056375
0 0.4661362140625 0.6650999953125 0.46813600156249996 0.673334178125 0.4742157015625 0.6795735953125 0.4761810015625 0.6835571093749999 0.4781863125 0.6818729421875 0.480708759375 0.67406559375 0.4843180421875 0.6726985359375 0.48583669062499996 0.672101171875 0.4868482453125 0.6755932890625 0.49016123125 0.6723241078125 0.49300602656250003 0.6685382703125 0.494693034375 0.6609706609375 0.4957717265625 0.6622716 0.500582396875 0.658691996875 0.5014048328125 0.6560487765625 0.500989415625 0.65330448125 0.499933690625 0.65156970625 0.49685506718749994 0.6498737296875 0.49169642031249994 0.6531206734375 0.49014916406250003 0.6490751484375 0.4943829625 0.6461211062500001 0.49465856874999997 0.641900028125 0.489973940625 0.6364081921875 0.48386868906249997 0.6341687578124999 0.47950597500000003 0.63947129375 0.4732321296875 0.6470741578125 0.46795204375 0.6562611078125 0.4661362140625 0.6650999953125
0 0.5335466875 0.6321293765625 0.5255668625000001 0.6373665749999999 0.5212947140625 0.63985180625 0.5197589578125 0.6489084140625 0.5212185390624999 0.6512560953125 0.5295598234375001 0.6529497953125001 0.5288517984375 0.65021248125 0.53399525 0.6488333328125 0.539002953125 0.6441333609375001 0.5397368765625 0.637891109375 0.536048603125 0.6359236921875 0.5366168984375 0.6329917390625 0.5335466875 0.6321293765625
0 0.60458783125 0.6582026859375001 0.6001162859375 0.6569958953125 0.5929202250000001 0.6589959750000001 0.5867873796875 0.666411459375 0.5841818484375 0.6721208812499999 0.57806579375 0.6860846890625 0.577064528125 0.689595634375 0.5774645015625001 0.6935432484375 0.5813509078125 0.699015028125 0.5843837703125 0.70376751875 0.58882179375 0.706023778125 0.59070429375 0.69778289375 0.5964268328125 0.696744475 0.59902709375 0.694588596875 0.6030660359375 0.6888870171875 0.6053755562500001 0.68332673125 0.6053813671875 0.6784145671874999 0.6034296203125 0.6756994859375001 0.599407434375 0.6731309859375 0.598791803125 0.6681955562499999 0.601226584375 0.6682712000000001 0.606577746875 0.6672119953125 0.609141353125 0.6629269796874999 0.60458783125 0.6582026859375001
0 0.562880453125 0.6362853296875 0.5650911234375 0.6434949984375 0.568289025 0.643207990625 0.5710030359375 0.6397646734375 0.5716684453124999 0.6361560109375 0.57039416875 0.628233275 0.5758195125000001 0.625005025 0.5753366578125 0.6183716328125 0.573564296875 0.608101959375 0.56492303125 0.6103423734375 0.5606507484375001 0.6154729609375 0.5579941234375 0.620675603125 0.5587334390625001 0.6257404281250001 0.563406090625 0.632515440625 0.562880453125 0.6362853296875
0 0.590403828125 0.6132177671875 0.58588953125 0.61175776875 0.5823361359375 0.617076059375 0.5818275515625 0.6242079671874999 0.5852203046875 0.627787928125 0.5893365546875 0.6311101703124999 0.5917157343749999 0.6292858406249999 0.5931133359375 0.6240064000000001 0.5927735843749999 0.6192744734375 0.590403828125 0.6132177671875
0 0.5927133109375 0.634700515625 0.59441871875 0.63824656875 0.596730103125 0.6402440765625 0.5986347109375 0.6410407203124999 0.601733178125 0.6423027484375 0.6013191515625 0.63539971875 0.5995110328125001 0.6306759265624999 0.594828025 0.6299730015625 0.5928060671875001 0.6310593484375 0.5927133109375 0.634700515625
0 0.62553793125 0.6292849671875 0.6260198406249999 0.6241705453125 0.6273610374999999 0.622028546875 0.6248202359375 0.6175121234375001 0.6197254546875001 0.61767660625 0.6153823671875001 0.6156566171875 0.6099919765624999 0.6247787390624999 0.6089370546875 0.6214539593749999 0.6115265828124999 0.61835181875 0.61402555625 0.61730558125 0.611778121875 0.611909796875 0.61288345 0.6102989546875001 0.6170583703125 0.6081355265624999 0.6174070078125 0.606837528125 0.6141104359375 0.6007719093749999 0.609632953125 0.595660971875 0.60219793125 0.60034028125 0.5996749578125 0.6100878562500001 0.602732409375 0.6137780578124999 0.6059384953125 0.6165697734375 0.605152 0.6249443015625 0.6070651828125 0.6310022609375 0.6110065062500001 0.6342746171875 0.6198506234375001 0.6370599703125001 0.6212733906250001 0.641581128125 0.6176698484375 0.640903390625 0.616370446875 0.640684471875 0.6149528984375 0.6438040875000001 0.619396503125 0.6493031421875 0.6211883171875 0.651046425 0.623643546875 0.6505364874999999 0.6278348625 0.6449934484375001 0.6297293078124999 0.641693490625 0.627135503125 0.6352474796875 0.62553793125 0.6292849671875
0 0.6157972234375 0.549648071875 0.614479265625 0.5513484234375 0.6118534203125 0.55401309375 0.609549528125 0.5522488015625 0.6059234546875001 0.553962359375 0.6167931359375001 0.5666166031250001 0.6171277 0.561423553125 0.6172243078124999 0.5587018296874999 0.6194921671875 0.557781978125 0.61984595 0.5557993671875 0.61730945 0.555726425 0.6174000796875 0.5531311328124999 0.6157972234375 0.549648071875
0 0.4067248515625 0.7486931171875 0.41003712343750004 0.751981028125 0.4131265296875 0.7527862125 0.4165487453125 0.7521646421875 0.4172145734375 0.7528867578125 0.4182755328125 0.73244414375 0.4141723234375 0.7314347031249999 0.41088931406249996 0.7362183546875001 0.40732575156250006 0.7424993765625 0.4067248515625 0.7486931171875
0 0.43116558281249995 0.8738051125 0.427349159375 0.8741643281249999 0.42555391875000004 0.877175384375 0.4227909546875 0.8826025765625 0.42304206093749996 0.8849033671875001 0.42794712031250004 0.8869930109374999 0.43162458125000003 0.8862255734375 0.43241310000000005 0.8845536359375 0.43179061250000006 0.8799040796875 0.43248467343749997 0.87825073125 0.432426846875 0.8761458687499999 0.43116558281249995 0.8738051125
0 0.47611871875 0.8706048171875 0.4735004625 0.8693361062499999 0.4703960171875 0.865738071875 0.46927083437499995 0.870021725 0.46769125625 0.872408678125 0.4669487109375 0.8775546484375001 0.46825135937500006 0.8808145953125001 0.46956992499999994 0.883753028125 0.4716456390625 0.8818883953125001 0.47487415312500003 0.8816649953125 0.4782559203125 0.8798287734375 0.47940889374999995 0.8757790453125001 0.47611871875 0.8706048171875
0 0.46398483749999997 0.8490228921874999 0.46264104218749996 0.8516869921874999 0.4655531953125 0.8554190234375 0.4677331921875 0.855940734375 0.4677575375 0.8540795125 0.4679581546875 0.8503045265625 0.46633137343750003 0.848581078125 0.46398483749999997 0.8490228921874999
0 0.3083905453125 0.854829078125 0.3128923796875 0.8495720499999999 0.31607670468750004 0.84228655625 0.31656855 0.83415658125 0.3111111625 0.83185534375 0.3000630796875 0.8280705906250001 0.29602994374999997 0.827517 0.2932283171875 0.8286339671875 0.2939937828125 0.8341140203125 0.29646936562500004 0.8414830312499999 0.29930841406250003 0.8452938078125 0.2980329265625 0.850479015625 0.2984888734375 0.853137171875 0.303111353125 0.852126003125 0.3041677921875 0.8532135343749999 0.3083905453125 0.854829078125
0 0.357150940625 0.7667349406249999 0.35990924375 0.7675301250000001 0.361929559375 0.77056498125 0.36511839375 0.7738954875 0.3688427265625 0.7714724265624999 0.37036715 0.76394916875 0.37073923125 0.7581742625000001 0.3687475046875 0.753917784375 0.364910553125 0.7511040375 0.3606655703125 0.754020165625 0.3585441734375 0.7602374171874999 0.35600976093750003 0.7616717171875 0.357150940625 0.7667349406249999
0 0.2751363609375 0.5955449500000001 0.2734513203125 0.6024294 0.276063240625 0.6061181140625 0.2808643703125 0.608587175 0.283795178125 0.6072183124999999 0.29123806874999997 0.5984633578125 0.2902312234375 0.5918366828125 0.28878327187499997 0.5862905828125 0.2869737109375 0.58326465 0.285343678125 0.5815895546875 0.28165918749999996 0.5784840765625 0.2790535796875 0.5755100796875 0.2764227125 0.5759904312499999 0.27728471250000003 0.5728858109375 0.27507053593749997 0.5715968140625 0.27314096875 0.5730819406250001 0.26664244375 0.5811194171875 0.2695576890625 0.587628246875 0.2722877203125 0.5938444984375 0.2751363609375 0.5955449500000001
0 0.413916925 0.3544305046875 0.41329470312499994 0.364189734375 0.417982053125 0.3741703375 0.42170189999999996 0.37375615624999997 0.42069808281250004 0.37116173125 0.429266584375 0.3671098609375 0.4311052015625 0.364155040625 0.4306512921875 0.3584388421875 0.42977275625000005 0.35601764375 0.425768471875 0.3525335875 0.42285239218750004 0.3508839375 0.4192134046875 0.35023623125 0.413916925 0.3544305046875
0 0.5108084140625 0.2649871703125 0.512352353125 0.27082898593750004 0.51208344375 0.27709685624999997 0.5144862296875 0.28014819687500003 0.5171320625 0.280537646875 0.522070525 0.284312296875 0.5206231234375001 0.286495925 0.524243628125 0.2900009765625 0.53085284375 0.290747715625 0.537381503125 0.2902643296875 0.544616484375 0.285582725 0.5494437203125 0.279827375 0.5502487421875 0.273295240625 0.5502420109374999 0.2648023328125 0.546686009375 0.2620468640625 0.5425775671874999 0.2582324078125 0.542495559375 0.25305920625 0.5393461109375 0.24721291875 0.536125459375 0.24546507968750003 0.5255136734375 0.2493783671875 0.5231422859375 0.2535762890625 0.5231931578125 0.25767118437500003 0.5188267765625 0.25806435156249996 0.5108084140625 0.2649871703125
0 0.33233121250000003 0.326943021875 0.336262125 0.3289017140625 0.3374778953125 0.335410609375 0.3396431578125 0.3390852890625 0.342881446875 0.3396564640625 0.347355634375 0.336176115625 0.3485620078125 0.33265669999999997 0.3520149640625 0.32072306093749997 0.350713109375 0.3171269984375 0.348334034375 0.31514276093750004 0.34304223437500003 0.3155317546875 0.3389965109375 0.3135925046875 0.3354146078125 0.314041209375 0.33283438906249996 0.31678720781249997 0.331685321875 0.32175482031249997 0.33233121250000003 0.326943021875
0 0.312479696875 0.32399842031250004 0.31270624375 0.32901719687500003 0.314930215625 0.333025378125 0.3184853015625 0.3325835546875 0.323666696875 0.33186394531249996 0.32887160937500004 0.3276055 0.3315645328125 0.32337815625 0.328063309375 0.317755665625 0.32918214218749997 0.311370509375 0.32765014375 0.3096191015625 0.32390732187500004 0.310243546875 0.318226409375 0.310045165625 0.31499056406250003 0.312135071875 0.3138744234375 0.314458471875 0.3128050046875 0.3191599515625 0.312479696875 0.32399842031250004
0 0.3547479390625 0.2974401953125 0.3603347125 0.3008716359375 0.36293012343750003 0.30216769062500004 0.364758771875 0.2992297203125 0.3676338546875 0.298829815625 0.3740885765625 0.2909721703125 0.37721252656250004 0.2827292984375 0.379710003125 0.2799350703125 0.378916240625 0.275131003125 0.3759913078125 0.2703322515625 0.373916234375 0.267164153125 0.3712692328125 0.266002315625 0.3653605859375 0.26632599218749997 0.361718734375 0.2616413515625 0.3591022296875 0.2616656765625 0.3574080140625 0.2618285234375 0.3535440734375 0.2655631375 0.3527272203125 0.2694792015625 0.350118215625 0.2699603171875 0.3492298375 0.27292486875 0.3467425875 0.2790527359375 0.3464323796875 0.2840856 0.348819515625 0.2910325171875 0.351721228125 0.2947501125 0.3547479390625 0.2974401953125
0 0.38881662031249997 0.2352225234375 0.3920571953125 0.2358625703125 0.392288121875 0.2324732515625 0.39265712812500003 0.22830859375 0.3933052359375 0.2246133359375 0.39815973125 0.22313654375 0.40073676249999995 0.22312334687500002 0.4017141234375 0.2208341875 0.40450832812500004 0.220556534375 0.406990440625 0.22124670468750002 0.41030016406250003 0.21977225156250002 0.41199543125 0.2167139265625 0.4136748296875 0.2131250390625 0.414959746875 0.208789115625 0.4149975171875 0.2052898640625 0.415376953125 0.19943860468750002 0.4155308296875 0.191853415625 0.4158196671875 0.187298221875 0.41457221874999994 0.18353207968750002 0.411385440625 0.18153058125 0.40594202343749997 0.1770832125 0.40197359375 0.1732439390625 0.40074616875 0.1706057453125 0.3944149625 0.16937466406249999 0.3912353296875 0.16913855312499998 0.386581578125 0.1736867234375 0.386405865625 0.1776439390625 0.382079534375 0.181636009375 0.3773272765625 0.18622920625 0.37345012031249997 0.191372028125 0.3713174125 0.193167440625 0.36760954218749997 0.198208296875 0.365848784375 0.20264955156250003 0.3642875625 0.20751052812499998 0.3654368421875 0.2154758015625 0.36635310312499997 0.220040246875 0.371767828125 0.223607953125 0.3745536 0.22500446406250002 0.3782451296875 0.22334165781249998 0.3771382046875 0.2298335453125 0.37984745000000003 0.232973759375 0.38270289218750003 0.2338974125 0.38881662031249997 0.2352225234375
0 0.2454177515625 0.36355396406249996 0.245724578125 0.3596028890625 0.2481439171875 0.35743444062499996 0.25239188437500004 0.348925946875 0.25388311875 0.34772569531249997 0.2566982390625 0.34161084218750004 0.25325795625 0.3358997984375 0.2482347578125 0.3299849515625 0.2430421703125 0.3309355609375 0.238446359375 0.3335111140625 0.23385923437499997 0.3378974484375 0.23124434843750002 0.343203171875 0.2301455640625 0.3490590171875 0.227368753125 0.35376341093749997 0.23097497812499998 0.35606566875 0.234840409375 0.3601233546875 0.23958271562500003 0.36338146875 0.2454177515625 0.36355396406249996
0 0.15175846875000001 0.12431456406250001 0.1500605796875 0.12856727343750002 0.1523532484375 0.13333925625 0.15478243281249998 0.13550035 0.1576520421875 0.1333319890625 0.16839880625 0.1251505 0.170566578125 0.1203810609375 0.17089785 0.11631201875 0.1702188109375 0.10996883125000001 0.167861428125 0.1066470359375 0.1671278375 0.1024032234375 0.1648865265625 0.10086156406249999 0.16067625937500002 0.1008583765625 0.157082884375 0.1036502953125 0.15269580625 0.1093819296875 0.1519560578125 0.11502986562499999 0.1504710546875 0.1210660921875 0.15175846875000001 0.12431456406250001
0 0.2607383484375 0.09975138125 0.2603815125 0.1057613390625 0.26289835 0.11114307812499999 0.2658042125 0.1131300765625 0.2689670421875 0.11066864531250001 0.27062856874999996 0.10571111250000001 0.27084129218749997 0.10060448749999999 0.2692259875 0.0954183921875 0.266221203125 0.0929510875 0.2621329859375 0.094601603125 0.2607383484375 0.09975138125
0 0.178824134375 0.370939065625 0.1806425109375 0.37227990625 0.1760127921875 0.376542803125 0.1716626359375 0.380590325 0.17227030000000002 0.38490322187500003 0.1753322046875 0.38506330312500003 0.1753228734375 0.389897171875 0.1764295546875 0.3919636171875 0.1796385359375 0.39207567656250003 0.18038964062500001 0.39210190625 0.1815464953125 0.39801463125000003 0.1829332921875 0.401551121875 0.187491903125 0.39981697031249996 0.1896205453125 0.405346190625 0.1930808671875 0.4088268859375 0.1967461078125 0.40755871718750003 0.19932686718749998 0.40197663281249996 0.20138942499999998 0.3979367796875 0.2052356375 0.3958291015625 0.20732331249999997 0.3980095390625 0.2167990453125 0.39331862968750003 0.21837069687500002 0.38627856562499996 0.22044407656249998 0.38027226718749996 0.2208618140625 0.3767268734375 0.21215560937500003 0.37035039687500004 0.2075927546875 0.37193743437500004 0.20247979374999997 0.3780846140625 0.1970555359375 0.37747619062500004 0.1947178546875 0.37564974375000004 0.1935190765625 0.37263888437500003 0.19754485156249998 0.36897089843750003 0.2021820453125 0.36682205 0.202072821875 0.36403998125000003 0.199265575 0.36200483125 0.19455354687499998 0.36141658906249996 0.189868253125 0.3596598171875 0.190783103125 0.3552656296875 0.18673482187499998 0.35326531562499996 0.182176671875 0.355792153125 0.1790668359375 0.3624220359375 0.178824134375 0.370939065625
0 0.1527558578125 0.48562259531249996 0.15032513125 0.4912959078125 0.1477785375 0.493123771875 0.144774584375 0.5000794234375 0.14732441875 0.5048744562499999 0.1441894984375 0.5117301624999999 0.142399328125 0.5160734578125 0.1439324171875 0.520256071875 0.147854846875 0.5247410078125 0.1513820765625 0.527290659375 0.15419101875000002 0.53062040625 0.15709714375 0.5284361234375 0.158576703125 0.530659425 0.16150212656250001 0.5329816859375 0.1630366140625 0.5312591890625 0.1653829859375 0.5288521109375 0.169906046875 0.5309565578125001 0.1725532875 0.5300968593750001 0.1750187 0.5252658953125 0.175102290625 0.5294088359375 0.17348002812500002 0.5375399859375001 0.17227661562500002 0.542049171875 0.174831515625 0.5468334375 0.1789228359375 0.5462133453125 0.1819487453125 0.5460610421875 0.18635643125 0.5339637500000001 0.18812427812500002 0.5283345171875 0.1899605953125 0.5281766328125 0.1935416515625 0.5270806296874999 0.1916706734375 0.52227646875 0.19295725625 0.519549396875 0.193651540625 0.5157853968749999 0.193028553125 0.5124037828125 0.193762584375 0.5100983078125 0.19668796875 0.513496221875 0.1999693328125 0.51346071875 0.20289456874999998 0.510057609375 0.20513563281249997 0.50650240625 0.20709649218749998 0.5004499640625 0.20681569687499998 0.4932686015625 0.20398567656250002 0.49036337812499997 0.2049900703125 0.4881955484375 0.20531820937499998 0.48094789843749997 0.2038815203125 0.4772283046875 0.20033592968749997 0.46987664999999995 0.19709679375 0.46668822499999996 0.197977959375 0.4618707296875 0.193849925 0.460005215625 0.19011379374999998 0.4642883734375 0.190964990625 0.4685222203125 0.1870738890625 0.47169147968749997 0.185173625 0.4693377890625 0.184785434375 0.464918425 0.1830166859375 0.46054465625 0.1787221125 0.454717790625 0.1769706109375 0.45387959218749996 0.1691282921875 0.45817882968749996 0.16475675 0.4621224171875 0.163002659375 0.4659697953125 0.1594954515625 0.46898047812500004 0.15587917812500002 0.47377125312499996 0.154530565625 0.477603084375 0.1527558578125 0.48562259531249996
0 0.218991571875 0.5174535796875 0.21746465 0.513452540625 0.2087243328125 0.519693496875 0.20539301875 0.5231293296875 0.2051196328125 0.5301521921875 0.2082219125 0.53734921875 0.21184146718750002 0.540568125 0.2158540359375 0.541486846875 0.217475434375 0.53458923125 0.2158164125 0.5282821765625 0.2185824046875 0.521469871875 0.218991571875 0.5174535796875
0 0.3166239015625 0.3643520078125 0.3180682015625 0.35473561875000004 0.314410634375 0.35323205468749996 0.310979853125 0.3571881703125 0.30886835625 0.359361115625 0.3166239015625 0.3643520078125
0 0.2308954375 0.395593221875 0.23199096562500002 0.3987849625 0.23657934374999998 0.397810125 0.2409402421875 0.39739487812499996 0.2391920921875 0.390864265625 0.23930144687500002 0.385225584375 0.23540984531250003 0.383260446875 0.2326328921875 0.3854617484375 0.230967546875 0.388558640625 0.231506053125 0.3937774890625 0.2308954375 0.395593221875
0 0.19225436093749998 0.704973759375 0.1894642609375 0.702760975 0.18480374375 0.700249921875 0.1793808640625 0.699691575 0.17542452656250002 0.7003413968750001 0.17029331875 0.69563914375 0.165742665625 0.6953098140625 0.1612868 0.6962955328125 0.16073358437500002 0.7014371703125 0.1586724640625 0.710808446875 0.15631799062500001 0.7172083 0.155467278125 0.72442206875 0.1578283734375 0.727995709375 0.1575924296875 0.7310362015625 0.15654302343749998 0.7371345421875 0.164666703125 0.7360158109375 0.167455990625 0.7395950234375 0.1719413171875 0.7398251375 0.1758467578125 0.7431400171875 0.17975038125 0.7416268921875 0.1830243625 0.7364301734375001 0.1828289171875 0.7319534390625 0.1892142015625 0.728591421875 0.1934291078125 0.7263574703125 0.193982784375 0.7200385703125 0.191912634375 0.7133716359375 0.19225436093749998 0.704973759375
0 0.1967083640625 0.616423696875 0.1998372203125 0.6218299359375 0.2016914671875 0.6248746281249999 0.2037453890625 0.6221118125 0.20597211249999997 0.618967296875 0.20721084687500002 0.612864621875 0.207098684375 0.6095399328125 0.205312753125 0.608254946875 0.20013000937499997 0.6091027125 0.1975724953125 0.61312371875 0.1967083640625 0.616423696875
0 0.2208723671875 0.5724339609375 0.218982234375 0.5754761 0.2178213234375 0.5790815312500001 0.220298359375 0.5825138187500001 0.22144409999999998 0.5820738484375 0.22624269375 0.58246655625 0.22977983281249997 0.5807029890625001 0.232178653125 0.5785400765625 0.2333701296875 0.5767008515625001 0.2326008328125 0.5707485015625 0.2289093984375 0.5688716546875 0.2273519796875 0.5695943031249999 0.2252866015625 0.5674021375 0.22379754375 0.5647344828125 0.220701553125 0.5676547750000001 0.2208723671875 0.5724339609375
0 0.1861122765625 0.634303853125 0.185897571875 0.6262148703125 0.184963603125 0.6212620703125 0.1848947671875 0.6163832578124999 0.18358924375000002 0.6132951906249999 0.1841865734375 0.603935334375 0.1849670453125 0.6023147109375 0.18888944218749998 0.59936855625 0.1904637015625 0.5954773765625 0.1900291703125 0.5891614890625 0.18644896718749998 0.585845459375 0.18880252343749998 0.5821581625000001 0.18319070625 0.57639943125 0.181631771875 0.570987040625 0.1793164078125 0.5627011875 0.177056015625 0.5586166875 0.16619259687500001 0.5621694109375001 0.158897525 0.5666018921875 0.15391918437500002 0.5658495671875 0.151033671875 0.5630111984374999 0.14919099687499998 0.55887405625 0.1457458703125 0.554018053125 0.14463744375 0.552986553125 0.1480421984375 0.5501786671875 0.1386163078125 0.545562521875 0.1330164234375 0.5431781359375 0.13266069375 0.5359488171875 0.13145515937500002 0.528072259375 0.12731890625 0.5255466796875 0.1225620734375 0.5261966890625 0.1200481203125 0.5218516203125 0.11160724375 0.5215771828125 0.10966313593749999 0.5214639531249999 0.104622603125 0.5193586328124999 0.10035075156249999 0.521163771875 0.0927843953125 0.5283056234375 0.09084386093749999 0.537133903125 0.0908413171875 0.5455342437499999 0.08851403906250001 0.5505732796875 0.084932715625 0.552035121875 0.0824155453125 0.5477821828125 0.083185115625 0.5404295609374999 0.08060832968750001 0.539271740625 0.07163040781249999 0.5409000328125 0.06178509375 0.55156293125 0.0649536859375 0.565591434375 0.0681705984375 0.5702221484375001 0.0728273828125 0.571541721875 0.0786956921875 0.566060371875 0.073863690625 0.575936815625 0.0686326078125 0.581302834375 0.068720190625 0.5977330875 0.068258828125 0.6074525953125 0.06862350625 0.6182312624999999 0.0678978203125 0.6275506765625 0.07330482187500001 0.630309809375 0.07742074374999999 0.6410287328125001 0.0814110546875 0.6487633296875 0.084798578125 0.6503887921875 0.0893737828125 0.6584768296875 0.0967916828125 0.6601976953124999 0.10215214531250001 0.6541263875000001 0.10342173437499999 0.658736003125 0.1027686484375 0.66346921875 0.10530797343750001 0.66471485 0.1065692640625 0.6604734718749999 0.111329646875 0.6576175546874999 0.11399858125 0.654927809375 0.1187774234375 0.6566471984375 0.1215515609375 0.659406634375 0.1242530484375 0.6597245453125 0.1268853390625 0.6566066984375001 0.127821890625 0.6550384296875 0.131159340625 0.6575157890625001 0.13498691875 0.6575087390625 0.13698726562500002 0.6569516484375 0.1406585609375 0.655017659375 0.142285575 0.6518991046875 0.1472552390625 0.6500792468750001 0.14947551718750002 0.6537902437499999 0.1536893984375 0.652302025 0.15648548125 0.6512989953125 0.163386484375 0.648749221875 0.1706607265625 0.6414658390625 0.1704381375 0.646720646875 0.172246796875 0.6481158687499999 0.1752012765625 0.646427325 0.17765359218750001 0.644702484375 0.180630978125 0.6422236328125 0.1817375546875 0.64711366875 0.1841687265625 0.64509885 0.18611177968749998 0.6398697265625 0.1861122765625 0.634303853125
0 0.163885403125 0.666294509375 0.1646085328125 0.670569225 0.16655056875000002 0.67320423125 0.16972647031250002 0.6742188125 0.1714674421875 0.671060459375 0.1722865828125 0.665735803125 0.17156070625 0.6615845046875 0.16922950781249999 0.661676640625 0.167106946875 0.6625546609375 0.163885403125 0.666294509375
0 0.1245351125 0.666959109375 0.1244168359375 0.67034610625 0.1256303671875 0.67311358125 0.1272235234375 0.674277703125 0.129982565625 0.6737533609375 0.12534219062500002 0.66126349375 0.12451723750000002 0.6637549703125 0.1245351125 0.666959109375
0 0.1125455890625 0.312083875 0.11461387187500001 0.313789909375 0.11749012968749999 0.315997884375 0.1214386546875 0.31745219687500004 0.123144365625 0.3152588265625 0.12853104843750002 0.3111677640625 0.13136946249999998 0.306579653125 0.13320427343750002 0.29804786562499996 0.1340984703125 0.295812084375 0.1325073484375 0.289261940625 0.13123850937499998 0.2840488578125 0.132091521875 0.2794555171875 0.1284779546875 0.279781165625 0.125725440625 0.28199895625 0.11985468437499999 0.28249124375 0.11463717968750001 0.2854984875 0.110437971875 0.29234204375 0.1085671921875 0.298904190625 0.1030191203125 0.3001847828125 0.1029042640625 0.3033842859375 0.10790744062499999 0.304723771875 0.1107907265625 0.3103121765625 0.1125455890625 0.312083875
0 0.0188940984375 0.342190075 0.0231127515625 0.3446841359375 0.028306821875 0.34489991249999996 0.033907084375 0.3439604125 0.036189665625 0.34311143125 0.03872748125 0.3336551765625 0.0376211921875 0.3268765 0.0379076296875 0.3223900140625 0.0365317375 0.3175562390625 0.034225753125 0.3134341875 0.029976190625 0.3150040234375 0.0208653390625 0.322990925 0.0149376421875 0.3307997453125 0.014780459374999999 0.3374498734375 0.0188940984375 0.342190075
0 0.0440202328125 0.358534734375 0.044841896874999995 0.3492874640625 0.040029165625 0.3511800296875 0.0341634 0.3556483515625 0.033278284375 0.3612505625 0.029218282812500003 0.3668388375 0.0278366640625 0.36906384999999997 0.031271940625 0.3731721796875 0.035430720312500004 0.3739334078125 0.0394385609375 0.3711372 0.041979343749999995 0.3668341890625 0.0440202328125 0.358534734375
0 0.10141395 0.211523190625 0.10554310468749999 0.214520684375 0.11208221874999999 0.21315587656249999 0.11394724375000001 0.211504334375 0.1154034890625 0.20879882031250002 0.1193110078125 0.2050250796875 0.1201878109375 0.197870071875 0.1195986765625 0.1942801359375 0.117427084375 0.18698115312500002 0.11399334531250001 0.1835451609375 0.11198072187500001 0.18163313125 0.10646377343749999 0.1814404765625 0.0988424015625 0.183128646875 0.0926360640625 0.188798315625 0.092756803125 0.202801684375 0.0959877046875 0.207210878125 0.10141395 0.211523190625
0 0.056411217187499994 0.2105473359375 0.0591142625 0.2139546828125 0.063479909375 0.2142541 0.06967201875 0.2108274890625 0.0673496046875 0.205608884375 0.064385525 0.20228935468749998 0.061120675 0.201135646875 0.0576188609375 0.2026487328125 0.0558376546875 0.20669059375 0.056411217187499994 0.2105473359375
0 0.121957778125 0.1658545265625 0.117075659375 0.171390640625 0.11713305 0.1735079953125 0.11755267968750001 0.17819111875 0.118866109375 0.18006778750000002 0.123036003125 0.1827493234375 0.1267060375 0.18246316875 0.1266837203125 0.17808785 0.1273147203125 0.1739870609375 0.1285110546875 0.1713819125 0.1291235484375 0.166870853125 0.1276818390625 0.162444403125 0.12309038750000001 0.1635520265625 0.121957778125 0.1658545265625
0 0.11731143749999999 0.0613959265625 0.11729720937500002 0.06757888281249999 0.1189913890625 0.072297134375 0.121715875 0.0713744671875 0.12252215468750001 0.0686118609375 0.12824826875 0.059770375 0.1300806296875 0.058069225 0.1316304484375 0.0531765828125 0.1304414171875 0.045364703125 0.1271198578125 0.034507792187500004 0.1234376375 0.032367043750000005 0.1199866453125 0.038827103125 0.117457421875 0.0531413046875 0.11731143749999999 0.0613959265625
0 0.0171556125 0 0.0165084234375 0.018533090625 0.016925770312499998 0.029907709375 0.0186055265625 0.0240252484375 0.022328109375 0.021294126562499998 0.0311984875 0.0116869078125 0.0333699765625 0.0050649078125 0.034817971875 0 0.0171556125 0
0 0.2745739625 0 0.274021490625 0.002193025 0.2719746375 0.0062756406249999995 0.27049822031250004 0.0113944203125 0.27144530625 0.0171356578125 0.2731679609375 0.0173224546875 0.27615487031249997 0.013630696875 0.276692565625 0.0074112984375 0.2798507 0.0047261296874999996 0.280632 0.0033056562499999996 0.2807474359375 0 0.2745739625 0
0 0.0465749046875 0.044687390625000004 0.0450566484375 0.0425424734375 0.043075643749999996 0.043441071875 0.0424868796875 0.04700394375 0.0430484515625 0.0505772828125 0.04871463125 0.0494962453125 0.0465749046875 0.044687390625000004
0 0.028242659375 0.530703046875 0.0283477890625 0.5342291765625 0.0302814359375 0.5363432609375 0.0322856171875 0.534781003125 0.0319620796875 0.5285549828125 0.0281375109375 0.5301771828125 0.028242659375 0.530703046875
0 0.016490759375 0.5361040140625 0.013951840625 0.5366376078124999 0.013831809375 0.5393585140625 0.015548159375 0.542636034375 0.0184516328125 0.542945365625 0.017999140625 0.5381735421875 0.016490759375 0.5361040140625
0 0.07635456093750001 0.6986469359374999 0.07511865625 0.704310378125 0.0771443265625 0.7113556765625 0.0801742953125 0.7099230484375 0.08165770156249999 0.710245328125 0.0837850046875 0.7136638390625001 0.0831412796875 0.7181738078125 0.0825369859375 0.720435346875 0.0880509109375 0.723848609375 0.091053803125 0.7230122734375 0.095286753125 0.7199034203125 0.097788528125 0.7162697671875 0.096546284375 0.7102055328125 0.0984460453125 0.7060818203125 0.0998106046875 0.704076659375 0.0987398640625 0.6988767484375 0.097732096875 0.6970670375 0.09398795 0.69222248125 0.0874344109375 0.6908663765624999 0.0827292421875 0.6928127296875 0.08034027187500001 0.6962158031250001 0.07635456093750001 0.6986469359374999
0 0.006586607812500001 0.72212011875 0.0085271453125 0.7249770828125001 0.011736553125 0.7258380515625 0.012140028125 0.72399945 0.011516450000000001 0.7218435609375 0.0145204125 0.722498796875 0.015380582812499998 0.7197599609374999 0.015124450000000001 0.715409309375 0.0145098 0.712908209375 0.0126435078125 0.711551625 0.009909771874999999 0.712201928125 0.007552617187500001 0.7150073109374999 0.0065864406249999995 0.717826871875 0.006586607812500001 0.72212011875
0 0.0017794125000000001 0.701513234375 0.0022328015625 0.7050953015625 0.0050000421875 0.70970875 0.0063673390625000005 0.710311521875 0.0092041765625 0.7080966765625 0.008520634374999999 0.7041657390625 0.0069267609375 0.70181336875 0.0047663109375 0.7010453156249999 0.0017794125000000001 0.701513234375
0 0.041767559375 0.7626788734375001 0.0399777421875 0.7594456890625 0.033496515625 0.757854465625 0.030440034375 0.7583449703125 0.028143631250000002 0.76026130625 0.0256824125 0.7651064875 0.0251973953125 0.76981743125 0.0253908734375 0.7734998640625 0.027049682812499996 0.7767237828125 0.030269803125 0.777098890625 0.032506828125 0.7787185734375 0.0350786875 0.7785848109375 0.0380965703125 0.7769610203124999 0.039232 0.7710407890625001 0.040922434375 0.766598640625 0.041767559375 0.7626788734375001
0 0.040695945312499995 0.801693365625 0.03870723125 0.8033499703125001 0.03703115 0.8080974921875 0.03739725 0.813283740625 0.041498404687500004 0.8177545921875 0.044331034375 0.8183913374999999 0.047688853125 0.8180020375 0.0488732015625 0.8090691781249999 0.0470881 0.80453693125 0.0448082359375 0.8016368484375 0.040695945312499995 0.801693365625
0 0.2148217828125 0.806365303125 0.2156296765625 0.8119734765625 0.21882120781249997 0.8160326453125 0.22146103749999999 0.8167283234375 0.2249034734375 0.81678130625 0.226433553125 0.8124539453124999 0.2255239734375 0.8088622000000001 0.22840440625 0.8057123703125001 0.227402953125 0.8010355078125 0.22579398906249998 0.7977273406250001 0.22151824687500002 0.7962412765625 0.21895680781250002 0.7974197890625 0.2148217828125 0.806365303125
0 0.169987046875 0.8514389890625 0.1694790015625 0.8557348125 0.17125115 0.8604589125000001 0.17294569843750002 0.8606447265625 0.175386859375 0.85906020625 0.177056228125 0.8551316984374999 0.17581535937499998 0.8517144359375 0.17236531875 0.8510733296874999 0.169987046875 0.8514389890625
0 0.0206683203125 0.846324725 0.0245945484375 0.8502532031250001 0.0269649140625 0.8515914312499999 0.029185732812499997 0.84852644375 0.0292897125 0.8433550484375001 0.027052109375 0.838259790625 0.0241725203125 0.8362815265625001 0.021847509374999997 0.8355249234375 0.01765976875 0.8362198218750001 0.015256303125 0.8392768671875 0.013735710937500001 0.8438250078125 0.015100731249999999 0.8465524328124999 0.0206683203125 0.846324725
0 0.13246710625 0.7207124265625 0.127985978125 0.7213470484375 0.131005684375 0.7258942671875 0.131810878125 0.7264758484375 0.1337054328125 0.7256352046875 0.13313895781250001 0.7225604375 0.13246710625 0.7207124265625
0 0.14329670781249998 0.7767338765625 0.14225064999999998 0.7698869484374999 0.1393443453125 0.7734642609375 0.1385240015625 0.776495290625 0.14014604375 0.778712625 0.14329670781249998 0.7767338765625
0 0.043104834375 0.9464953312500001 0.0377450265625 0.9481155140625 0.0350347578125 0.9495264734375001 0.034092920312500004 0.9580065828125001 0.0309287234375 0.956701609375 0.026517546875 0.959049090625 0.0249780640625 0.9662872734375 0.025679020312500002 0.968197275 0.0247503984375 0.9732992234375001 0.0241483546875 0.9785407812500001 0.02679684375 0.9836894734375001 0.0293374421875 0.9838688734375 0.033914340625 0.9840287015625 0.037615353125 0.98321361875 0.03967195625 0.9815828375000001 0.0461055953125 0.973299196875 0.0477663265625 0.9643798468749999 0.049311 0.9567244046875001 0.04922225625 0.9510725515624999 0.044768840625 0.9471975828125 0.043104834375 0.9464953312500001
0 0.151421528125 0.950370078125 0.1529290828125 0.9478070671875001 0.1525054765625 0.9431034796875 0.150491625 0.9415400578125 0.1487952296875 0.9412728796875 0.14811109375 0.9377171499999999 0.14646206875 0.93452640625 0.1435358375 0.9339286046874999 0.1414651734375 0.936678328125 0.1407105140625 0.942439875 0.1427620703125 0.944221934375 0.1457793578125 0.9454357874999999 0.1467174671875 0.9479419296874999 0.1492379390625 0.951786921875 0.151421528125 0.950370078125
0 0.5293242265625 0.005809853125 0.5309326453125001 0.0017463234375000001 0.528063590625 0.0006752296875 0.5092172671874999 0.0000171015625 0.5075618562499999 0.002560878125 0.5108894203125 0.011141610937500001 0.5133365984375 0.01426485625 0.516865425 0.015380878125 0.5211705484375 0.015309206249999999 0.5234594218749999 0.012757845312499998 0.52591441875 0.0101950875 0.5293242265625 0.005809853125
0 0.4423040140625 0 0.4440656484375 0.0025527 0.4464532359375 0.0041588796875 0.45047725156249996 0.0063615953125 0.453687996875 0.0073633203125 0.456457246875 0.0057855671875 0.458331171875 0 0.4423040140625 0
0 0.3907589 0.011441485937499999 0.393516003125 0.017195901562499998 0.397984375 0.0192546609375 0.400578790625 0.0199972203125 0.4021634953125 0.018448456250000002 0.4039148234375 0.0116804546875 0.4025489953125 0.0082150515625 0.3996141078125 0.0064771921875 0.39696606874999996 0.005345025 0.39213876875000003 0.00743095 0.3907589 0.011441485937499999
0 0.54067608125 0.0474579609375 0.537678621875 0.04522855625 0.5317308781250001 0.0447019109375 0.52707098125 0.046068240625 0.522878684375 0.049669437500000004 0.5207887328125 0.054046040625 0.5212922984375 0.05887749531249999 0.5243819390625 0.060258039062500005 0.532280590625 0.0611060890625 0.536388425 0.0592967859375 0.538160390625 0.05520613437500001 0.54185363125 0.05197211875 0.54067608125 0.0474579609375
0 0.40659711718749997 0.15630904375000002 0.410437034375 0.160470590625 0.4167641296875 0.1618641265625 0.4192364171875 0.1596568765625 0.42045723593749995 0.15635059375 0.4208516984375 0.1527105796875 0.41941310625000006 0.148911184375 0.416483215625 0.1470750015625 0.411797009375 0.14691135625 0.40625670625000004 0.151237825 0.40659711718749997 0.15630904375000002
0 0.5491828984375 0.129880053125 0.5503999281249999 0.1362185765625 0.5525590578124999 0.13729302031249999 0.555578909375 0.13744850625 0.5560241390625 0.1343246421875 0.5587624156250001 0.1306789234375 0.56008734375 0.12855511875 0.55942156875 0.12339905468750001 0.555398321875 0.123502459375 0.5523465265625 0.1264555640625 0.5491828984375 0.129880053125
0 0.5426004765625 0.10136890000000001 0.5409714328125 0.10579912031250001 0.5422109749999999 0.1092992 0.5441511265625001 0.1113165765625 0.5476484593750001 0.1102004515625 0.5493273515625 0.1070289875 0.548896375 0.1032976109375 0.5462246609375 0.10114211875000001 0.5426004765625 0.10136890000000001
0 0.643937175 0.17081030156250002 0.6442540359375 0.167556878125 0.64275501875 0.16414467187499998 0.639373484375 0.16212386406249998 0.63520211875 0.161454440625 0.629307284375 0.16393459999999999 0.6277679984375 0.16431705000000002 0.6262675296875 0.167796490625 0.62477571875 0.172774021875 0.6254969015625 0.176701584375 0.6280525359375 0.1807932671875 0.6325691328125 0.1829037421875 0.6383648359375 0.1831280203125 0.6393630921875 0.1824343125 0.6382894359375 0.177989446875 0.640358309375 0.17354487968750001 0.643937175 0.17081030156250002
0 0.601454053125 0.1243212171875 0.5988648328124999 0.121056990625 0.6033429875 0.12082094531250001 0.6067708140625 0.1196805046875 0.6065800375 0.115114815625 0.609816715625 0.110628165625 0.6120568984375 0.1098292984375 0.6149692499999999 0.111137984375 0.61855448125 0.1081315890625 0.6187615875 0.102200828125 0.620584321875 0.09271647656250001 0.6232954140625 0.0847452984375 0.6259906765625 0.079600290625 0.624590909375 0.074689071875 0.61683041875 0.06500452343749999 0.6129810390625 0.0609348890625 0.6130330015625 0.05564129062499999 0.610920778125 0.05197002656250001 0.6073457046875 0.0508351921875 0.6013942046875 0.0502818375 0.602963 0.0458307515625 0.5958770375 0.041230653125 0.591682928125 0.039869389062499996 0.5900448640625 0.0398121859375 0.582108203125 0.043499946875 0.57646229375 0.0409560453125 0.5724728703124999 0.0421503578125 0.5673728734375 0.042419409375 0.561938284375 0.047210787500000004 0.561959946875 0.055052257812500005 0.5623557515625001 0.0602833203125 0.5598216609375 0.0643051453125 0.5529511109375 0.0692511921875 0.5493404390625 0.071822059375 0.5418799812499999 0.07691635937499999 0.540356315625 0.0850446984375 0.546530725 0.09179554375 0.554596875 0.09626414531250001 0.5578717125 0.10031058906250001 0.5608817828125 0.10276088125 0.561504546875 0.1067756859375 0.5603147359375 0.10973127499999999 0.5632581156249999 0.11064392812499999 0.5687481187500001 0.108429490625 0.5700014703125 0.114086053125 0.56660206875 0.11647199374999999 0.5653423656250001 0.1205336296875 0.5666346671875 0.12270192656250001 0.57312894375 0.12105413281249999 0.569507121875 0.1295407140625 0.5726056093749999 0.1317423796875 0.5775513296875 0.1322199609375 0.5831639703125 0.1319109640625 0.584367078125 0.12293342031250001 0.5873372859375 0.1206153546875 0.5890989249999999 0.1281923875 0.5892774765625 0.1284519015625 0.59714484375 0.1288079359375 0.601454053125 0.1243212171875
0 0.6721103296875001 0.01886346875 0.6718268468749999 0.0205342796875 0.673169346875 0.025384087500000003 0.67490984375 0.02626880625 0.6777234109375 0.025794834375 0.679712625 0.0199153625 0.6745636421875 0.01670715 0.6721103296875001 0.01886346875
0 0.698421634375 0.34269617812500003 0.701944903125 0.3433445328125 0.7094102390625 0.341871359375 0.71197123125 0.350331515625 0.7172104546875 0.34925432968750003 0.7222871125 0.346206209375 0.7275627359375 0.34278824375 0.730225071875 0.338809984375 0.73127895625 0.3240768515625 0.73300884375 0.3211463765625 0.7356591484375 0.3164829046875 0.7391622671875 0.3116193859375 0.742282271875 0.3050117484375 0.7413994234375 0.29546105625 0.7394841875 0.28892460937500003 0.73602050625 0.2825404640625 0.732920159375 0.2790488859375 0.726885796875 0.2772418765625 0.7195309046875 0.2769850390625 0.7214256734375 0.27233270625 0.7140872500000001 0.2725892546875 0.7060208109375 0.27690411875 0.701886684375 0.2792425140625 0.6934350796875 0.28281223125 0.683425528125 0.302834475 0.6748802109375001 0.3025063609375 0.6752193828124999 0.3121350015625 0.6807940734375 0.324105596875 0.6857807890625 0.3335275578125 0.6932621609375 0.3398331203125 0.698421634375 0.34269617812500003
0 0.7202271984374999 0.26308993593749996 0.7222466562500001 0.2647614328125 0.7244176296875 0.2681830328125 0.7296330078125 0.262281765625 0.7339543765625 0.26237169531250004 0.7356194 0.2581647421875 0.7343930890625 0.2523605953125 0.7341673937500001 0.2513020734375 0.7373087484374999 0.24770951718749998 0.7343371765625 0.24218682187499999 0.7324824249999999 0.23906706562500002 0.73052058125 0.233954859375 0.7240859671875 0.2308049390625 0.7179728171875001 0.23541784062499999 0.71372595625 0.2405368078125 0.7136433859375 0.2505572171875 0.71467376875 0.25556966875 0.715134003125 0.260612240625 0.7202271984374999 0.26308993593749996
0 0.6370691921875 0.2953120796875 0.63461789375 0.29606761718749997 0.630442253125 0.3004902078125 0.630409796875 0.3046431671875 0.6352027234375 0.3094962078125 0.640934359375 0.30748094843749996 0.642688071875 0.3059724828125 0.6436390703125 0.30166242187500003 0.6407360640624999 0.2975789328125 0.6370691921875 0.2953120796875
0 0.6207579390625 0.32888358906250004 0.6212000109375 0.3316256875 0.6229068921875001 0.3326671421875 0.624742703125 0.33046424375 0.6254517796875 0.33129105625 0.632262578125 0.33257797031249997 0.633218390625 0.3213247859375 0.629270153125 0.3174893453125 0.6303117859375 0.31488192187499997 0.62783019375 0.3123859828125 0.62372534375 0.3135277953125 0.6198021796875001 0.31416783125 0.6177152609375 0.318994815625 0.620619234375 0.325423515625 0.6207579390625 0.32888358906250004
0 0.7644265406249999 0.3521695484375 0.7630938359375 0.347084003125 0.7592336453125 0.3452043890625 0.7541433890625 0.3481941875 0.753428134375 0.35730446250000003 0.75799131875 0.3595134984375 0.7619293218750001 0.35732929062499996 0.76269905625 0.356374321875 0.7644265406249999 0.3521695484375
0 0.7742797109375 0.27099052968750004 0.767077603125 0.275984409375 0.7689482171875001 0.2837090859375 0.7719238046875 0.2871916171875 0.7748034875 0.291540078125 0.78112105 0.291952996875 0.7839775421875 0.2899811734375 0.7876936015625 0.291331996875 0.791845196875 0.29288095468750003 0.793385940625 0.290397275 0.7914299359375 0.2854760140625 0.7920795453125 0.27994687812499996 0.7927432234375 0.2764773015625 0.7941520328125 0.27056349062499996 0.79290471875 0.2671069171875 0.7897786531250001 0.2643070515625 0.7852219265625 0.26764380625 0.783219253125 0.2692076796875 0.7761310781249999 0.2649842953125 0.7742797109375 0.27099052968750004
0 0.7673149109375 0.226253021875 0.7668253078125 0.230737103125 0.7701341578124999 0.23519748593749998 0.77342188125 0.23600959531250001 0.778659775 0.23403025156249999 0.7798008953125 0.23134969375 0.778456115625 0.22629655781250002 0.7758752328125 0.222927871875 0.773456678125 0.2220741953125 0.7682007546875 0.224032584375 0.7673149109375 0.226253021875
0 0.7462286328125 0.1725719203125 0.7509731859375 0.17549709687499998 0.7540806671875 0.1756056125 0.75620393125 0.1738567734375 0.7587399703125 0.17018210312499998 0.756840365625 0.16669024375 0.7516597640625 0.1651037890625 0.7481042375 0.16618505 0.74682095625 0.1675192015625 0.7462286328125 0.1725719203125
0 0.6787755796875 0.22668518125 0.68192504375 0.22966566249999998 0.686899134375 0.22892786874999999 0.6887755453125 0.22721887500000001 0.689828178125 0.22371441406249998 0.686512471875 0.2185549296875 0.6838046984374999 0.21783499218750002 0.67975248125 0.21867845937500002 0.6773745984375 0.22171919999999998 0.6787755796875 0.22668518125
0 0.753601096875 0.747593565625 0.7518225421875 0.7456944 0.74870146875 0.7458855921875001 0.7467578375 0.7481316296875 0.7467835203125001 0.752813503125 0.746061559375 0.7552210234375 0.747372821875 0.762666634375 0.75124811875 0.7621437484375 0.7537215171875 0.763799828125 0.7579520484375 0.765729896875 0.7631715406249999 0.7639641046875 0.763781871875 0.7629175796875 0.7647631640625 0.7608740187499999 0.7637853640625 0.754937840625 0.7625559156249999 0.75199939375 0.7616108765625 0.7483485625 0.7586381703125 0.747022134375 0.753601096875 0.747593565625
0 0.60952589375 1 0.6106790828124999 0.99461395 0.6112773890625001 0.99028531875 0.613400084375 0.984299503125 0.613325209375 0.981653090625 0.6134568765624999 0.974121846875 0.612704265625 0.9632592765625001 0.6115589671875 0.9596123984375 0.6041472406249999 0.95793865 0.5968817828125 0.955971390625 0.5896923765625 0.9543335484375 0.5830384703125 0.9527175343750001 0.5787969093750001 0.9539687046875001 0.5764933078125 0.9555986781250001 0.57074013125 0.9656180624999999 0.5686910968750001 0.9697631390625 0.5677938265625 0.9760716046875 0.5678047015625001 0.9834608609375 0.5707940640625 0.987578634375 0.575853965625 0.990830640625 0.5776760828125 0.9985114109375001 0.5772779328125 1 0.60952589375 1
0 0.7455222578125 0.8456119531249999 0.7478658328125001 0.8486127578125 0.751205171875 0.8491108531249999 0.7541008078125 0.8477642140625001 0.7552539296874999 0.8446056578125001 0.7579750140625 0.8433326593749999 0.7584390828124999 0.8375203140625 0.7565742625 0.8326741562500001 0.7536005890624999 0.829987490625 0.7517002640625 0.82924728125 0.7440651703125 0.8332535734375 0.7436803703125 0.8383182296875 0.7455222578125 0.8456119531249999
0 0.79710198125 0.8231405578125001 0.79625611875 0.8190225921875 0.79548680625 0.8164285375 0.7922098296875 0.8166518093749999 0.7898791468749999 0.8170425828125 0.7896996234375 0.8254070375 0.791553646875 0.8271149703124999 0.7935462265625 0.8289293656250001 0.7945694671875 0.8282365296875 0.79651218125 0.8267331 0.79710198125 0.8231405578125001
0 0.7734963421875001 0.8411120562500001 0.77374041875 0.8459422671875 0.7768950890624999 0.846132165625 0.78023481875 0.8458579296875 0.7815214703125 0.8481432874999999 0.78344511875 0.8471410609375001 0.7851013515624999 0.8429619421875 0.7859174875 0.838842603125 0.785156453125 0.8357876187500001 0.7836795109375 0.8334893624999999 0.7778683609375 0.835095346875 0.7742896781249999 0.8377798999999999 0.7734963421875001 0.8411120562500001
0 0.7261712499999999 0.8766430156249999 0.7284594046875 0.87635081875 0.7290689546875 0.8729090578124999 0.7287035171875 0.86940510625 0.72815726875 0.8683478984375 0.73174695 0.8672287453124999 0.7299754765625 0.8619480796874999 0.7299151765625 0.8609438015625 0.7291048671875 0.8582701437500001 0.7251020734375 0.8591309718750001 0.7224178171875 0.8607820484375001 0.7213755843749999 0.8643916234375 0.7210354390625 0.869296803125 0.723227484375 0.8748907750000001 0.7261712499999999 0.8766430156249999
0 0.615740675 0.8829788421875 0.6157544421875001 0.8750182234375 0.6138660890625001 0.8746067562500001 0.611201646875 0.8790930640625 0.6120511625 0.8811364578124999 0.615740675 0.8829788421875
0 0.5429494359375 0.9363021968749999 0.5403709 0.9328663640625001 0.5381667015625 0.9357239921874999 0.539905021875 0.9399841296875 0.5388639937499999 0.9434248937499999 0.5425799140625001 0.9436156312499999 0.5429494359375 0.9363021968749999
0 0.8882796671875001 0.8725605312500001 0.8878263515624999 0.8763188749999999 0.89050733125 0.8798208234375 0.8930245765624999 0.8800869609375 0.8943881062499999 0.8774845250000001 0.89433324375 0.8708176109375 0.8922807953125 0.8676284140625 0.8901376671874999 0.8683790765625 0.8882796671875001 0.8725605312500001
0 0.96346154375 0.8797199515624999 0.9641417875 0.886879303125 0.96760204375 0.8911229625000001 0.9698839156249999 0.89275671875 0.9730453671875001 0.889752721875 0.9737515999999999 0.8840348234375 0.9731480343750001 0.8798283843749999 0.9706484828124999 0.875429096875 0.966516953125 0.8752754390625 0.96346154375 0.8797199515624999
0 0.873651275 0.848718296875 0.8730416562500001 0.8530574765625 0.8744262046875001 0.8536139484374999 0.8762771140625001 0.8516054453124999 0.8766206609375 0.8509904984375 0.8739597296875001 0.8395719265625001 0.8703525984375 0.8352809265625 0.8692759328124999 0.836115734375 0.865635815625 0.8375598890625 0.8652143109375 0.8423324609374999 0.86746591875 0.8458178515625001 0.8693663671875 0.8471365421874999 0.8713372890625 0.8488548093749999 0.873651275 0.848718296875
0 0.8368442625 1 0.836873934375 0.9998737406249999 0.8360901421875001 0.9950528249999999 0.833818878125 0.9947718249999999 0.8324204421875001 1 0.8368442625 1
0 0.8979488968749999 0.691928571875 0.900222971875 0.6923081671875 0.90267293125 0.6923968484375 0.9040288515625001 0.6868783078125 0.9042301890625 0.6813366453125 0.9026483765625001 0.673445384375 0.9007556062500001 0.668728015625 0.89763938125 0.667437225 0.8940252640624999 0.668405434375 0.8927322875 0.6727035531250001 0.89313949375 0.6779662828124999 0.894119159375 0.6835804546875 0.8939402296875001 0.6886147765625 0.8979488968749999 0.691928571875
0 0.8965330328125001 0.6274398734375 0.8947477859375 0.633209209375 0.8957812374999999 0.6382233296875001 0.8992117000000001 0.639425034375 0.9001147812499999 0.6390391281250001 0.9048371953125001 0.63373351875 0.904920875 0.6379186765625 0.915279971875 0.6356897828125 0.9136094984375 0.6316806046875 0.90806161875 0.634119721875 0.90830815625 0.63135789375 0.9108574203125 0.6294535140625 0.9083443296875 0.6268298359375 0.9062505171874999 0.6251385453125 0.901392590625 0.6226393578125 0.8969911171874999 0.621888415625 0.8965330328125001 0.6274398734375
0 0.9327738578125 0.6316931890624999 0.9314602843750001 0.629775865625 0.9285379031250001 0.629605021875 0.9258872828125 0.6310540234375 0.9255957671875 0.639267603125 0.9314934765625 0.643017903125 0.932209484375 0.6405570171875 0.932773871875 0.63769215625 0.9327738578125 0.6316931890624999
0 0.9639083093749999 0.5813741125 0.968303184375 0.5862539015625 0.9742684718750001 0.589143534375 0.9792791921875 0.5887447265625 0.9795193 0.584062753125 0.9743873640625 0.5784411640625 0.9729646265625 0.571143315625 0.9713344890625001 0.5663819625000001 0.9673894187500001 0.5642914453125 0.9648842796875 0.56318615625 0.9626813562500001 0.5659625296875 0.9605047656249999 0.57008908125 0.9614167046875 0.5737027953125 0.9639083093749999 0.5813741125
0 0.9499044046874999 0.554781684375 0.9462014765625 0.559725778125 0.9459253796875 0.5649458843749999 0.9473162281249999 0.570918375 0.949826640625 0.5732605390625001 0.9550690906250001 0.577732159375 0.9574795999999999 0.5781446609375 0.958511253125 0.5728680765624999 0.9575025640625 0.5675030421875 0.9562389546875 0.5627669953125001 0.955577865625 0.5581035828124999 0.9527547640625 0.5556269875 0.9499044046874999 0.554781684375
0 0.934761603125 0.5330446531249999 0.9313478453125 0.5337822140624999 0.9311160265625 0.54068926875 0.9342744140624999 0.5459214328125 0.9365149390624999 0.5373225125000001 0.934761603125 0.5330446531249999
0 0.9457139343750001 0.506082334375 0.9441158312500001 0.50761186875 0.942410828125 0.5107699140624999 0.942374371875 0.51508220625 0.9440302765625 0.5182997687500001 0.9480795296875 0.5146310374999999 0.9493966890625 0.5065064312499999 0.9457139343750001 0.506082334375
0 0.9665889812499999 0.475911234375 0.960829559375 0.4814980109375 0.96145455 0.48621019375 0.9651521828125 0.48844685156249995 0.9654751703125 0.48842060781249996 0.9672647781249999 0.48646624843749997 0.968282403125 0.4829793265625 0.9665889812499999 0.475911234375
0 0.9397232328125 0.3818288203125 0.942838625 0.3830539171875 0.9422494984374999 0.38756735625 0.9435903874999999 0.3883443140625 0.945348596875 0.3894829296875 0.9486658312499999 0.3886888421875 0.9487042453125 0.392334590625 0.9499100671875 0.3929051453125 0.9566963765625 0.39207272656250003 0.9581302859375 0.388484646875 0.9567403390625 0.38266540625 0.9579247078125 0.3820594953125 0.9597346203124999 0.3799713890625 0.95630498125 0.3756568796875 0.9543156484375 0.374421075 0.952941 0.3698202984375 0.949692603125 0.3671209109375 0.9421015171875 0.364942159375 0.9383671124999999 0.3642958125 0.9345248703125 0.3660659234375 0.932640334375 0.3699775359375 0.93218718125 0.37471617031250004 0.9348346843750001 0.378057478125 0.937516740625 0.378976640625 0.9397232328125 0.3818288203125
0 0.8891065093750001 0.38719996874999996 0.8882855359375 0.391547403125 0.8917648343750001 0.39793209375 0.8959018453125 0.3990928046875 0.8976928671875 0.399202253125 0.8999597406250001 0.390565165625 0.9011860265625 0.38768433281250003 0.9033007312500001 0.38027080625 0.9025418843749999 0.3730790046875 0.9022672 0.37002067968749996 0.896020565625 0.3733969203125 0.8918175328125001 0.3801262109375 0.8891065093750001 0.38719996874999996
0 0.8584077750000001 0.3936121921875 0.856987371875 0.3914409859375 0.854132246875 0.3981641890625 0.853032465625 0.4005116125 0.8558455109375 0.405290821875 0.86046081875 0.40676841875 0.8640300968749999 0.4050247359375 0.8641078265625 0.4006497828125 0.8584077750000001 0.3936121921875
0 0.9496441984375 0.05300287031249999 0.9474023109375 0.056223465625 0.9489149984375 0.061124556249999996 0.948857578125 0.0627688671875 0.9517122421875 0.0651027265625 0.954121096875 0.063144978125 0.95403403125 0.057713629687500004 0.9534849328125 0.05369358125 0.9515254578125001 0.05227433124999999 0.9496441984375 0.05300287031249999
0 0.9110390390625 0.0875328546875 0.9154095312500001 0.08402230625 0.9180375171874999 0.080893365625 0.9177752828125 0.07609066249999999 0.9177826937500001 0.0765052359375 0.9162980390625 0.0672196421875 0.9176598984375 0.060680373437500004 0.920459328125 0.057566799999999994 0.9209818828125 0.053706123437499996 0.919345153125 0.046044334375 0.91617245 0.0439979875 0.9115722234374999 0.0412826625 0.9070889843750001 0.039112378125 0.9028328625 0.0383180453125 0.8990042234375 0.039027046875 0.89544216875 0.044324709375 0.8948406390624999 0.0513423671875 0.8970583140624999 0.05866484843749999 0.8994567218749999 0.0656918953125 0.9013259296875 0.0672784078125 0.8995719640625 0.0726892421875 0.9030490703125 0.07989779531249999 0.9057716703124999 0.0872222734375 0.9110390390625 0.0875328546875
0 0.8669842828125001 0.1124199015625 0.870781565625 0.11704117656249999 0.875649540625 0.11786469375 0.8785576640625001 0.113698021875 0.878946415625 0.1137585015625 0.8798543499999999 0.1063387921875 0.8760149453125001 0.10014790312499999 0.8702224046874999 0.1008180296875 0.867984775 0.10427485624999999 0.8669842828125001 0.1124199015625
0 0.8453402640625001 0.0645025328125 0.8479810999999999 0.06646776875 0.8529478296875 0.06495580937499999 0.855784146875 0.063561759375 0.855340528125 0.0599237484375 0.8526775499999999 0.0547870578125 0.8492875812499999 0.0534554375 0.8476496515624999 0.052722828124999996 0.845386909375 0.05622724531249999 0.8453402640625001 0.0645025328125
0 0.795291775 0.0857922734375 0.79920015625 0.0832474359375 0.8018342015625001 0.08178065625 0.8023094531250001 0.079946125 0.8019288171875001 0.0794294015625 0.797499934375 0.074493703125 0.792441803125 0.06953446875 0.790554175 0.0667293828125 0.787168 0.0649757640625 0.7863489984375 0.07195299375 0.7835272953125 0.0793308875 0.7842922546875 0.0832584140625 0.7884967703125 0.08656028593750001 0.7923996875 0.0883804171875 0.795291775 0.0857922734375
0 0.8221190281249999 0.0538262453125 0.8236874671875001 0.05610111875 0.82555276875 0.0567697484375 0.8274965890624999 0.05581669375 0.828709821875 0.0523694359375 0.8269967015624999 0.047253406250000005 0.8253136890625001 0.046423853125 0.8228722109375 0.048241315624999996 0.8221190281249999 0.0538262453125
0 0.51806683125 0.7437477578125 0.5167779359375 0.7358854859374999 0.5104772125 0.7372289125 0.5125196171875 0.7458992234374999 0.51806683125 0.7437477578125
0 0.4083271921875 0.6179662765625 0.40558580937500005 0.606926378125 0.3975599453125 0.6128999187499999 0.402725446875 0.621679290625 0.4083271921875 0.6179662765625
0 0.45537192343750005 0.658695425 0.454028496875 0.6523947031249999 0.44982470937499996 0.660846890625 0.45537192343750005 0.658695425
0 0.26010901249999996 0.564323359375 0.2573130984375 0.5548450093749999 0.2509033140625 0.55931153125 0.25300025000000004 0.56642029375 0.26010901249999996 0.564323359375
0 0.31019255625 0.6747322578125 0.3096571703125 0.6676780265625 0.30265746875 0.6666518640625 0.300069759375 0.6735970359375 0.31019255625 0.6747322578125
0 0.2252393671875 0.756973784375 0.22389594062499998 0.7506730609375001 0.21759521875 0.7520164874999999 0.2181306046875 0.75907071875 0.2252393671875 0.756973784375
0 0.11816677812500001 0.442889421875 0.122425096875 0.4328756859375 0.1161243734375 0.4342191125 0.11816677812500001 0.442889421875
0 0.4728563671875 0.202777890625 0.4715674703125 0.1949156203125 0.4621436515625 0.1961499859375 0.464131525 0.20638184375000002 0.4728563671875 0.202777890625
0 0.373566675 0.31500609687500003 0.3692092125 0.3054732171875 0.36129241093750003 0.3083236609375 0.36640338125 0.31866458125 0.373566675 0.31500609687500003
0 0.3406849375 0.2716446265625 0.33164283125 0.2619481546875 0.323780559375 0.26323705 0.3241523546875 0.2749759265625 0.3406849375 0.2716446265625
0 0.30177512968750003 0.22181884062499999 0.298815625 0.2170251359375 0.29251490156250004 0.21836856249999997 0.2930502875 0.22542279375000002 0.30177512968750003 0.22181884062499999
0 0.3131620453125 0.1643687421875 0.3134346984375 0.1565610015625 0.3071885046875 0.1563428796875 0.3061078140625 0.16490412968749998 0.3131620453125 0.1643687421875
0 0.69510675 0.6436153640625 0.6923108359375 0.6341370140625 0.6860101125 0.6354804406250001 0.6880525171875 0.6441507515625 0.69510675 0.6436153640625
0 0.7070736656250001 0.6143276625 0.7057302390625 0.6080269390625 0.699484046875 0.6078088171875 0.6999649031249999 0.6164245968750001 0.7070736656250001 0.6143276625
0 0.938906584375 0.444971596875 0.9447264499999999 0.435012390625 0.936918709375 0.4347397375 0.938906584375 0.444971596875
0 0.901474040625 0.46477103125 0.9019648140625 0.45071709843749996 0.8924864640625 0.4535130109375 0.8959813562500001 0.4653609484375 0.901474040625 0.46477103125