0 0.12126968906249999 0.5761918078125 0.12356214531250001 0.5725177046875001 0.1308013796875 0.569683459375 0.137921996875 0.5739717093750001 0.137415225 0.570061946875 0.13467085625 0.5537463109375 0.1331933796875 0.547787340625 0.1314303578125 0.544174953125 0.131592790625 0.5407155859375 0.131079490625 0.5351443125 0.12904087656250002 0.52997233125 0.11877277500000001 0.530806671875 0.10795357187500002 0.5321670890625 0.09605865 0.5333440265625 0.0887929203125 0.53306256875 0.0841880078125 0.540098740625 0.0785678921875 0.542561675 0.07149045000000001 0.5428504046875 0.06409825 0.547181984375 0.058818521874999995 0.5517498328125 0.05656069375 0.5510476671875 0.049036234375 0.551548025 0.039827928125 0.553482946875 0.027503478125 0.55749393125 0.0187350171875 0.560453546875 0.0140254234375 0.5613683421875 0.025639176562499998 0.6049594 0.027837489062499998 0.609116628125 0.03132670625 0.6115538125 0.034920876562499994 0.614206703125 0.04917209375 0.6244008484375 0.049286089062499996 0.619413475 0.046693409375 0.6115446328125 0.045156190624999995 0.6066047265625001 0.0429875625 0.605548146875 0.039589571875 0.61195718125 0.0376358703125 0.6115961125 0.036684431249999996 0.605090834375 0.0408594703125 0.6005038078125 0.0449439390625 0.6009918265625 0.051530734375 0.6049255015624999 0.056625914062500005 0.6028712656249999 0.0581974515625 0.5994654109375 0.0602474546875 0.5994002671875001 0.0661214015625 0.599183646875 0.06910826406250001 0.599197315625 0.0738703609375 0.6004534203125 0.0782654859375 0.6008322749999999 0.0812008421875 0.5987323421874999 0.081741628125 0.5967899609375 0.08332701718749999 0.5930584859375 0.08946156250000001 0.5902050625 0.093741340625 0.5917697515625 0.09721532656250001 0.5898891875000001 0.0985255265625 0.589567565625 0.1077123359375 0.5822858984375 0.10944672656250001 0.581434825 0.1126474109375 0.5814925015625 0.1183663140625 0.581455796875 0.1196192953125 0.5804291015625 0.12126968906249999 0.5761918078125
0 0.1283803078125 0.6795661546875 0.13510633593750002 0.6841699 0.13537245 0.6793195171875 0.1335358734375 0.6763681171875 0.13015876875000001 0.6768782796874999 0.1283803078125 0.6795661546875
0 0.1103936375 0.66524279375 0.10955837187499999 0.6615386359375 0.10818985156250001 0.65984235 0.10613147812499998 0.659161684375 0.1057560296875 0.66228774375 0.1103936375 0.66524279375
0 0.059835239062500004 0.6323465515625 0.05845783125 0.6281058875000001 0.05658596875000001 0.6251763640625 0.0547397359375 0.6241710625 0.050087751562500005 0.625619925 0.059835239062500004 0.6323465515625
0 0.0737963796875 0.6084322203125 0.0739349296875 0.6060178406250001 0.069933596875 0.6054099171875 0.06428395 0.6072529453125 0.063481721875 0.6145862375 0.06445857656250001 0.632844628125 0.06533319374999999 0.6347273640625 0.071169778125 0.6392198546875 0.072760034375 0.6374952859375 0.07113550625000001 0.6350004 0.0702983203125 0.631467571875 0.0674721046875 0.6292712421875 0.0648686890625 0.629543471875 0.06559366562499999 0.6241163328125 0.066785440625 0.6228167109375 0.06681947656250001 0.61912905 0.06482372656249999 0.61700699375 0.066473478125 0.61500620625 0.0667791875 0.6103646546875 0.067708428125 0.6101671375 0.0737963796875 0.6084322203125
0 0.3493142046875 0.92390678125 0.350338753125 0.9264573125 0.3522930875 0.927557846875 0.35327734843749997 0.9273486359374999 0.3547124640625 0.9257960171875 0.355127428125 0.9221344140625 0.3545054796875 0.9193737078125 0.353776246875 0.915694934375 0.3521760203125 0.9121645546874999 0.349874009375 0.9122465249999999 0.3489547140625 0.914414725 0.34913341875000004 0.9189980390624999 0.3491497265625 0.9216750218750001 0.3493142046875 0.92390678125
0 0.3309657890625 0.87255254375 0.33011093593749996 0.8765344796875001 0.330150640625 0.8815610671874999 0.331486184375 0.883928884375 0.334054634375 0.8835522687499999 0.33471578750000003 0.8806881578124999 0.3362025 0.8783562187499999 0.336286546875 0.875970996875 0.3355525828125 0.8735024656249999 0.33337692812499997 0.8700305015625001 0.3316523390625 0.8701686453124999 0.3309657890625 0.87255254375
0 0.31270631249999997 0.8937176593749999 0.314692478125 0.8941788546874999 0.31656379375 0.8947986421874999 0.31797385 0.8936842468749999 0.3181356984375 0.8921610624999999 0.31882567812499996 0.8864490359375001 0.3197366625 0.8814535937500001 0.32042454062500003 0.8771445375000001 0.320422265625 0.8735716218749999 0.3201143609375 0.8687186515624999 0.317823059375 0.8612681671875 0.3174270140625 0.8540841468749999 0.316361153125 0.8517676296875001 0.3154930078125 0.8484123046875001 0.3126165265625 0.8426277015625001 0.3104482484375 0.84063336875 0.30948665468750003 0.8371014265625 0.3100061953125 0.8340821171874999 0.3099691015625 0.8299846640625 0.309365703125 0.826168921875 0.30827177968749997 0.821751390625 0.3065477546875 0.8185779890625 0.30403235624999997 0.8128763765624999 0.30281543125 0.8108411640625001 0.2978276609375 0.807997284375 0.2945380546875 0.8070703515625001 0.289572996875 0.8077151734375001 0.2882701875 0.806207790625 0.28415059375 0.8080195187499999 0.28397423593750004 0.8139610203125001 0.28052530937500003 0.817515134375 0.28240966093750003 0.8274098921874999 0.2836376578125 0.8360128859374999 0.28451491562500003 0.8390052593749999 0.284055665625 0.8444350203125 0.28440485781249997 0.8496625921875 0.284879446875 0.8530376734375 0.285424240625 0.8556007250000001 0.2867148015625 0.8609508796875 0.287377015625 0.8646375078125 0.28837694062499997 0.8693417875 0.2890301890625 0.8718514359375 0.2934089765625 0.8799316703125 0.2952722921875 0.8838054796874999 0.2971267203125 0.8869160203125 0.29812655 0.8895005593749999 0.298979075 0.8901595859375 0.3004447671875 0.88984804375 0.3015729125 0.888354284375 0.30166095312499996 0.88599536875 0.3045618671875 0.8874985203125 0.3076324359375 0.891205175 0.307864990625 0.8931860484374999 0.3092210203125 0.894252415625 0.31270631249999997 0.8937176593749999
0 0.27116101718749996 0.8434938390625 0.27204265781250003 0.84878395 0.27259172343750004 0.8522614093750001 0.27356923125 0.8554097859375001 0.27573807499999997 0.8618783359375 0.2785166578125 0.8608069109375001 0.2785914140625 0.8586936250000001 0.2784670421875 0.8565603656249999 0.2778790578125 0.8533882984375 0.2774334609375 0.8505629515625 0.276883415625 0.8484035625 0.2788580203125 0.8505764390625 0.27950560625 0.8508349484375 0.2802627359375 0.8496548687500001 0.2807686828125 0.8471352421875 0.2813347578125 0.8447481984375 0.28073821250000003 0.8408143890625001 0.2814362953125 0.8362076421875001 0.2794908265625 0.829813015625 0.27711570937499996 0.8268530859375 0.27422185625 0.8245113937499999 0.27143539687499996 0.8233513171875 0.268585815625 0.8204363296875 0.2675956703125 0.820971065625 0.26705496093750003 0.8239884859375 0.26715262968750003 0.8276193984375 0.267430809375 0.8303860828125 0.26931284375 0.8356105140625001 0.27052100625 0.8391826968749999 0.27116101718749996 0.8434938390625
0 0.24110557031250002 0.8176178921874999 0.24272604687500002 0.821837240625 0.24369249843750002 0.82401674375 0.2448659359375 0.8256219124999999 0.2464466921875 0.8252204187500001 0.2474958765625 0.8223105687500001 0.24645683125 0.8205410546874999 0.2482314265625 0.818804459375 0.24898295468749998 0.8171846875 0.24919176406250002 0.8149806093749999 0.25056109531250004 0.8129531671875 0.24983533750000003 0.810275228125 0.249889559375 0.8085688546875 0.250016825 0.8066424859374999 0.25035029999999997 0.8052729125000001 0.250181646875 0.8018040484375 0.248902159375 0.7987981328125 0.24646741093750002 0.79467838125 0.2454411125 0.795824621875 0.244418446875 0.7949062390625 0.24454696406249998 0.792422109375 0.2438930921875 0.7907512328124999 0.242268715625 0.7892866421875 0.24001951406250002 0.7880539015625 0.238133534375 0.789371690625 0.23931522031250002 0.7989892968750001 0.23909266406250002 0.8027745359375 0.2381745453125 0.8044297171875 0.23683353437500002 0.8069511281249999 0.237789928125 0.809338834375 0.23971438125 0.8143194312500001 0.24110557031250002 0.8176178921874999
0 0.3676366390625 0.8743072140624999 0.3673706671875 0.8747167749999999 0.3678127203125 0.8773751453124999 0.3685819 0.878213225 0.369459371875 0.880943578125 0.3713828078125 0.8798095171875 0.3703286296875 0.8748500031249999 0.37034092812499997 0.8736828796875 0.3689264546875 0.8733110265624999 0.3676366390625 0.8743072140624999
0 0.374356509375 0.8484529078125 0.37274320625 0.8472207828125 0.37060386093750003 0.849969390625 0.371055078125 0.852498021875 0.3727537609375 0.8583253109375001 0.3770975890625 0.8678793953125 0.379205653125 0.864645434375 0.3795119109375 0.8634333984375001 0.3795614234375 0.86153953125 0.3796542921875 0.8594287859374999 0.3788100890625 0.8568399203125001 0.37814115937500004 0.8561578437499999 0.3765433078125 0.8534352484375001 0.375192184375 0.8512496515624999 0.374356509375 0.8484529078125
0 0.3418037234375 0.78873318125 0.3433151203125 0.7902824875000001 0.34434948125 0.7930369984375 0.3447405484375 0.794719009375 0.3472717984375 0.79499405625 0.347371665625 0.7908946484375 0.348121925 0.787006828125 0.348021853125 0.7841687390625001 0.3465950015625 0.7809880812500001 0.34319628281250003 0.778863921875 0.3428883125 0.777415040625 0.340235346875 0.7778224 0.33854774375 0.779021346875 0.339472509375 0.782650571875 0.340649384375 0.7856096109374999 0.34090376875 0.7878510140625 0.3418037234375 0.78873318125
0 0.3196134390625 0.7935696765625 0.318474075 0.7939284671875 0.31760567968750003 0.7983126328125 0.3189887546875 0.801700675 0.320126753125 0.8050705234375 0.32357076406249996 0.8049502828125 0.32390967656249997 0.8024038609374999 0.3234417125 0.7985864890625 0.322359271875 0.7956057796875 0.3196134390625 0.7935696765625
0 0.3653784375 0.7819778515625 0.3656440921875 0.783806325 0.367531709375 0.7866446421875 0.36834893125 0.7880619531249999 0.37089966875 0.7912018015625 0.3713189578125 0.7865760421875 0.3709854703125 0.7834664890624999 0.370648571875 0.7801755578125 0.369760296875 0.777973046875 0.36881896875 0.776505440625 0.3674442046875 0.7777257484375 0.366031590625 0.7781442171874999 0.3652384890625 0.7790348234375 0.3653784375 0.7819778515625
0 0.379516496875 0.97006574375 0.3818190375 0.9691370359375 0.38095663750000003 0.9656734640625 0.37977320625 0.9626535203125 0.379610659375 0.9614980031249999 0.37773520625 0.9575069671875 0.375524253125 0.9531399703125001 0.3736467953125 0.950229209375 0.3718335921875 0.94990536875 0.3732258359375 0.9557338968750001 0.373018340625 0.9578690078125 0.373208053125 0.9607455484375 0.37681383125 0.9671355015625 0.379516496875 0.97006574375
0 0.41054330781250004 0.9424265484375001 0.409141240625 0.9418124484374999 0.40759750781250004 0.9435830375 0.407571240625 0.9471268765625 0.40819859843749995 0.9506420062500001 0.41018480625000003 0.9536510546875 0.4131505515625 0.9535653828124999 0.41332019999999997 0.9535293234375001 0.4158458140625 0.95206439375 0.4166245703125 0.94876155625 0.41718079062499996 0.9460651125 0.413232765625 0.9452270125 0.4118963171875 0.9438018578125 0.41054330781250004 0.9424265484375001
0 0.3821841875 0.8262096874999999 0.38370545 0.831097075 0.384320559375 0.8345620921875 0.38647665625 0.8381148890624999 0.38864937187500004 0.8356435265625001 0.3894507359375 0.832462078125 0.3897297796875 0.83140758125 0.3899604046875 0.8298697765625 0.3893265984375 0.8268879546875001 0.386931759375 0.817838109375 0.3869832671875 0.8153975046875 0.386566240625 0.8134430625 0.38489293281250003 0.812266821875 0.383411459375 0.811166415625 0.38117096875 0.812056375 0.380135746875 0.8127923812500001 0.3799566109375 0.815068425 0.37988651406249996 0.8185864390625 0.3803127 0.82173379375 0.3807441171875 0.8237634500000001 0.3821841875 0.8262096874999999
0 0.29911145 0.739050275 0.3006581109375 0.74019433125 0.3015481078125 0.7381889046875 0.30414455625 0.741536284375 0.30547565 0.7393364625000001 0.305853884375 0.7354494453125 0.305867090625 0.7341287765625 0.3045165859375 0.7320964 0.3051327515625 0.727532625 0.3052403015625 0.72241723125 0.3036266640625 0.719605340625 0.30020738593749996 0.714273165625 0.29856930937500004 0.7138338281250001 0.29829193906249996 0.7175716125 0.2964083203125 0.71732983125 0.2953052296875 0.720038684375 0.295357596875 0.7228853140625 0.2950037984375 0.7260530968750001 0.2961811296875 0.73078036875 0.297856475 0.7339577265624999 0.298014275 0.7352787875 0.29911145 0.739050275
0 0.2971898515625 0.69255405625 0.2973935390625 0.6935123359375 0.29821414062499996 0.6973729625 0.2994876203125 0.6998546078125 0.30062935468749996 0.6991838203125 0.301481446875 0.6971353328125 0.30225836093749997 0.6947482015625 0.301933775 0.6926574999999999 0.3015309453125 0.6907623390625 0.3008730796875 0.6890651546875 0.299694734375 0.68679810625 0.29812325 0.683771190625 0.29667222187500003 0.6835956015625 0.296434559375 0.68569399375 0.2964798609375 0.6864782765624999 0.2954749953125 0.6879282609375 0.295895578125 0.6906359234375 0.2971898515625 0.69255405625
0 0.26936120625000004 0.708312440625 0.2709689046875 0.7115473078125001 0.2731546046875 0.7100012796875 0.2752460390625 0.7133250140625 0.2774580203125 0.712714271875 0.2768708046875 0.7074941640625 0.277130146875 0.70495666875 0.277072828125 0.703454509375 0.27757752343750003 0.70149264375 0.2766536234375 0.6993855640625 0.27525989375000004 0.696105215625 0.2749594625 0.6927378421875 0.2744897125 0.690527840625 0.27418395156250003 0.68681975625 0.2738720859375 0.6846912078125 0.27236513906250004 0.6817048859375 0.27031664843750003 0.6800636765625 0.2688998625 0.6803648250000001 0.2682143890625 0.683219728125 0.267445725 0.6866226546875 0.266733325 0.6872165625 0.2665201109375 0.6906324109375 0.26671989687500003 0.6950067765625 0.2668348640625 0.6966899671875 0.26672924062500003 0.6999807140625001 0.2678201296875 0.7023398328125 0.2692082328125 0.705458440625 0.26936120625000004 0.708312440625
0 0.19937231093750002 0.742476134375 0.20043998749999997 0.7469279984375 0.202114996875 0.7530798 0.2041160359375 0.7565569328125 0.20692629375 0.7593620703124999 0.20706055625 0.7522154859375 0.20693407812500003 0.7485843078125 0.2074951203125 0.745346915625 0.2071681453125 0.7425235125 0.2068811953125 0.739054234375 0.2064466578125 0.7344246625 0.20610387968750002 0.7322483734375 0.20552789843750002 0.7295385984375 0.2052508390625 0.72523656875 0.2048802046875 0.722681225 0.20408201875 0.7189260546875 0.20268537968749997 0.7158875328125001 0.20034729843750002 0.712109846875 0.199287396875 0.7100843890624999 0.1982370484375 0.7059770765625 0.1969048265625 0.7032491359375 0.194552015625 0.7040239953125 0.19393602968749998 0.7059056859374999 0.195924428125 0.711284821875 0.19688876718749998 0.7157314953125 0.1964796453125 0.7204125984374999 0.1968734421875 0.7248655312500001 0.19733461875 0.7299510921875 0.19734305937500002 0.73342525625 0.1980258390625 0.7362241484375 0.19937231093750002 0.742476134375
0 0.21603065 0.6257526062500001 0.2122964859375 0.6143772796875 0.208650665625 0.6207175890625 0.2118199359375 0.6302018515625 0.213684146875 0.6315547625 0.21603065 0.6257526062500001
0 0.2022516671875 0.572583675 0.203830890625 0.5749556046875 0.205028690625 0.5773367265625 0.2056390890625 0.5809449156250001 0.20701425625 0.58225161875 0.20987870000000003 0.5830420921874999 0.21086240625000002 0.579275571875 0.2108350078125 0.5767718687500001 0.2106028609375 0.5745449078125 0.2099924453125 0.571673128125 0.20973439218749998 0.5690762828125 0.20881305 0.5658840203125 0.20771647187500003 0.5625437046874999 0.20563467812499997 0.5615724984375 0.20376236875 0.562015196875 0.202109278125 0.5647818531250001 0.202149734375 0.5678354828125001 0.20240023593749998 0.5703141281249999 0.2022516671875 0.572583675
0 0.23682284375 0.54867821875 0.23720871250000003 0.5527782109375 0.24125956406250001 0.5639600296875 0.2429748109375 0.566303046875 0.24550354687499998 0.5656569250000001 0.2463903171875 0.5615771515625 0.24685354375 0.559021878125 0.2483704140625 0.55759085625 0.24761406562500002 0.5548667046875 0.24799091562500003 0.55221318125 0.2482576296875 0.5506948609375 0.2472606875 0.547815784375 0.2463440828125 0.5453221796875 0.24663261093750002 0.5430196875 0.24716217187499998 0.539814546875 0.24711946875000002 0.53693071875 0.24723564062499997 0.5343885125 0.246924134375 0.5311193390625 0.24531133437500002 0.5275373203125 0.243431803125 0.5240982578125 0.24255400312500003 0.5223583671875 0.24083242187499998 0.5237130953125 0.23992199531249997 0.527380971875 0.23951860625000002 0.529586475 0.237171021875 0.5302356265625 0.23673810624999997 0.5301679046875 0.2373846328125 0.5373354234375001 0.2376435140625 0.5396956765625001 0.237120715625 0.5453450109375 0.23682284375 0.54867821875
0 0.2864024328125 0.5850859515625 0.28872095781249996 0.5897335890625001 0.2903089375 0.5904407578125 0.2923318203125 0.591202446875 0.2962165671875 0.5905779921875001 0.298904828125 0.585391675 0.30015905625 0.5826874375 0.30087483125 0.5795241828125001 0.3010889359375 0.5770218609375 0.3016094046875 0.5748937062499999 0.3019235984375 0.572050628125 0.300881296875 0.56802626875 0.300198925 0.5649812890625 0.2988936953125 0.5628913671875 0.296225271875 0.560107196875 0.29189582812500003 0.5621791796875 0.291444378125 0.56276075 0.28911087343749997 0.56763205 0.28825032031250003 0.56971588125 0.2863014671875 0.5742098999999999 0.285914875 0.57826801875 0.285809821875 0.5811481109375001 0.2864024328125 0.5850859515625
0 0.31884263281249997 0.520861228125 0.3180895 0.5252991671875 0.3179764609375 0.5271346546875 0.31830478281249996 0.5336318078125 0.3191928328125 0.5348487656249999 0.32194863125 0.53534604375 0.323793021875 0.53548594375 0.32498145625 0.534952190625 0.3261287625 0.531309040625 0.32641354375 0.5296878421875 0.3248856171875 0.5255957812500001 0.3235389875 0.522409253125 0.3222996546875 0.5182846046875 0.3201036921875 0.51765555 0.31884263281249997 0.520861228125
0 0.2806171234375 0.4863083828125 0.28150711875 0.4888571640625 0.28148348125 0.49160174218749997 0.28324740937500004 0.49361013906249995 0.2860301703125 0.49634604375 0.2873660734375 0.4936803546875 0.288428475 0.49247851875000004 0.28888720156250003 0.4911270484375 0.2884566125 0.4885301359375 0.28860587656250003 0.48425729375 0.286773046875 0.4820750484375 0.2857069859375 0.48027613437500005 0.2841536515625 0.47867983281250004 0.28312930468749997 0.47739280624999997 0.28188360156250003 0.48088115625 0.2809793515625 0.4821356375 0.2806171234375 0.4863083828125
0 0.19806945781250002 0.49691209843750006 0.200367775 0.5016375140625 0.2020443296875 0.503490365625 0.203254071875 0.504852996875 0.2041993234375 0.50361855625 0.204530784375 0.5014203546875 0.20425450625 0.49743763906250005 0.2040277796875 0.491208021875 0.20381467031249997 0.49020542031250003 0.20311335625 0.485613384375 0.2008133546875 0.481180653125 0.199087134375 0.48085269999999997 0.198329621875 0.483782021875 0.197484746875 0.48714204375000003 0.1969702421875 0.4900197109375 0.1975709078125 0.49383763125 0.19806945781250002 0.49691209843750006
0 0.13897471875 0.4461231 0.14125175 0.4511166109375 0.142099534375 0.45140764375 0.1432652640625 0.44896342499999997 0.1433780140625 0.449546475 0.142931940625 0.4393539875 0.14313923906249998 0.4364138265625 0.14211495000000002 0.4315949203125 0.140752765625 0.4273206703125 0.138718115625 0.42232515781249996 0.136401296875 0.41921865468749997 0.1358342 0.426380565625 0.135296959375 0.4299403671875 0.136133734375 0.4347112734375 0.137104696875 0.43871565312499994 0.13897471875 0.4461231
0 0.2539106953125 0.36314453593749996 0.2549640296875 0.3663039515625 0.2579628765625 0.366065878125 0.2605008890625 0.36601201875 0.2623572984375 0.364758021875 0.2648346296875 0.36035294375000004 0.265327190625 0.35550075312499996 0.2653925890625 0.3506003828125 0.26494167968750004 0.346367253125 0.264900325 0.3404911953125 0.264283215625 0.336783796875 0.2626315609375 0.3325455171875 0.2610919265625 0.3299239625 0.2585868671875 0.3253607 0.255246840625 0.3240387421875 0.25298082499999996 0.32558267500000004 0.2522043578125 0.3267093578125 0.25055225000000003 0.32683528906250003 0.2486363640625 0.3294102046875 0.2494328125 0.3335555109375 0.24985404375 0.338708665625 0.2505525140625 0.3454817671875 0.25058668906250003 0.34824280937499996 0.251306990625 0.3552764390625 0.251775653125 0.3582102984375 0.2539106953125 0.36314453593749996
0 0.24022516249999998 0.32783551875 0.24145986874999997 0.3294132875 0.242322125 0.32986258125 0.24383401562499998 0.32926486875 0.24436889375 0.327925965625 0.24459769687500002 0.32590613125 0.2442758875 0.32325734375000004 0.2436947890625 0.3209368265625 0.24207072968749999 0.3196766375 0.2402023609375 0.32024309687499997 0.24002007500000003 0.32396226875 0.24022516249999998 0.32783551875
0 0.193734746875 0.35435914999999996 0.1939850015625 0.357249978125 0.19628459375 0.3590279046875 0.1973442765625 0.3623073734375 0.1988922671875 0.36152627187499997 0.20026270781250002 0.357046575 0.2012548609375 0.3568820109375 0.20167827031250002 0.3518096984375 0.2018235859375 0.35084752343750003 0.20147129062500002 0.34861894531250004 0.20092612187499997 0.3454904890625 0.20076564062500002 0.34473548125 0.20063145625 0.34239824375 0.20039657968750002 0.339842796875 0.19917220625 0.3353827078125 0.1977464953125 0.3313807390625 0.19629910781249998 0.32893765625000004 0.193616815625 0.3289966234375 0.19230701562500002 0.32927503125 0.1909318984375 0.3324250828125 0.190478996875 0.33408201718749997 0.190824715625 0.3383087515625 0.1911466375 0.34201020625 0.1919983125 0.346745996875 0.19317855 0.350442321875 0.193734746875 0.35435914999999996
0 0.1967637375 0.308179628125 0.1995174625 0.3084792703125 0.2018724296875 0.3097662046875 0.2010323359375 0.3058138765625 0.201266721875 0.30173859062499997 0.20363451718749997 0.30001967343749997 0.2041888046875 0.296908315625 0.20368554374999998 0.29397701875000004 0.2031853859375 0.29048916406249997 0.2025565984375 0.2881021078125 0.2024866109375 0.28654034375 0.2046555453125 0.2844419796875 0.20554052656250002 0.28118046093750004 0.20469343125 0.27776635 0.2029628765625 0.27570453437500003 0.200180334375 0.2756074984375 0.1985393421875 0.278844415625 0.1984387484375 0.28575860937500003 0.1977696765625 0.28984801718750003 0.196998540625 0.2927658578125 0.1968707515625 0.2963280828125 0.1972993890625 0.2989158234375 0.194622296875 0.3004496921875 0.194988953125 0.30290364687500004 0.195507915625 0.3065025171875 0.1967637375 0.308179628125
0 0.18673866249999999 0.26975555 0.1867574546875 0.2756156375 0.18794048593749998 0.28045990625 0.1898179921875 0.28459586875 0.191171175 0.2867235203125 0.19318138437500001 0.28419405000000003 0.19286463125 0.2803365484375 0.192554778125 0.27692485312500004 0.1918152125 0.274016628125 0.19123279531249998 0.2688641890625 0.18921725625000002 0.2674907296875 0.18673866249999999 0.26975555
0 0.45863735625 0.9470677171874999 0.46076968437500004 0.9512677234375 0.46282880000000004 0.9529514015625 0.46445138750000003 0.9531224734375 0.46497561562499995 0.9523497187500001 0.4664599390625 0.9492850781250001 0.46699798125 0.94464685625 0.4655361 0.9402116921875001 0.4630747015625 0.9347190421875 0.4609068359375 0.93148663125 0.45864030624999996 0.9299093390625 0.456968859375 0.9327549734374999 0.4565462875 0.9370571578125 0.45688583281249995 0.9412548546874999 0.45863735625 0.9470677171874999
0 0.50771821875 0.9781981953125 0.506114975 0.978538975 0.5056475828125 0.9814353828125 0.507294471875 0.9847945046875 0.5090596984375 0.986809015625 0.5107032296875 0.9859964234374999 0.509162503125 0.9811978359375001 0.50771821875 0.9781981953125
0 0.6240369125 0.9255480203124999 0.6253783953125 0.9253810874999999 0.6261216671875001 0.924068175 0.625753353125 0.9227487312499999 0.6267176578125 0.9205517953125 0.6280798171875001 0.9194300109375 0.6293289515625 0.9182875218750001 0.6301011890625 0.9170131796875 0.6294076046875 0.91474213125 0.628192496875 0.9123998312499999 0.6267100937500001 0.9114002609374999 0.6248371421875001 0.9116370296874999 0.6232522375 0.9119739125 0.621369815625 0.9137142578124999 0.619307359375 0.9166893296874999 0.619261078125 0.9193348890624999 0.6200517140625 0.92264119375 0.6216601125000001 0.9243312203125 0.6240369125 0.9255480203124999
0 0.6754655109375001 0.9185892859375 0.6758382109375 0.9197640312500001 0.676448840625 0.9209233453125 0.678271653125 0.92196876875 0.6812125078125 0.9226152078125001 0.68496523125 0.9225044265625 0.6891193359375001 0.9225910703125001 0.69061040625 0.9217150406249999 0.6922962906250001 0.91805805 0.691016953125 0.9104084390624999 0.689477428125 0.9083810968750001 0.6856948640625 0.9017907078125 0.6841837921875 0.9002429296875001 0.6816396250000001 0.8970889062499999 0.67870926875 0.8945153609375 0.674404853125 0.8951795 0.6724110140625 0.8973125296875001 0.67252776875 0.8988387937500001 0.6738188421875 0.9016361828124999 0.675297009375 0.9023603031249999 0.6767763390625 0.9037662687499999 0.6764107515625 0.9062097375 0.6747024953125 0.90775491875 0.6735736265625001 0.90750925625 0.6727617078125 0.9098143734375 0.6731451109375 0.9117759624999999 0.67410779375 0.9145840484375001 0.6750077812499999 0.9164358328125 0.6754655109375001 0.9185892859375
0 0.6964866453125 0.8762977 0.6984763828125 0.879218140625 0.7001886296875 0.880472365625 0.7011373421875 0.8814336218750001 0.7028363640624999 0.879401596875 0.7010974984375 0.8766243109375 0.700000221875 0.8741675109375 0.6975833 0.872927290625 0.6962410125 0.8730528609375 0.6959104390624999 0.8747141453125 0.6964866453125 0.8762977
0 0.6543833875 0.8103573796875001 0.6549957531249999 0.8132383296875 0.6555712984375 0.8177948 0.6563185203125 0.8206263187499999 0.658322240625 0.8214256265625 0.6613235093750001 0.8211087656249999 0.6670602265625 0.8198031296874999 0.6687850671875 0.81971125625 0.6700765859375 0.817685978125 0.6693928796875 0.815446375 0.6704688421875 0.815217671875 0.6720434390625 0.815042721875 0.6720571171875 0.81218365 0.67084765625 0.8100558 0.6693638625 0.8077194953125 0.667930490625 0.8047862234375 0.6635978078125 0.805978721875 0.6626110359374999 0.8042747734375 0.6672238140625 0.804888509375 0.670252765625 0.8038676984375 0.6704046031249999 0.8002156984375001 0.669566134375 0.7962710140625 0.6701410375 0.7946169000000001 0.6699306265625 0.79086139375 0.66618695625 0.790578884375 0.6655004421874999 0.7890475296874999 0.6648767890625 0.7840843625 0.6642643875 0.78300689375 0.661531459375 0.7832635203125 0.65709480625 0.78226091875 0.653830896875 0.7824243453124999 0.651387340625 0.78217858125 0.6492843234375 0.782625590625 0.6465976234374999 0.7845576578125 0.6458212750000001 0.7857450171875 0.6443147140625001 0.7881338875 0.64474900625 0.7931756437499999 0.64520893125 0.7970378546875 0.6455359234375 0.8015672859375 0.64658716875 0.8028230359374999 0.6501321156250001 0.8049512578125 0.652068696875 0.806689734375 0.6543833875 0.8103573796875001
0 0.5330592953125 0.9118004125000001 0.533332325 0.9136560734374999 0.5345253859375 0.9156692 0.5348955859375 0.9161783578125 0.537731796875 0.9163550375 0.536874459375 0.9157034234375001 0.536738603125 0.9142451140625001 0.5369550640625 0.9136176484374999 0.5364300171874999 0.9119816875 0.5357958671875 0.910396071875 0.5345681 0.9092417390625 0.53331198125 0.9101860359374999 0.5330592953125 0.9118004125000001
0 0.5106431390624999 0.6988656718749999 0.5106564234375 0.7025129234375 0.5111433875 0.70579591875 0.5124556250000001 0.707475415625 0.514665890625 0.7076381828125 0.5151606234375 0.704442040625 0.5153571328125001 0.701954640625 0.5149341296875 0.698995103125 0.513863709375 0.6978520515625 0.5116158703125 0.6977755453125 0.5106431390624999 0.6988656718749999
0 0.43137719375000005 0.718595890625 0.4352564796875 0.7190955734375 0.4364389109375 0.7184960046875 0.43735293906250006 0.7171372125000001 0.43747049843749997 0.7144812953125 0.4400136359375 0.7127155234375 0.4413006046875 0.7092184015624999 0.4410239671875 0.708488084375 0.43896019375 0.7026265781250001 0.43743425937499997 0.698979771875 0.4349952015625 0.693637321875 0.433588040625 0.694915634375 0.4301410203125 0.6965923890625 0.428218425 0.6962949953125 0.426471415625 0.6973196734375 0.42466167187500004 0.7082999484375 0.42514175 0.7107313921875 0.4287604734375 0.7166186046874999 0.43137719375000005 0.718595890625
0 0.3980197234375 0.7157982890625 0.40145677187500006 0.7176443406249999 0.40338393124999994 0.7193384953125 0.40535834375 0.7197143296874999 0.4058775640625 0.717482609375 0.4063509265625 0.71513284375 0.4054884171875 0.7110750593749999 0.402481815625 0.7081503171875 0.3999081140625 0.7071494859375 0.3986506453125 0.7099662312499999 0.397454490625 0.7118690062499999 0.3969350453125 0.713115175 0.3980197234375 0.7157982890625
0 0.37955630937499996 0.7278424296875 0.3788313984375 0.7292041546875 0.3787689078125 0.7306311421875 0.3797774734375 0.7329486562499999 0.3805047359375 0.734453778125 0.381611765625 0.7307489031250001 0.38048924687499996 0.7281808578125 0.37955630937499996 0.7278424296875
0 0.3778049578125 0.7270054546875 0.37804547187500004 0.7246348953124999 0.37699636875000003 0.7230735859374999 0.3754774109375 0.7237207234375 0.375601615625 0.7255600953125 0.3778049578125 0.7270054546875
0 0.539550765625 0.6246348796875 0.540736753125 0.6286814125 0.5432296921875001 0.6306099328125 0.5452703890625 0.6312224703125 0.546632475 0.6322572 0.5498901171874999 0.6292836703125 0.5514749984375 0.6274436328124999 0.5524563171875 0.62406419375 0.5522333828125 0.6204902578125 0.5529932921875 0.6187520937500001 0.554327396875 0.616776865625 0.5538730765625 0.6148047921875001 0.5509276390625 0.613828665625 0.5490759734374999 0.616239775 0.5493951375 0.613096925 0.5485311796875 0.6094531765625 0.54517995 0.6072518328125 0.5417734828125 0.6098784109375 0.539650284375 0.61480724375 0.53917421875 0.619120796875 0.539550765625 0.6246348796875
0 0.5984442390625 0.6193529390625 0.5990549796875 0.6222262484375001 0.6012620203125 0.6238768859375 0.60374365625 0.62346760625 0.6064097328125 0.623843384375 0.608128509375 0.6204238046875 0.6088919421875 0.6181385781250001 0.61076058125 0.6158899921875001 0.6112766640625 0.6135758734375 0.6113984718750001 0.6103312062499999 0.6108576718750001 0.6077944609375 0.6092423921875 0.606372665625 0.60666405625 0.6069207078125001 0.6048646843750001 0.6058878734375 0.603660675 0.603500084375 0.600487540625 0.6045339703125 0.599525434375 0.6056665671875 0.5985931953125 0.610118615625 0.5980150328125 0.6147334171875001 0.5984442390625 0.6193529390625
0 0.603349859375 0.59677716875 0.6045567921874999 0.5995093765624999 0.6059276890625 0.5995710109375 0.607672625 0.59801803125 0.6099193703125 0.5986906046875 0.60895986875 0.5957396734375 0.607256959375 0.59510805 0.6053670015625 0.5942126796875 0.6035334296875 0.5952509640625 0.603349859375 0.59677716875
0 0.564880021875 0.596133303125 0.5618220625 0.5987912328125 0.5616188078125 0.6005404671875 0.5629704734375001 0.6060277890625 0.563410975 0.6071833296875 0.5653725703125 0.60692771875 0.5672450015625 0.6055537046875 0.569637253125 0.6034989265624999 0.569283428125 0.6012706718749999 0.56797164375 0.59878918125 0.567124934375 0.5971880453125 0.564880021875 0.596133303125
0 0.581453134375 0.5905946515625 0.5824729609375 0.5920407812499999 0.583612115625 0.5924024671875 0.588071275 0.58916715625 0.5851804078125 0.5879893375 0.5835774953125 0.5842358921875 0.5847800515625 0.5805746093749999 0.584753025 0.577516528125 0.582622646875 0.5729950265625 0.5811251875 0.5702111578125 0.5788667937499999 0.5731512015625 0.5778937796875 0.5767876546874999 0.5771758921875 0.581887415625 0.57897045625 0.587279 0.581453134375 0.5905946515625
0 0.6054475296875 0.5688143593749999 0.604803059375 0.5703666484375 0.60418139375 0.5728453796874999 0.60450598125 0.5749360796875 0.6064155671875 0.575247421875 0.6102790234375 0.575552390625 0.61252054375 0.5795822265624999 0.615001265625 0.5806491453125 0.61588403125 0.577737928125 0.61304286875 0.5725704031250001 0.610943034375 0.5707627953125 0.61020685 0.5678554499999999 0.6082863374999999 0.5633292765625 0.6062654578125 0.5663721859375 0.6054475296875 0.5688143593749999
0 0.5874189703125 0.5751336109375 0.5883344953125 0.5781482015625 0.589624865625 0.5792588765625 0.5914528015625 0.5785923875 0.593109146875 0.5787419078125 0.5933095749999999 0.5766562203125 0.5931307703125 0.5733875937499999 0.591326440625 0.5711290046874999 0.589105028125 0.570447853125 0.5875348578125 0.5715755140625001 0.5874189703125 0.5751336109375
0 0.5998943531250001 0.5828650328125 0.6002350625 0.581409259375 0.5984423546875 0.5795810968749999 0.596416940625 0.578965309375 0.5965338906250001 0.581627290625 0.59779824375 0.5838856421874999 0.5998943531250001 0.5828650328125
0 0.528786809375 0.6767874921875 0.5275134031250001 0.678484646875 0.5291268734375 0.6863459765625 0.5280677828125 0.684489671875 0.528798759375 0.6861249921875 0.5294584234374999 0.6882514953125 0.5312546953124999 0.6891795609375 0.5326704453125 0.6873930453125 0.53236405 0.68538793125 0.5316192875 0.682455253125 0.5309111546875 0.6792815671875 0.5306875359375 0.676846728125 0.528786809375 0.6767874921875
0 0.5013164125 0.607768809375 0.5008919859375001 0.61028868125 0.5014040984375 0.6115631828125 0.5034576828125 0.6134237515625001 0.5048898390625001 0.6136608578125 0.5052003140625 0.6120102359375 0.50438300625 0.6082703125 0.5023130124999999 0.607159221875 0.5013164125 0.607768809375
0 0.44723218749999993 0.623539428125 0.44945734843749996 0.62710150625 0.45134226875000005 0.6284691828125 0.453232334375 0.6285083218749999 0.4548912875 0.62813653125 0.455624378125 0.6268433546875001 0.45617470000000004 0.6235555265625 0.4552264703125 0.6216421125 0.4531112359375 0.6176653046875 0.451471128125 0.6153526390625 0.44939357500000005 0.61399555625 0.44732390625 0.61288599375 0.44449875624999996 0.6141366421875001 0.44520075 0.618581571875 0.44723218749999993 0.623539428125
0 0.4262975875 0.6455111734375001 0.42505294375 0.64598339375 0.42421131093750003 0.6471191359375 0.42424850156250005 0.64911278125 0.4264984734375 0.6515290375 0.42727942656250006 0.64927363125 0.42732164531250005 0.6471049640625 0.4262975875 0.6455111734375001
0 0.43738605625 0.6113961953125 0.43764955624999996 0.6105015468749999 0.4365432359375 0.6082351640625 0.43537443906249995 0.6073206859375 0.43471234531249997 0.609038059375 0.4348398203125 0.6106147609375 0.43642138125 0.6120357375000001 0.4366883140625 0.61170584375 0.43738605625 0.6113961953125
0 0.41128572343750003 0.5962591671874999 0.4123312890625 0.599893065625 0.41382624687499997 0.6023420109375001 0.41670295937499996 0.605677740625 0.4189522375 0.6044233015625 0.4137560140625 0.5891831234375 0.4125186546875 0.5922447890625 0.41190019843750003 0.5936413921875 0.41128572343750003 0.5962591671874999
0 0.4043603078125 0.6101366734375 0.4035588265625 0.611145671875 0.404051034375 0.6138972140625001 0.4049738609375 0.6152026234375 0.4061965734375 0.6154538984375 0.40702121093750004 0.6137722609375 0.40691074218749995 0.61154659375 0.4057813078125 0.6103889312499999 0.4043603078125 0.6101366734375
0 0.3972470859375 0.6874232421875 0.4001162765625 0.6862670640624999 0.4008614875 0.6858275203125 0.40517025625 0.6843797265625 0.40774107343750005 0.6822406671875 0.4114371546875 0.679360840625 0.41452863906250004 0.6752373515625 0.41547510625 0.674917965625 0.4176308015625 0.6728399875 0.41828040624999996 0.6704926953125 0.41885123437500005 0.6683985640625 0.41923643125 0.668549909375 0.420497603125 0.6709511078125 0.4216007734375 0.6704370749999999 0.4231804125 0.6684671640625 0.4234416078125 0.6662615359374999 0.42356641249999993 0.660874109375 0.42232030781249996 0.6572812390625 0.42105328281250004 0.6547247406250001 0.41916434843749995 0.6522860546875 0.41919449843749995 0.651278071875 0.41886635468750005 0.64843415 0.417644890625 0.6443935609375 0.41925986562500006 0.642634984375 0.4189039640625 0.6390893125 0.4135893109375 0.629867778125 0.41028973750000003 0.62691745 0.408268134375 0.6218856203125 0.4052989796875 0.62535213125 0.40305778906249995 0.6277869328125 0.3999991265625 0.6290888140625001 0.39816334375 0.6273736390625 0.3944361109375 0.6226292734375 0.39114138593750003 0.6203104890625 0.3879444390625 0.617662621875 0.38438874375 0.6149728015625 0.3833210609375 0.6142860265625 0.378499909375 0.6140296734375 0.3755308796875 0.6173539890625 0.3741814390625 0.625434571875 0.3767747375 0.6298944140625 0.3768949203125 0.632646759375 0.3756964625 0.6325772265625 0.3729520046875 0.6319529390625 0.370727603125 0.631099903125 0.36903145 0.6324540187500001 0.36858582968750003 0.6359112796875 0.36837859375000004 0.6375591265625 0.37086575625 0.6421884906249999 0.37162426718749997 0.6432093453125 0.37316425937500003 0.644690275 0.373837678125 0.6453634109374999 0.375318928125 0.646928709375 0.3761005296875 0.643225915625 0.3761907109375 0.6447849859375 0.375974709375 0.64929245625 0.376233753125 0.6514881406249999 0.376537046875 0.6555002578125 0.377559425 0.6581758484375 0.378768225 0.6611648421874999 0.3790258078125 0.6631883171874999 0.3796294671875 0.66618613125 0.3806313125 0.6686073078125 0.38136535625 0.67148955 0.3823411984375 0.673532875 0.38353933281249997 0.6753819890625 0.3842719859375 0.676596834375 0.3852133140625 0.6780644421875001 0.38658726875 0.6799065343749999 0.38836214999999996 0.682748046875 0.3895662015625 0.6837908109375 0.3906337640625 0.6850782343749999 0.392958421875 0.68687639375 0.3948631484375 0.687420390625 0.3972470859375 0.6874232421875
0 0.3867027984375 0.5783108421875001 0.38626796093750004 0.5832993234375 0.386886503125 0.5905606484375 0.3873965828125 0.592734921875 0.3879603375 0.5990095140625 0.38863916875000004 0.6033379640625001 0.3904559703125 0.6069628796875 0.3921039890625 0.6085837828125 0.3938030515625 0.6090996125 0.39644964531250004 0.6091808171875 0.39842116875 0.609520525 0.39952005625 0.60928695 0.40096478593749996 0.6074639234375 0.40449939375 0.6045609125 0.4071130140625 0.602209884375 0.40769263437500003 0.5987592828125 0.4066427109375 0.5954505828125 0.4084197328125 0.592643209375 0.4071578734375 0.586699109375 0.4068392828125 0.5799922234375 0.40313856093749995 0.5740649343750001 0.401870134375 0.5710359015625001 0.397796678125 0.5689689015625 0.3962989640625 0.57102363125 0.3937563296875 0.5689890656250001 0.3909628671875 0.5669167609375 0.3888525 0.5681784140625 0.386943415625 0.5721831609375 0.3867027984375 0.5783108421875001
0 0.5530800046875 0.5152472359375 0.5556274390625 0.5170188062500001 0.5564992421875 0.519482 0.5576233078125 0.519201540625 0.5592581171875 0.51858089375 0.561303153125 0.5202659671875 0.56376151875 0.5191459953125 0.5643703140625 0.5167945984375 0.5639637828125 0.513905040625 0.5632930218750001 0.511162696875 0.562970609375 0.51006671875 0.5645568937500001 0.5080378890625 0.5657226578125 0.5065632890625 0.5656302828124999 0.5047459062499999 0.56432459375 0.5033301875 0.560857890625 0.502456871875 0.558996775 0.502531384375 0.5568283875 0.5027159390625 0.555692765625 0.5051665359374999 0.555502425 0.5090056296875 0.5533318609375 0.5081954609375 0.5532544765625 0.51011601875 0.552867884375 0.5141741375 0.5530800046875 0.5152472359375
0 0.509637875 0.526682371875 0.5116714046874999 0.5250968046875 0.5125146234375 0.5222099671875 0.5145805890624999 0.5205440234375 0.5156918593750001 0.520015490625 0.518393475 0.5176425640625 0.5196082421875 0.515834871875 0.519687090625 0.513425196875 0.5194748921875 0.5116077234375 0.5183791234374999 0.5090978890625 0.5165485375000001 0.5070765046875 0.5141911765625 0.506379521875 0.5138558484375 0.5056361203125 0.5113147953125 0.5010613390625 0.5085997984375 0.5004403749999999 0.505246609375 0.50087516875 0.50315525625 0.5015273625 0.5018720453125 0.5052601 0.501803025 0.5092491203125 0.502435353125 0.512795140625 0.5035314375 0.5179518125 0.5047473953125 0.5236724484375 0.5073408484375 0.5263894875 0.509637875 0.526682371875
0 0.55018913125 0.4874805765625 0.5485061796874999 0.48461313281249996 0.545467359375 0.486850071875 0.5459089921875 0.4894989484375 0.5465547281250001 0.490876034375 0.5485337765625 0.4911534421875 0.5497281734375 0.48925742968749997 0.55018913125 0.4874805765625
0 0.5738594515625 0.6626448109374999 0.57419569375 0.6654742312499999 0.5750286124999999 0.6667699984375 0.5758523578125 0.6669479328125 0.5776824687500001 0.6654950578125 0.5767353468749999 0.6632411609375 0.5748495984375 0.662110075 0.5738594515625 0.6626448109374999
0 0.37912993125 0.530876909375 0.3801400078125 0.5321493984375001 0.380801840625 0.5330310609375 0.38398177499999997 0.5337576687500001 0.38647621718749997 0.5324016 0.3890914515625 0.5288106406249999 0.38969446093750004 0.5275818531249999 0.3899800390625 0.5265355515625 0.3931598984375 0.5234140218750001 0.3930824234375 0.5197804140625 0.3921567625 0.516560315625 0.3905837953125 0.5129778171875 0.38713523437499997 0.511956878125 0.38593636875000004 0.5142452046875 0.38465833437499997 0.5176190234375 0.3835259859375 0.5176951796875 0.38143591250000003 0.515858340625 0.3837223296875 0.5118101296875001 0.38335101250000003 0.5100632187499999 0.3822581046875 0.508528790625 0.3805756796875 0.50936881875 0.3784260953125 0.5096643890625 0.37706935 0.508436834375 0.375117709375 0.5076871578125 0.3740360390625 0.5104441734375 0.374162603125 0.5128357453125 0.374983128125 0.5174024421875 0.3757594359375 0.5193412171875 0.37539479062500003 0.522270096875 0.3753426671875 0.5256772640625 0.3763275265625 0.5273496718749999 0.37752070781249997 0.5287621484375 0.37912993125 0.530876909375
0 0.39044313124999996 0.49819495937499997 0.39339474375 0.5003199078125 0.3968739640625 0.500553196875 0.39880252656250004 0.49849634218750005 0.398346428125 0.496478321875 0.398378834375 0.49410567343749995 0.3985082625 0.490806671875 0.397674990625 0.486886440625 0.3971294984375 0.4837564578125 0.3957350109375 0.4816599484375 0.39353674375000003 0.48150102187500005 0.392291134375 0.481765784375 0.3903936765625 0.4842169765625 0.389902134375 0.4867367359375 0.38921596406250003 0.49047515625000004 0.3893541625 0.49533384687500004 0.39044313124999996 0.49819495937499997
0 0.34177896875 0.4975902171875 0.34403358125 0.5010278265625 0.3460621625 0.5019065125 0.348975834375 0.5015683359375 0.34942695 0.49973766406250003 0.3496211359375 0.49667569218749996 0.34921583749999996 0.4936341171875 0.348429996875 0.48993702499999997 0.3477042546875 0.48652267968749996 0.34625264843750003 0.48306773593749996 0.343869078125 0.48172138750000004 0.34101780625 0.4828641734375 0.3403392375 0.48517289375 0.340133940625 0.4901365453125 0.340137965625 0.4939055703125 0.34177896875 0.4975902171875
0 0.355652690625 0.3382087796875 0.35544881875 0.3412552390625 0.3557179453125 0.3440845484375 0.3562703265625 0.345292984375 0.3579659109375 0.346461296875 0.3588315828125 0.3412151078125 0.358538103125 0.3388574171875 0.35681592968750003 0.336677209375 0.355652690625 0.3382087796875
0 0.3215265078125 0.3785016953125 0.3225656265625 0.3826689015625 0.3246867265625 0.388048584375 0.32542601718749997 0.3894073828125 0.32665478281250004 0.3878459109375 0.3276970484375 0.38311489062500004 0.32854868125 0.3810792796875 0.328153275 0.378655396875 0.32698973124999997 0.374894821875 0.324889384375 0.3720777609375 0.3220646671875 0.3721430421875 0.321376875 0.37488182812500004 0.3215265078125 0.3785016953125
0 0.41737488906250003 0.383953775 0.4214628921875 0.3833611953125 0.42295408125 0.3867693859375 0.4249705203125 0.38674172812499996 0.42681257031250003 0.3867128 0.42832550312500006 0.38238491875 0.4287558953125 0.3778414625 0.4306323640625 0.3748180671875 0.43189473749999996 0.37332452968749996 0.433685775 0.37213874062499996 0.43501019375 0.37014800000000003 0.43470561874999997 0.36717447187499996 0.43365649531250006 0.363118015625 0.4326826546875 0.358543971875 0.43246122812500004 0.356367446875 0.4314674765625 0.35169220625 0.4297676375 0.34920374375 0.426224428125 0.3463547234375 0.418889371875 0.345100803125 0.4178467171875 0.34689906718749997 0.41624199375000004 0.3538087 0.41545959843749997 0.35871770625 0.41412316562499996 0.3653338953125 0.41316830312499997 0.372182071875 0.41370663125 0.3760148390625 0.41511038750000007 0.38101825625 0.41737488906250003 0.383953775
0 0.48813601562500003 0.366071246875 0.4894751046875 0.370056484375 0.49183596406249996 0.3735881203125 0.4960855765625 0.3762358734375 0.499742028125 0.37640114062499996 0.502027125 0.37229410625 0.5051646625 0.36731260625 0.504771175 0.3608245109375 0.505399240625 0.3569179359375 0.5029696796875001 0.3530255109375 0.49981434687500004 0.35220421874999996 0.4968998 0.3473302421875 0.491537615625 0.3476473453125 0.4894132078125 0.3503384671875 0.48889725312500004 0.35607260625000003 0.48875234843750004 0.36002025 0.48813601562500003 0.366071246875
0 0.5538685515624999 0.34409315937499996 0.553201453125 0.3454713484375 0.553115509375 0.3480806109375 0.5539020671875 0.3498271171875 0.5558388812499999 0.352348275 0.557813665625 0.34972729375 0.5580565171874999 0.34607511875 0.556380546875 0.34406719375 0.5538685515624999 0.34409315937499996
0 0.567470340625 0.2726604625 0.5652980734375 0.2696478328125 0.563075325 0.270764046875 0.5618190734375 0.273834521875 0.563463715625 0.27591299999999996 0.5656640828125 0.27711139375 0.5672971515625 0.2764224296875 0.5677375234375 0.2744886125 0.567470340625 0.2726604625
0 0.4233982 0.45264790312500003 0.42318715781250005 0.45560802968749997 0.4258157515625 0.4595124609375 0.4289211125 0.46468293125000004 0.43043036562500003 0.46264491718749995 0.43083630937499995 0.4585651125 0.43150077343750004 0.45719706875000005 0.43098861250000003 0.45469736562499996 0.42926550625 0.451167546875 0.42796348125000006 0.44898748906249997 0.4261251625 0.44807954375000003 0.42387476093750004 0.449749546875 0.4233982 0.45264790312500003
0 0.41555646875 0.4595014953125 0.41716986718750004 0.46285335937500005 0.41846782187500003 0.46327074531249995 0.4196514859375 0.46318048906250003 0.421308215625 0.462700546875 0.4216136203125 0.45877150312500004 0.4215917921875 0.45573787499999996 0.4204905 0.45320205781249995 0.41691905937499996 0.45152035156250003 0.4148142078125 0.45268019531250003 0.4147657546875 0.45578147812500003 0.41555646875 0.4595014953125
0 0.4204419796875 0.42612194218750005 0.42185521093749995 0.43074156406249997 0.42318215312499996 0.43303134062500004 0.42465058281249995 0.4335067375 0.4271292765625 0.434150775 0.42865997343749995 0.4336640765625 0.43089682187499995 0.43292983906250004 0.43184134218750003 0.43160929374999996 0.432370265625 0.42687556875 0.432479246875 0.4220825453125 0.43255971718749997 0.4185607296875 0.43000392187500003 0.41306737968749996 0.4291340234375 0.41083860000000005 0.425754503125 0.4118860046875 0.424787653125 0.4139732609375 0.423502403125 0.41570488125000005 0.42085075625 0.4186135 0.4202246609375 0.421131509375 0.4204419796875 0.42612194218750005
0 0.48386449374999996 0.2427839734375 0.4862316640625 0.2467886984375 0.489191846875 0.24769140625000002 0.49244640312500004 0.24698045937500002 0.4920036546875 0.2442136125 0.49459075625000004 0.241467271875 0.5002327609375 0.23962586875 0.5001301046875 0.2370311359375 0.5005500890625 0.23363363593750003 0.503787421875 0.226378578125 0.5044979281249999 0.2225742859375 0.5046168078125 0.2164149734375 0.5052081859374999 0.21027663125 0.5050470109375 0.201296721875 0.5038019265625 0.193259646875 0.49829009218750003 0.18858151875 0.49360310468749996 0.18539415937499998 0.49154214218750003 0.1802748515625 0.4826568578125 0.1800996265625 0.47916899218750003 0.18357575625 0.4728864953125 0.18984393593749999 0.46969083125 0.19394324375 0.46745921093750004 0.1963328796875 0.46748248437499995 0.2020562359375 0.469509790625 0.206543734375 0.46909655156249996 0.2124605109375 0.46800633124999996 0.2147113671875 0.46604648906249996 0.2222875234375 0.4646609875 0.2284173484375 0.46427241406249997 0.232947125 0.4678969765625 0.23695294687500001 0.4780878984375 0.23864134374999998 0.4802730015625 0.24266879375 0.48386449374999996 0.2427839734375
0 0.47185728281249995 0.24514609375 0.4689934390625 0.24590657500000002 0.46887062031250004 0.2467265921875 0.47031044843750003 0.248923684375 0.47180871093750004 0.250298471875 0.47270316718750005 0.24843426562499998 0.4727422828125 0.24682215468750002 0.47185728281249995 0.24514609375
0 0.450999375 0.21394781406250002 0.4493320265625 0.21873662187499998 0.45023814375000004 0.221962471875 0.45155864375 0.2234629 0.4536628953125 0.2228638734375 0.45773818437499997 0.2139898421875 0.45703045 0.21077294218749998 0.455148228125 0.2105452390625 0.452202696875 0.2127927 0.450999375 0.21394781406250002
0 0.43414932500000003 0.1920156140625 0.436874334375 0.1947653921875 0.437869896875 0.19511287187499998 0.440713134375 0.1941427171875 0.44206291093749994 0.1912041171875 0.44245048281250005 0.1840468203125 0.44176354531250006 0.18138618906249998 0.43982497499999995 0.17642935937499998 0.4375973328125 0.1729157296875 0.4350468296875 0.168446790625 0.4335659578125 0.16434313125 0.4320151859375 0.1624507640625 0.4301207171875 0.163623396875 0.4288278296875 0.1664764234375 0.4298741921875 0.17002389375 0.432083975 0.1732505890625 0.43243251718750003 0.17603266875 0.4323076390625 0.183245946875 0.43286825156250003 0.1868679125 0.43414932500000003 0.1920156140625
0 0.40298461249999995 0.2146171453125 0.4046516765625 0.21692887343749997 0.40695383906249993 0.2182078625 0.40891379375000003 0.2183503546875 0.4099610734375 0.215536753125 0.4101250171875 0.21281347031250003 0.41089118124999996 0.2101954015625 0.409730703125 0.20801241250000002 0.40775327656250004 0.20484175625 0.40622710624999997 0.20285470625 0.40483847656250005 0.20447571562500003 0.40378564843750003 0.208202615625 0.40270687812499995 0.21092067499999997 0.40298461249999995 0.2146171453125
0 0.38665732343750003 0.2396494203125 0.3851994859375 0.24213975312499997 0.38698974218750004 0.24452752968749997 0.3886039484375 0.2448169921875 0.390876996875 0.24258468125000002 0.3905364796875 0.23950218125 0.3879534234375 0.23650338437500001 0.38665732343750003 0.2396494203125
0 0.3954098375 0.17394544375 0.39582317499999997 0.1772728421875 0.3972683578125 0.17675959375 0.3988246109375 0.1775805328125 0.4013245421875 0.1752808265625 0.40135584062499996 0.172917996875 0.40169045 0.170268659375 0.40305728749999997 0.168034084375 0.40251249375000003 0.16547103125 0.40109143437499994 0.1634073265625 0.39937215 0.162383028125 0.39715297656250004 0.162854728125 0.3961055875 0.1654047796875 0.39513461250000004 0.16681880625 0.3944090046875 0.16906404531250002 0.3954098375 0.17394544375
0 0.4099354 0.12911129999999998 0.4111828578125 0.13261283125 0.4136692125 0.1357503890625 0.415169059375 0.1360354078125 0.4162965609375 0.1307735015625 0.41804720937499995 0.1278119921875 0.41847015625 0.1240752109375 0.41686774218749995 0.12318740937499999 0.41488088125000006 0.12360972968749999 0.412999896875 0.123688465625 0.41124751406250004 0.12426701250000001 0.4097486390625 0.12709034218749998 0.4099354 0.12911129999999998
0 0.310796221875 0.24262433906249997 0.31500066718749997 0.2504780578125 0.31673574375 0.2496076703125 0.31910135156249997 0.2466384484375 0.32072871406250003 0.2432622609375 0.3218424671875 0.2405735046875 0.32321238750000003 0.2370683359375 0.32089982968749997 0.229405121875 0.3188509796875 0.22501165625000003 0.3150886328125 0.22414527187500002 0.3126322875 0.2258909984375 0.3108019625 0.229387003125 0.309677953125 0.23491333593750002 0.310796221875 0.24262433906249997
0 0.31863582031250004 0.251775621875 0.3174702140625 0.2526272 0.31720175156249997 0.25573051874999997 0.3187105265625 0.2593266609375 0.321604175 0.26106617499999996 0.3220079734375 0.254391040625 0.320948834375 0.25164019843749996 0.31863582031250004 0.251775621875
0 0.2933927828125 0.2792173625 0.2972308359375 0.28524964375 0.3010773859375 0.287331328125 0.3035049875 0.285412803125 0.30849937656250004 0.2855748265625 0.3115583515625 0.28157645625 0.3117115078125 0.276532834375 0.31188191249999997 0.2717507171875 0.31037355624999996 0.26849473437500004 0.31372433125 0.2658240828125 0.3145400484375 0.2585166765625 0.3134763484375 0.25337708281250004 0.311461209375 0.2470755375 0.3087220703125 0.241982171875 0.30619725937500003 0.23748380937500002 0.300690490625 0.2349563109375 0.2938974359375 0.24046082812499997 0.290453471875 0.24424870625 0.29065301718750003 0.25939124375 0.2917927953125 0.271254128125 0.2933927828125 0.2792173625
0 0.2794238328125 0.23012226249999998 0.28150961093750004 0.23343442187500002 0.2844196046875 0.2374978828125 0.2866049625 0.23879850625 0.287869009375 0.2364260390625 0.2880670171875 0.23375781406249999 0.28887294375 0.23085334531249999 0.287029025 0.22462083437499997 0.285203234375 0.21587334687499998 0.2831331765625 0.2146041265625 0.280653325 0.21551780781250002 0.278696165625 0.220085475 0.278287503125 0.22653481250000002 0.2794238328125 0.23012226249999998
0 0.2866584203125 0.1996778234375 0.2859944421875 0.2039865921875 0.28727634687500003 0.21001748281250002 0.28902784531250003 0.213207409375 0.2910645578125 0.21715298437500002 0.29562386093750004 0.21103702968750002 0.2964598046875 0.2071389828125 0.29708291249999996 0.2037877609375 0.29806466875000004 0.2000120734375 0.2950037890625 0.197771375 0.292975371875 0.19461635 0.290527934375 0.1893922921875 0.2865727953125 0.1855973078125 0.2864674375 0.19097101562500002 0.2866584203125 0.1996778234375
0 0.28479996406249997 0.1754456234375 0.2848700625 0.179052046875 0.2872673421875 0.1830631515625 0.2890075578125 0.1842986515625 0.2906480453125 0.1837422921875 0.2913581796875 0.17871126875 0.2906682390625 0.17562317031250002 0.288049703125 0.1715105375 0.28562140625 0.17365124999999998 0.28479996406249997 0.1754456234375
0 0.2960390953125 0.1781124671875 0.29492991874999996 0.18344555625 0.2985787953125 0.1816588046875 0.29832150468749996 0.180448346875 0.2960390953125 0.1781124671875
0 0.3217626890625 0.16825507343749999 0.32067995312500003 0.1651226734375 0.3203470859375 0.162166340625 0.3168416703125 0.16332037500000002 0.315651190625 0.16627942812500002 0.3154795546875 0.174775778125 0.317756890625 0.176945009375 0.3191747828125 0.1769647046875 0.3222772828125 0.175155115625 0.3223893640625 0.1746904078125 0.3217626890625 0.16825507343749999
0 0.366535146875 0.1556761640625 0.367584959375 0.1587213140625 0.36840870625 0.1588992484375 0.371914859375 0.1576284453125 0.37172924531249996 0.156364415625 0.3702397796875 0.1540916140625 0.367882703125 0.1522987484375 0.3670847140625 0.1529108484375 0.366535146875 0.1556761640625
0 0.3821035765625 0.1094430640625 0.382798815625 0.111571590625 0.38330675468750003 0.1133900984375 0.3833257921875 0.11461445781249999 0.3848244515625 0.11838846562500001 0.3894520015625 0.1113235203125 0.388207590625 0.1086855390625 0.3867021421875 0.107960828125 0.38389990625000003 0.10650858593750001 0.3819044875 0.1069582828125 0.3821035765625 0.1094430640625
0 0.419218496875 0.0836694734375 0.4181956734375 0.0875976578125 0.41733710312500005 0.090990940625 0.41805985156250003 0.09522539375 0.419597853125 0.097711515625 0.4260425453125 0.09452859687500001 0.426447865625 0.0912875640625 0.42582474687499994 0.08738655937499999 0.4238988734375 0.0830004984375 0.42175591562500003 0.0825231125 0.419218496875 0.0836694734375
0 0.399823553125 0.075519115625 0.397884721875 0.079496640625 0.397743528125 0.08179337187499999 0.3985251796875 0.08465910625 0.4004440734375 0.0854125484375 0.40030681562500003 0.0799194859375 0.40365177343749997 0.0767405 0.40119599843750003 0.0741826890625 0.399823553125 0.075519115625
0 0.47065762187500004 0.08129945 0.4691159890625 0.08199773125000001 0.469215071875 0.09058030624999999 0.469747053125 0.091850584375 0.4720511375 0.09262758125000001 0.4744986328125 0.0900962140625 0.4759306234375 0.0869356703125 0.4747533203125 0.0823889 0.47065762187500004 0.08129945
0 0.5084578296875 0.012531346874999998 0.51007093125 0.0100575296875 0.5099367140625 0.006750671875 0.5078649234375 0.0045489328125 0.5093383578124999 0.0071446234375 0.507642515625 0.0061329125 0.5051937 0.008274793749999999 0.5057992171875 0.0120629296875 0.506931709375 0.0132199421875 0.5084578296875 0.012531346874999998
0 0.4355382921875 0.015855434374999998 0.43415035937499996 0.01659293125 0.435800440625 0.0210567796875 0.436759778125 0.02206050625 0.4381201578125 0.023004546875 0.43808492499999996 0.0169243171875 0.4355382921875 0.015855434374999998
0 0.1495343015625 0.26316870937500003 0.13446002968749998 0.3061578671875 0.127816665625 0.3237596796875 0.12428770156249999 0.3402091015625 0.119353325 0.36446826250000003 0.114661621875 0.3849842328125 0.11238875156250001 0.4032097484375 0.11232235937499999 0.41761969375 0.1097078421875 0.4372740265625 0.11107047187500001 0.45262779999999997 0.11561330624999999 0.4758038046875 0.116612328125 0.48356251875 0.11790169531250001 0.4883809890625 0.12321809531250001 0.49390575156249994 0.11793674999999999 0.4523376296875 0.120520275 0.4520169125 0.1210938390625 0.435138196875 0.126436240625 0.43180460312499996 0.12587910156249998 0.42918347187499994 0.12439496875 0.4202547390625 0.123302096875 0.41302395000000003 0.1299418328125 0.40817341249999994 0.1301473578125 0.39752933281249997 0.130722834375 0.392691465625 0.1371679140625 0.38399421562499997 0.1389911453125 0.3779246984375 0.13782362343750001 0.363503871875 0.13639986875000001 0.35785775625 0.144370346875 0.35596869531249997 0.1454386171875 0.353396634375 0.14383103125000002 0.3434286703125 0.1555998421875 0.3249370875 0.1599844140625 0.3138807515625 0.159925309375 0.30197665625000003 0.1681713015625 0.2910052796875 0.169725140625 0.2856974796875 0.173026609375 0.2749640140625 0.18083154375 0.27373153125 0.1853530296875 0.2674526921875 0.2032938765625 0.2564972390625 0.20485687187499999 0.25304368125 0.20606543125000001 0.24489400468750003 0.2090862609375 0.243834984375 0.2130305859375 0.23457027031250002 0.21903497343749997 0.23037553437499997 0.2226666015625 0.2226532890625 0.22565758125 0.21120309062499998 0.2333559734375 0.2121673265625 0.23683279375000002 0.2044156875 0.23935156562499998 0.192307090625 0.240941803125 0.18142139531249998 0.24362041250000002 0.176858521875 0.24902948593750002 0.1773557140625 0.25224600625 0.1777358953125 0.25290178124999996 0.1754176421875 0.25554467812500004 0.166846478125 0.2548762 0.1738094953125 0.2578590828125 0.18183820312500001 0.2610346515625 0.1809811109375 0.261999021875 0.1810540765625 0.2635132265625 0.1857880171875 0.2641266625 0.190793290625 0.269843303125 0.187439253125 0.27144606875 0.1849468671875 0.2694570203125 0.17567179375 0.2673685359375 0.1693107609375 0.266187940625 0.1622008515625 0.2679287921875 0.15896028125 0.27228122187500003 0.1548019921875 0.275122634375 0.158234678125 0.279723115625 0.1639084203125 0.2813261625 0.1613121421875 0.282457534375 0.153445640625 0.27971810625 0.14476615625 0.2855586 0.1480821234375 0.29020727812499997 0.15648517343749999 0.2946687 0.160129415625 0.29986687968750003 0.15359971249999999 0.30069278593750004 0.1481814703125 0.3044080796875 0.13883125624999998 0.3088309921875 0.13230660156250001 0.31549806406249997 0.12669787500000002 0.31560166875 0.1224507109375 0.312430153125 0.11702913125 0.30983954687500004 0.109357928125 0.311084278125 0.0988683484375 0.312794203125 0.0992173359375 0.3195224734375 0.10431260625000001 0.3241757609375 0.10755185625000001 0.3223750125 0.11566606718750001 0.32281084843749996 0.1206324171875 0.3201932703125 0.1253772015625 0.3202653625 0.126986440625 0.3256230109375 0.12756485 0.3291830140625 0.12336094375 0.330243021875 0.1125208609375 0.33024685468750004 0.104264646875 0.331978965625 0.098720875 0.3360712890625 0.0918208140625 0.336848784375 0.0821541734375 0.3396529828125 0.078197178125 0.3419103859375 0.0798818390625 0.349047775 0.078845559375 0.35146339375 0.0711741234375 0.3480157921875 0.0617857609375 0.3474268375 0.053393571875000004 0.35360055 0.050942357812500005 0.358756165625 0.05576329375 0.3580876546875 0.059975584375 0.359036440625 0.067227415625 0.3629552265625 0.0760443875 0.3655266703125 0.078740546875 0.371899721875 0.0752581671875 0.37515779843749997 0.0668757234375 0.37751229531249997 0.057361090625 0.38055392499999996 0.0561970125 0.3833407453125 0.049550482812500005 0.387472965625 0.035352971875 0.391258309375 0.0350499578125 0.4020104296875 0.0349897109375 0.40743645781250004 0.0367164984375 0.4136326546875 0.0257511171875 0.4164293625 0.006593190625 0.40519289062499997 0.008981575 0.34601801875 0.0215595828125 0.286588934375 0.0344296390625 0.27784819375 0.0468911296875 0.26319112968749997 0.068365584375 0.2484068109375 0.0842362296875 0.2397847203125 0.1028848171875 0.206734496875 0.15383855625 0.1659883109375 0.23178855937499998 0.1495343015625 0.26316870937500003
0 0.705901675 0.6270929203125 0.7066279421874999 0.6282100828125 0.7112635843749999 0.6294499359375 0.714365778125 0.6283528546875 0.7185604015625 0.6266385953125 0.7191283203125 0.62300518125 0.7178752734375 0.619650203125 0.7157323546875001 0.6163773453125 0.7120638328125 0.6141412093749999 0.710939553125 0.6143530265625 0.7085007765625 0.615242003125 0.70738641875 0.6159213484375 0.7056675593749999 0.617807434375 0.7047557234374999 0.6197552046875 0.705901675 0.6270929203125
0 0.721964425 0.6745177578125 0.720339640625 0.6775228 0.7199411437500001 0.6801345999999999 0.7212315359375 0.6830790953125 0.7231117953124999 0.6854844796874999 0.725412196875 0.6874315609375 0.7270473109375 0.68642906875 0.7286716109375 0.6850375125 0.7303625359375 0.682027996875 0.730299984375 0.6798624296875 0.729502496875 0.676674190625 0.7265025765625001 0.6739988203125 0.7237644609375 0.673697459375 0.721964425 0.6745177578125
0 0.747696859375 0.6554206796875001 0.74561869375 0.6582617125 0.7470250546874999 0.6598429296874999 0.7483034328125 0.66107755625 0.7492639640625 0.6629436296875 0.7506372359375 0.6634823828124999 0.7524047515625 0.6636514015625 0.7532076640625001 0.6629647750000001 0.7533251421875 0.6605564734375 0.752560771875 0.6589218625 0.7516845328125 0.658151265625 0.7513794875 0.6567161390625 0.7496350656249999 0.6550550265624999 0.747696859375 0.6554206796875001
0 0.8058860125 0.6584511984375 0.8083942328125 0.658595359375 0.8097725859375 0.659097890625 0.811230753125 0.6595099765625 0.81356748125 0.65737435 0.81204663125 0.6544804375 0.809287921875 0.6527745406250001 0.8077663984375001 0.6522672984375 0.8054631656250001 0.652756865625 0.8049289390625001 0.6562105984375 0.8058860125 0.6584511984375
0 0.8308777218750001 0.669018871875 0.8291132640625 0.6706303109375 0.829412278125 0.6736002296875 0.8308293140625 0.675787790625 0.8323999359375 0.6763005703125 0.8327375015625 0.6746346062499999 0.8326801828124999 0.673132446875 0.8319443671875 0.6706627125 0.8308777218750001 0.669018871875
0 0.8357466453125 0.42692402500000004 0.838885684375 0.42743568749999994 0.8429974109374999 0.42642114062500003 0.8431483609375 0.42330605937500004 0.842766821875 0.422593246875 0.8351436874999999 0.4178271609375 0.830314734375 0.4125214640625 0.8276225828125 0.4132630234375 0.826048321875 0.41468707499999996 0.829424571875 0.4213574390625 0.8357466453125 0.42692402500000004
0 0.816488990625 0.416000140625 0.81505343125 0.4178212171875 0.815367425 0.42116973281250003 0.817593925 0.424054225 0.82056696875 0.4232513625 0.8209119453125 0.4201397671875 0.8186561671874999 0.4160203125 0.816488990625 0.416000140625
0 0.8112581390625 0.34231659531249997 0.8090464046875001 0.3439656015625 0.808485196875 0.3455864515625 0.8087503984375 0.34788625781250004 0.811427790625 0.3490743078125 0.8133325156250001 0.3460560875 0.8140730765624999 0.3433476171875 0.8130652906250001 0.3416800828125 0.8112581390625 0.34231659531249997
0 0.768095496875 0.2599165375 0.7639693875 0.2663269875 0.7632812906249999 0.2697782828125 0.767739034375 0.272150171875 0.769830959375 0.27253776875 0.773669346875 0.273814496875 0.7764318078125 0.2774093296875 0.778609715625 0.2769464015625 0.782264459375 0.2734587625 0.7812222328125 0.2651661140625 0.7796019656250001 0.2602262890625 0.7756306203125 0.256663178125 0.7716449875 0.2570534921875 0.768095496875 0.2599165375
0 0.615000740625 0.3368833234375 0.61434544375 0.331455646875 0.6147308421875 0.3268658453125 0.6154923875 0.31971691406249997 0.6132653578125 0.3144476046875 0.6157184124999999 0.3098080765625 0.6157223515625 0.3070309453125 0.614158040625 0.30276770937499997 0.6113476515625 0.297534540625 0.6075814546875 0.29543258125 0.60238824375 0.2942074125 0.5971158296875 0.29342878125 0.592489965625 0.29775860781249996 0.5921649234374999 0.2989123375 0.5865347734374999 0.30374795625 0.585227821875 0.30830840625 0.5827380453125001 0.31397009374999996 0.5820614890625 0.3192192125 0.5815195 0.3271681015625 0.578083290625 0.33200702187500003 0.5791013578124999 0.3365636765625 0.5810135640625 0.34294460781249997 0.5841053953124999 0.3469917828125 0.58917515 0.349950821875 0.592827246875 0.35367284374999997 0.597598403125 0.3507705671875 0.602126734375 0.34813875 0.605541040625 0.35053914375 0.6102192828125 0.3503035203125 0.61274199375 0.3474271 0.615000740625 0.3368833234375
0 0.5908822 0.278463421875 0.592113571875 0.2851583953125 0.5944890109375 0.28488829843749996 0.5982611015625 0.282568978125 0.59950605625 0.28006159531249997 0.6008581296875 0.27685574062499996 0.5986597390624999 0.269842365625 0.5967759046875 0.265969721875 0.5929216453125 0.2622810875 0.5880335015625 0.2643248640625 0.5860802890625 0.269805409375 0.5869407796874999 0.27468788593750004 0.5892807171875 0.2774747859375 0.5908822 0.278463421875
0 0.615111734375 0.23618314375 0.6160419109374999 0.2423479015625 0.62044876875 0.2424287421875 0.6220511953125001 0.24000990937500002 0.62406275 0.23693064531250002 0.6230855765625 0.23291959687500002 0.619237815625 0.230711975 0.6169794953125 0.23182616562499997 0.615111734375 0.23618314375
0 0.6298098999999999 0.275572346875 0.6306449203125 0.2818004609375 0.6351399640625 0.280094228125 0.6371672625 0.2784492828125 0.6369709453125 0.276729071875 0.6391401765625 0.274121071875 0.64160595625 0.270894140625 0.637650546875 0.264227075 0.63846756875 0.26160778125 0.6400886484375 0.2564885609375 0.6343316359375 0.2573304703125 0.63394733125 0.2616548703125 0.6302854078125 0.266251040625 0.6276882859375 0.269513875 0.6244122671875 0.2721830125 0.6285139671875 0.2754500515625 0.6298098999999999 0.275572346875
0 0.592191421875 0.1982956109375 0.5914839093750001 0.200949134375 0.591736240625 0.20370693593750003 0.5942695796875 0.203773875 0.5947662984375001 0.2047880765625 0.59678684375 0.20016540312500003 0.5960026187499999 0.1970094890625 0.593085734375 0.197310009375 0.592191421875 0.1982956109375
0 0.5248139890625 0.2611735125 0.5267438296875 0.262632278125 0.5287035109375 0.26122534375 0.5297461828125 0.2583600078125 0.5303890484375 0.2575141125 0.531428571875 0.2557612421875 0.5316549734375 0.252091796875 0.5281608531249999 0.24978185000000003 0.5252331890625 0.2521133703125 0.523477175 0.25653764687499997 0.5248139890625 0.2611735125
0 0.6372788203125 0.34032829375 0.63601890625 0.338947571875 0.6386118984375 0.3363341625 0.636685609375 0.33061595312500003 0.6337360890625 0.331514453125 0.63225596875 0.335996696875 0.6339825578125 0.3403244796875 0.634820878125 0.34046577031249997 0.6338153015625 0.3386508046875 0.6372788203125 0.34032829375
0 0.5462684765625 0.0830165921875 0.5470921515625 0.0843590515625 0.548526640625 0.0885300765625 0.5502835765625 0.0905431546875 0.55158141875 0.089577209375 0.553887775 0.0829098046875 0.547222428125 0.07520217812499999 0.5448749328125 0.0775126140625 0.54482184375 0.080381659375 0.5462684765625 0.0830165921875
0 0.5561486328125 0.0725412953125 0.5538168296875 0.076383503125 0.5539315515625 0.0784788765625 0.554669509375 0.080973715625 0.5565616890625 0.08019612968749999 0.5642729609375 0.0759452875 0.566267515625 0.07397344375 0.5662088140625 0.070931678125 0.5644978078125 0.069322565625 0.563594178125 0.0682878296875 0.5605112296875 0.0698887953125 0.5578199328125 0.0715662546875 0.5561486328125 0.0725412953125
0 0.51856871875 0.029354615625000004 0.5175725328125 0.0316270171875 0.5186751968750001 0.0344548671875 0.5209391828125 0.0349304890625 0.5218383281250001 0.032870403124999996 0.5220673984374999 0.030491096875000002 0.520222125 0.029234796875000003 0.51856871875 0.029354615625000004
0 0.5069341406250001 0.10333874843749999 0.513156153125 0.10131016562499999 0.5152180015625001 0.0987681203125 0.51547410625 0.095020478125 0.5148762687499999 0.091208346875 0.5130329203125 0.086676953125 0.5069858921875 0.0870262078125 0.5052586078125 0.0889252671875 0.50477214375 0.0941819046875 0.5037885671875 0.0971449 0.505297965625 0.1016833796875 0.5069341406250001 0.10333874843749999
0 0.516760696875 0.1244156484375 0.5154673859375001 0.1258087359375 0.516609584375 0.1298070703125 0.5170300703125 0.1303949921875 0.51943005 0.12888009218750002 0.5210986390625 0.1265094953125 0.520528653125 0.1237377453125 0.516760696875 0.1244156484375
0 0.5630997984375 0.14649494375 0.5632438765625001 0.146346109375 0.563743203125 0.143276784375 0.563212515625 0.137661284375 0.5624000296875 0.1372732921875 0.559067540625 0.142810596875 0.561696221875 0.14448343125000002 0.5630997984375 0.14649494375
0 0.6128886109375 0.0651692296875 0.6133189203125 0.069320478125 0.6147351953125 0.0712414328125 0.6162087578125 0.071252490625 0.616706159375 0.0693464875 0.6177038031250001 0.0679076234375 0.617488565625 0.0653543921875 0.6163477859375 0.06320395625 0.6144369234375 0.0629392109375 0.6128886109375 0.0651692296875
0 0.6321652796875 0.053246150000000006 0.6307725921875 0.057914278124999996 0.6320610390625 0.061969382812499994 0.6337738875000001 0.0605510171875 0.636941928125 0.058967107812499996 0.637345803125 0.05725989375 0.6341718625 0.053239756250000006 0.6321652796875 0.053246150000000006
0 0.6762744281249999 0 0.674626178125 0.0005956171875 0.66700995 0.0055115453124999995 0.665036171875 0.007656284375 0.665282125 0.011894640625 0.6646531625 0.018983442187499998 0.6708820375 0.0283125625 0.6734715703124999 0.0327396609375 0.675383334375 0.0408394953125 0.6799597578125 0.041131893749999995 0.6835775546875 0.0380115234375 0.6849713859375 0.0354229765625 0.6830320140625 0.029763457812499998 0.682996528125 0.0239676203125 0.6832692515625001 0.0187500265625 0.682950359375 0.0103132125 0.683334059375 0.0075416203125 0.6831670515625 0.0026826640625 0.680807725 0 0.6762744281249999 0
0 0.6581846312499999 0.0786813046875 0.6572460015625 0.084358325 0.65873186875 0.08722293125 0.66078079375 0.08734810937500001 0.663446165625 0.0863678390625 0.66383404375 0.08206025 0.6644454515625 0.0785262171875 0.6607527156249999 0.07720574999999999 0.6581846312499999 0.0786813046875
0 0.777567340625 0.047029512499999995 0.7763786234375 0.0462167125 0.7752661109375001 0.0488812421875 0.7763920375 0.05051088593750001 0.7790742859375 0.050015834375 0.777567340625 0.047029512499999995
0 0.804605128125 0.02631794375 0.80226063125 0.02681628125 0.8002687875 0.028402573437500002 0.80042855 0.0299883859375 0.8013349140624999 0.0324713890625 0.808139675 0.0297199109375 0.8082111609375 0.02753863125 0.804605128125 0.02631794375
0 0.8910082562499999 0.0356338609375 0.8925441812500001 0.037133226562499996 0.8947187484375 0.037436165625000004 0.899060440625 0.03541429375 0.9015929781249999 0.0347785453125 0.9004283546874999 0.02942718125 0.8933186281250001 0.029045471875 0.890834378125 0.031960042187499996 0.8910082562499999 0.0356338609375
0 0.9120039 0.04300309375 0.906877459375 0.0449553515625 0.9059410328125 0.047914715625 0.909175409375 0.053136035937500006 0.916538934375 0.0547944390625 0.9156793484374999 0.05075040937500001 0.91463101875 0.04581840625 0.9120039 0.04300309375
0 0.8262705312499999 0.18035611875 0.8255731171875 0.1835681859375 0.8293683 0.1903156328125 0.8337505374999999 0.193670003125 0.8368658124999999 0.19139445 0.8416006062499999 0.1862619359375 0.8421443328124999 0.1818157921875 0.8395016421875001 0.17686805625 0.8333772265625001 0.175906315625 0.8262705312499999 0.18035611875
0 0.885683471875 0.20456531562500002 0.8876061984374999 0.2030671953125 0.8872601437500001 0.1982526859375 0.885833525 0.1961853703125 0.8809900984375 0.19771805625 0.881020775 0.2018679890625 0.881975409375 0.2028120140625 0.885683471875 0.20456531562500002
0 0.906666025 0.4254627484375 0.9073373203124999 0.43137902656250005 0.9090487109375 0.43235867812500006 0.9089362046874999 0.4341365453125 0.9090987515625001 0.4377344984375 0.91151894375 0.44293559374999997 0.913678359375 0.4456698125 0.9149204015624999 0.44340425781250004 0.9184683046875 0.44295363437499996 0.9213266250000001 0.44460960624999996 0.92345763125 0.4466390171875 0.9258525640625 0.44824173125 0.93027988125 0.44829106875 0.9328478312499999 0.4450488109375 0.931758375 0.440569628125 0.9335300375 0.43935281249999997 0.9341151562500001 0.4326439296875 0.9327459546875 0.4310947484375 0.9310090593749999 0.4287100078125 0.929784596875 0.42470040625000005 0.930378003125 0.4186542828125 0.929251196875 0.4137964671875 0.9248224421875 0.412966303125 0.9226108375000001 0.41526222968750004 0.920645065625 0.4146114015625 0.9202014281249999 0.41126169062500006 0.9211283359375001 0.4064689296875 0.9208617171875 0.4019905625 0.9191460703125 0.399690759375 0.9179835765625001 0.397671134375 0.91758854375 0.395812653125 0.9158098562499999 0.3939527578125 0.9143367734375 0.39609330468750004 0.9167916484375 0.40071355937500003 0.9139609796875 0.4009462359375 0.9129879750000001 0.404049153125 0.9147686281249999 0.4094053546875 0.9108912390624999 0.41323584062499996 0.9083528390625 0.40791450625000003 0.9079432546874999 0.40192183437500006 0.9038125484374999 0.3996305875 0.9030137265624999 0.398239715625 0.9004441359375001 0.3919825421875 0.8989609234374999 0.3855982828125 0.8960911609375 0.3836028984375 0.8935977515625 0.3835434453125 0.8920603796875 0.386020334375 0.8946388140625 0.39682823906250003 0.8955497765624999 0.40167762187499995 0.8988330156250001 0.4053326828125 0.8998888 0.40892447499999995 0.90169034375 0.411944021875 0.9032247234374999 0.415630565625 0.9039178890624999 0.41934256562499994 0.9071591078125 0.423198246875 0.906666025 0.4254627484375
0 0.95811566875 0.5528622515625 0.9583240796875 0.5567060406250001 0.9607879828125 0.5597605140625 0.9635472 0.5602363 0.9659082265625001 0.5583878343750001 0.965624015625 0.5550441703125 0.9631184625 0.552297265625 0.960367746875 0.5511024375 0.95811566875 0.5528622515625
0 0.9328768343749999 0.5195632875 0.9347229625000001 0.5189823875 0.93479501875 0.518502225 0.9341830546875001 0.51702850625 0.9314055484375 0.51467805625 0.9307442609375001 0.5157754640625 0.9311080671875 0.5181709203125 0.9328768343749999 0.5195632875
0 0.9356340171875001 0.6681542953124999 0.93402345 0.6698208812499999 0.936027696875 0.6725465500000001 0.9381542421875 0.67265363125 0.9397513875 0.6707886249999999 0.9382524343749999 0.668313371875 0.9356340171875001 0.6681542953124999
0 0.9171250453124999 0.8120037953124999 0.9140361125 0.8128025375 0.9160907937499999 0.8197410312500001 0.91866220625 0.82047558125 0.9199265140625 0.8190662953125001 0.9171250453124999 0.8120037953124999
0 0.9622037593749999 0.792869525 0.9628055328125 0.7945658515625 0.963633753125 0.7969216984374999 0.96426005625 0.797906759375 0.9666017453125001 0.79811666875 0.9666812578125 0.7959656328125 0.9650662921875 0.7932977921875 0.9631693046875001 0.792429471875 0.9622037593749999 0.792869525
0 0.8746613515625 0.819031375 0.8735145359375001 0.8200690500000001 0.8739680249999999 0.82326970625 0.8751308281249999 0.8235848328125 0.8769028609375 0.8242560750000001 0.8764233609375 0.820880440625 0.8746613515625 0.819031375
0 0.8651944546875001 0.8059593109375 0.8654734124999999 0.8082561921875 0.8672521 0.8101160875 0.8672096249999999 0.8096682578125 0.8689923296875 0.8094953984375 0.8690746203125 0.8064556125 0.866328590625 0.8036144578125001 0.8651944546875001 0.8059593109375
0 0.8752658562500001 0.8012611203125 0.87498761875 0.8020263140624999 0.8755014921875001 0.8023020624999999 0.8769329796875001 0.8053842937500001 0.8782297375000001 0.8041502156250001 0.8760984109375001 0.8011272843749999 0.8752658562500001 0.8012611203125
0 0.20192898593750003 0.8524876499999999 0.20331341093750002 0.8402128265625001 0.1981745734375 0.8460973421875 0.20192898593750003 0.8524876499999999
0 0.21293038125 0.7990322015625 0.21093323125 0.785878746875 0.2082973359375 0.7960234671875 0.21293038125 0.7990322015625
0 0.2441992578125 0.698138771875 0.24317669375 0.6895703859375 0.23891648906250001 0.6920733265625 0.2441992578125 0.698138771875
0 0.1637733453125 0.43249275625 0.162979690625 0.41748608593750003 0.159044346875 0.42151738281249995 0.1637733453125 0.43249275625
0 0.1959907890625 0.38491084531249997 0.1921883984375 0.3745372171875 0.1911288375 0.38834039531250003 0.1959907890625 0.38491084531249997
0 0.460249959375 0.9780868421875001 0.46260897031250003 0.9703970875 0.45802390312499996 0.9713716734375 0.460249959375 0.9780868421875001
0 0.522698675 0.89612445 0.525057684375 0.8884346937500001 0.5204726171875 0.8894092812500001 0.522698675 0.89612445
0 0.55602365625 0.8387226796875 0.553195853125 0.8329341203125 0.5458789359375 0.8360867859375001 0.5496333484375 0.8424770921875 0.55602365625 0.8387226796875
0 0.5069394093749999 0.75810365 0.50346188125 0.749258378125 0.4988768140625 0.7502329640625 0.5017525953125 0.7600048453125 0.5069394093749999 0.75810365
0 0.46826172499999996 0.752746884375 0.4638575875 0.743299865625 0.46242518749999995 0.7515913671875001 0.46826172499999996 0.752746884375
0 0.8054566546874999 0.53171631875 0.800125909375 0.521667553125 0.7958657031249999 0.5241704953124999 0.800594703125 0.53514586875 0.8054566546874999 0.53171631875
0 0.7945552765625 0.49170218749999994 0.79538593125 0.48433729375 0.78987425625 0.4847101328125 0.7890436015625 0.4920750265625 0.7945552765625 0.49170218749999994
0 0.8047260171874999 0.4456116328125 0.8003698578125 0.440147934375 0.7980108484375 0.44783768906250004 0.8047260171874999 0.4456116328125
0 0.7688928203125001 0.930852959375 0.76235858125 0.9226574125000001 0.7553665281249999 0.9273384328125 0.7585671703125 0.9386386703125 0.7688928203125001 0.930852959375