0 0.197330890625 0 0.197514675 0.00033194062499999997 0.21324600781249997 0.018480418749999998 0.22441487499999999 0.0209630453125 0.2297778734375 0.026351587500000002 0.22936177343750003 0.0395035796875 0.2282786328125 0.046909053125 0.23215850312500003 0.0504889078125 0.23892506406249997 0.0509990015625 0.24671634843749998 0.0465578328125 0.2495667171875 0.055911706250000005 0.2546686375 0.060136898437499996 0.268399809375 0.0640561671875 0.27807388906249997 0.062359653125000004 0.28350598125 0.0713061578125 0.2936709671875 0.0755371796875 0.2978571 0.08001490312500001 0.30784446718749997 0.0937387359375 0.31872347031250003 0.107559425 0.3270500203125 0.11288395468750001 0.345879821875 0.12195659375000001 0.350915453125 0.12225333593750001 0.36011098750000003 0.12458668749999999 0.3677095578125 0.12724080625 0.371415775 0.1327568671875 0.3716695765625 0.139146525 0.3674530421875 0.150414378125 0.36872861874999996 0.15754615624999999 0.3786937890625 0.1507631421875 0.3808390328125 0.1555998140625 0.38896572812499997 0.1533038953125 0.39033583125 0.15668123750000001 0.39135813124999996 0.16701501875 0.3978268578125 0.170807271875 0.40451331875 0.17630977812499998 0.40509520625000006 0.187156584375 0.40934231875 0.19507515625 0.40411084375 0.20381683125 0.40546525000000005 0.2108861953125 0.4094002625 0.22811219375 0.4124375171875 0.2354338453125 0.4147861546875 0.24491251875 0.4154767203125 0.25151147812499997 0.41937786875 0.264545346875 0.423217878125 0.267398303125 0.43542426093750003 0.2682759015625 0.44306495625000003 0.2610820375 0.46461971875 0.23871258125 0.47022837968750003 0.22889349375 0.47676997656250003 0.22749304218750002 0.48353840937500003 0.22326173124999998 0.4924734 0.22989767031250002 0.49598567656250003 0.23782699062499998 0.5030596921875 0.23121143593750001 0.504912221875 0.23080598125 0.5128770828125 0.2234278046875 0.521736678125 0.23116973437500002 0.5290549343750001 0.23723825625 0.543527840625 0.23300917031249999 0.5482135359375 0.22200115468749998 0.5589790171875 0.2191436125 0.5697920328125 0.21743326093749998 0.5791242515625 0.22354849375 0.593612740625 0.2263611734375 0.617671021875 0.2190672421875 0.632819128125 0.20536464843750002 0.6391846453125 0.20502661249999998 0.6534376171875 0.1975834921875 0.6594654140625 0.19392634687500002 0.65937643125 0.1803929078125 0.6608444953125 0.175334275 0.6647008734375001 0.1668204234375 0.66763225625 0.14994690156249998 0.669340359375 0.12876252187499998 0.665332 0.12670413281249998 0.656459190625 0.1259490984375 0.6452500375 0.128364090625 0.6345467921875 0.12911974843750001 0.6272166578125 0.12814193437500002 0.619165365625 0.1319776078125 0.6118462234375001 0.1327637296875 0.6052677890625 0.134992996875 0.6004308984375 0.133149178125 0.592339278125 0.13693505 0.588416721875 0.14796199999999998 0.581802490625 0.15970998125 0.573321096875 0.1641100390625 0.566010628125 0.16751925 0.5620937203125 0.1707792421875 0.558239365625 0.1760301171875 0.55705176875 0.1822918453125 0.5501426921875 0.1757682890625 0.5456735375 0.16683815156249998 0.5294487796875 0.16419176875 0.5263428734375 0.16498238125 0.5167079953125 0.1642430875 0.5067305015625 0.1613075109375 0.50157960625 0.16394605 0.48502722499999995 0.1639533953125 0.471757884375 0.166731590625 0.46281588281249997 0.1680400015625 0.455267228125 0.17387981875 0.4493184828125 0.17835439375 0.441708903125 0.179018865625 0.437209978125 0.1784140359375 0.42881820625 0.16762619843749998 0.417819275 0.1593263421875 0.3549634828125 0.0920799265625 0.3461898421875 0.0812032484375 0.32997402343750004 0.06570615156250001 0.3091995703125 0.0464353125 0.2776875109375 0.0164081625 0.25881349062500003 0 0.197330890625 0
0 0.6055731546875001 0.2706713 0.6046365812500001 0.275008096875 0.6075228859374999 0.27832484218750003 0.6151525015625 0.2708925765625 0.6243394203125 0.259510834375 0.630362703125 0.2495137984375 0.6343355890625 0.246498496875 0.6378322484375001 0.2409287984375 0.63747260625 0.2386254625 0.6355808578125 0.23771492031250002 0.633890865625 0.2320745578125 0.62850403125 0.232174528125 0.6268596390625001 0.23098833124999998 0.6296773640625 0.2267361328125 0.628793065625 0.2228473953125 0.6252953671875 0.22077355 0.6251705375000001 0.224771465625 0.624535359375 0.2313080671875 0.625556503125 0.23636123750000002 0.627406596875 0.2397010453125 0.6243359171875 0.2460759328125 0.62235256875 0.2524347 0.6177193203125 0.2573381921875 0.60982226875 0.2627109078125 0.6055731546875001 0.2706713
0 0.56478013125 0.233861871875 0.56373021875 0.22788658125 0.5576814734375 0.23199714531249999 0.5583549484375 0.234961909375 0.5614494703124999 0.23614812343749997 0.56478013125 0.233861871875
0 0.5894902281250001 0.2504418578125 0.59217208125 0.2543435625 0.5939461125000001 0.2550736234375 0.595516084375 0.252647878125 0.5940480328125 0.243729946875 0.5914476703125 0.239516303125 0.585929503125 0.23969987812500002 0.58176326875 0.2411017546875 0.5796413140625 0.24187323906249997 0.5803586859375 0.2436580015625 0.582803515625 0.24542008437499999 0.5864465140624999 0.24676920937500002 0.58933586875 0.24868170625000002 0.5894902281250001 0.2504418578125
0 0.5954967640625 0.267615353125 0.5953619875 0.2640096375 0.594332965625 0.2624246421875 0.5919720203125001 0.261538628125 0.5906434921875 0.2640588765625 0.590817 0.2669223875 0.593217796875 0.2684755984375 0.5954967640625 0.267615353125
0 0.6449024203125 0.22962622968750002 0.645425878125 0.22775507031250003 0.645800934375 0.22562164999999998 0.6451946109375 0.22321383125 0.6427565265624999 0.2243024453125 0.6425295984375 0.22758263125 0.6437250546875 0.22813719062499999 0.6449024203125 0.22962622968750002
0 0.4974284421875 0.406391840625 0.495452290625 0.404430784375 0.4934470765625 0.40800796562499997 0.4918980421875 0.4109669453125 0.4902407859375 0.41586743437499996 0.4924064625 0.41801337812500006 0.4932138484375 0.41699846249999994 0.497122371875 0.412442996875 0.497813934375 0.409241496875 0.4974284421875 0.406391840625
0 0.5427205765625 0.3529050265625 0.5455803796875001 0.35568166875 0.5487154484375 0.351549234375 0.5527403093750001 0.3482785921875 0.562531690625 0.334225084375 0.573523775 0.3203024875 0.5734912640625 0.31430372812499996 0.5655746921875 0.322956434375 0.562173190625 0.32255335937499996 0.5592089859375 0.326779165625 0.560538428125 0.3290336046875 0.555513359375 0.33609546562500003 0.54436610625 0.347802203125 0.5377685921875 0.3561175015625 0.5348390109375 0.360013871875 0.53368085 0.36050958906249997 0.5285028671875 0.36407851875 0.5275106515625 0.369273575 0.5271018078124999 0.371354740625 0.5318479625 0.3677687046875 0.5427205765625 0.3529050265625
0 0.5162059609375 0.38306119375000003 0.5176309031249999 0.3856775984375 0.5219611859375 0.38211698125 0.5198586749999999 0.379624178125 0.5171039453125 0.3803621484375 0.5162059609375 0.38306119375000003
0 0.5342144484375 0.3050427625 0.53556799375 0.3087121609375 0.536312234375 0.30920986875 0.5380216046874999 0.307535625 0.5386011453124999 0.3029334921875 0.53647919375 0.300072578125 0.5342144484375 0.3050427625
0 0.52249819375 0.28642232500000003 0.52301794375 0.2890708515625 0.52428995 0.28856824531249997 0.5257562140625 0.2866359265625 0.52491913125 0.2834340125 0.5232231578125 0.2834411484375 0.52249819375 0.28642232500000003
0 0.5075878328125001 0.30270609843749996 0.5091893296875 0.3031195140625 0.5106239453125 0.2996347578125 0.5101282921875 0.2973249828125 0.506739221875 0.2969232140625 0.5045175890625 0.29936059375 0.5053007625 0.30144606875 0.5075878328125001 0.30270609843749996
0 0.51900650625 0.31738634375 0.519870690625 0.314022309375 0.519163696875 0.3111372921875 0.5148856984375 0.31068765625 0.5135654374999999 0.31117105 0.512169696875 0.312746284375 0.5108978078125 0.316058040625 0.512068478125 0.319180325 0.5141618375 0.3201607625 0.5116013609375 0.323071565625 0.5107153796875 0.3261646484375 0.5127158859375001 0.327490396875 0.5166427390624999 0.32195334375 0.518931671875 0.3241373796875 0.5212044390624999 0.32650510625 0.52476951875 0.3248735078125 0.5266581828125 0.3217774046875 0.52431201875 0.31814979062500004 0.521363121875 0.3198681484375 0.5195071671875 0.3192897296875 0.51900650625 0.31738634375
0 0.5375891765625 0.28704536406250003 0.53534203125 0.28899301718750003 0.533582840625 0.2911113609375 0.5327647625 0.294858878125 0.53459686875 0.29615749999999996 0.5353992921875 0.293231596875 0.536692753125 0.2934366734375 0.5380212656250001 0.2939360890625 0.5396740609374999 0.2934279453125 0.542594415625 0.29068065625 0.5429349640625001 0.28805342343749996 0.5412214375 0.2861796703125 0.5375891765625 0.28704536406250003
0 0.5530625796875 0.3011604109375 0.5529579874999999 0.2996741484375 0.5515005687500001 0.299085771875 0.5498319687500001 0.3005066390625 0.549341603125 0.3032139625 0.5500863015624999 0.3045444046875 0.5519939453125 0.30304654062499997 0.5530625796875 0.3011604109375
0 0.5395130609375001 0.3415230234375 0.5401443515625 0.3393882546875 0.539299215625 0.3375036515625 0.537361296875 0.336314884375 0.535799771875 0.3388844875 0.5358264984375001 0.34138064218749997 0.538367784375 0.34229975156250003 0.5395130609375001 0.3415230234375
0 0.39959747343749996 0.28717828125 0.39930674375 0.2929938125 0.399265903125 0.2938457734375 0.4007610796875 0.2963470140625 0.40375922812500004 0.2968208125 0.40462186874999995 0.29508585468750004 0.405729740625 0.291002728125 0.40572638281250006 0.286804378125 0.4050023703125 0.28439518750000004 0.40387682187499996 0.28320539375 0.401988275 0.2823690296875 0.3991292546875 0.283531234375 0.39959747343749996 0.28717828125
0 0.39998660625000004 0.2746864625 0.40028595468750006 0.2768609140625 0.40295779062500003 0.278436328125 0.4035507984375 0.2783399734375 0.40436430625 0.2772518609375 0.4044501859375 0.2741626640625 0.40365065156249996 0.2720534734375 0.402479815625 0.2720419625 0.39998660625000004 0.2746864625
0 0.568973309375 0.29044137812500004 0.5692721671875 0.2879417359375 0.566228328125 0.2866021671875 0.56454434375 0.28796014375 0.5639518890625 0.2905326203125 0.5650211984375 0.2934682890625 0.5665229140625 0.292304825 0.56729088125 0.2907830125 0.568973309375 0.29044137812500004
0 0.5473995578124999 0.28877561875 0.5494874750000001 0.288955790625 0.550982315625 0.28619850156250004 0.5494969234375 0.282991290625 0.54844045625 0.2847467265625 0.5480046078125 0.2872492515625 0.5473995578124999 0.28877561875
0 0.44759396406249996 0.4608827890625 0.447477153125 0.457106140625 0.4475782890625 0.450134771875 0.444536675 0.44733902187499996 0.44475120625000003 0.4515611375 0.44326743593750007 0.45658983906249995 0.44235245624999997 0.45991397031250003 0.44262714687500004 0.461829740625 0.44522731093749995 0.46531279999999997 0.4461099953125 0.463088190625 0.44759396406249996 0.4608827890625
0 0.4163296609375 0.4679912203125 0.416009434375 0.46514842500000003 0.4137979484375 0.4634532875 0.41020411875 0.46428217031249996 0.40995684375 0.4666348375 0.41155361562500004 0.4702920921875 0.41448664375 0.47011489375000004 0.4163296609375 0.4679912203125
0 0.423705634375 0.55768325 0.42428860625000003 0.5592967765625 0.42598959687500004 0.55946613125 0.42733619999999994 0.5579847109375 0.4276512078125 0.554165465625 0.4263031984375 0.5524165421875 0.42536013281249996 0.5518822250000001 0.423648009375 0.553208965625 0.423705634375 0.55768325
0 0.41384343437500004 0.3469935015625 0.4137309109375 0.35175626718749997 0.41473988593750005 0.3538010609375 0.4182726609375 0.35477881718750004 0.4197978640625 0.3542289828125 0.419859371875 0.35217886875 0.41913761406249994 0.350062140625 0.41704647968749997 0.347625521875 0.41384343437500004 0.3469935015625
0 0.43341211093750004 0.3187813109375 0.43643037187499995 0.314534478125 0.43504982812500004 0.3123626484375 0.43210942656249995 0.311414159375 0.43082235 0.3138539265625 0.4297863765625 0.320078171875 0.43234554531249997 0.321335378125 0.43341211093750004 0.3187813109375
0 0.4835755296875 0.26377661875 0.4837598265625 0.2681668078125 0.48393239374999997 0.2692155921875 0.485348121875 0.268885203125 0.4864838546875 0.2661812953125 0.486560065625 0.2634979984375 0.48567903437500004 0.26062454062499996 0.483755434375 0.2615567 0.4835755296875 0.26377661875
0 0.4553212578125 0.26214241562499996 0.45761245156249997 0.262585903125 0.4621012015625 0.261419025 0.463042284375 0.25819033281250003 0.46107880312500005 0.25722983125 0.45563843281249994 0.259617990625 0.4546522421875 0.26152692499999997 0.4553212578125 0.26214241562499996
0 0.43427499999999997 0.2759666515625 0.430283075 0.283243934375 0.43640346250000006 0.28902001875 0.43702674375 0.28068325 0.43762980625000003 0.2737944875 0.43427499999999997 0.2759666515625
0 0.456420440625 0.29019065 0.452827590625 0.29048703124999997 0.451890109375 0.2921717046875 0.4524532828125 0.2963503375 0.45400910312500004 0.29651071875 0.455877959375 0.2933041265625 0.456420440625 0.29019065
0 0.3681752984375 0.3419783453125 0.3665661796875 0.3399034671875 0.3651225515625 0.3354767546875 0.36234170312499997 0.33030461875 0.355484978125 0.3321621328125 0.351961615625 0.33590811249999997 0.34921342499999997 0.3428620671875 0.34709801875 0.35043241875 0.34876985 0.3565594875 0.3518428828125 0.3594449515625 0.35501180468750004 0.3641237 0.3610727640625 0.374247075 0.3565822625 0.3829943578125 0.3595134859375 0.3848672640625 0.3639928765625 0.376718975 0.36923288125 0.37749281875 0.3700009046875 0.371127290625 0.370403325 0.36616247031250004 0.37148197031249997 0.36241720312500003 0.37207650625 0.3590326828125 0.371793584375 0.35157475312500003 0.3707207328125 0.3479552828125 0.369506575 0.343931325 0.3691413375 0.3435048734375 0.3681752984375 0.3419783453125
0 0.330372865625 0.279929190625 0.326268346875 0.28216395625 0.323503075 0.2824342 0.3210550234375 0.284634109375 0.3216581515625 0.2880439578125 0.32068684062499997 0.29251693125 0.32077698906249996 0.294738525 0.320784790625 0.2985807015625 0.32451136406250003 0.299358871875 0.3299579328125 0.304146609375 0.3332582234375 0.30063955781249996 0.33397573281250004 0.2996576171875 0.3355707859375 0.294452078125 0.33552804687500004 0.290508821875 0.3355334875 0.285583975 0.3325953578125 0.28347781875 0.330372865625 0.279929190625
0 0.3097925984375 0.2868533984375 0.3070633 0.29225237187499997 0.3123056703125 0.29766751406249997 0.312824328125 0.29336063437500004 0.3113239875 0.289234328125 0.3097925984375 0.2868533984375
0 0.28107738125 0.209737203125 0.2853304828125 0.2157003765625 0.29048934375 0.22367392968750002 0.2896740828125 0.22661733593750003 0.2980560421875 0.23377645781249998 0.3000220859375 0.2354300875 0.3060587671875 0.23626252656250002 0.3108290234375 0.2361543125 0.316846840625 0.23508844375 0.317615475 0.2331267921875 0.320220403125 0.2247704921875 0.321181184375 0.2105319828125 0.3240197703125 0.199563925 0.3240413203125 0.19305080937500002 0.3223882109375 0.18635696875000002 0.3205201453125 0.1800191703125 0.3181782828125 0.17046108124999998 0.308020178125 0.16890009374999998 0.30483957500000003 0.1689962828125 0.3020523609375 0.1737952921875 0.298447665625 0.177298628125 0.29167377031249997 0.1779943734375 0.281055390625 0.1749380203125 0.2792055890625 0.184376053125 0.27842300937500003 0.194392875 0.2772042765625 0.20029311718749998 0.2799281515625 0.20514033125000003 0.28107738125 0.209737203125
0 0.27332731093749996 0.209466240625 0.2720721046875 0.203411240625 0.2717128921875 0.19812913125 0.2690893875 0.19757373281249999 0.26393734375 0.19757740625 0.25957276875 0.1983849828125 0.2554767484375 0.2010919734375 0.26725981249999997 0.21498097500000002 0.27007504375 0.21516217656249997 0.2722693328125 0.213582890625 0.27332731093749996 0.209466240625
0 0.254450778125 0.2985388671875 0.25697805625000003 0.30035360624999996 0.2584322671875 0.3034239953125 0.2623256875 0.30632184218749997 0.26451751875 0.3062756984375 0.2652460390625 0.3035447015625 0.265933853125 0.2957598890625 0.2635667203125 0.2934827953125 0.2601212390625 0.29061317343750004 0.258796225 0.2920685828125 0.25647374375 0.2887388265625 0.2537781109375 0.290304696875 0.25306989999999996 0.294770759375 0.254450778125 0.2985388671875
0 0.3327845140625 0.1371899609375 0.3318698 0.1390765578125 0.33196536875 0.1424723375 0.3316378921875 0.1465746421875 0.334926853125 0.1495582140625 0.3371607484375 0.14967988593749998 0.33874355624999997 0.1461902796875 0.339719865625 0.14177439218750001 0.3372664140625 0.137194409375 0.3327845140625 0.1371899609375
0 0.3088639625 0.1398101859375 0.31076319375 0.14514889375 0.31365620625 0.1453524109375 0.3148353046875 0.1432972140625 0.31491564375 0.1393040484375 0.31283417812500003 0.1359383515625 0.3107352984375 0.134173353125 0.3089712359375 0.1354710671875 0.3088639625 0.1398101859375
0 0.2525753359375 0.1745102640625 0.251068415625 0.17534953281250001 0.25117102343750003 0.176705184375 0.2515392140625 0.1808256171875 0.2530527171875 0.184408134375 0.25425060781250003 0.187435871875 0.25564703125 0.1881262453125 0.257453609375 0.1877992296875 0.2587432578125 0.18611229375 0.25902058437500003 0.183473703125 0.25886561406249997 0.18146525156249999 0.257993715625 0.17946157499999998 0.2571615046875 0.1755107546875 0.255469165625 0.1747060109375 0.2525753359375 0.1745102640625
0 0.2392527171875 0.165612678125 0.24011458125 0.1677865515625 0.24203312968750001 0.16905498125 0.244144875 0.170981584375 0.2463315296875 0.16922081875 0.2476117609375 0.1679822296875 0.2479286375 0.1661632 0.246905884375 0.162321184375 0.24587383749999997 0.15970365312499998 0.2429695296875 0.1573653859375 0.2402517171875 0.1577820171875 0.2387741765625 0.159268528125 0.23868635624999998 0.1619726 0.2392527171875 0.165612678125
0 0.3846917484375 0.19662885624999998 0.38584125937499997 0.2035399984375 0.389062675 0.2018895609375 0.3886591765625 0.19583295625 0.3846917484375 0.19662885624999998
0 0.23985415312499997 0.274811246875 0.24003785625 0.2775030078125 0.24179477968750002 0.2776185390625 0.243289053125 0.27645115 0.2434581421875 0.2746181578125 0.2432483828125 0.27369900937499997 0.24221005468749998 0.2717092625 0.2408447203125 0.272128215625 0.23985415312499997 0.274811246875
0 0.2850327953125 0.271957128125 0.28380829687500003 0.2786297484375 0.2871700890625 0.27824466718749996 0.29119675 0.27757282499999997 0.2904010265625 0.27317021874999997 0.28939176093749996 0.27084416718750004 0.2850327953125 0.271957128125
0 0.2432543015625 0.265047546875 0.2451316515625 0.26280650781250003 0.24633870937500002 0.259648190625 0.24629399687500003 0.2561572046875 0.24595504531249998 0.2548976875 0.2447536125 0.2548185453125 0.24360709531250002 0.2570719828125 0.24381306249999998 0.259880775 0.2435258453125 0.2604758875 0.24236347500000002 0.260727640625 0.24147714687500002 0.2631812484375 0.2432543015625 0.265047546875
0 0.23358922343750002 0.22827174687500001 0.231867421875 0.229944684375 0.23171013437500002 0.23193445625 0.23409365000000001 0.23176863124999997 0.23481312499999998 0.23184425000000003 0.23446954843749998 0.23082305625 0.234466234375 0.2295092625 0.23358922343750002 0.22827174687500001
0 0.3081488796875 0.1567485421875 0.30754029374999997 0.160760028125 0.30766878750000004 0.16394716874999998 0.3109883703125 0.1666244515625 0.314083409375 0.1658923984375 0.3155725828125 0.15985561406249998 0.31328423125 0.155124875 0.3104255953125 0.15405615 0.3081488796875 0.1567485421875
0 0.2660454875 0.4008440953125 0.2710763546875 0.39737439375 0.2732337859375 0.395458159375 0.2729356859375 0.390297165625 0.2663302421875 0.38666964843749996 0.2643216109375 0.3934782375 0.2651177125 0.39872928124999996 0.2660454875 0.4008440953125
0 0.294188290625 0.36504753437500004 0.2925760828125 0.36881684843749996 0.29399208906249996 0.3712940578125 0.29691046249999997 0.36998569375 0.2958186453125 0.365380715625 0.294188290625 0.36504753437500004
0 0.31298598437499997 0.3909732015625 0.315091490625 0.3922267171875 0.31639646250000003 0.3907377796875 0.3165541515625 0.389222525 0.31515449218749997 0.3872026546875 0.3143101203125 0.38756795781250003 0.31298598437499997 0.3909732015625
0 0.17506053125 0.395289084375 0.1745563375 0.3979635328125 0.1739341859375 0.40047475625000006 0.1749654109375 0.40202384843749994 0.178149859375 0.4029822765625 0.1789084515625 0.4006079390625 0.178574640625 0.396668653125 0.1767702296875 0.3946580890625 0.17506053125 0.395289084375
0 0.19838913125 0.3719025984375 0.2002783546875 0.372882003125 0.200897971875 0.3693335828125 0.19937716875 0.3687354015625 0.19835309375000001 0.3689718390625 0.197450559375 0.3708172953125 0.19838913125 0.3719025984375
0 0.3460700203125 0.44901972343749996 0.348141771875 0.45249280625 0.348778721875 0.4499454296875 0.3476550375 0.446570421875 0.3460700203125 0.44901972343749996
0 0.3230951171875 0.3374978890625 0.326645009375 0.33967305625 0.32578945312499996 0.336004153125 0.3239795875 0.3351964828125 0.3230951171875 0.3374978890625
0 0.31882915 0.28923445625 0.31851884375 0.2953857171875 0.32021379375 0.2935497046875 0.3203528390625 0.291015984375 0.31882915 0.28923445625
0 0.1259076796875 0.430200271875 0.125479190625 0.42696746093750004 0.12438434062499999 0.424409315625 0.12091320781249999 0.42483318125 0.119289128125 0.42852112187499997 0.11942901718750001 0.4308374953125 0.1203730328125 0.43429260000000003 0.12264320468750001 0.4357582390625 0.1269960453125 0.4315794046875 0.1259076796875 0.430200271875
0 0.102851821875 0.39420402499999996 0.10598570468749999 0.4012640296875 0.110864915625 0.408549896875 0.112559565625 0.4084357859375 0.11439821406249999 0.4113014875 0.115245471875 0.41264271093750005 0.119627509375 0.41262566562499997 0.12417194843749998 0.41557779687499996 0.1253206078125 0.414469921875 0.1261587484375 0.4113985171875 0.129811946875 0.40792698906249997 0.1311922890625 0.40204373125000004 0.13102770625 0.397167 0.128908009375 0.39096615 0.12687479375 0.38081834375 0.1256994671875 0.3730466640625 0.1220912640625 0.3667176453125 0.120049028125 0.362664784375 0.11388504375 0.3605023765625 0.1087060671875 0.358789140625 0.1064172515625 0.3615069703125 0.10290226093749999 0.36076360625000004 0.097896303125 0.3593325015625 0.09262598125 0.3639145171875 0.09002666718749999 0.368450475 0.0887239484375 0.374387453125 0.08914337812499999 0.3808605046875 0.0897325203125 0.385315240625 0.09422356093749999 0.38831203593749997 0.0989585984375 0.3889275421875 0.102851821875 0.39420402499999996
0 0.045226817187500004 0.34870161718750003 0.0472037109375 0.350700459375 0.0461268734375 0.351379115625 0.0429340265625 0.353714415625 0.0440211765625 0.35724269531249997 0.046804023437499995 0.3626349953125 0.0454640328125 0.364561734375 0.045530828125 0.36805189843749997 0.0462662890625 0.3683790046875 0.0498347984375 0.37191670625 0.048542225 0.37424434687499997 0.052271601562500006 0.3793307875 0.056124175 0.3804348515625 0.058099684375 0.38298500625 0.06102716406249999 0.38393685 0.0658867765625 0.3825748578125 0.0678402203125 0.3821061671875 0.0688401390625 0.38012640468750003 0.06870103125 0.37602376406250004 0.06809864374999999 0.3705589859375 0.06693124687499999 0.36848183125 0.066497015625 0.3682633703125 0.0665837859375 0.365644028125 0.0674025984375 0.362397771875 0.0683601921875 0.36014804375 0.0686692046875 0.3572079875 0.0687834484375 0.35610608125 0.066021090625 0.353583203125 0.0648907015625 0.350212203125 0.0655121203125 0.3456301828125 0.0656868390625 0.34215911875 0.062537015625 0.3408712546875 0.0589080875 0.3390145703125 0.057307234375 0.338535234375 0.05266493437500001 0.341013559375 0.050503153125 0.34283664062499997 0.0481297609375 0.344968984375 0.045348415625 0.347559634375 0.045226817187500004 0.34870161718750003
0 0.1502253015625 0.2855623140625 0.1499167421875 0.2877357171875 0.1514339640625 0.2899973234375 0.152535771875 0.2900078640625 0.1535017296875 0.2884110234375 0.1543213765625 0.284753225 0.15373636562499998 0.283697228125 0.1516768671875 0.28376985 0.1502253015625 0.2855623140625
0 0.12369980625000002 0.306853153125 0.1241357984375 0.3037064890625 0.12295475 0.301684459375 0.12279114218750001 0.3009241296875 0.1201026546875 0.29695102812499996 0.117936709375 0.29725912499999996 0.118177625 0.3017982359375 0.120061703125 0.3049043796875 0.12180544062500001 0.305937621875 0.12369980625000002 0.306853153125
0 0.13086568125 0.30969274687500004 0.1293475140625 0.3097421375 0.12875460156250002 0.31148187968749996 0.12927942812499998 0.3126022515625 0.1317662234375 0.3139052671875 0.132901765625 0.312593340625 0.1331317234375 0.311421896875 0.1327152203125 0.3105564328125 0.131343846875 0.309493196875 0.13086568125 0.30969274687500004
0 0.0720545421875 0.22823972499999998 0.07155297031249999 0.230425834375 0.072231965625 0.232605625 0.07453249687499999 0.233662825 0.0770408609375 0.23429724687500003 0.07806903125 0.2320188 0.0777192390625 0.2299505953125 0.0745860765625 0.2269645453125 0.0732459875 0.22721804375 0.0720545421875 0.22823972499999998
0 0.1100184578125 0.2026066765625 0.1101656953125 0.19808165312499998 0.10900291718749999 0.1973058609375 0.1066685140625 0.19981465468749998 0.1060064234375 0.2047537546875 0.106524403125 0.20913816562499998 0.10725649374999999 0.2129951953125 0.108841221875 0.2165129265625 0.110079990625 0.2194506953125 0.1111617453125 0.2177984671875 0.1113317671875 0.21513445937500003 0.10887195000000001 0.210121753125 0.1110953109375 0.2098354015625 0.1115179859375 0.20834014218750002 0.11156621250000001 0.2060875296875 0.1100184578125 0.2026066765625
0 0.15807552656249999 0.0723036953125 0.157868346875 0.070104365625 0.159398121875 0.06689512812500001 0.15964205625 0.0651422734375 0.1557445 0.0619549078125 0.15263770000000002 0.059659773437499994 0.1483965171875 0.048874553125 0.1476454765625 0.046737465625 0.14671626875 0.0490310265625 0.14631211875 0.054954040625 0.14295082812499998 0.0549008359375 0.14120550468749998 0.05208893437499999 0.1417882140625 0.0478751984375 0.13681527031250001 0.04470991875 0.136767446875 0.0422351125 0.13701764375 0.0345331359375 0.136148740625 0.0318133484375 0.133570209375 0.027556437499999996 0.13160958125 0.0239379234375 0.12678460625000001 0.018288565625 0.12190899531249999 0.018816190625 0.1198808109375 0.02247736875 0.11955179062500002 0.0266392140625 0.11827858124999999 0.03144338125 0.11926020156249999 0.032717028125 0.1217620421875 0.034519667187500006 0.12273711406250001 0.0352427390625 0.1207256359375 0.0379975734375 0.1199110109375 0.041861715625000004 0.1200365515625 0.044987271875 0.1219540109375 0.0492108390625 0.121808575 0.050116221875 0.12103002968750001 0.053024209375 0.12187097031250001 0.0552775796875 0.123157921875 0.059326470312500004 0.1238172296875 0.06426462656250001 0.1244841171875 0.0679796875 0.12433659374999999 0.07277648125 0.122456846875 0.080047953125 0.12098022343749999 0.084246290625 0.12182700312500001 0.0877445921875 0.122469371875 0.092096515625 0.12240974062500001 0.099838946875 0.1238705546875 0.102771771875 0.12769111718749998 0.109905521875 0.1294058953125 0.114024515625 0.131053125 0.11609554375 0.1346174609375 0.1185817375 0.135583946875 0.11878858437499999 0.137019634375 0.1205702890625 0.1382216390625 0.1263541796875 0.139885284375 0.1267144265625 0.1417404484375 0.129019409375 0.1426138203125 0.1310389515625 0.14562362499999998 0.1317904921875 0.1510584875 0.1318165453125 0.15527299375 0.1274142140625 0.15900763281250002 0.1248719140625 0.1617555296875 0.1228087828125 0.164398815625 0.1180936265625 0.1651788265625 0.11150940312499999 0.16431164843749999 0.10570885625 0.1640818234375 0.09888180937499999 0.1631912984375 0.0928400015625 0.16174188750000001 0.0870033984375 0.1610799453125 0.0804011640625 0.16044069375 0.0776788046875 0.15807552656249999 0.0723036953125
0 0.1620733375 0.05979838750000001 0.1636380375 0.0581702109375 0.1626748484375 0.055002175 0.1613682265625 0.05380120468750001 0.1602794265625 0.0527849515625 0.15623170625 0.052147420312500005 0.1558772390625 0.05728381875000001 0.15803815937500001 0.058832240625 0.1593247015625 0.0592376921875 0.1602512015625 0.0600043625 0.1620733375 0.05979838750000001
0 0.078876746875 0.0124896890625 0.08018658749999999 0.0117915296875 0.08238762656250001 0.00946039375 0.0818477875 0.008049359374999999 0.08101148124999999 0.005094190625 0.079451159375 0.0033622296875 0.07727418750000001 0.0032371140625 0.0759583734375 0.00287100625 0.07579169687500001 0.0054882328125 0.0762715265625 0.008068146875 0.07757637187500001 0.010975153125000001 0.078876746875 0.0124896890625
0 0.06168566875 0.030472493750000003 0.06288861875 0.0339453859375 0.0637361796875 0.0356574203125 0.06618621875 0.038296728125 0.06758858281249999 0.03879605 0.0684792734375 0.03652515 0.06438699375 0.028179798437499997 0.061789301562499996 0.028455085937500003 0.06168566875 0.030472493750000003
0 0.20732447656250003 0.15186244375 0.20445828281249998 0.1526593984375 0.2053181703125 0.1563020484375 0.206630984375 0.155784878125 0.20736731718749998 0.15489289687500002 0.20732447656250003 0.15186244375
0 0.06735638125 0.6339508484375 0.064105315625 0.6358385484375 0.0605424125 0.638301490625 0.0610451515625 0.643548409375 0.06641410156250001 0.645696384375 0.0700710296875 0.6425331843750001 0.0705523140625 0.6387612671875 0.0694410609375 0.635387565625 0.06735638125 0.6339508484375
0 0.01227405625 0.6950073390625 0.01224931875 0.689039246875 0.009207671875 0.6870808937499999 0.0053668796875 0.6891234234375 0.002527415625 0.6955556046875 0.002367478125 0.6962850703125001 0.0034506078125 0.6981774046875 0.006232742187499999 0.70007863125 0.0092224703125 0.6990181468750001 0.01227405625 0.6950073390625
0 0.045958615625 0.7815115890625 0.0483664703125 0.7800977203125 0.050196046875 0.7767565984375 0.051013699999999995 0.77133895 0.0492938015625 0.766909909375 0.044558442187500005 0.7668505421875 0.0418962703125 0.771610846875 0.0400494109375 0.7773885093749999 0.0405346625 0.7801261046875 0.04175053125 0.78202610625 0.045958615625 0.7815115890625
0 0.047513025 0.578615709375 0.0442078453125 0.5843217953125001 0.046118271875 0.5838737218750001 0.0487258453125 0.5845358515625 0.0496459546875 0.5841973625 0.050344259375 0.5812306671874999 0.047513025 0.578615709375
0 0.15527461250000002 0.8151600515625 0.1557094328125 0.8113219781250001 0.15472740000000001 0.8089909328125 0.153036965625 0.808332503125 0.1505090515625 0.8107989625 0.14998975781249999 0.8126155703125001 0.150605003125 0.8145498515625 0.152077271875 0.8159536234375 0.15410886875000002 0.816325834375 0.15527461250000002 0.8151600515625
0 0.179391321875 0.770104428125 0.176651978125 0.7672728890625 0.17476705937499998 0.7676576578125001 0.17363620468750002 0.7727815828125 0.1741917859375 0.7749546859375 0.17600745625 0.776798325 0.1780918640625 0.775980475 0.1784902296875 0.773326325 0.179391321875 0.770104428125
0 0.22280397343749997 0.89208236875 0.22252377812500002 0.890517946875 0.22197148281249998 0.8884331718749999 0.22130822499999997 0.8875087781250001 0.21931925156249998 0.887224315625 0.2158971046875 0.8902315156249999 0.21569841093750003 0.892600284375 0.22086299375000001 0.9010724796874999 0.222380521875 0.896440103125 0.22279788125 0.894427390625 0.22280397343749997 0.89208236875
0 0.2085209984375 0.9188548031250001 0.20632195625 0.9214061046875001 0.2068722296875 0.9236446375 0.2077604875 0.9246256718750001 0.20998968750000002 0.92453789375 0.2105814203125 0.9236165734374999 0.21188470312500002 0.9212617796875 0.2126765984375 0.9174345265625 0.2122222984375 0.9144173859375 0.21093280781249998 0.9134570234374999 0.2095863015625 0.9134726109375 0.20909379687500002 0.9145410453125 0.2085209984375 0.9188548031250001
0 0.18336634062499998 0.947163315625 0.1839960859375 0.9445649078124999 0.18361422031250002 0.941366846875 0.18162965625 0.9410404281250001 0.1802466921875 0.941686909375 0.178587840625 0.94373253125 0.178865909375 0.945287303125 0.18002494062500002 0.947204896875 0.18269701249999998 0.94768684375 0.18336634062499998 0.947163315625
0 0.1953375203125 0.9428943828125 0.1971580609375 0.94241958125 0.197386528125 0.9380036468749999 0.19835144531249999 0.9365512390624999 0.19671186875 0.935827453125 0.19406281875 0.9376825906249999 0.1939491640625 0.9414994312499999 0.1953375203125 0.9428943828125
0 0.19566069218749998 0.8552134640625001 0.19605313124999998 0.857518675 0.196878171875 0.857471846875 0.1985813484375 0.85489985 0.1985801578125 0.8540890343750001 0.1974159390625 0.85298315625 0.19566069218749998 0.8552134640625001
0 0.161419678125 0.85461854375 0.1602331421875 0.857746025 0.161672809375 0.8583089703125 0.1628757703125 0.8592555234375 0.164295040625 0.8590857609375 0.165541009375 0.856842775 0.165561246875 0.855514175 0.1639921484375 0.8536116125 0.161419678125 0.85461854375
0 0.1220566625 0.9421444015624999 0.123727240625 0.9413474718750001 0.1239502125 0.9383889468750001 0.1218637765625 0.9403472078125 0.1206290109375 0.9425882281250001 0.1220566625 0.9421444015624999
0 0.400004215625 0.8966281781250001 0.40054591406249995 0.89373143125 0.40078872812500005 0.89109235625 0.3990328484375 0.8898158859375 0.39641251093749996 0.8927581046874999 0.3960780203125 0.8959405734375 0.39745436875 0.8969116359375 0.400004215625 0.8966281781250001
0 0.4001406203125 0.8726092953125001 0.397429378125 0.8732025812499999 0.3961505984375 0.8748309578125 0.3948799859375 0.8774279937499999 0.39483229531249997 0.8778817453125001 0.3958008921875 0.8805947281250001 0.3977445625 0.8793520265625 0.399814884375 0.8773826453125 0.400227946875 0.87508196875 0.4001406203125 0.8726092953125001
0 0.3755873625 0.8329819484375 0.37463828593750004 0.83477695 0.37639127499999997 0.84004215625 0.3783918 0.8368085546874999 0.3779454515625 0.8339100828125 0.3755873625 0.8329819484375
0 0.35505206718750004 0.9756403609375001 0.35501846875 0.976782165625 0.3578092578125 0.9775546765625001 0.3585505328125 0.975838384375 0.359079621875 0.9733755093750001 0.358809878125 0.9717116375 0.3580721109375 0.9712868796875 0.35661794062499996 0.97264073125 0.35505206718750004 0.9756403609375001
0 0.27660583125 0.898920215625 0.2758335234375 0.8988390421875 0.2750096828125 0.8997563906250001 0.2745250984375 0.9012577109375 0.2751096 0.903245321875 0.2768399828125 0.9056911578125 0.2774097796875 0.905172878125 0.27837105 0.9018567546874999 0.277071403125 0.8992440921875 0.27660583125 0.898920215625
0 0.36025663125 0.653125428125 0.3612427359375 0.6553579203125001 0.3629242359375 0.6564003328125 0.36407789375 0.6553495421875 0.3645128546875 0.6539765484375 0.36565559531249997 0.650069909375 0.3664681953125 0.6468528515624999 0.36645735468749996 0.6449978062499999 0.3649378890625 0.6435497953125 0.36330277031249997 0.6436057484375 0.36125830937500003 0.646211003125 0.360145575 0.6511027390625 0.36025663125 0.653125428125
0 0.32655850468750003 0.694152765625 0.326246884375 0.692991959375 0.32469052187499997 0.6925078734375 0.3228362375 0.6937222625 0.32140007812500004 0.6967433796875 0.32491645 0.69899829375 0.3256298796875 0.6970386953125 0.32655850468750003 0.694152765625
0 0.29774350156249996 0.7075249703125001 0.2955078765625 0.708361490625 0.29469596249999996 0.711258115625 0.2946945578125 0.7127363796874999 0.2967958421875 0.7141795546874999 0.29935246875 0.712276996875 0.2994236859375 0.7085201109375 0.29774350156249996 0.7075249703125001
0 0.2877657078125 0.541389084375 0.287838471875 0.54486730625 0.2879498 0.5455121640625 0.291642759375 0.5442035140625 0.292495421875 0.541427434375 0.2922511578125 0.5389979671875 0.2902638671875 0.537456796875 0.28911607500000003 0.5378389125 0.2877657078125 0.541389084375
0 0.3275637328125 0.469440909375 0.3275452953125 0.46764319531250004 0.3267355375 0.46709618124999996 0.32461678437499997 0.467418665625 0.32352357187499997 0.4690304109375 0.32449151249999997 0.4722429359375 0.3270805234375 0.4703312140625 0.3275637328125 0.469440909375