0 0.2438109515625 0.4391166484375 0.2426325828125 0.44971158906250003 0.2451410765625 0.456883884375 0.24785639375000001 0.4624196734375 0.24965672187500001 0.46820056250000003 0.2537812109375 0.47217295937500003 0.279902009375 0.4719759453125 0.28519006562500004 0.471698809375 0.28899741875 0.47078423281250004 0.29302724062499996 0.4698752078125 0.295798465625 0.4674017828125 0.297269003125 0.46023218281249995 0.2937348703125 0.45674674375 0.288503384375 0.45046036093749997 0.2876872390625 0.44091812187499996 0.2873166078125 0.42366543749999996 0.2890797578125 0.41792936249999996 0.28768423906249996 0.4157228125 0.2552330421875 0.41708710781249997 0.24427251249999998 0.42132279375000004 0.242850925 0.42626177500000006 0.24281314375 0.434378 0.2438109515625 0.4391166484375
0 0.29190233125 0.630616871875 0.2913499375 0.6410647875000001 0.29188663125000003 0.652022028125 0.291993746875 0.66036535625 0.2943708109375 0.66547764375 0.2988450671875 0.673108625 0.32412043281249997 0.6720656359375 0.330024353125 0.670582740625 0.3340447078125 0.666835946875 0.3350847546875 0.6593040046875001 0.3328285828125 0.6578419546875 0.329601471875 0.650840315625 0.3308759734375 0.624942809375 0.3287404234375 0.6209757015624999 0.3216590390625 0.6212779765625001 0.300040878125 0.6226315515625 0.29284213124999997 0.6262773640625 0.29190233125 0.630616871875
0 0.1790023859375 0.1907023984375 0.1792650046875 0.1966389765625 0.17977691093749998 0.205690215625 0.1813540375 0.21216811562500001 0.1824880578125 0.2225511203125 0.1845225109375 0.23903911562500002 0.1809237859375 0.23575420625 0.176811471875 0.23720892187499998 0.1796330015625 0.24593571406249998 0.183923325 0.2512512734375 0.18695768906250002 0.249439984375 0.1883634984375 0.27471198281250003 0.183316153125 0.2804777921875 0.18541373125 0.2882583640625 0.1883368390625 0.2933404703125 0.19143692968749998 0.29839608906250004 0.19170769062499998 0.3031744046875 0.1907343984375 0.311860684375 0.199860371875 0.3669022515625 0.201635165625 0.3767040484375 0.20323001562499998 0.3869236484375 0.2171342578125 0.43637935937499994 0.21550021562500002 0.44795261406250003 0.21764095156250002 0.4544369625 0.2206214234375 0.46485306406250004 0.24662339375000003 0.5809137843750001 0.2636673828125 0.6446606953125 0.2590410796875 0.646757253125 0.25876894375 0.65108836875 0.2600104875 0.6573131734375 0.2630476859375 0.6578846890625 0.2657159796875 0.6551788328125 0.2715664578125 0.6760528125 0.2862397578125 0.7252554265625 0.29045029218749996 0.7363033296875 0.3002678578125 0.7551309453124999 0.3060533171875 0.7711219484375 0.31427963281250004 0.7882476984375 0.3232172109375 0.8094511890625 0.3259366515625 0.8116024375 0.329212109375 0.8102416484375 0.32512349375 0.80265460625 0.3233886890625 0.7972880453125 0.323061375 0.779130290625 0.321085403125 0.7670124109375 0.3221791234375 0.7541156203125 0.321220840625 0.7441302125 0.32239857656250004 0.7348965453125 0.32188148125 0.7277466218749999 0.3249952734375 0.7214500296875 0.32825044062500003 0.7190153921875 0.32926357031250003 0.7121341890624999 0.33041713125 0.70966418125 0.3306154109375 0.7198067671875 0.33542046875 0.7215091859375 0.3399577546875 0.7260138328125 0.3436164296875 0.728203478125 0.3574413953125 0.724795578125 0.36566337031249996 0.7190589734375 0.3800477140625 0.71217328125 0.385599934375 0.713115240625 0.3902109375 0.7118612640624999 0.3943566625 0.708625796875 0.3896896546875 0.7072885296875 0.383654584375 0.708030396875 0.3858089546875 0.70531079375 0.3939348125 0.703770909375 0.407925040625 0.69838133125 0.41169936093750004 0.6964483359375 0.40596489843750005 0.6929843328125 0.40411554687500006 0.689761078125 0.40547777500000004 0.6865854328125 0.40083811718750006 0.6841280109375 0.397335940625 0.6839094375 0.4099804515625 0.6816821234375 0.41587587187499997 0.6807535578125 0.42556091250000005 0.6740938046875 0.4264156578125 0.66780295 0.407238428125 0.6644410640625 0.408529753125 0.65220984375 0.429794484375 0.66471250625 0.4401722640625 0.66159791875 0.443264209375 0.6505256125 0.439469134375 0.6387471515625001 0.4270161671875 0.6342098593750001 0.4229540171875 0.6302029015625 0.4343268359375 0.619205121875 0.43250528906249996 0.6143031109375 0.4334074375 0.6057222609374999 0.4368671296875 0.60127885625 0.440674959375 0.59711918125 0.43973804687499995 0.592198971875 0.43775090156249996 0.5893021265625 0.4350534046875 0.5841362234374999 0.43285261249999996 0.5810737687499999 0.42839857812500004 0.577769534375 0.4234750015625 0.5750297093750001 0.41640823125 0.5716699515625 0.41023068125 0.570558925 0.4049618296875 0.5712622015625 0.40407768125 0.5661545984374999 0.40473701562500003 0.561150734375 0.40311890625 0.5583691078124999 0.40068265 0.554276940625 0.3949640671875 0.5481005765625 0.3892623421875 0.544395465625 0.382296609375 0.5416500125 0.3736480734375 0.537515725 0.36665854375 0.53431620625 0.3585008515625 0.534621690625 0.34782751875 0.540277103125 0.34107434062499997 0.5598886640625 0.3394478703125 0.5647695390624999 0.34199501250000003 0.57429146875 0.3413917359375 0.5805441109375 0.33976875156249997 0.5863573296875 0.3420674265625 0.5953477859375 0.345961715625 0.6056158593750001 0.3429133578125 0.6075780859375 0.33348881406249997 0.6050272078125001 0.3292531796875 0.6012030187499999 0.3248700828125 0.602387159375 0.322651946875 0.613742246875 0.3232520234375 0.6170419265625 0.33340858125 0.623051421875 0.334773684375 0.627603403125 0.3364753484375 0.6287549859375 0.33997659687500004 0.627612365625 0.34037652343749997 0.6284065859375 0.3433356109375 0.6271891140625 0.343699965625 0.627304578125 0.345973203125 0.6270023796874999 0.34884356250000004 0.6259428921875 0.3512426 0.627533578125 0.35179430625 0.6286265156249999 0.3569834265625 0.6264018890624999 0.3577865078125 0.6275145078125 0.3615412453125 0.6257452640625 0.36386589062499997 0.626185140625 0.3695322859375 0.62554395625 0.3708066765625 0.62884271875 0.372087146875 0.633600975 0.3722932203125 0.6375330781249999 0.3715659328125 0.6427032265625 0.3725983859375 0.64822238125 0.3714230640625 0.6543673140624999 0.368417946875 0.6553931828125 0.364651821875 0.657034725 0.362099990625 0.6541706015625001 0.360633253125 0.6564567484375 0.35740172187499997 0.6552820765625 0.35663012968749996 0.6543821624999999 0.35389582656249996 0.6562762984375 0.352889209375 0.6582660828125 0.3520755015625 0.656562584375 0.3518398 0.6554984609375001 0.3494474828125 0.6565438484375 0.34839024687500003 0.6575677703125 0.34657796093750004 0.6575297531250001 0.3446692375 0.656129290625 0.342468740625 0.6568939421875 0.340419671875 0.658428284375 0.3397675390625 0.657658234375 0.338139734375 0.6560052234375 0.3356098078125 0.658753896875 0.33610283281250003 0.664101046875 0.3311929140625 0.6686079390625 0.32751494062500003 0.6715732437499999 0.3178265203125 0.672764740625 0.31242041249999997 0.67249105 0.30614557656249997 0.6749274765625 0.30129923125 0.6797517890625 0.2986031421875 0.68189739375 0.2934631796875 0.6802234796875 0.292004353125 0.6757640296874999 0.292615440625 0.6665256375 0.2923698703125 0.6618398796875 0.29164612343749996 0.654090575 0.29187257031249997 0.650260975 0.29198760468749996 0.64299186875 0.2927908953125 0.63470409375 0.2913882921875 0.6274362906250001 0.2888492078125 0.621919428125 0.28950724375000003 0.6164728359375 0.282927096875 0.618069403125 0.2868353125 0.61009299375 0.297554928125 0.60717171875 0.3060385 0.6130545359374999 0.30530663750000003 0.61553999375 0.3127251953125 0.617193065625 0.3165795546875 0.613921234375 0.3185542390625 0.610101715625 0.31357602500000004 0.608946609375 0.30995364062499997 0.609001890625 0.30984522187499997 0.605768759375 0.3027970921875 0.602406459375 0.300459071875 0.60192034375 0.29730096875 0.5988626859374999 0.2998470546875 0.596929909375 0.30319803125 0.59351704375 0.3042219140625 0.5881248171875 0.3002315109375 0.5790978499999999 0.3028154453125 0.572423784375 0.29793782343749997 0.56542571875 0.2917559390625 0.5642319921875 0.28402489375 0.5589449828124999 0.280212459375 0.5498805250000001 0.28135751249999996 0.544680659375 0.2811336140625 0.540408396875 0.2842445609375 0.533609703125 0.280331734375 0.5272870703125 0.277991515625 0.5215642046875 0.2757533375 0.5152805421875 0.2713408734375 0.51079908125 0.2736620078125 0.5041559984374999 0.27817835468749996 0.4939306171875 0.2819521703125 0.48762916250000005 0.2808249578125 0.482063340625 0.2667295578125 0.47260839218750006 0.2612659515625 0.478641665625 0.2599670453125 0.48326441875 0.2584260734375 0.48589554843749994 0.24959042343750001 0.488550671875 0.24364944687499998 0.48717690312500006 0.240581834375 0.4826812875 0.23624304375 0.46933538593749996 0.23196097187500003 0.45868395624999997 0.23046418124999998 0.44770818749999997 0.22901588125 0.432880853125 0.23012335312499999 0.41797746875 0.23396635312499997 0.40526360468749995 0.2387515578125 0.400616171875 0.2515233640625 0.4064604453125 0.25367656875 0.406017459375 0.2464425484375 0.3973466765625 0.2381669375 0.388774290625 0.239161475 0.3801948578125 0.24309205 0.363658671875 0.24523995156249997 0.3560686703125 0.2503368453125 0.34539666874999997 0.2498924078125 0.339812275 0.24272972343750002 0.331278571875 0.2354728609375 0.3256052796875 0.2342722484375 0.2993524484375 0.22338902656249998 0.28431392187500004 0.22526766406249998 0.2637640015625 0.227550684375 0.2564235203125 0.2284071328125 0.24876194687500003 0.22494892812499998 0.252427646875 0.21906082656249998 0.2533167125 0.21346242656249997 0.25286690625 0.20937238125 0.2513132078125 0.20715220781250002 0.24788094843750003 0.205187721875 0.24538659375 0.201224728125 0.234971915625 0.19827024843750002 0.22621610312499998 0.19620796406250002 0.2159443328125 0.19466376875 0.2094678375 0.1935705796875 0.2008491765625 0.19136162343750002 0.192048034375 0.19388611718749998 0.1834635234375 0.19374016875 0.1772751796875 0.194473325 0.16899264687499999 0.199099578125 0.15975974843750002 0.209497559375 0.1599564546875 0.2132257359375 0.1623974953125 0.21195099218750002 0.1536882125 0.20714838906250002 0.1498233265625 0.2122940421875 0.119003975 0.20168583125 0.1125268515625 0.1935131125 0.10803748906249999 0.1939802515625 0.0796021953125 0.185951025 0.0783284796875 0.18953231406249998 0.05450058125 0.16606064062499998 0.016814846875 0.1624593328125 0.017003584375 0.1658870109375 0.07100288437499999 0.1693737765625 0.08176483749999999 0.1690813296875 0.086574234375 0.1753816078125 0.166635475 0.17336304062500002 0.1731703859375 0.1746047125 0.181397928125 0.17817626875 0.1864632609375 0.1790023859375 0.1907023984375
0 0.34675031875 0.7735218828125 0.3404710265625 0.7749477828125 0.340548303125 0.7764223218749999 0.3396893296875 0.78105018125 0.3345042640625 0.785710746875 0.330064634375 0.8017588421875 0.3313412796875 0.8015777171874999 0.33265565625 0.8041765515625 0.3375554078125 0.805118284375 0.33984651875 0.8038435046875 0.34518390625 0.8036717453125 0.3488605375 0.8063533125 0.3520722765625 0.8101059906250001 0.35555455 0.8159755375 0.35544627968750003 0.8139096218749999 0.3548528390625 0.8025860984375001 0.355372015625 0.7956243875 0.3549794953125 0.788134665625 0.3560358828125 0.7831835296875 0.357083490625 0.774153828125 0.3540960125 0.7734263703125001 0.34675031875 0.7735218828125
0 0.36736857968750003 0.73081709375 0.36755330937499997 0.73434194375 0.37611505156249997 0.735118359375 0.3808997828125 0.7333279921875 0.379799390625 0.73122958125 0.37207617656249997 0.7206583578125 0.3685855453125 0.717644725 0.35737487031250004 0.7255563515625 0.3534705640625 0.7277856171875 0.3647797296875 0.7282318531249999 0.36736857968750003 0.73081709375
0 0.25168701875 0.7498427859375 0.24689486875000002 0.7462370828125 0.24456814062499999 0.74593656875 0.24418448750000002 0.75022971875 0.2488225875 0.753045525 0.25168701875 0.7498427859375
0 0.2294677046875 0.7081985828125 0.2288652984375 0.7131243609375 0.232925934375 0.719132578125 0.23411455937499998 0.71998873125 0.23839510156250002 0.7201915453125001 0.239400590625 0.7151648453125 0.236144609375 0.70800043125 0.23295700937500002 0.7016929890625 0.2294677046875 0.7081985828125
0 0.248685109375 0.6279562890625 0.2434199859375 0.632193903125 0.2406836203125 0.63449651875 0.238029425 0.636217475 0.2435287671875 0.6389568531250001 0.25239289375 0.6341879671874999 0.2507237296875 0.630551590625 0.248685109375 0.6279562890625
0 0.1412733390625 0.47962606875 0.14633875937500002 0.48265417812500006 0.15517614062500001 0.48107700312499996 0.1578071078125 0.47965924062500004 0.15892986874999998 0.4768403671875 0.158187384375 0.47357005625 0.1519505046875 0.47004319843750003 0.147387165625 0.4682060703125 0.1419349546875 0.468814125 0.135622725 0.47026835 0.1412733390625 0.47962606875
0 0.166769075 0.490938478125 0.16571820312500002 0.48515742812499996 0.166350171875 0.480974871875 0.1675805625 0.48050827656250006 0.163522384375 0.4774727546875 0.16069919375 0.47802908437499997 0.16284453125 0.48818384843749996 0.1644898546875 0.49339550625 0.166769075 0.490938478125
0 0.206690615625 0.1970072609375 0.2067543046875 0.2074776515625 0.209980825 0.21491585781250003 0.2120324921875 0.2216114078125 0.21416525156250002 0.22851080625 0.216714315625 0.233471696875 0.21749286875 0.2359374546875 0.2192493453125 0.2387618984375 0.22184452187499998 0.23985570156249997 0.22520227187500003 0.23994571874999998 0.256793284375 0.23906616718749998 0.2608896484375 0.2376952140625 0.2626973375 0.2358840625 0.26542076875 0.23118508906250002 0.2659106171875 0.2216933203125 0.26297589375 0.22486845 0.2586588046875 0.219519871875 0.257203971875 0.21409169687500001 0.254319375 0.2020417765625 0.2565141078125 0.188836940625 0.2595044375 0.185618215625 0.2567333484375 0.179764596875 0.25200537968750003 0.17338298125 0.238903909375 0.17316054218750002 0.219311559375 0.1737899140625 0.20942881562500001 0.17581146875 0.20705903593750002 0.18773621093749998 0.206690615625 0.1970072609375
0 0.30824026875 0.57236791875 0.3105757546875 0.586419634375 0.31484217187499997 0.5943540953124999 0.3176473796875 0.59930625625 0.3211217484375 0.60269625625 0.32746794375 0.5977104140625 0.33011126874999996 0.5957522015625 0.3285719046875 0.5893380374999999 0.32767943125 0.586579403125 0.3278882640625 0.5803536921875 0.326787546875 0.5775027046875 0.3326607359375 0.577194903125 0.3367074234375 0.57284590625 0.33139436093749997 0.5696305015625 0.32345910624999996 0.565671625 0.318843846875 0.5628139390625 0.313783490625 0.5613752437499999 0.31571353750000003 0.5507628140625 0.32015031562499996 0.5467516765625 0.314889346875 0.5415746078125 0.3087730109375 0.5403179890625001 0.303131671875 0.550483415625 0.303311409375 0.5612872531249999 0.3040664140625 0.5662295125 0.30824026875 0.57236791875