0 0.44353151874999996 0.7188227328125001 0.44614740625 0.7193160578125 0.45276591718750003 0.717617325 0.4570054296875 0.7172522234375001 0.46040786875000006 0.7168541328125 0.4637232671875 0.71528113125 0.4654761875 0.71126423125 0.46597875 0.7075888171875 0.4613759625 0.7038764203125 0.4573101609375 0.701647028125 0.4520191890625 0.6986824171875 0.44480766718750003 0.6962920765625 0.441265196875 0.697633825 0.4401455921875 0.7009615874999999 0.4412745359375 0.7044958296875 0.4430954 0.7060807812500001 0.44192783437500005 0.7097004421875 0.44105631093750003 0.71319410625 0.44096430781249996 0.715833321875 0.44353151874999996 0.7188227328125001
0 0.47421824843750005 0.7101091984375001 0.47354977187499997 0.7129266328125 0.4744124765625 0.715765171875 0.47600325468750004 0.71666921875 0.48055934687499996 0.7162368421875 0.48300148125 0.712807703125 0.48304442812500004 0.70923009375 0.48017238124999995 0.7076462078125 0.47868855468750005 0.70711475625 0.47539386562499997 0.7082814468749999 0.47421824843750005 0.7101091984375001
0 0.4959600234375 0.7364699906250001 0.499999125 0.7358591578125 0.49833084375 0.7325384578125 0.49434897187500004 0.7335465109375 0.4959600234375 0.7364699906250001
0 0.42871880156250003 0.7059256046875 0.43152440312499996 0.7067515203125 0.4331667640625 0.7085549484375 0.4319358390625 0.7097280203125 0.42992516406250003 0.7113391734375 0.432174990625 0.713446828125 0.438000240625 0.7120904890624999 0.43808729375000005 0.7112622390625 0.4399263125 0.708668384375 0.4412211265625 0.7075900093749999 0.442152675 0.7040633765625001 0.4399357234375 0.701418715625 0.43624127812499996 0.7016054390625001 0.43381860312500004 0.7034293796875 0.42823540156249995 0.702482778125 0.42728432187500004 0.7045509437499999 0.42871880156250003 0.7059256046875
0 0.61063396875 0.7954061015625 0.6177451046875 0.79757065 0.6237727875 0.7973526453125 0.62824604375 0.7954362921875 0.6317022078125001 0.7949904296875 0.6438532343750001 0.7917757609375 0.645468275 0.7899077828125 0.6482335859374999 0.7857207749999999 0.648962703125 0.7831485218750001 0.6485898015625 0.7797455890625 0.646698428125 0.776021234375 0.6441610046874999 0.7731370765625 0.642473396875 0.7722574171875001 0.6432478781250001 0.7700308625 0.64274283125 0.7667491562500001 0.6420414890624999 0.7649613640624999 0.640875425 0.7630508875 0.63860451875 0.7595144515625 0.637488634375 0.75788890625 0.63293634375 0.7564913437499999 0.6296858624999999 0.7553390125 0.626958271875 0.7533822453125001 0.6263351203124999 0.75110463125 0.624475809375 0.7494669328125 0.615621346875 0.7468033609375 0.615305896875 0.74677020625 0.606886359375 0.747173584375 0.602043125 0.7486786984375 0.5971434828125 0.7498086749999999 0.5888289999999999 0.7536072578125 0.5850895703125001 0.7584522984375 0.5832006468750001 0.764585325 0.5831944859375 0.773777221875 0.58134980625 0.7762605046875 0.5812650421875001 0.7791597140625 0.5840641078125001 0.78315700625 0.5874937921875001 0.7864758734375 0.59156364375 0.7895038140625 0.5982265359375 0.7923156796875 0.60271015 0.7933352421875 0.61063396875 0.7954061015625
0 0.602275571875 1 0.6120694624999999 0.9947136046875 0.6141079421875 0.99412345 0.6174334531250001 0.9871626156250001 0.617694284375 0.9846809734375 0.61741303125 0.9800323593750001 0.6142535 0.9726632921875 0.6095516265625001 0.967113284375 0.6051125515625 0.9617087296875001 0.6022895203124999 0.9592548875 0.5936467624999999 0.9558327265625 0.5873740359374999 0.9538678468749999 0.5821227343750001 0.953022115625 0.5767298453125 0.9510271640625 0.5725425984375 0.9483089625 0.5661179453125 0.9465339296874999 0.56036015 0.9482948468749999 0.552877271875 0.9506238703125 0.546284484375 0.9531092890625 0.539729190625 0.9558358859375 0.5379005328125 0.9598259718750001 0.537207384375 0.9680202828125 0.5366517390625 0.9758331265625 0.5383817875 0.9855170140625 0.5393155515625 0.9908783640625 0.5422927453125 0.9948849515625 0.5504886156250001 1 0.602275571875 1
0 0.470949471875 0.9817540546875 0.47129519999999997 0.9839805140625 0.4728605609375 0.9849918671875001 0.47402349531250004 0.9846898984375001 0.4761687765625 0.9840402703125 0.475797396875 0.9814748968749999 0.473973834375 0.9799006578125 0.47295860312500004 0.9802024406250001 0.470949471875 0.9817540546875
0 0.584326396875 0.89088865 0.584494921875 0.8854734765625001 0.5800185812499999 0.88701558125 0.578213584375 0.88752186875 0.5798145203125 0.8916477515624999 0.584326396875 0.89088865
0 0.4207513140625 0.8604926359375 0.4222406796875 0.8614048765625 0.42551602656250004 0.8604969578125001 0.42723064062500005 0.8578460359375001 0.42891736874999997 0.85625268125 0.4241687515625 0.8504149609375 0.42143165312499997 0.846769825 0.414311228125 0.8427503937499999 0.400663534375 0.8412656890625 0.396696571875 0.8419076703125 0.396961696875 0.8500880078125 0.40218678125 0.8558469765625001 0.40829742187500007 0.8573659078125001 0.4090126265625 0.8573326734375 0.4170449453125 0.858176903125 0.4207513140625 0.8604926359375
0 0.3499335625 0.8601947828125001 0.35442619375 0.8577054421874999 0.35241933125 0.8549603171875001 0.3488953984375 0.857157125 0.3499335625 0.8601947828125001
0 0.338843015625 0.8601210390625 0.339382559375 0.8591282484375 0.3377279328125 0.8568286328125 0.337007053125 0.8550922046875 0.3347142234375 0.858819834375 0.338843015625 0.8601210390625
0 0.3938240328125 0.8111797015625 0.3927322671875 0.811581846875 0.391120471875 0.8127761609374999 0.3910332578125 0.8151755015625 0.39468958125000003 0.8154561031249999 0.395143721875 0.8122563578124999 0.3938240328125 0.8111797015625
0 0.271661065625 0.6915501640625 0.2714895234375 0.6933766140625 0.2737791859375 0.693446015625 0.27430583125 0.6926058375 0.274014015625 0.6910024890625001 0.271661065625 0.6915501640625
0 0.30590546875 0.627851040625 0.3047600359375 0.6312750671875 0.30588197500000003 0.6344723578125 0.30870130625000003 0.6373201578125001 0.3108375 0.6397316609375 0.312942765625 0.6441415046875 0.31738079531249996 0.6439355265625 0.318748509375 0.6430454906249999 0.3180720078125 0.6411110546875001 0.3178511890625 0.6400729109375 0.3186264109375 0.637884140625 0.3186266015625 0.6364921609375 0.3171341078125 0.6344138296875 0.31725602343750003 0.6326858578125 0.3172957375 0.6309178234374999 0.3146642796875 0.6281510421875 0.3124410765625 0.6273596312499999 0.30793645937499997 0.62643526875 0.30590546875 0.627851040625
0 0.3845379921875 0.6347252218749999 0.3856848671875 0.6368332140625 0.388951803125 0.634973890625 0.3875721640625 0.63283829375 0.3845379921875 0.6347252218749999
0 0.33249235625 0.6422700531250001 0.3330190796875 0.640367815625 0.33025675625 0.639623434375 0.3298311828125 0.64089215 0.33249235625 0.6422700531250001
0 0.6406328421875 0.5829624234375 0.634766503125 0.5726615453125 0.6336880828125 0.5783628640625 0.6292706109374999 0.5824092171874999 0.63209776875 0.5866624093749999 0.6406328421875 0.5829624234375
0 0.576480446875 0.55691711875 0.5807642390625001 0.555727128125 0.579004890625 0.5516285859375001 0.577147559375 0.5537538984375 0.576480446875 0.55691711875
0 0.3501814328125 0.2955195296875 0.34955641875 0.298043021875 0.3507442859375 0.3007774796875 0.3539550109375 0.30136631875000003 0.3570703796875 0.2993795171875 0.3586478703125 0.297435321875 0.3628223359375 0.29637366875 0.3641341640625 0.29478961406250004 0.36395292968750004 0.2927171296875 0.3609757421875 0.29135628593749996 0.3582718859375 0.29107209843750004 0.3562770703125 0.291082390625 0.3526046859375 0.2926885703125 0.35198105156250004 0.2930613625 0.3501814328125 0.2955195296875
0 0.318498278125 0.2415590125 0.3189338 0.24530788593750003 0.31947011718749996 0.2477240578125 0.320922940625 0.24820668750000002 0.32292785 0.2484142703125 0.32578894062499997 0.2458571390625 0.326213178125 0.24180585312499997 0.3217584953125 0.23909096562499998 0.3199691390625 0.2386860828125 0.318498278125 0.2415590125
0 0.670586365625 0.2885713390625 0.670271846875 0.2871839890625 0.6692729984375 0.2855660296875 0.6648402828125 0.285243103125 0.6630701234374999 0.28780963125 0.66405115625 0.29055377187500003 0.66626129375 0.2909463203125 0.6700637656249999 0.2891338578125 0.670586365625 0.2885713390625
0 0.6891160765625 0.3146699421875 0.6880564515625001 0.31351064375000004 0.685546609375 0.314400040625 0.686084325 0.31583127499999997 0.6882147453125 0.3163694125 0.6891160765625 0.3146699421875
0 0.6818774125 0.29881550625000003 0.6805973468750001 0.2979896796875 0.6775826890625 0.2986296296875 0.67750200625 0.29939727656250004 0.6809998203125 0.3006478734375 0.6818774125 0.29881550625000003
0 0.527005059375 0.1018495 0.5259621484375 0.10504549375000001 0.5272547109375 0.10681372812500001 0.529698009375 0.107678546875 0.5317881421874999 0.10686601093749999 0.5322007328125 0.104689403125 0.5295776046875 0.1023665484375 0.527005059375 0.1018495
0 0.6901994921875 0.089961590625 0.6906514203125 0.09193997968749999 0.6916134656249999 0.09407253593750001 0.6926768515624999 0.09470276718750001 0.693813284375 0.094383871875 0.6978512140625 0.0936048078125 0.7010044468750001 0.092124740625 0.6993016390625 0.0897603578125 0.69529944375 0.0884206140625 0.69255655625 0.0874913125 0.6903893609375 0.088170059375 0.6901994921875 0.089961590625
0 0.6841066609374999 0.0857170890625 0.6866785906249999 0.085432809375 0.6888107453125001 0.0845194265625 0.6896616328125 0.08344938125 0.6892017890625 0.0800215984375 0.685405296875 0.078249425 0.681993659375 0.0773598125 0.6792779703125 0.079325778125 0.6786380203125 0.0809898765625 0.6814867312499999 0.08448491875 0.6841066609374999 0.0857170890625
0 0.3240676453125 0.0649942421875 0.3312338984375 0.0640035171875 0.33449188125 0.0629319484375 0.3380520625 0.05928410625 0.3400961703125 0.0533936296875 0.335847840625 0.0465778453125 0.334014890625 0.0409523078125 0.3338867765625 0.040183140625 0.330447965625 0.038117056249999996 0.3268649859375 0.0387679734375 0.32385454999999996 0.03817190625 0.3180494578125 0.038215346875 0.31372651875 0.03906029375 0.30872747968750003 0.040538034375 0.30312986249999996 0.0430919140625 0.294626221875 0.045401632812499995 0.292547765625 0.0471344921875 0.2904804671875 0.049613229687499996 0.288524546875 0.055128053125 0.289894728125 0.0595360484375 0.292292190625 0.0622421 0.29614466093749997 0.0637357890625 0.3057923734375 0.06495090625 0.3091328875 0.0649925 0.3178735046875 0.0655702453125 0.3240676453125 0.0649942421875
0 0.2683952609375 0.09339767812500001 0.2720257953125 0.0955828921875 0.27579699375 0.095652471875 0.2796553828125 0.09369663125 0.279364753125 0.0913047109375 0.2794190078125 0.0883818703125 0.27559625 0.0849761265625 0.2709341515625 0.082724909375 0.267893746875 0.07981302500000001 0.26627041406249996 0.0778434875 0.2646294453125 0.07450209375 0.26240848906249997 0.0724037578125 0.2620300125 0.0699507578125 0.259183728125 0.067852684375 0.25369592343749997 0.0712900703125 0.25132315625 0.07376026875 0.2522279265625 0.078336159375 0.256299678125 0.0814805609375 0.261744146875 0.08539139999999999 0.2653433875 0.088816071875 0.2683952609375 0.09339767812500001
0 0.2416000171875 0.0698097828125 0.2454091734375 0.070459946875 0.2511072015625 0.069850653125 0.252197653125 0.0694012359375 0.252091740625 0.0678378515625 0.254446753125 0.06688190468750001 0.25509977500000003 0.065646521875 0.2523913765625 0.0629989140625 0.2503119921875 0.061437065624999995 0.2483883796875 0.058647271875 0.24845011718749999 0.0580598828125 0.2487106625 0.0548036546875 0.24730529687499997 0.0528978765625 0.24527760468749998 0.051352459375000006 0.24258775625 0.050695820312499994 0.2384966671875 0.051472440625000004 0.2359417609375 0.0534034578125 0.23433418281249999 0.0564411234375 0.23485977343750003 0.0608577578125 0.23781129375 0.065945709375 0.2416000171875 0.0698097828125
0 0.35053375625 0 0.3490981578125 0.0023801359375 0.3499292671875 0.0045177828125 0.353573928125 0.0039676156249999995 0.35950650156249997 0 0.35053375625 0
0 0.251159103125 0.0217771015625 0.24617621406249998 0.0224584171875 0.245571728125 0.0234113890625 0.246943565625 0.025337209375000003 0.2484398703125 0.026168482812499998 0.2536526765625 0.0250934171875 0.252752065625 0.0225258375 0.251159103125 0.0217771015625
0 0.329049109375 0.025072815625 0.3266539640625 0.025140009375 0.3271814703125 0.02717661875 0.328029503125 0.0282414078125 0.330671996875 0.029408390625000003 0.3309851234375 0.025592090625 0.329049109375 0.025072815625
0 0.0986463515625 0.11997781874999999 0.095818365625 0.12346066874999999 0.0977795125 0.128823165625 0.10323018125000001 0.12950603125 0.10553658749999999 0.1289079015625 0.10771313281249999 0.1268397078125 0.10828111874999999 0.12520261093750001 0.10859356093750001 0.122229921875 0.107726428125 0.12088346875 0.101587415625 0.11941025937500001 0.0986463515625 0.11997781874999999
0 0.049477303125 0.069016896875 0.05890759062499999 0.07206149687499999 0.0666544375 0.0742017375 0.068732275 0.0737304109375 0.070710234375 0.0726248578125 0.07837340468750001 0.0710469203125 0.082798271875 0.06722915625 0.0854439234375 0.0635228984375 0.08496994218750001 0.06067808125 0.083078159375 0.0569426859375 0.08303954531249999 0.053752423437499995 0.0796799609375 0.049975874999999996 0.0762842984375 0.046138975 0.07354074375 0.0440799796875 0.0666742296875 0.0424580359375 0.06475326406250001 0.040898696875 0.05804508125 0.0408048 0.0514363828125 0.0456090703125 0.048547023437499996 0.0509613703125 0.04703349375 0.053971214062499995 0.046132125 0.060110628124999996 0.04729581875 0.0635982484375 0.049477303125 0.069016896875
0 0.130722565625 0.0121226671875 0.1316761234375 0.011256659375 0.133667653125 0.0101116828125 0.13568631874999998 0.0083348328125 0.1333775296875 0.00678815 0.1260659703125 0.011059784375 0.1263768890625 0.0119282921875 0.127728421875 0.0137184359375 0.12847993124999998 0.013638740625000001 0.130722565625 0.0121226671875
0 0.11083975937499999 0.00239575 0.110409590625 0.004081896874999999 0.1125332953125 0.005610696875 0.11485799062499999 0.0058550328125 0.1178084609375 0.0053026015625 0.11797292968749999 0.003737784375 0.11594876875 0.00124693125 0.11437075000000001 0.0008642624999999999 0.11183951562500001 0.0014638984375000001 0.11083975937499999 0.00239575
0 0.901505728125 0.2340587984375 0.9017764859374999 0.23749184375 0.90363315625 0.2394984734375 0.9061454078125 0.24040981874999998 0.9081554593750001 0.24003034687499997 0.9097538234375 0.23872464375 0.9106675187500001 0.2355622015625 0.9102539640625 0.23368211093750002 0.9065491531250001 0.2319195734375 0.90420774375 0.23147552187499998 0.901505728125 0.2340587984375
0 0.7755222140625 0.33165111875000003 0.7751250375 0.33302336875 0.7759088828125 0.33469885625 0.7770055453125 0.335789778125 0.7793544078125 0.335774278125 0.779970853125 0.3339003234375 0.7790650390625 0.331531728125 0.777507025 0.330943775 0.7755222140625 0.33165111875000003
0 0.9392353203124999 0.35873089375 0.9365349999999999 0.3575311234375 0.93468891875 0.3573370921875 0.9326286187499999 0.3580302171875 0.9328145093750001 0.36007334062499996 0.933662984375 0.3608349515625 0.93705225 0.3609209484375 0.9390510265625001 0.36009566875 0.9392353203124999 0.35873089375
0 0.9151779375 0.48256647187499996 0.914523546875 0.48133350156250004 0.9095891609375 0.482569803125 0.9093504625 0.48380945625000005 0.910719434375 0.48519451562500004 0.9146805812500001 0.485549575 0.9152159015624999 0.484223265625 0.9151779375 0.48256647187499996
0 0.9035640578124999 0.5241694578125 0.9072184562500001 0.5210452703125 0.9079378218749999 0.5193879484374999 0.9051909531250001 0.51863105 0.902804934375 0.5216010390625 0.9035640578124999 0.5241694578125
0 0.8623767453125 0.6132522171875 0.8631216 0.61298171875 0.864172496875 0.61220606875 0.8640153140625 0.610696996875 0.8606670015625 0.609952296875 0.8581487578125 0.61358239375 0.860474209375 0.6134308890625 0.8623767453125 0.6132522171875
0 0.928861990625 0.62222911875 0.9283947703125 0.6238940890625 0.9294575453125 0.6258455578125 0.9298408468750001 0.626204778125 0.9312417359375 0.626688234375 0.9341023453125 0.623672290625 0.931717790625 0.61930379375 0.928861990625 0.62222911875
0 0.9046863671875001 0.6400418453125 0.90436786875 0.6372573625 0.90073164375 0.6378916859375 0.901575715625 0.6397714624999999 0.9046863671875001 0.6400418453125
0 0.8260239421875 0.7192093203125001 0.8278605296875 0.717281359375 0.8271589625000001 0.7140606953125 0.8212718203125 0.7134497875 0.8180769359375001 0.7179121515625 0.8165679609375 0.7218054359375 0.817519715625 0.7224663546875 0.81888575 0.7223397 0.8231164718749999 0.722237621875 0.8260239421875 0.7192093203125001
0 0.7407459625 0.6888037796875001 0.740711996875 0.691249565625 0.7418889515625 0.6927275625 0.7425710624999999 0.6933978468750001 0.7432244781249999 0.6931004546875 0.747719115625 0.69089098125 0.7488966515625 0.689822275 0.7471964328125 0.6878069515624999 0.7445194421875 0.6877753953125 0.7407459625 0.6888037796875001
0 0.7784209796875 0.6837674265625 0.7779133218750001 0.6841728328125 0.774375696875 0.6856329234375 0.7757993234375 0.6882020578125 0.7776810656250001 0.6884155484375001 0.781699346875 0.6849085484375 0.7784209796875 0.6837674265625
0 0.7490180468750001 0.5838513203125 0.7456513984375001 0.5871675765625 0.750399728125 0.5880452828125 0.7490180468750001 0.5838513203125
0 0.7602242765625 0.8224720671875 0.7578695515625 0.8268184906249999 0.7623077312500001 0.8259982265625 0.762642684375 0.8242015203124999 0.7602242765625 0.8224720671875
0 0.7785985359375001 0.84819611875 0.7762645171875 0.8469044468750001 0.7742109968750001 0.8465016515625001 0.773426015625 0.8485291421875001 0.7746086453125 0.8507304453125 0.7777414 0.8532121265624999 0.780286528125 0.8499540671875 0.7785985359375001 0.84819611875
0 0.7475165203125 0.93587435 0.74432455 0.9312953 0.74136878125 0.9335125468750001 0.7436092703125 0.9355296671875 0.7475165203125 0.93587435
0 0.0478144 0.8335578734375 0.0470646578125 0.8365505859375 0.045453845312500005 0.839828290625 0.046768895312499996 0.8421000718749999 0.0484896546875 0.8431576078124999 0.053702771875 0.8456222796875 0.055565975000000004 0.84652039375 0.059147021875000004 0.8455440546874999 0.0602925296875 0.8425976515625001 0.05917021875 0.8401513125 0.057030904687499995 0.8392194640625 0.0557374640625 0.8370709296875001 0.055546584375 0.8339840671875001 0.05475242500000001 0.8322572203125 0.0497213171875 0.8310654218750001 0.0478144 0.8335578734375
0 0.110447509375 0.6433644796875 0.1090916296875 0.645143434375 0.11038188906249999 0.648383553125 0.1118281328125 0.6491530046875 0.11526044843750001 0.647887659375 0.11437578281250001 0.6437333671875 0.110447509375 0.6433644796875
0 0.0048658203125 0.5108962640625 0.0033701390625000003 0.5129888859375 0.003463665625 0.5148494796875001 0.0062757062500000006 0.5160625624999999 0.0085557890625 0.515535509375 0.0118110515625 0.5148485765624999 0.0138371875 0.5137779375 0.0151023546875 0.5113971421875 0.0164062671875 0.5088868734374999 0.0163718578125 0.5064339015625 0.0147762296875 0.5038121249999999 0.010655790625 0.502580928125 0.00817311875 0.5040937671875 0.0063029796875 0.50746205 0.0048658203125 0.5108962640625
0 0.139955140625 0.419211559375 0.1382052328125 0.42158539843750004 0.1385518796875 0.42341446562499996 0.1393915828125 0.4245585046875 0.1408682421875 0.4258009140625 0.1450907171875 0.42369952031249997 0.14586537500000002 0.4220841453125 0.145627 0.42018161875000004 0.14421015937499998 0.41863913124999996 0.1417152265625 0.418639278125 0.139955140625 0.419211559375
0 0.046764703125 0.35287429062500003 0.04642976875 0.35479040156249997 0.046273353125 0.356084265625 0.0472720765625 0.3568962328125 0.0508539453125 0.3569883328125 0.05209458593750001 0.355707875 0.051670115625 0.3525414734375 0.050989120312500004 0.35220437968749996 0.047571109375 0.352391878125 0.046764703125 0.35287429062500003
0 0.19266315625 0.30761910625 0.1922219640625 0.3094250703125 0.19269081562499998 0.3103306015625 0.1924714703125 0.31241754374999997 0.1921604125 0.314315740625 0.19650086718749998 0.31406651406249997 0.199009084375 0.31325235937499996 0.20006342031250002 0.3119806 0.1995292546875 0.310246515625 0.1990405046875 0.3097096734375 0.1991090265625 0.308056215625 0.1991290359375 0.3068344265625 0.1970325671875 0.305330484375 0.1966130046875 0.3052863875 0.1935586359375 0.306677865625 0.19266315625 0.30761910625