0 0.7491608046875 0.552803909375 0.7428032640625 0.5501959953125 0.7303549609375 0.5450818484375 0.7218975249999999 0.5416090828125 0.7220459499999999 0.5424178875 0.72010634375 0.5419700953125 0.7202344421875 0.547229009375 0.7282092234374999 0.5547164078125 0.7381844906249999 0.559123303125 0.7520694109375 0.563258978125 0.764026871875 0.5660676828125 0.7700233640625 0.5672596515625 0.754760953125 0.5568100968749999 0.7491608046875 0.552803909375
0 0.431351696875 0.5496904296875 0.4228792 0.548213875 0.423565846875 0.5431558890625 0.4205902390625 0.542805671875 0.4180907828125 0.540344396875 0.4116376671875 0.535344296875 0.4019686046875 0.5277287328125 0.3908305078125 0.5195928078125001 0.3781791390625 0.5143580140624999 0.3699845140625 0.5133032156249999 0.3632899609375 0.5127454734375 0.35569700625 0.5086191734375001 0.351100109375 0.506581303125 0.3249637171875 0.49897250625 0.303832190625 0.4990041328125 0.27609560625 0.49825012187500006 0.2649833875 0.5013934796874999 0.262223453125 0.5090693625 0.2637423765625 0.5170627921875 0.2661992546875 0.5252166390624999 0.269423734375 0.531761290625 0.2743695265625 0.53741404375 0.27842880000000003 0.5414333203125 0.2909097359375 0.5470104234375001 0.29789841250000004 0.5520315375 0.303527784375 0.5578629546875 0.312538709375 0.5650090624999999 0.3225592328125 0.5701368015625 0.34644500625 0.5755887265624999 0.35938821718749997 0.5759197359375 0.373656328125 0.5738946484375 0.39371441875 0.5735045515625 0.398201071875 0.573470775 0.4108306453125 0.5701036359375 0.41869809062499996 0.5645321937500001 0.4307463875 0.5615712687500001 0.43689500312499996 0.5553736890625001 0.43774416875 0.55196644375 0.431351696875 0.5496904296875
0 0.39220383281250004 0.3683071078125 0.400503328125 0.3750339984375 0.40343613749999996 0.37718800625000004 0.40872899062499995 0.3835462890625 0.41569955312499995 0.3881526984375 0.4554976671875 0.40216284375000005 0.4563014328125 0.4020501375 0.46074765781250004 0.406004803125 0.46971131718750003 0.4101396640625 0.48101186875 0.4106190203125 0.4904430859375 0.410617096875 0.49933270781249994 0.41248180625 0.5111360656249999 0.41383254062499997 0.51868319375 0.41083629374999997 0.5172873250000001 0.4044283703125 0.5135845828125001 0.397531159375 0.5048248375 0.3919712703125 0.500473053125 0.39001083593749997 0.487006425 0.38381328593749997 0.480276565625 0.3800883015625 0.4727607546875 0.3763293953125 0.45764460781249994 0.3709906078125 0.4491980375 0.3690405625 0.43312903125 0.36762068124999997 0.41788784999999995 0.36804683437499996 0.40857461875 0.36375910624999996 0.4039863640625 0.36446218125 0.3942196890625 0.364923865625 0.39220383281250004 0.3683071078125
0 0.4329879 0.4375178953125 0.43343719687500004 0.443247053125 0.43641399999999997 0.4433489875 0.44030439374999997 0.44239018750000003 0.444226825 0.44072999218750003 0.4351454125 0.4371676921875 0.4329879 0.4375178953125
0 0.684145490625 0.7123410078125 0.6845262953125 0.711643159375 0.6893082109375 0.7089273765625 0.687698609375 0.706251396875 0.6831308875000001 0.7028090953125 0.668714575 0.7003916718750001 0.665495203125 0.7043132937500001 0.6663961453125 0.7069956484375 0.66757936875 0.710552990625 0.6746667828125 0.7142226140625 0.6813102640625 0.7173840359375 0.6844003046875 0.7188639484375 0.689676640625 0.7215221203125 0.6911078515625 0.718233215625 0.684145490625 0.7123410078125
0 0.7427191734374999 0.71601289375 0.7382341234375 0.7151923203125 0.72462320625 0.7140304375000001 0.7220404125 0.71354159375 0.7184260203124999 0.7123880296875 0.713694334375 0.7164768671874999 0.7119692109375 0.7192954125 0.713557540625 0.7240014484375 0.71582068125 0.72750021875 0.719387803125 0.7306714234375 0.7242384609375 0.734228759375 0.7296752859375 0.73892848125 0.737501559375 0.7440098703125 0.7422858671875 0.7470002484375 0.74769579375 0.752538859375 0.7523093234375 0.75704690625 0.757930246875 0.7605671890625 0.7646704890625 0.7609687046875 0.7736282234375 0.75836386875 0.7778221609375 0.7538397859375 0.7748445953124999 0.7493999359375 0.7698821984374999 0.74471513125 0.766145484375 0.7404239453125 0.7648280625 0.7367185578125001 0.76712505 0.732721896875 0.7673215140625 0.72705041875 0.7640046234375 0.723087075 0.7572448171875 0.7190055921875 0.7505247125000001 0.717412440625 0.7427191734374999 0.71601289375
0 0.793151634375 0.746078303125 0.7988830499999999 0.744035546875 0.7973364875 0.73851650625 0.79044344375 0.7377557875 0.788404478125 0.73906505 0.7798260953125 0.7389848406249999 0.7770401109375 0.7397095171875 0.7752296703125 0.74189739375 0.77484275625 0.7452958984375 0.777466571875 0.7491842234375 0.7857686390625 0.7534549921875 0.790303121875 0.7541586890625 0.7930299984375 0.7518215781250001 0.7931041828125001 0.746283834375 0.793151634375 0.746078303125
0 0.8002888359375 0.7508450578125 0.8006479765625001 0.7551101609375 0.80376124375 0.7599068703125 0.81073923125 0.760292715625 0.8111218328125 0.7554195078125 0.8002888359375 0.7508450578125
0 0.7854888421874999 0.7884659421875 0.7865461140625001 0.7863591546875 0.778439628125 0.7845822375 0.7793540203125 0.7874633359375001 0.7854888421874999 0.7884659421875
0 0.8758177953124999 0.8886068265624999 0.8797386296875 0.8889956640625 0.8795763078125001 0.8865175093750001 0.8789465078124999 0.8848278421875 0.8778765 0.884135009375 0.8752535828125 0.8856398000000001 0.8758177953124999 0.8886068265624999
0 0.8019330421875001 0.608332653125 0.8047047468749999 0.6075100671875 0.8021817375 0.6051924890625 0.7989802984375001 0.603965884375 0.795435903125 0.60322456875 0.7975237015625 0.6069410375000001 0.8019330421875001 0.608332653125
0 0.015000023437500001 0.3794769328125 0.017394421875 0.380760965625 0.0241363953125 0.3801894953125 0.025969751562499997 0.378430259375 0.025491396875 0.3765847265625 0.0200460171875 0.3731723234375 0.017395603125 0.3731778125 0.0154627125 0.3760558328125 0.015000023437500001 0.3794769328125
0 0.0363487890625 0.403211103125 0.0382349484375 0.40036879843750006 0.035283796875 0.400239109375 0.0326778078125 0.402302653125 0.0245387453125 0.4057026546875 0.029444984375 0.406046378125 0.03215066875 0.4048846234375 0.0363487890625 0.403211103125
0 0.0931872 0.2771263578125 0.0979030140625 0.2761833265625 0.0984748296875 0.274269146875 0.096475975 0.2724526328125 0.09536974687500001 0.27210423125 0.089778815625 0.272211803125 0.083932259375 0.27069684843749997 0.07697224687500001 0.2684758234375 0.0760125359375 0.27302176093749997 0.07910599375 0.27550792031250004 0.08472470625 0.2776277484375 0.089222371875 0.27755321718750003 0.0931872 0.2771263578125
0 0.258518540625 0.1625451703125 0.25968164374999997 0.15836851406250002 0.2566440921875 0.150444625 0.25526659375 0.14794410468750002 0.25180966250000003 0.14740739687499999 0.2476263125 0.1539207859375 0.24735239375 0.15878861718749998 0.25115021875 0.16457242968750002 0.2552582546875 0.1668871125 0.258518540625 0.1625451703125
0 0.2271024390625 0.1370672765625 0.22745152656249998 0.1436264140625 0.226051715625 0.1517526109375 0.2231423671875 0.15542188125 0.23106325781249998 0.155634134375 0.23611100624999998 0.1506208265625 0.24293810468750002 0.14151219843750001 0.24306482968749998 0.136448421875 0.24282869687500003 0.1355263578125 0.24757502968749998 0.13633348750000002 0.24692628125 0.1244180984375 0.24417354218749998 0.12157442031250001 0.23687137187500001 0.12380136562499999 0.23472355312499998 0.1256724171875 0.2305804625 0.11379218437500001 0.22468794375 0.1041203296875 0.2178467859375 0.0995854890625 0.21092499999999997 0.09560131250000001 0.2045044625 0.0928842421875 0.1951579171875 0.0941517125 0.190543459375 0.0945376390625 0.1796007828125 0.0918621875 0.174363803125 0.0941249296875 0.1668488390625 0.09506476875 0.1602310703125 0.09619570625 0.15084739062500002 0.0963320828125 0.1494052265625 0.0990155046875 0.154825853125 0.10535517812499999 0.15844551406250001 0.10900035 0.16667429375 0.1017804390625 0.1766742703125 0.10122508593749999 0.1806041109375 0.1004774453125 0.19151023125 0.1008384796875 0.1945126796875 0.1009752 0.20692747968749997 0.1036922484375 0.2119504546875 0.1055654953125 0.21685190156249998 0.10828464687499999 0.21965848124999998 0.1114646828125 0.22295429218749999 0.11667236406249999 0.2250451296875 0.12170929531250001 0.22657763281249998 0.1260320125 0.22779364531250001 0.1321145765625 0.2271024390625 0.1370672765625
0 0.1214852578125 0.1217760421875 0.11986894687500001 0.1294160765625 0.12102510468750001 0.1293606734375 0.125419534375 0.1286705796875 0.130380875 0.12464278124999999 0.13253175156250002 0.115145715625 0.12927409375 0.11397508593750001 0.127530871875 0.114954934375 0.1214852578125 0.1217760421875
0 0.6161044343750001 0.6534892343750001 0.615635459375 0.6589935640625 0.6238332093750001 0.6616879625000001 0.627347090625 0.65688660625 0.6161044343750001 0.6534892343750001