0 0.5249724828125 0.5448901937499999 0.5195031734375 0.5478797656250001 0.518063034375 0.5535600484375001 0.520593165625 0.5634230687499999 0.530491875 0.5660338874999999 0.5343294953125 0.5695521 0.537301359375 0.5694999140625 0.5394702109375 0.5691067953125 0.5401632265625 0.566029171875 0.5397520765625 0.56092635 0.5429765703125 0.562915028125 0.547901684375 0.5659215375 0.5504211265625 0.5690761578125 0.553266803125 0.5721709171875 0.556082109375 0.5700979640625 0.556759096875 0.561770828125 0.558229921875 0.5644461265625 0.5628694359375 0.56943725 0.5676448781250001 0.57003814375 0.57219754375 0.567169696875 0.5750377484375 0.5671080374999999 0.5868616515625 0.5678552203125 0.59012214375 0.5617861703125 0.5918919375 0.5591884484375 0.601813984375 0.560005171875 0.6057901875 0.5645816921875 0.6072549296875 0.5662769187500001 0.6151591953125 0.5669327125 0.6232494703125 0.556931775 0.6179108828125 0.550770584375 0.619734571875 0.5404037484375 0.621745284375 0.533512190625 0.6215986328125 0.5317302859375 0.6106738234375 0.528658121875 0.604659290625 0.5304957078125 0.5921035406249999 0.5340423078125001 0.58045220625 0.5332672109375001 0.57756019375 0.53121845625 0.5624615937499999 0.53102965 0.556395134375 0.535902146875 0.5621373281250001 0.53719003125 0.5638003765625 0.53713195625 0.5738476109375 0.5396531609374999 0.5760942546875001 0.5496808625 0.5707207359375001 0.5593086359375 0.569268103125 0.5600644796875 0.562424084375 0.5502817484375 0.5567534140625 0.5460724 0.5532579906249999 0.5519057546874999 0.549116071875 0.555388365625 0.5454436359375 0.5476461890625 0.5422588953125 0.5399010546875 0.5369823828125 0.534084784375 0.5288940984375 0.5326364921875 0.52315865625 0.5366906874999999 0.527348078125 0.54208995625 0.5249724828125 0.5448901937499999
0 0.63353075 0.6064046624999999 0.6292877015625 0.608155371875 0.628153496875 0.6088516296875001 0.6277383890625 0.6110674656249999 0.6285642593749999 0.6133165765624999 0.634831803125 0.6145157609375 0.636859634375 0.609950021875 0.6362675203125 0.6080820484375 0.63353075 0.6064046624999999
0 0.65119356875 0.5636622015625 0.63888756875 0.5620485046875 0.6381109687500001 0.567433575 0.641631809375 0.570342159375 0.6586972515625 0.5758593203125 0.6656924265625 0.579628425 0.6733039234375 0.5769596 0.6748038671875001 0.5716039890625 0.67384093125 0.56659391875 0.670539321875 0.5616358109374999 0.6739366437500001 0.54806835625 0.6762959890625 0.5443102890625 0.6760783734375 0.5414364453125 0.6732301484375001 0.5406416125 0.6745043374999999 0.53473104375 0.676002559375 0.5290127734375 0.6765267484375 0.5260254718749999 0.674591959375 0.5198689328125 0.67109785 0.5219343203125 0.6654744734375 0.5303169296875 0.6553760109375 0.5364918734375 0.6559338421875001 0.544675828125 0.6658995734375 0.5414604453125 0.6664213921875 0.5436435640624999 0.6648725062499999 0.5472842124999999 0.661219709375 0.5535358140625 0.6539850859375 0.56099753125 0.65119356875 0.5636622015625
0 0.6776033984375001 0.5627665296875 0.676784965625 0.567177465625 0.6789490875 0.5709917625 0.680310296875 0.5717368984375 0.680968625 0.569501625 0.6816618828125 0.56661004375 0.6816303296874999 0.563288809375 0.6801194140625 0.561166809375 0.6782655203125 0.5619382296875 0.6776033984375001 0.5627665296875
0 0.40217141874999995 0.81048299375 0.4051149859375 0.8132022328125 0.4104879125 0.812556515625 0.413941025 0.8090932687500001 0.41272525781249997 0.8088417953124999 0.4152805046875 0.8055897 0.4145908859375 0.799810246875 0.4131353671875 0.794215446875 0.40672410625 0.7880948437499999 0.40128065468749996 0.791601015625 0.3996736625 0.79769675 0.3994950078125 0.8035049609374999 0.40217141874999995 0.81048299375
0 0.45804032499999997 0.7334456421875 0.4590668375 0.739649534375 0.46063458749999997 0.7408471125 0.46637002031249997 0.7375089781249999 0.4667017609375 0.7346519109375 0.46948200625 0.73157488125 0.47068723281249997 0.72570424375 0.46424180625 0.7222317578124999 0.461707665625 0.7217902421875 0.45706569375 0.7254591671874999 0.45804032499999997 0.7334456421875
0 0.6277863421875 0.8829048265624999 0.632526790625 0.876996725 0.6292657968750001 0.8749030078125 0.624171025 0.87845485 0.6205482140624999 0.882475921875 0.62395199375 0.8893300578125001 0.6277863421875 0.8829048265624999
0 0.6069404281249999 0.8907730687500001 0.602289325 0.89301644375 0.6017043703125 0.8966812781250001 0.6035718078125 0.8988049 0.605000059375 0.8986940499999999 0.6099716265625 0.8955092296875 0.6069404281249999 0.8907730687500001
0 0.3992490125 0.7672695968750001 0.3967961375 0.7695581578125 0.399917196875 0.7727933921875 0.40182017812500004 0.7732037921875 0.402892396875 0.7721204 0.4031089859375 0.7668612 0.400797225 0.7660273078125 0.3992490125 0.7672695968750001
0 0.6316723640624999 0.6079876718749999 0.6283794203124999 0.6090532421875 0.628376109375 0.6128087703125 0.6316449765625001 0.6141877171875 0.6338892828125 0.6130899734375 0.63619744375 0.6128358265625 0.636985425 0.6118061375 0.6375110078125 0.6076946640625 0.632833675 0.6072169859375001 0.6316723640624999 0.6079876718749999
0 0.5003145390625 0.5970278171875 0.499268896875 0.5994095109375001 0.50145598125 0.6015532375 0.50346183125 0.6001636390625 0.5042540078125 0.60010470625 0.5049732265625 0.595628440625 0.5020983015625 0.5936213015625 0.5003145390625 0.5970278171875
0 0.440667965625 0.5713938375 0.443684534375 0.57186071875 0.44749585312500006 0.5740884390625001 0.449267396875 0.5726601171875 0.4509975421875 0.5712551296874999 0.44799708281250006 0.559609 0.438463990625 0.560304625 0.43450348281249995 0.563296228125 0.42979666875 0.563004065625 0.43122328593750003 0.5687562203125001 0.4367158265625 0.5713567421875 0.440667965625 0.5713938375
0 0.5743323890625 0.3793745421875 0.5843729765625 0.3897194953125 0.5881125921875 0.3919981859375 0.5904497140625 0.392215190625 0.593229528125 0.3917225640625 0.592438653125 0.3778948671875 0.581032915625 0.37022887656250003 0.5792063953125 0.36735180624999997 0.579343678125 0.33479436875 0.5744210328125 0.3288140859375 0.5679369828125 0.3218627046875 0.56463595 0.32166685156249997 0.5562446671875 0.3264954578125 0.5575285328125 0.3397556046875 0.5608578203125 0.3536994703125 0.56573609375 0.3657068484375 0.5743323890625 0.3793745421875
0 0.591526721875 0.2556115765625 0.5823272171875 0.2630840609375 0.5763421265625001 0.2700628140625 0.5680527015625 0.28062885937500004 0.56099035625 0.299336728125 0.565444396875 0.29615121875 0.569073584375 0.2971032671875 0.573656528125 0.29205743906250003 0.5795557796875 0.2912166703125 0.5809751624999999 0.285971753125 0.582097459375 0.28193481249999996 0.5888508265625 0.2792271625 0.5906261234375 0.2741902609375 0.5979779062499999 0.26842705312500004 0.5992177265625 0.27245655 0.6012591609375 0.27289182031250003 0.6077407953125 0.2709988359375 0.6121516031249999 0.2673364203125 0.6140335015625 0.263247940625 0.61500793125 0.25600639687500004 0.617326353125 0.2538522984375 0.623398084375 0.25351831874999997 0.6246767 0.2573604109375 0.629830503125 0.255812415625 0.6333106921875 0.2539304375 0.6351198140625 0.2576523796875 0.641347446875 0.2603054046875 0.6491671953125 0.26458510625 0.6531276390625 0.2692028265625 0.6545552765625 0.27802869218750004 0.656440328125 0.28065669375 0.6627823609375 0.2800490515625 0.661261225 0.284842559375 0.667240834375 0.29216802343750004 0.6709267578125 0.295416365625 0.6720518515625 0.30318964843749996 0.6705786984375 0.3062679359375 0.6690245906250001 0.30917707031249997 0.6738759515625 0.3230552765625 0.6687586249999999 0.3269909546875 0.6704287390625 0.338283296875 0.671974515625 0.352641221875 0.667714546875 0.35350448125 0.6647638625 0.36405763750000003 0.6584243234375 0.3643337390625 0.6488141703125 0.3655089078125 0.64331398125 0.3741060984375 0.6433508109375 0.3875176703125 0.6482949703124999 0.38605516875 0.6568279125 0.3825521140625 0.6641845890625 0.37406363593749997 0.6688276703125 0.36653138125 0.67393526875 0.354392609375 0.67813221875 0.3463521765625 0.68159695625 0.336595628125 0.6837504187500001 0.3251510015625 0.684019415625 0.31906446875 0.6896059953125 0.31679155312499996 0.684064271875 0.3001122953125 0.680257340625 0.29621934687499996 0.6765876875 0.2949591484375 0.6726415 0.28551142500000004 0.6660453953125 0.27400805625 0.657591103125 0.2615861640625 0.6440500390625 0.25204980625 0.623564871875 0.24544507968749998 0.6052604781250001 0.24908611249999998 0.591526721875 0.2556115765625
0 0.61180945 0.1507585953125 0.6134523015625 0.1481074578125 0.6123658203125 0.142066696875 0.6160971078124999 0.1400774515625 0.62548205625 0.140467346875 0.6223546484375 0.1521382890625 0.6281476703125 0.15452350625 0.631721915625 0.154573796875 0.6378532031249999 0.15325901718749999 0.6453122875 0.1516430265625 0.6480097453125 0.1518365046875 0.650095078125 0.159438671875 0.6525258078125 0.159829078125 0.65517656875 0.15765555625 0.6573489625 0.1509616 0.6640056828125 0.139531696875 0.665917790625 0.13877075156250002 0.6767614546875 0.13741492500000002 0.679032475 0.1315305203125 0.6740510515625 0.1313886578125 0.66637925 0.1309874046875 0.6529799921875 0.13209320625 0.643083459375 0.13138034375000002 0.6288255875 0.133552696875 0.61797986875 0.1362375296875 0.605968646875 0.13491684843750001 0.56716151875 0.139553709375 0.4354516890625 0.1535697921875 0.4392763875 0.1562254296875 0.441973959375 0.15803395 0.4455185640625 0.15642958125 0.4516467234375 0.156457915625 0.45278295156250004 0.1579238421875 0.4546033203125 0.165818246875 0.456617296875 0.1686012171875 0.46103647812500004 0.168446896875 0.4627040625 0.16484744375 0.465307340625 0.1617171828125 0.46747415937500003 0.15889296718749998 0.468164665625 0.15574351250000001 0.4703686109375 0.156668721875 0.4727674859375 0.160310659375 0.4752696171875 0.162297984375 0.47741548125 0.159948225 0.48116326562499995 0.154804921875 0.4966999953125 0.154690753125 0.500342859375 0.15773578593749998 0.5034945546875 0.1586247734375 0.512898396875 0.15776480937499998 0.5176842390624999 0.158753075 0.5216962781250001 0.158222109375 0.5291413515625 0.1509218953125 0.53658188125 0.1473866328125 0.5517464125 0.1466428828125 0.5556471453125 0.1495507078125 0.5610794890624999 0.15253168749999998 0.5689845171875 0.1546868078125 0.5772905703125 0.1513574015625 0.580316734375 0.1437268296875 0.5897533593750001 0.1440742703125 0.59415251875 0.151942721875 0.6037960609375 0.1506491296875 0.61180945 0.1507585953125
0 0.4254141515625 0.1927846109375 0.42307218593749996 0.1902351046875 0.42661247187500007 0.1823286078125 0.434453803125 0.1756305578125 0.43806160624999996 0.16007642187499999 0.4342607640625 0.15582053906249999 0.433352184375 0.15357588125 0.39519337656250003 0.1563624265625 0.3936145671875 0.1625040796875 0.3990301765625 0.1671100703125 0.398441403125 0.173620521875 0.40207517187499997 0.17618120312500002 0.40673767656250004 0.1748911359375 0.4070741046875 0.1808986796875 0.4048683796875 0.183414690625 0.4056655734375 0.1884242953125 0.405507346875 0.191325334375 0.40445885937500003 0.1938494015625 0.40198785625 0.19642470781250002 0.40037249218750004 0.20393722187500002 0.402623903125 0.20984818593750001 0.40784407500000003 0.2123050015625 0.4058618671875 0.2210873421875 0.41923671875 0.2400117828125 0.43006566562500004 0.2266835515625 0.431826784375 0.2246880609375 0.4290821578125 0.21920394375000002 0.4406172296875 0.2184853125 0.44423438437499996 0.2117502859375 0.43450683437500004 0.201460065625 0.4254141515625 0.1927846109375
0 0.38092399062500004 0.1722185171875 0.38473265625 0.17490754687500001 0.38857169062499997 0.171929565625 0.3908227578125 0.166593065625 0.389068890625 0.1594389796875 0.28909645156249997 0.17074891875 0.2902865296875 0.174070346875 0.29584455625 0.17742685625000001 0.2989218125 0.1834371859375 0.3057216015625 0.1819692953125 0.3088603234375 0.1811436265625 0.30880607968749996 0.17556086875000002 0.3129195 0.175739296875 0.314270909375 0.17857667500000002 0.3224219828125 0.1834795671875 0.3313651828125 0.1830390609375 0.3385383796875 0.18299650625 0.34194115625 0.18091242031250002 0.3439275484375 0.1752943609375 0.35097125625 0.17602085625 0.3546955046875 0.17763561562500002 0.3623788609375 0.17527853437500002 0.363530771875 0.167791584375 0.368246796875 0.1687056796875 0.370887603125 0.173321015625 0.3740581703125 0.1729148046875 0.3755577921875 0.1666993078125 0.3792265328125 0.16587389218749998 0.38092399062500004 0.1722185171875
0 0.3171933796875 0.1857509265625 0.3113191125 0.184128384375 0.297790771875 0.18126908749999998 0.291414959375 0.176297946875 0.2889434140625 0.16766488125 0.2493165515625 0.1720192421875 0.2543674453125 0.196670484375 0.26138224375 0.21895487187499998 0.29453677968749997 0.30410904375 0.3013679109375 0.2929278921875 0.2855133921875 0.27597244062500004 0.2896884890625 0.2682016859375 0.28968760625 0.26446037499999997 0.2938153234375 0.265809328125 0.29317301093750003 0.26022052812499996 0.2928484421875 0.2547316375 0.29691486562499997 0.2513704859375 0.3005860609375 0.24716792812500002 0.303387225 0.24366021875000002 0.307865725 0.2409960484375 0.3092489828125 0.2370000265625 0.317401340625 0.24422303906249998 0.32831464062500004 0.255696034375 0.3454555703125 0.2824922734375 0.35256394687500003 0.29232362031250003 0.3637876328125 0.3008652484375 0.3567491640625 0.2959907296875 0.3464998515625 0.292383728125 0.3383676640625 0.2895439328125 0.3273896890625 0.29085910937500004 0.31991665937499997 0.2919862265625 0.3113541859375 0.29236028125 0.305961634375 0.2945482484375 0.3014245484375 0.29745992656250003 0.2979364125 0.30148723906249997 0.29196423125000004 0.30941768281250004 0.2881351125 0.31290344062500003 0.2854317859375 0.31997396875 0.28232511875 0.326866275 0.283821728125 0.3364136109375 0.2727412265625 0.3159440953125 0.245614278125 0.3054375359375 0.24865077656249998 0.31502646875 0.25055248125 0.32556339375 0.2544255125 0.3326028265625 0.25422179843750004 0.341812421875 0.2568438078125 0.34875483125 0.2608983265625 0.3548576734375 0.26708450625 0.358024959375 0.27839496874999997 0.3587541109375 0.2816217328125 0.363225471875 0.28396062031249997 0.3699401234375 0.2812559890625 0.37267524375 0.2777622125 0.3768544078125 0.272619434375 0.3814491875 0.2691992140625 0.3861229609375 0.27128966718749997 0.39521491875 0.2809403078125 0.395378215625 0.2878211421875 0.39269425468749997 0.2905118328125 0.38911223125 0.28848616250000003 0.38483031875 0.2992363765625 0.3512940875 0.306590403125 0.33158167656250004 0.3198777453125 0.33215111406250003 0.3330260953125 0.33133706093750004 0.341893378125 0.33288635312500003 0.346077396875 0.3399665203125 0.3570669296875 0.3555925109375 0.35996528437499997 0.3626581640625 0.36240551249999997 0.36752909375 0.3641974171875 0.37411588125 0.366989209375 0.37983130625 0.36333763750000003 0.3922069078125 0.359438615625 0.4031824796875 0.3599613734375 0.406153546875 0.37360574999999996 0.40235161093749994 0.3764635796875 0.3987653140625 0.383417221875 0.38612274687500003 0.38341404687499997 0.36852620156250004 0.3823374046875 0.35851392656250003 0.3774454953125 0.3469666796875 0.370198515625 0.333569246875 0.3572316671875 0.322522865625 0.3473046109375 0.31542905625 0.33857246875 0.3137202625 0.32316222968749997 0.314456959375 0.3127536140625 0.31855552343750004 0.30879212968749997 0.3157436265625 0.311148871875 0.3128064640625 0.3165438859375 0.3080027546875 0.32113108437500004 0.3065261390625 0.33081920781249996 0.3053451203125 0.33691198125 0.30547944375 0.34352190625 0.3047530046875 0.35194670625 0.306256775 0.35885005312499996 0.3083812078125 0.3642888515625 0.311591790625 0.37289260468749996 0.310429878125 0.3828885578125 0.31869074375 0.390623775 0.3321008328125 0.3961721796875 0.3458374390625 0.3990895890625 0.35609030625 0.401020959375 0.36698422656249996 0.40143362031249996 0.3736973515625 0.40065102656249996 0.381015059375 0.410388821875 0.3771822546875 0.4232021375 0.379578725 0.436462296875 0.367863503125 0.44327376406249996 0.359611384375 0.44671310000000003 0.3538284546875 0.43885542343750006 0.34273186093749997 0.4230872296875 0.32789030937499997 0.427389996875 0.307433934375 0.43302423437500004 0.2966760609375 0.42686185312499997 0.2805797578125 0.41448951875000006 0.285752196875 0.4014372546875 0.2736925546875 0.394991415625 0.2644775234375 0.39660914375 0.25855495781250004 0.407089634375 0.25270906875 0.40545998125000005 0.24159042031250003 0.39694228125 0.235008675 0.3913305375 0.2270246578125 0.37535600156250004 0.21907888281250001 0.3703753078125 0.22195758593749998 0.36529905 0.240993215625 0.357095934375 0.239480140625 0.3540828140625 0.22868028125 0.35947113124999996 0.2155811265625 0.35314925 0.21067689375 0.3458499921875 0.2025876453125 0.3330753328125 0.19426903125 0.3171933796875 0.1857509265625
0 0.3114133453125 0.431278778125 0.30325923125 0.427184296875 0.29727246875 0.42726515625 0.29079467187499997 0.42832781249999996 0.2876915890625 0.4314723984375 0.287647171875 0.4382593328125 0.29324210625 0.4409266359375 0.29778445625 0.44094155625000003 0.3012975765625 0.439375809375 0.3044507296875 0.43744115 0.3100889234375 0.43498976093749997 0.3114133453125 0.431278778125
0 0.356277009375 0.42641009375000005 0.3543941796875 0.4259051828125 0.34979091875 0.42414601249999995 0.3436286234375 0.4231401484375 0.3406190984375 0.42560605625000003 0.337689015625 0.43401812656249994 0.335097228125 0.44298435312500006 0.33790970625 0.4468745078125 0.3403965640625 0.44927511718749996 0.3458971046875 0.4487468921875 0.3536118921875 0.4522594765625 0.3568021046875 0.45478874375 0.362261684375 0.45380385624999997 0.36445041875 0.4524579015625 0.3710373171875 0.45017663125 0.375149209375 0.45080382343750003 0.380789884375 0.44958747499999996 0.38475179375 0.4452481265625 0.391967046875 0.4394255828125 0.3936423296875 0.43286780937499997 0.396373953125 0.42795073125 0.4009459875 0.42442808593750003 0.4021758765625 0.4167117125 0.40238812656249995 0.4105224109375 0.40734960468750003 0.39818392812500003 0.4091690953125 0.39065177812499996 0.4075203625 0.38601586875 0.404675984375 0.3836746484375 0.40083115625000004 0.38559124843750003 0.399613828125 0.39026470468749996 0.39806443593749996 0.39595036562499997 0.39647348125000004 0.3957448265625 0.3920632375 0.396513271875 0.386874675 0.40230412812500005 0.3854663234375 0.40629790000000005 0.3820409859375 0.41109380156249997 0.380825596875 0.4131812390625 0.37656796406250004 0.41630516875 0.37712311249999997 0.42069628124999997 0.3684560796875 0.4252843640625 0.36579334218750004 0.42420475937499996 0.361580284375 0.42435188281249997 0.356277009375 0.42641009375000005
0 0.26606862656249997 0.42178988124999994 0.2650297515625 0.42745458750000004 0.2651701125 0.4314740125 0.267344521875 0.434553128125 0.2691807734375 0.432963075 0.27002750937500003 0.42887009374999996 0.269696059375 0.424885484375 0.268339840625 0.4221342640625 0.26606862656249997 0.42178988124999994
0 0.2641149578125 0.4363591265625 0.263726840625 0.4344230546875 0.26227123125 0.435630840625 0.2621935890625 0.437123521875 0.263868328125 0.43941490781250003 0.2641149578125 0.4363591265625
0 0.2259482296875 0.4164883953125 0.224703790625 0.41863938593750005 0.22412563593749998 0.42357350625 0.2253722578125 0.42887229062500004 0.2279681859375 0.4277700859375 0.22903253124999998 0.422476590625 0.22874603750000003 0.4170035671875 0.2259482296875 0.4164883953125
0 0.22253675624999997 0.257146325 0.222726640625 0.2662999625 0.22455937499999998 0.2790703421875 0.2261031671875 0.2898793 0.22925109843749997 0.3087481203125 0.2401191015625 0.3125664703125 0.2451940890625 0.3121641109375 0.25813543125 0.30909340625000004 0.2701748046875 0.3140856546875 0.2734744359375 0.3161217390625 0.2708718390625 0.309242753125 0.26210290625 0.28682575312499997 0.254846934375 0.271335171875 0.2501967078125 0.2614258015625 0.2473564875 0.252219315625 0.24250385468750002 0.24515467812499997 0.23706755781250002 0.2300617703125 0.22890826875 0.2126562359375 0.2261917625 0.19772475625000002 0.22412679375 0.18448250625 0.2175533046875 0.174208784375 0.2018739890625 0.18429806875000002 0.1793888953125 0.22339722968750003 0.17824478125 0.29978681875 0.1764030421875 0.41364076250000004 0.17535392968750002 0.5562814578124999 0.17556135781249999 0.6361838296875 0.17455871875 0.6686745515625 0.1735875296875 0.703632865625 0.1894265203125 0.6914898843749999 0.2019841515625 0.6750134671875 0.20394191562500003 0.6675906203124999 0.1990553109375 0.6659554765625 0.1998712984375 0.6141063515625 0.201728459375 0.6034444171875 0.199534528125 0.5943889046875 0.19678977656250002 0.5929306828125 0.19291354375 0.6034395499999999 0.1920436484375 0.60086990625 0.1905833421875 0.5954066046875 0.1980880390625 0.569800971875 0.1971241703125 0.552317709375 0.1990461234375 0.5467347328125001 0.2012139515625 0.534403128125 0.19916694375 0.521719965625 0.19923282656250002 0.48362571093750006 0.20098890468750003 0.45681684375 0.20172600312500003 0.44385353437499997 0.2004345265625 0.42956959218749996 0.1961155015625 0.4183994578125 0.19792408749999998 0.389512490625 0.19816301249999999 0.3053341234375 0.19955209062499998 0.29913186718749996 0.202295590625 0.28837644375 0.20034058593749998 0.28007398906250003 0.1971166234375 0.27769755625000003 0.20081809062499997 0.267735746875 0.200368859375 0.2560802609375 0.1983212125 0.24673665625000002 0.199479965625 0.244057084375 0.2053798609375 0.2473985296875 0.20772938281250003 0.2554026578125 0.20386440781249998 0.259518175 0.20575848749999998 0.270105396875 0.2037805921875 0.2791455578125 0.20933213906249998 0.28258515625 0.2102035171875 0.2810334875 0.21016623281250002 0.272981446875 0.207373509375 0.26661253125 0.21160819531250002 0.262607615625 0.21254067812500002 0.269521471875 0.21702323906249998 0.277002403125 0.2182793921875 0.27245579375 0.21902019374999998 0.25453933906250004 0.2144702953125 0.230624184375 0.217782096875 0.2362323328125 0.22051691406249999 0.24403226562500002 0.22253675624999997 0.257146325
0 0.2932920609375 0.706508553125 0.2959118265625 0.68862810625 0.2791855484375 0.6855255796875 0.27813330937499997 0.7024929515625 0.2932920609375 0.706508553125
0 0.718766621875 0.157872365625 0.70950263125 0.119980403125 0.7018828593750001 0.11444295625 0.6889451171875 0.1181092109375 0.6794425375 0.1283642796875 0.6917008734375 0.129463703125 0.7016446640625 0.1305001140625 0.7054043531249999 0.139397759375 0.7018423078125 0.1417563234375 0.6973359890624999 0.152219965625 0.69730715 0.17369030000000002 0.70385589375 0.26894790625 0.7083974265624999 0.3440210796875 0.711114265625 0.398853415625 0.7146892499999999 0.48072227187500005 0.719714578125 0.5436821187499999 0.7236195046875 0.6241198390625 0.72903179375 0.7092640718750001 0.73233550625 0.769127428125 0.7321023734375001 0.7988505453125 0.740726934375 0.8010602734375001 0.7416612875 0.7795082859375 0.7496358453124999 0.7729541109375 0.7546296625 0.777793715625 0.7546137468749999 0.7947092625 0.7580885671875001 0.79347943125 0.745176565625 0.6046493984375 0.7396116453125 0.49937479375000005 0.72962405 0.33075813906249996 0.718766621875 0.157872365625
0 0.6761061374999999 0.2755281796875 0.6749469890625 0.2822258390625 0.6801228874999999 0.2899514703125 0.6838816734375001 0.2921075421875 0.687120290625 0.2940081734375 0.6873609218750001 0.287333209375 0.685884553125 0.27863412187500003 0.6906102390625 0.274183675 0.693284625 0.2696422609375 0.692887221875 0.26506740624999997 0.6904310406249999 0.26188868906249996 0.685057303125 0.266585340625 0.6814218296875 0.26603531875 0.680637165625 0.27181622499999997 0.6842481203124999 0.2751563015625 0.6825842343749999 0.2810554640625 0.6795806718749999 0.2753646328125 0.6761061374999999 0.2755281796875
0 0.6244293890625 0.1743012578125 0.6221381578125 0.1811291296875 0.6221507015625 0.1893680859375 0.6251512890625001 0.195152828125 0.627809975 0.1912811203125 0.628704859375 0.1797022109375 0.6304854046874999 0.1742336140625 0.6357894140625 0.1689280875 0.6360157046875 0.1662748234375 0.6368375875 0.159410709375 0.6335612765625 0.157997628125 0.6293321984375 0.16287944375000002 0.6285715265625 0.16639250625 0.628264625 0.16830438125 0.6244293890625 0.1743012578125
0 0.6826384859375 0.2382853296875 0.6830053406250001 0.2412243171875 0.685351271875 0.243976934375 0.686264778125 0.24394503437499998 0.6865036890625 0.24232477187499998 0.6864079546874999 0.2396280328125 0.685154853125 0.2373672625 0.68362055625 0.236814221875 0.6826384859375 0.2382853296875
0 0.648539290625 0.20823519375 0.64777315625 0.2123081625 0.649110928125 0.2146206953125 0.6514242296874999 0.21491670625 0.6520265765625 0.2130930109375 0.65249466875 0.21087219687499997 0.6523136968750001 0.2080627390625 0.6508885281250001 0.2066053375 0.648539290625 0.20823519375
0 0.5224531734375 0.3107636171875 0.5253230203125 0.30855117656250003 0.526742334375 0.3073337140625 0.5284333171875 0.306016084375 0.5279475015624999 0.30428198281249996 0.5193993046875 0.30479624843750003 0.521117696875 0.3071736640625 0.5219634171875 0.3104836640625 0.5224531734375 0.3107636171875
0 0.5184014328125001 0.3183956078125 0.520012915625 0.3188755984375 0.5211537484375001 0.31769756562499996 0.5210589984375 0.31565587968750003 0.5213127625 0.315490671875 0.5189908640625001 0.3130233265625 0.517002934375 0.31586631249999997 0.5184014328125001 0.3183956078125
0 0.451763553125 0.2762987171875 0.45305586093750005 0.281159703125 0.45379727968749994 0.2833632953125 0.4558379859375 0.2847179 0.45769670937500007 0.2848906375 0.45682339531249994 0.2743881546875 0.4552146640625 0.27515101406250003 0.45295366562500006 0.27465149218749996 0.451763553125 0.2762987171875
0 0.45096528906250005 0.2320386765625 0.44960597968749993 0.23354171875000002 0.4514485171875 0.2369670015625 0.45242059843750004 0.23838863125 0.45323747187499996 0.2384101359375 0.453829209375 0.235969246875 0.4524276515625 0.232233071875 0.45096528906250005 0.2320386765625
0 0.4437373328125 0.1895025171875 0.44610277187499997 0.1899483609375 0.4480420859375 0.192787096875 0.4498273421875 0.19636290781250001 0.451117240625 0.195468909375 0.4507634171875 0.18994820625 0.45594495625000003 0.1891497 0.45463028124999993 0.185349515625 0.45357878906250004 0.182728365625 0.45217850625 0.180550909375 0.45294440781249995 0.17754578593749998 0.451528346875 0.1763491640625 0.44665385156250004 0.175687628125 0.44362664531249996 0.1777367125 0.44550139062499994 0.18006958125 0.4467222484375 0.18149659375 0.44362658125000004 0.1843610625 0.4423566515625 0.18658798906250001 0.4437373328125 0.1895025171875
0 0.4401162328125 0.1970647484375 0.440622040625 0.1978491359375 0.442696584375 0.1995011796875 0.44464511875 0.2002758359375 0.4453426109375 0.1994306671875 0.44447660625 0.1965247453125 0.44287505625 0.19364294531249998 0.441142625 0.19216187812500002 0.4400010640625 0.19179680937500002 0.4401162328125 0.1970647484375
0 0.5614710109375001 0.184651653125 0.5628720859375 0.1866727375 0.5664110203125 0.18687591718750002 0.5687990234375 0.186221865625 0.5706641421875001 0.1855032109375 0.5707878109375 0.1825080078125 0.567609390625 0.18071940625 0.562762078125 0.18200029375 0.5614710109375001 0.184651653125
0 0.557912690625 0.16204487812499999 0.5580002515625 0.1656268171875 0.5588268109375 0.16982083750000002 0.55976169375 0.1718785265625 0.562124925 0.1691271875 0.5641555171875 0.16755067343750002 0.5650943453124999 0.1663187203125 0.5649370640625 0.16338179531250002 0.56097615 0.16125779843750002 0.557912690625 0.16204487812499999
0 0.498197046875 0.1673399625 0.4980167546875 0.1711313765625 0.4987013328125 0.1731399578125 0.5003562765625 0.1728945515625 0.50213326875 0.17148792968749998 0.50054838125 0.1659492421875 0.498197046875 0.1673399625
0 0.4944187890625 0.1743417109375 0.4909877171875 0.175257325 0.48801813281250006 0.1770761328125 0.487490225 0.177718384375 0.48745114218749996 0.17601715 0.488871253125 0.1752702578125 0.4903370171875 0.17412934687499998 0.490662165625 0.17269525 0.488711275 0.16813712187500002 0.4866928375 0.1664799921875 0.48426714843749996 0.16641304375 0.48254638281249995 0.1675941296875 0.4785402578125 0.1704434890625 0.47562285624999995 0.1736222421875 0.47360587656249997 0.1765287796875 0.47422190000000003 0.18172294375 0.47934469062499996 0.1826447234375 0.48173657031249995 0.1787885859375 0.48253751093749997 0.1766077421875 0.484855334375 0.1778838796875 0.48963481093750005 0.1800777890625 0.49301108749999994 0.1801897140625 0.49625646406249996 0.178836565625 0.4960512671875 0.1764078734375 0.4944187890625 0.1743417109375
0 0.43423890312499996 0.271644984375 0.43303640625 0.27428074375 0.43386038437499996 0.2758935953125 0.43464509375000004 0.27723265 0.4375271515625 0.27720548749999996 0.43795764375 0.2745794890625 0.43628829375 0.27168129531249996 0.43423890312499996 0.271644984375
0 0.519146240625 0.97946294375 0.520838865625 0.9802965671875 0.52446081875 0.9776388562499999 0.5250107171875 0.9735968906249999 0.5255553140625 0.9701195171875 0.5206932328125 0.961888875 0.516442459375 0.9501660203125001 0.5143364109374999 0.948999746875 0.5090581796875 0.9516855906250001 0.5066562421875 0.9555670953125001 0.5020890125 0.9667489249999999 0.5059508453125 0.972437928125 0.508178565625 0.973058996875 0.5121445703124999 0.9694637078125 0.5164131000000001 0.9688456109375 0.5181616515624999 0.97025106875 0.518593596875 0.97451671875 0.519146240625 0.97946294375
0 0.596385153125 0.979722190625 0.5978172859375 0.9804836109374999 0.6004484890625 0.9787798078125001 0.6014088515625 0.9765527484375 0.6016794062499999 0.9757490656250001 0.5984062671875 0.9727255171875001 0.5967271421875 0.9750542859375001 0.596385153125 0.979722190625
0 0.7022058062500001 0.9843319109375 0.7064394453125 0.9805208999999999 0.7090225218749999 0.975155609375 0.7089375640625 0.9682903296875001 0.70535504375 0.9634811781250001 0.7012782125 0.9579482109375 0.6943450671875 0.9557763515625 0.6894004234375 0.96179164375 0.690625784375 0.97498816875 0.69774403125 0.98263971875 0.7022058062500001 0.9843319109375
0 0.407000678125 0.5602932953125 0.40310014375 0.558823840625 0.4029015546875 0.5612853953125 0.403884309375 0.5645796671875 0.40611651562500006 0.569179565625 0.41091591093749996 0.5664369609375 0.407000678125 0.5602932953125
0 0.3829086578125 0.9350076734374999 0.3790205109375 0.9351465781250001 0.3758258171875 0.9381302015624999 0.3754967921875 0.9437513578125 0.3791861171875 0.9456643921874999 0.3842919265625 0.9401453406250001 0.3829086578125 0.9350076734374999
0 0.3604974609375 1 0.3624443046875 0.9967829390625 0.3625764 0.9913875421875 0.3589271609375 0.9873092890624999 0.354989275 0.9911725109375 0.35376948750000003 0.9971187031250001 0.353910053125 1 0.3604974609375 1
0 0.2658130984375 0.8644700296875 0.263331134375 0.8657464890625001 0.2596500046875 0.8684109578125 0.2579630921875 0.8702928515625 0.2580402625 0.8776962296875 0.258706196875 0.8807826828125 0.260784425 0.8833460890625 0.2657128875 0.8807178 0.2691154375 0.8783585531250001 0.27145844218750004 0.8712224359375 0.2697176140625 0.8704858671875 0.27235451718750003 0.8682737421875 0.2727917703125 0.8673188390625001 0.271247325 0.86437094375 0.269376303125 0.8635326046875 0.2658130984375 0.8644700296875
0 0.22118092812499998 0.9347079578124999 0.222559228125 0.9282418546875 0.2184763796875 0.9249542156249999 0.21918118749999999 0.9236022328125 0.222464175 0.91799830625 0.20745423125 0.9062900140625001 0.20378086406249998 0.9057741484375 0.20273751875 0.9113108078125001 0.20568171249999997 0.918166921875 0.2080716453125 0.9245076890625 0.2081644453125 0.9278815046875 0.20209895156250002 0.931886253125 0.2000292125 0.9393708578125001 0.2026812140625 0.94717211875 0.20907912343750001 0.94480676875 0.21708674687500001 0.94170666875 0.22118092812499998 0.9347079578124999
0 0.1904109671875 0.9274649015625 0.1917965078125 0.9355777390625001 0.19712856406249998 0.9321051625000001 0.200210053125 0.9253872781249999 0.200312846875 0.925017840625 0.2002284640625 0.9179899421875 0.1977779328125 0.9124658484375001 0.1953181171875 0.909720334375 0.19520708281250002 0.9052871343750001 0.1959767171875 0.89616565625 0.19502054375 0.8943041421875 0.188217865625 0.9006141453125001 0.183063621875 0.9094025046875001 0.1809040328125 0.9191494359375 0.181542884375 0.9249525500000001 0.186067003125 0.9278479875000001 0.1904109671875 0.9274649015625
0 0.1985109796875 0.856764146875 0.20045258906250002 0.8593104359374999 0.20390945624999998 0.8596259234374999 0.20694720156250002 0.858774075 0.20900366718750002 0.85664006875 0.21108485312499997 0.8532888328125001 0.2115569796875 0.8482286484375001 0.2110561828125 0.8415436156249999 0.208058853125 0.8344642203125 0.204580709375 0.8293309171875001 0.2035152921875 0.8346385203125 0.2025374625 0.8402604453125001 0.19864895 0.8437467140624999 0.19796008437499998 0.847077471875 0.1973215109375 0.852251346875 0.1985109796875 0.856764146875
0 0.1784252125 0.7806500125 0.175388025 0.7804433828125 0.17396130625 0.7846723140625 0.1735928859375 0.7894787234375 0.17535509062500002 0.7947673203125001 0.17842435625 0.7948180484375 0.180422646875 0.7937492203125001 0.1808583375 0.7868845203125 0.18010421875 0.78149661875 0.1784252125 0.7806500125
0 0.1767553421875 0.81570308125 0.17376703437500002 0.8134935249999999 0.1739266203125 0.81739189375 0.1778264375 0.8303918359375 0.1792843734375 0.8326532703125 0.18157433125 0.8306690171875 0.1809948375 0.8268791203125 0.1792041078125 0.8211318656250001 0.1767553421875 0.81570308125
0 0.164320596875 0.7992098125 0.16359528125 0.805257559375 0.1615014296875 0.810798071875 0.1623513046875 0.8149881515624999 0.1661420734375 0.81591110625 0.16846278750000002 0.8123451296875001 0.1720108671875 0.807482403125 0.17306689375 0.8031147624999999 0.1733855734375 0.7995702312499999 0.173425265625 0.79269278125 0.1733542125 0.790658084375 0.1697563609375 0.7905585875 0.16656575625 0.7936593265624999 0.164320596875 0.7992098125
0 0.19066373125 0.792330009375 0.19075678437500002 0.79763624375 0.191473 0.8008194375000001 0.1930474984375 0.803777228125 0.1949792359375 0.8016084906250001 0.1955269 0.7779374578125 0.1931182203125 0.7787157437500001 0.1916299953125 0.7837801421874999 0.19066373125 0.792330009375
0 0.201481353125 0.823269765625 0.1997308578125 0.82333089375 0.197841165625 0.8258530671875001 0.19848349375000002 0.82741285 0.20009342968750002 0.828788753125 0.201481353125 0.823269765625
0 0.3092133765625 0.58295889375 0.3087507328125 0.58470891875 0.3097597796875 0.5875473062500001 0.3109399140625 0.58807675625 0.31150837187499997 0.58707349375 0.313213021875 0.5831475484374999 0.31610062656250004 0.58189131875 0.3174534578125 0.580963853125 0.31660701874999997 0.5783496140625 0.31361742187499997 0.5776253828125 0.310351090625 0.5794529890625 0.3092133765625 0.58295889375
0 0.2562081046875 0.6110883859375 0.25463078125 0.604378409375 0.252481640625 0.6084699687499999 0.253476634375 0.6113088484375 0.2562081046875 0.6110883859375
0 0.243145965625 0.5951642359375 0.242212159375 0.5951968453125 0.24090887656249999 0.59552846875 0.24038999218749998 0.5961156843750001 0.2418096375 0.6014443859374999 0.24397537656249998 0.5973803890625 0.243145965625 0.5951642359375
0 0.233149009375 0.6044250156250001 0.23167452656249998 0.6034805859375 0.23130081093750002 0.6050461453125 0.23140898906250001 0.60689036875 0.2326480453125 0.6084355671874999 0.233149009375 0.6044250156250001
0 0.279203771875 0.43411866874999994 0.280283475 0.4316826296875 0.2793258640625 0.42924268750000005 0.2773224875 0.42680799687500004 0.2728619421875 0.4244794359375 0.2754490515625 0.4358398171875 0.27799046875 0.435683840625 0.279203771875 0.43411866874999994
0 0.27637925625 0.42092952187500005 0.278963034375 0.42418039218750003 0.281684896875 0.42292369687500003 0.2845421984375 0.4241575421875 0.2862507390625 0.42088029374999997 0.2957947609375 0.399007325 0.2902302140625 0.3897333765625 0.2881918734375 0.39341613125 0.28120915156250004 0.3959582484375 0.2746982390625 0.39616216249999997 0.270495528125 0.395217634375 0.2693635828125 0.385815475 0.2825398984375 0.36941595 0.2804673078125 0.364103796875 0.27666385625 0.35954938593749997 0.26788775781249996 0.35890996406250003 0.25516773593750003 0.347231146875 0.261814040625 0.37279758125 0.27036640625 0.4079064328125 0.2762094140625 0.41660312499999996 0.27637925625 0.42092952187500005
0 0.28748943437499996 0.6531222890625 0.28901256875 0.6488337078125 0.2868182515625 0.648497584375 0.28592589375 0.6528063515625 0.28748943437499996 0.6531222890625
0 0.41047174999999997 0.8748184453125001 0.40883174687499996 0.873029278125 0.4078281875 0.873750678125 0.407534021875 0.875355671875 0.40863102656250005 0.8777579140625 0.41047174999999997 0.8748184453125001
0 0.077438815625 0.96314180625 0.07543069375 0.9640186734375 0.07392145624999999 0.9659740984375 0.0729181640625 0.9690312875 0.0730360890625 0.9707516578125001 0.07492729687500001 0.96997424375 0.0763944734375 0.96972445 0.07771106562499999 0.9684308390625 0.07845497812499999 0.9668554796875 0.0784237703125 0.9645739296875 0.077438815625 0.96314180625
0 0.1025692375 0.9693951390625 0.10147941093749999 0.9710935828125 0.101693878125 0.9723102765625 0.10302738125 0.9736051515625 0.104171153125 0.9728694750000001 0.1049770265625 0.9700239906249999 0.1042687921875 0.9680990984375001 0.1025692375 0.9693951390625
0 0.0158254875 0.8859778859375 0.0147779671875 0.886649228125 0.0137791515625 0.887506484375 0.0133418390625 0.8907878078125 0.0142410234375 0.8928529968750001 0.01770321875 0.8919331703125 0.019157103124999998 0.8907207546875 0.0197757546875 0.888871475 0.01897301875 0.88719534375 0.017157765624999998 0.8855811484375 0.0158254875 0.8859778859375
0 0.1175188140625 0.777634715625 0.11706372031250001 0.7802725171875 0.11524778437500001 0.7827577203125 0.114621509375 0.7866272453125001 0.11611549531250001 0.7890703453125 0.118512471875 0.788986640625 0.12363915781249998 0.7877366484375 0.1273634 0.7867545125000001 0.128759459375 0.785677009375 0.131846153125 0.78371965625 0.13419140000000002 0.78219938125 0.1388325 0.778505471875 0.1391471640625 0.7778456515625 0.13968961562499999 0.7742620359375 0.1377746671875 0.774807325 0.13580576718749998 0.7742553890625 0.13251826718749998 0.7722532765625 0.1313190328125 0.771266403125 0.130271665625 0.7716735171875 0.1281366328125 0.7688713203125 0.12610741718750001 0.76793531875 0.1225352390625 0.7678099109375001 0.118469009375 0.7734599484375 0.1175188140625 0.777634715625
0 0.1760074046875 0.7408726609375 0.1744841515625 0.74242676875 0.1741432046875 0.7438113859375 0.174365515625 0.7523713421875 0.175142378125 0.753127503125 0.176510275 0.7540193703125 0.177975159375 0.7522265296875 0.1785777234375 0.74991659375 0.179171121875 0.7477023468749999 0.1790559734375 0.7444496968750001 0.1783991109375 0.7426527765625 0.1760074046875 0.7408726609375
0 0.0801488234375 0.758283371875 0.07874636874999999 0.762222215625 0.080386625 0.7654513140625 0.08287673437500001 0.7664228140625 0.083744096875 0.76480093125 0.085677590625 0.7624585890625 0.08723008125000001 0.7595479468749999 0.08790830468750001 0.7576137234375 0.087282915625 0.7535393171875 0.0859159859375 0.7527646765625 0.084719028125 0.7534099671875001 0.0835771484375 0.7547819046875001 0.0801488234375 0.758283371875
0 0.1942757 0.751464996875 0.192945103125 0.7531186921875 0.1926129890625 0.7572187171875 0.193326384375 0.76072408125 0.1954544125 0.7616691390625 0.1942757 0.751464996875
0 0.034215720312499996 0.8025946562499999 0.034494721875 0.7994361203125 0.031324025 0.79782391875 0.027401193750000004 0.799790146875 0.024152409375 0.8023441468750001 0.0197375515625 0.8059801249999999 0.0184705125 0.8122297140624999 0.0185414171875 0.812200659375 0.018434715625 0.8125030046875 0.021803020312499997 0.8131030046875001 0.026234871875 0.810401378125 0.0294582 0.8068945609375 0.0318882109375 0.8040408296875 0.034215720312499996 0.8025946562499999
0 0.1685282671875 0.592154021875 0.1693454890625 0.5946926734375 0.1685900359375 0.5964748109375 0.17068440000000001 0.5983810046875 0.172632578125 0.6008019890625 0.1745031640625 0.602612809375 0.17587465468750002 0.6024883078125 0.1758134296875 0.5863634328125 0.1713093546875 0.58780275 0.1583088125 0.590207928125 0.14800737343749998 0.59312234375 0.1321863828125 0.59705031875 0.11769551874999999 0.5998483718750001 0.1159243109375 0.60057 0.115294953125 0.6045303140625 0.11754214062499999 0.60669383125 0.12181673281250001 0.60947290625 0.12629245312499998 0.614608896875 0.1297811890625 0.6125687109375 0.136987559375 0.6100735046875 0.1424835796875 0.608565153125 0.145168915625 0.602098746875 0.1527099 0.5972763828125001 0.15421449843749999 0.60194859375 0.1554804234375 0.6018903156250001 0.15891768906249998 0.6004804359375 0.16139071875 0.597739334375 0.1685282671875 0.592154021875
0 0.151113921875 0.6296549312499999 0.1491459203125 0.6298002640625 0.14851811875 0.6336260671875 0.14894272656250002 0.6368757281249999 0.14914213437499999 0.638377496875 0.1528706984375 0.63151975625 0.151113921875 0.6296549312499999
0 0.126106359375 0.6814514234375 0.12433654999999999 0.679705875 0.12152218906250001 0.6808657390625 0.1189266734375 0.6832781031249999 0.11885064999999999 0.686742240625 0.1207418625 0.687576746875 0.1216566125 0.6868193609375 0.1229845625 0.686253921875 0.1248201109375 0.6852705140625 0.126106359375 0.6814514234375
0 0.1062112328125 0.66385065625 0.10726156406250001 0.66505066875 0.110449115625 0.6653098953125001 0.1127346328125 0.6640043359375001 0.114341603125 0.661310675 0.11620335468750001 0.6520338 0.1170537578125 0.6489412999999999 0.1160339671875 0.6462877734375 0.1143199984375 0.6466337375 0.11023339218749999 0.6492826593750001 0.106295634375 0.65319434375 0.1058531859375 0.6580299187499999 0.1062112328125 0.66385065625
0 0.096612840625 0.6575724359375 0.09314805312499999 0.659089590625 0.0913199015625 0.66122500625 0.089041425 0.6638514359375 0.0899192234375 0.6665130484375 0.092837340625 0.664966515625 0.09492855624999999 0.6657080468750001 0.098021471875 0.6635706781249999 0.09872682968749999 0.6579363796875 0.096612840625 0.6575724359375
0 0.12894363125 0.707183703125 0.126330934375 0.7074922609375001 0.1257578265625 0.709436884375 0.12609404062500001 0.7116327375 0.126622284375 0.7122537437500001 0.12896731875 0.7108616796875 0.12981320624999998 0.709385946875 0.12894363125 0.707183703125
0 0.048883853125 0.7314925578125 0.0498298609375 0.742241090625 0.052981490625 0.7418746265625 0.05771511875 0.7390842890625 0.059045879687500004 0.737435278125 0.063047640625 0.7315060703125 0.06577644375 0.7338059875 0.06889430937499999 0.7267866484375001 0.0746758546875 0.7242317578125 0.0817139546875 0.7211264265625 0.08308185 0.71660093125 0.08509089375 0.7121687421875 0.0872645921875 0.70685526875 0.0875242109375 0.7029625875 0.08650980781249999 0.697732303125 0.0843731234375 0.693987403125 0.0788446640625 0.6927311406250001 0.074797809375 0.69011609375 0.07012841875 0.6937609609375001 0.0650549796875 0.7006547203125 0.062269643750000006 0.7069885984375001 0.0571965359375 0.709101309375 0.054989445312499996 0.7119363125 0.051632023437499994 0.7193486250000001 0.04908140625 0.7250614328125 0.048883853125 0.7314925578125
0 0.0198916015625 0.7088499546875 0.0142115140625 0.7239808421875 0.0107975453125 0.7322362671875 0.0134998671875 0.7387474859375 0.015548557812499999 0.7385399234375 0.021736225 0.735257915625 0.0338756796875 0.72986378125 0.037258028124999995 0.727731940625 0.038452021875 0.7235095734375 0.0437074984375 0.72075416875 0.046968059374999996 0.7170600015625 0.0514845125 0.71351271875 0.0536810265625 0.712344725 0.057091640624999995 0.7090971546875 0.0588120640625 0.7045484046875 0.0638550265625 0.698393659375 0.06700748906250001 0.6950065765625 0.0684063625 0.689040059375 0.0684729828125 0.6826651 0.06155328125 0.677251734375 0.05648093125 0.678266875 0.060155690625 0.6751961328125 0.0607275890625 0.6699933171875 0.057596009375 0.666098671875 0.054824792187500006 0.665315221875 0.05075061875 0.6643802765625 0.0475845375 0.6712277546875 0.046092735937500004 0.6796818421874999 0.046486771875 0.6845632515625 0.038745959375 0.6897521875 0.0344110484375 0.695319365625 0.0303795828125 0.6993234390625 0.022878634375 0.7065458671875 0.0198916015625 0.7088499546875
0 0.0081650015625 0.6844740453125 0.0062430078125000005 0.6875039046875 0.007713804687500001 0.7296219828125 0.01385843125 0.7237195671875 0.01990514375 0.7028802203125 0.022303840624999998 0.6962643515625 0.026998834375000003 0.693666103125 0.0246041828125 0.6893392281249999 0.01706458125 0.6868586578125 0.0133028171875 0.685154528125 0.0081650015625 0.6844740453125
0 0.0184838 0.6766841796875 0.0161887796875 0.6743597328125001 0.013130559375 0.6734612281250001 0.012623131249999999 0.6754958015625 0.012544012500000002 0.6792743031249999 0.0184838 0.6766841796875
0 0.041256985937500004 0.6313289656250001 0.0479510546875 0.6272366015624999 0.053382343750000005 0.6321125234375 0.0584529984375 0.6338694421875 0.064120525 0.6336011734375 0.0710207578125 0.632547215625 0.0874696296875 0.6274372328125 0.08967960781249999 0.6265204859375 0.0895802875 0.6211691296875 0.095156615625 0.6156477171875 0.0979127765625 0.6109408484375 0.1005972234375 0.62065620625 0.1085728671875 0.6199086546875 0.110561903125 0.620455196875 0.112557921875 0.6070539359375 0.11284609375000001 0.600979240625 0.1046199421875 0.603552271875 0.0912833296875 0.606675865625 0.082616703125 0.6104697 0.0722270453125 0.61506634375 0.059568143750000004 0.619151246875 0.0458928890625 0.6231434375 0.03905849375 0.625635034375 0.030497318750000002 0.629225065625 0.023370339062500002 0.630904503125 0.0181964140625 0.632368775 0.013589901562500001 0.6325312015625 0.0114589734375 0.6346818812499999 0.0043621984375 0.633644546875 0.0047987140625 0.6461447406249999 0.0059046624999999995 0.646833125 0.0140246234375 0.6392044703125 0.0147900390625 0.6432145765625 0.01922505 0.6429314984375 0.0251960921875 0.64298251875 0.0312331765625 0.6401341546875 0.037466226562499996 0.6360922875 0.041256985937500004 0.6313289656250001
0 0.0989703546875 0.781942484375 0.0992942796875 0.7832491625 0.100849675 0.783779578125 0.1022742640625 0.783295190625 0.1037993 0.7808967578125 0.098529284375 0.7798331546874999 0.0989703546875 0.781942484375
0 0.15088662343749998 0.765519065625 0.14957437812500002 0.76308681875 0.14840066875 0.76493515625 0.14829940156250002 0.7663332921875 0.1495100328125 0.7691239921874999 0.15056753750000001 0.7673954078125 0.15088662343749998 0.765519065625
0 0.953896109375 0.97079605 0.9508841265625 0.9750271828124999 0.948647628125 0.980557040625 0.9510666890625 0.9845531765625 0.9669820921875001 0.9838660687499999 0.9681281343749999 0.9821656609374999 0.9678373046875001 0.9757625359375 0.9610254234375001 0.9713772828125 0.953896109375 0.97079605
0 0.9449233203125 0.9469290328125 0.94403425 0.9517348625000001 0.9442458625000001 0.9552874546875 0.9465296390625 0.9555438453124999 0.948437553125 0.9533196546875 0.9480360624999999 0.949120171875 0.9449233203125 0.9469290328125
0 0.87303140625 0.9028830671874999 0.8760222687500001 0.9098219765625 0.8811662515625001 0.9152457593750001 0.8835807375 0.91530528125 0.8860855750000001 0.91289295625 0.8848597078125 0.9037113953125001 0.8749381796875 0.8938657156250001 0.87303140625 0.9028830671874999
0 0.8078233296875 0.9325331078125 0.79914063125 0.9283898562499999 0.7976524281249999 0.93743949375 0.8026500171875 0.9436407328125 0.8080195968749999 0.9438393953125 0.8078233296875 0.9325331078125
0 0.7807143546875001 0.9391066390624999 0.7794911124999999 0.944909115625 0.7803539453125 0.948933015625 0.78208820625 0.9542272796875 0.7868404875 0.9535829093749999 0.790509471875 0.9509735859375 0.7900630421875 0.9473228796875001 0.7858994125 0.9397073 0.7807143546875001 0.9391066390624999
0 0.7418245109375 0.9253914578125 0.743506565625 0.9217586671875001 0.7428297203125 0.9177329609375 0.7406974984375 0.9158171453125 0.7385203375 0.9149425953125 0.7367631953125 0.919872546875 0.739442634375 0.9233108171875 0.7418245109375 0.9253914578125
0 0.7303892984375 0.9254327546875001 0.7276358875 0.9230101828124999 0.7244997140625 0.9259683109375001 0.72312721875 0.933272221875 0.7271219062500001 0.9349306953125 0.7313060671875 0.9385227953124999 0.7340466734375 0.934444978125 0.733781353125 0.93096618125 0.7330204078125 0.9275766109375001 0.7303892984375 0.9254327546875001
0 0.7274908140624999 0.87068180625 0.72567578125 0.8730137593749999 0.7246726171875 0.8756269234375 0.7277314546875 0.8863032375 0.7274310625 0.8884462765625001 0.718639390625 0.8796602484375 0.717831178125 0.8801106046875 0.7158907625 0.876971725 0.7089224125 0.8851636562499999 0.724357590625 0.906720921875 0.7295244015625 0.9112761890625001 0.7323147109375 0.9117556640625001 0.7356037375 0.9098615999999999 0.741296953125 0.9109557640625001 0.7440168046875 0.9147006234375 0.746471790625 0.9184719296875 0.749046065625 0.9195702578124999 0.752991740625 0.915661425 0.7570889703125 0.9160030171875 0.7604303421874999 0.9208909453125 0.7641062609375 0.920226315625 0.7668175984375 0.9176832671874999 0.7697875546875 0.9146215015625 0.772145025 0.9083025656249999 0.7728073484375 0.9026447531249999 0.76994715625 0.8954182953125001 0.7674459812500001 0.8883544078125001 0.7720096828125 0.884369271875 0.77402428125 0.877006978125 0.7750049171875 0.8657346374999999 0.7739077734375 0.8561201953124999 0.771607115625 0.8496496703125 0.7696296 0.8458960859375001 0.7652671953125 0.8435125046874999 0.7614989453125001 0.8412645203125001 0.75541145 0.8385503171875 0.7549841671874999 0.843954459375 0.752460371875 0.866911209375 0.7516612265625 0.8773814156249999 0.7481571171875 0.8771457515625001 0.7429914265625001 0.8788458171875 0.7380904359375 0.8785448 0.7340800671875 0.8726764984375001 0.7274908140624999 0.87068180625
0 0.73227176875 0.8234455546874999 0.7297463937499999 0.8267919765625 0.7318459640625 0.8418309890625 0.7337221031250001 0.8479645625 0.736857334375 0.8504863671875 0.738602396875 0.8453895484375 0.73227176875 0.8234455546874999
0 0.72777850625 0.863876996875 0.72537971875 0.86167030625 0.7242286859375 0.867839234375 0.72777850625 0.863876996875
0 0.7235437296875 0.851672040625 0.728304953125 0.8458664015625 0.725975146875 0.8426801453125 0.7223427984375 0.8480398640625 0.7235437296875 0.851672040625
0 0.6871496984375 0.9312312640625 0.686786615625 0.9276839625 0.6833395343750001 0.9288127640624999 0.68401309375 0.93135643125 0.684756890625 0.9311209546875 0.6871496984375 0.9312312640625
0 0.9807252578125001 0.83317745625 0.983165284375 0.8384455093750001 0.9850614359375 0.8402272953125 0.98852375 0.8410569671875001 0.9918715703125001 0.839637703125 0.9834897671875 0.8244115734375 0.9800880953125001 0.8284077234374999 0.9807252578125001 0.83317745625
0 0.9518457124999999 0.8262983343749999 0.951723128125 0.8296827984374999 0.9542498234375 0.8330451046875 0.9567241234375 0.833205725 0.9586161593750001 0.8292732359375 0.9544501515625001 0.8260666750000001 0.9536069156250001 0.8260961203124999 0.9518457124999999 0.8262983343749999
0 0.8945193640625 0.8958053984375001 0.8973126921875 0.8998635109374999 0.9027098140625001 0.89950775 0.9072137359375001 0.9007950984375 0.9106083578125 0.8971791124999999 0.911437796875 0.8908447453124999 0.9101314296874999 0.88978969375 0.9113311640624999 0.884657196875 0.91160485625 0.8783469265624999 0.9132598234374999 0.872863953125 0.9157184984375 0.8707862562500001 0.91627566875 0.869459753125 0.916559265625 0.8663432703125 0.9143649078125 0.8595141296875 0.9113936859375 0.8524213156249999 0.9160184421875 0.8550646484375 0.9202453593750001 0.852628146875 0.9203487734375001 0.8508437640625001 0.9184884484375001 0.8436855781249999 0.91384355 0.84042069375 0.9153036968749999 0.8346865546875 0.9194637 0.8341394765624999 0.9247708171875001 0.8284304703125001 0.9190989609375 0.8240976515625 0.9189203640624999 0.8142822796875 0.9148882421875 0.8074328890625001 0.9076798421875001 0.8022140921875 0.9004483953125 0.7949026375 0.8949322687500001 0.7893433234375 0.8883026921875 0.7845373890625 0.87968911875 0.785283765625 0.8674322999999999 0.7883915406249999 0.8578268453125 0.792924840625 0.85434801875 0.7973082953125 0.8573909671875001 0.804037446875 0.8563314249999999 0.8096028140625 0.8526437281250001 0.8114076125 0.851685978125 0.8155451203125 0.8556989359375 0.8265914875 0.8590652078125001 0.834117653125 0.8571342328125 0.841233128125 0.8584443437499999 0.8443205359375 0.8653032640625 0.8549329406249999 0.8654429359375 0.8589774046875001 0.8714042390625 0.863226634375 0.8763687718750001 0.8652577375 0.8759097312499999 0.8628128921875 0.8781813296875001 0.87006303125 0.8753436296875 0.873509478125 0.8758672203125 0.8783848000000001 0.8834906296874999 0.884608475 0.8796934703125 0.8886512703125 0.8841629531249999 0.8915939546875 0.8915358765624999 0.8962410375 0.8945193640625 0.8958053984375001
0 0.74948713125 0.6212184296875 0.7482030187500001 0.626844796875 0.747216590625 0.6322653375 0.752364921875 0.7080599609375 0.7535843140625 0.7145041421875 0.75863934375 0.72091756875 0.762288215625 0.7253882609375 0.767019984375 0.7253652984375 0.7728723937499999 0.7226906734375 0.776103425 0.7212848671875001 0.7818049109375 0.725033484375 0.7863287156250001 0.724383021875 0.7952391328124999 0.7232276 0.79970986875 0.719311375 0.80914673125 0.7226653265625 0.8122977421875 0.7202663968749999 0.8132370796874999 0.715646425 0.8112346984375 0.7052709234375001 0.8122658890625001 0.7009979578125 0.8068869203125001 0.6968143828125 0.803714890625 0.6944924203125 0.8003260421875 0.6897671859375001 0.7993187546875 0.6873821375 0.79503341875 0.6823254875 0.7925070375 0.67955415625 0.7861502859375 0.6749497609375 0.7802806484375 0.6718480312499999 0.7745568406250001 0.6698778390625 0.77548540625 0.6646359890625 0.7864003703125 0.662187946875 0.7866462703125 0.6561116015625 0.7884618546875 0.649989821875 0.7889852609375 0.6459503437499999 0.7808302296875 0.637173353125 0.7763708640625 0.6328638578125 0.7777806484374999 0.6263591328125 0.7762192734375 0.6217623859375 0.7689593875 0.6162780359375 0.7609786265625 0.614685278125 0.7524924609375 0.6167967890625 0.74948713125 0.6212184296875
0 0.8664642406249999 0.7621921781250001 0.868651340625 0.7647392765625 0.8744157921875001 0.7654557234375 0.8832305640625 0.7650087578125 0.8863914796874999 0.7662961015625 0.8982940265625 0.770548925 0.9031752421875 0.7673735140625 0.9066134234375 0.7642438031250001 0.90883310625 0.7601575984375 0.906304715625 0.748732628125 0.9047721234375 0.744198978125 0.8995649484375001 0.7362493015625 0.8952185046875 0.7294874953125 0.8898186750000001 0.72390066875 0.8856353312499999 0.717377065625 0.87292025 0.7209276671875 0.8657761718750001 0.7257439875 0.8643010109375 0.7265709734375 0.860849425 0.73106291875 0.8600973890624999 0.7397929203125 0.8629917828125 0.7551622078125 0.8664642406249999 0.7621921781250001
0 0.8411304671875 0.76659149375 0.837988546875 0.7673703703125 0.836841171875 0.769345990625 0.8391303812500001 0.7736530968750001 0.8417519390624999 0.7747622828125 0.8436313328124999 0.7697514515625 0.8411304671875 0.76659149375
0 0.763367159375 0.750509659375 0.7609820468749999 0.7522314484375 0.7596288234374999 0.75435653125 0.7612016359375 0.7564153953125 0.7628190578125 0.7569311375 0.7650489734375 0.7565405765625 0.764800646875 0.75301115625 0.763367159375 0.750509659375
0 0.9483324203124999 0.807040465625 0.9507708703125 0.8128901781250001 0.9524997125000001 0.8135521203125 0.9555187546875 0.813642125 0.9585579875000001 0.811758346875 0.9583494734375 0.8026084875 0.95497493125 0.7963677687499999 0.9481990031249999 0.7948924078124999 0.9481394906249999 0.8015157078125 0.9483324203124999 0.807040465625
0 0.965289828125 0.7822429296875 0.9670711593749999 0.788661234375 0.9701489656250001 0.791866709375 0.97155206875 0.795691946875 0.9773847890624999 0.796751534375 0.9822375062500001 0.795759696875 0.9864137796874999 0.794738325 0.988059675 0.791905721875 0.9876866390625001 0.787267478125 0.9851507625 0.7816275421875 0.9809679703124999 0.7787014250000001 0.9757155109375001 0.779618103125 0.9703036125000001 0.7805356609375 0.9655797359375 0.778411728125 0.965289828125 0.7822429296875
0 1 0.6332208296874999 0.9994036421875 0.630805434375 0.9952757015625 0.6234059281250001 0.991949890625 0.62688818125 0.9924392281250001 0.6398712 0.9949148624999999 0.6461589437499999 0.9986486843750001 0.6532861015625 1 0.6548458140625 1 0.6332208296874999
0 0.954382784375 0.657184896875 0.9471310203125001 0.63765108125 0.9440233421875 0.6397686390625 0.9533974328125 0.6612483234375001 0.954382784375 0.657184896875
0 0.9745266015625 0.6960102265625 0.9743464093749999 0.6980583890625 0.9756459109375 0.700036115625 0.977906209375 0.7002917640625 0.98109216875 0.6992518171875 0.979086159375 0.6943688515625001 0.9748461984375 0.690253378125 0.97062996875 0.68905604375 0.9682797546874999 0.6898072734375 0.9660633031250001 0.6929115171875 0.9662353515625 0.6960027078125 0.9684428203125 0.697969053125 0.9711128546875001 0.6970190421875 0.9730818578125 0.69448471875 0.9745266015625 0.6960102265625
0 0.9695539312499999 0.712550096875 0.9718040671875 0.71099249375 0.9712500390625 0.7094093015625 0.9682501671875 0.7087041921874999 0.9678435640625 0.7111636296875 0.9695539312499999 0.712550096875
0 0.8866245828125001 0.6626545187499999 0.8899812375 0.667398075 0.893538915625 0.6706899828124999 0.89562608125 0.6709125890625 0.8963639828125001 0.666434109375 0.8944387125000001 0.65938606875 0.890922690625 0.6566602406250001 0.8863818765625 0.65794293125 0.8866245828125001 0.6626545187499999
0 0.949858715625 0.720865953125 0.9475819812499999 0.716155040625 0.9433981375 0.7132883703124999 0.9393265578125 0.7132335578125 0.9364595437500001 0.7101098375 0.9328220640625 0.7048460765625 0.9308059453125 0.7030762984375001 0.9218764875 0.7048952890625 0.9162181125 0.7061419609375 0.9106699562499999 0.7109478921875 0.9129623953125 0.7234958421875 0.914792159375 0.730092253125 0.9174159578125 0.73681728125 0.91958583125 0.7429452859375 0.9223601921875 0.7467288921875 0.9260883171875 0.749081465625 0.9296526234375 0.7523840859375001 0.9324515468750001 0.753110284375 0.939028509375 0.75224585 0.9432423203125 0.7518516749999999 0.9467790046875001 0.7540498984374999 0.9512585359375001 0.7552208406250001 0.9534414453125001 0.751514275 0.95793121875 0.750739925 0.9610348671875 0.75110370625 0.9659169671875001 0.7516696046875 0.969177721875 0.7507568124999999 0.9661552875 0.7434062546875 0.9631278859375 0.736271625 0.9601613109375 0.7325353812500001 0.9565536375000001 0.7266029859375001 0.95201286875 0.7231859375 0.949858715625 0.720865953125
0 0.84804800625 0.73124573125 0.845635078125 0.7340066234375 0.8423697375 0.7366237390625 0.8420632375 0.740069346875 0.8438479187500001 0.7413453390625 0.848329334375 0.7418986515625 0.849784359375 0.743047009375 0.853669146875 0.7527063796875 0.8579938765625 0.7561153375 0.8593945546875 0.7518122703125 0.859914890625 0.7408796390625 0.857769059375 0.73136591875 0.8543701140625 0.730515271875 0.84804800625 0.73124573125
0 0.8351937406250001 0.6080474140625001 0.8383359328125 0.6077688328125 0.8376809203125 0.6034281109374999 0.8357929734375 0.5966429921875 0.8326455156250001 0.5920250234375 0.8284317390625 0.5908979578125 0.8215780453124999 0.5914937609375001 0.8192212234375 0.5991744421874999 0.8205441578125001 0.598957828125 0.8214969953125 0.5999626859375 0.8286374046875 0.604980609375 0.8351937406250001 0.6080474140625001
0 0.8162980843750001 0.59354803125 0.8114882437500001 0.5912457390625 0.806656584375 0.592124271875 0.80551571875 0.5943310562499999 0.80775363125 0.5980646046875 0.8112493328125 0.6022232640625 0.8148464953125 0.6018553140625 0.8176262187500001 0.5994349531250001 0.8190657781249999 0.5992001953125 0.8162980843750001 0.59354803125
0 0.8849026140625 0.60926959375 0.88514945625 0.6051006265625001 0.8874860484375 0.6052128999999999 0.890250503125 0.60284779375 0.8859148515624999 0.5952757421875 0.88158088125 0.5914230875 0.8775890625 0.5853696484375 0.8704101140624999 0.5840834703125 0.8690610015625 0.587848471875 0.8697883171875 0.5921554 0.8742584796875 0.5972665703125 0.8803850984375 0.6002952234375 0.8819446640624999 0.6021090874999999 0.8815343640625001 0.6081786671875 0.8833873765625 0.6100682734375 0.8849026140625 0.60926959375
0 0.8636305328124999 0.6306328046874999 0.8630699625 0.6342795906250001 0.8655872875 0.6361647609375 0.8713699234375 0.6351185625 0.8704778531249999 0.6334361703125 0.8664146984375 0.6290112140625 0.8649679171875 0.6288600515625 0.8636305328124999 0.6306328046874999
0 0.8992989078125 0.6058228828125001 0.8947636703124999 0.600773396875 0.8940607765624999 0.6052694171875 0.89765786875 0.6069589718749999 0.8992989078125 0.6058228828125001
0 1 0.5727968640625 0.9925461171875 0.570581509375 0.97846918125 0.5701897359375 0.96390214375 0.5665083765625 0.955228828125 0.5622756796874999 0.9496612093750001 0.56321118125 0.9403979921875001 0.5629045890625 0.9322251265625001 0.560377340625 0.9244386265625 0.5591092515625 0.9187637234375 0.559255828125 0.9156579921875 0.5580713078125 0.9094419046875 0.5563309359375 0.900624259375 0.5566060234375 0.8944870515625001 0.5579303906249999 0.8927667765624999 0.5566630921875 0.8894808968750001 0.5552894312500001 0.8853303468749999 0.5536895578125 0.87606908125 0.55415524375 0.8682399500000001 0.5539048859375 0.8582647359375001 0.553535603125 0.8530275359375 0.552650653125 0.8482209671875 0.5504420546875 0.8377524718749999 0.55121411875 0.832305246875 0.55188119375 0.8275390296875 0.550828140625 0.8205785890625 0.5505161796875 0.811042378125 0.54986890625 0.805451584375 0.5486632874999999 0.79954236875 0.5466667375 0.7911250437499999 0.54797379375 0.7851788328125 0.54720115625 0.78208274375 0.545531628125 0.7764352828125001 0.5434196234375 0.7687576843749999 0.5414645015625 0.7419251078125 0.5432379625 0.74427065 0.5634402859375001 0.74789844375 0.5620690921875 0.75556396875 0.557723921875 0.766693965625 0.557046015625 0.7684913828125 0.5629400015625 0.7655873109375 0.57258941875 0.7660870015625 0.5773623875 0.7713408671875001 0.5806497828125 0.7755777640625 0.57751406875 0.7771931375000001 0.57224041875 0.7800351046875 0.56587173125 0.786594440625 0.5675469578125 0.7923455781250001 0.5681059625 0.799403478125 0.56816436875 0.80512176875 0.56921544375 0.8108571921875001 0.5705332703125 0.8211694671875 0.5729435953124999 0.8299270015625 0.57484224375 0.836709803125 0.5784843078125 0.8401371875000001 0.5780003359375 0.8450787484375001 0.5730608078125 0.8593583328125 0.5703014 0.8616485781250001 0.5711907640625 0.8662621406250001 0.5745880734375 0.8752706671875 0.5755258140625 0.8786476515625001 0.5751655515625 0.882237328125 0.5707328859375 0.889516859375 0.566840525 0.895019403125 0.56596670625 0.9001488203125 0.5668991984375 0.9157294281249999 0.5689817109375 0.9063006031249999 0.574274934375 0.910894321875 0.579208246875 0.917582065625 0.58084459375 0.92311941875 0.5770724828125 0.9290485187499999 0.578116196875 0.9348876718750001 0.5783750703125 0.9401482296875001 0.576033803125 0.9464266218749999 0.581349178125 0.9514184109375 0.5848771171875 0.956441728125 0.58415918125 0.9580821796875 0.5755294859375 0.9621805203125 0.5734852109374999 0.9673853781249999 0.57724960625 0.970011878125 0.581410478125 0.9765050140625 0.5841449109375 0.984895196875 0.5844335234375 0.9888471109375001 0.593552721875 1 0.595593025 1 0.5727968640625
0 0.7207554953125 0.7183256171875 0.7199295234374999 0.709447471875 0.717741934375 0.7103337328125 0.7193048703125 0.7164078875000001 0.7207554953125 0.7183256171875
0 0.689991228125 0.25108495625 0.6878426765625 0.2485224421875 0.685655378125 0.24946185 0.6868676109375 0.25382063593750004 0.6893871921875 0.25433770624999996 0.689991228125 0.25108495625
0 0.757946115625 0.795265178125 0.7543034750000001 0.8027030859375 0.7571580296875 0.8052909765624999 0.757946115625 0.795265178125
0 0.0918534734375 0.7214102359375001 0.0885667859375 0.7168346515625 0.08393667187500001 0.7185597921875 0.08652438125 0.7255049625 0.0918534734375 0.7214102359375001