0 0.5256141859375 1 0.478007928125 0.7768089218750001 0.46047143437500004 0.707941840625 0.416471359375 0.7105583265625001 0.406953996875 0.642543553125 0.4143183140625 0.6131716421875 0.45110501718749996 0.60610115625 0.46247883281249996 0.6898740734375 0.489555496875 0.6793573562499999 0.492144340625 0.65850139375 0.490825353125 0.644293325 0.47657982656250003 0.6470754265625 0.4783258375 0.639100128125 0.49555163281250003 0.6369673796875001 0.48280913593749997 0.6208792937500001 0.4713741015625 0.61223955625 0.474137634375 0.5946338515625 0.48554047499999997 0.5834701453125 0.507991859375 0.5758060640625 0.5187811734375 0.5774604625 0.5056926203125001 0.542848903125 0.47910215 0.5152753109375 0.47624325624999997 0.501398703125 0.4971594796875 0.50467921875 0.4978140953125 0.494136759375 0.4937515640625 0.4759357015625 0.4626104609375 0.479127415625 0.4458357234375 0.48304025937499995 0.4133518125 0.4765050515625 0.40237581093749997 0.48598906406250003 0.377359303125 0.5014631546875 0.366650296875 0.5094294578125 0.36218194531250003 0.5321673890625 0.39247087812500003 0.7217022531249999 0.3853826984375 0.7733164921875 0.392692609375 0.8105498453125 0.3914334765625 0.842569371875 0.3725602296875 0.8596126859375 0.3467095796875 0.8869840296874999 0.3264037125 0.8969606812500001 0.32615459687500004 0.8556853999999999 0.33003825 0.8397502265625001 0.350876653125 0.821223709375 0.3655781921875 0.8081502609375001 0.3748642828125 0.7892279296875 0.3737066640625 0.7736211484375 0.356208590625 0.7671701453125 0.3451564125 0.7436712562500001 0.325597546875 0.7317113890625 0.3158972078125 0.7429839687500001 0.3323748703125 0.8218165234375 0.311805084375 0.833643725 0.2929543 0.7158174734375 0.3435110046875 0.7055374640625 0.3360578265625 0.676643834375 0.27997876875 0.7012136 0.2689499875 0.6624863328124999 0.27181059687500003 0.6198372421875 0.2444948453125 0.6097932734375 0.1461075421875 0.06855045781249999 0.09414556406249999 0.0823637046875 0.08812368125 0.1299280296875 0.11489214218749999 0.2943646859375 0.12158434062500001 0.346009484375 0.1401828 0.3722161671875 0.209570371875 0.7638976937499999 0.244245528125 1 0.3960901734375 1 0.3812103234375 0.8935795953125 0.399267909375 0.8869507499999999 0.4175907859375 1 0.5256141859375 1
0 0.35445120937499996 0.10815944375 0.364034559375 0.1493083015625 0.3669649640625 0.1514781546875 0.358771246875 0.11606366875 0.35821890624999997 0.1082742125 0.35947128125 0.1077878359375 0.35445120937499996 0.10815944375
0 0.27674076875 0.0739784953125 0.2774765953125 0.07394973437499999 0.2791493046875 0.0872935828125 0.27848335625 0.0956337078125 0.28009642343749996 0.0986753671875 0.292612103125 0.0989097078125 0.295337253125 0.0941128 0.2998966953125 0.104769659375 0.292727846875 0.1130042890625 0.284206646875 0.1134016390625 0.2852931640625 0.118899703125 0.28555998437499996 0.11925664218750001 0.295480134375 0.1165558734375 0.3001211109375 0.1187445390625 0.3085859234375 0.1127476078125 0.31253003281249997 0.108305909375 0.3102279515625 0.10492620625 0.3032108859375 0.10072515468750001 0.30150875 0.099527353125 0.3086597546875 0.094584221875 0.30657553593750003 0.0890294515625 0.305296359375 0.0834748390625 0.3028902046875 0.07681734999999999 0.2994978703125 0.0743067375 0.2978064625 0.068869746875 0.29246985468750003 0.0632512203125 0.2922804109375 0.060020404687499994 0.2937342859375 0.056461514062499996 0.3049219546875 0.056166974999999994 0.3096689328125 0.053480278125 0.31247907812500003 0.0508574734375 0.31558946875 0.056571423437500004 0.3192354109375 0.063396503125 0.3170453890625 0.0673161734375 0.31840594843750003 0.0727509703125 0.32120808125 0.0758308140625 0.3232351453125 0.0825758234375 0.32469933125 0.0878135078125 0.3269148375 0.0996048375 0.3270051421875 0.10219785781249999 0.32216956875 0.11049515937500001 0.32347263593750003 0.1123190921875 0.3292800296875 0.1103080453125 0.334047496875 0.10757813125 0.3384687890625 0.10500190312499999 0.3380198875 0.10123765625 0.3356218609375 0.0913229828125 0.33433185781249997 0.08272082187499999 0.3332226828125 0.0753950734375 0.3317410703125 0.071665590625 0.33340825937499996 0.064904775 0.329226115625 0.058764746874999996 0.32641224687500003 0.056669015625 0.32584537812500003 0.0400855640625 0.320576753125 0.032573526562499996 0.310639053125 0.034211951562499995 0.30718351250000003 0.04330515 0.2981608328125 0.0512269078125 0.2979931734375 0.050500698437500005 0.2965043140625 0.041933221874999996 0.2899426671875 0.0360651234375 0.276399346875 0.0399647796875 0.275852965625 0.0457388015625 0.2775471828125 0.051167125 0.2765077859375 0.059806746875000004 0.26919235625 0.0672814375 0.26860069062499997 0.0722272296875 0.27674076875 0.0739784953125
0 0.3482632359375 0.138021484375 0.33877281875 0.121217875 0.3372432796875 0.13090876093749998 0.3361783484375 0.13827781249999999 0.3337210671875 0.14213731093749998 0.33351580468750003 0.14504071093749998 0.3368348421875 0.14523340468749998 0.339766953125 0.1406244453125 0.3482632359375 0.138021484375
0 0.354820909375 0.200079046875 0.3549348359375 0.21102618125 0.35942425 0.2130237296875 0.35964212500000003 0.2047501671875 0.354820909375 0.200079046875
0 0.3242999796875 0.233733896875 0.31892915781250003 0.2291896625 0.3108745484375 0.2296701203125 0.312879615625 0.23540993906250002 0.3137966640625 0.235860509375 0.3159085765625 0.23575619531249997 0.3242999796875 0.233733896875
0 0.29782460781250003 0.174735240625 0.2999102234375 0.185179065625 0.3027301 0.1826678703125 0.307548146875 0.1747947578125 0.29782460781250003 0.174735240625
0 0.3031229765625 0.20340151875 0.3104939890625 0.2016757328125 0.31461004375 0.19868729062499998 0.32017246718750003 0.1945454890625 0.32386327656249997 0.1902777296875 0.316266696875 0.1894705890625 0.31391947343750004 0.19177163749999998 0.31021359843749996 0.19896784218750002 0.3026864359375 0.1990795734375 0.301972740625 0.20031554843750002 0.3031229765625 0.20340151875
0 0.21197939687499998 0.3411617109375 0.2146438 0.34295038125 0.2201298515625 0.3411658640625 0.22190454375000002 0.34053164062499997 0.22253177968750001 0.3302665109375 0.217430678125 0.325772259375 0.21697434843750002 0.33270734375 0.2124334828125 0.334036315625 0.210523784375 0.3386770328125 0.21197939687499998 0.3411617109375
0 0.3721346125 0.39441834062500003 0.375017809375 0.39148681406249997 0.37831831875 0.387674784375 0.3820066421875 0.38314621249999997 0.386402003125 0.38627837343750004 0.3917841796875 0.38327985781249996 0.3902626796875 0.3788219265625 0.374437415625 0.3805335171875 0.36902833749999997 0.38638142656249996 0.363932071875 0.397230909375 0.3684029109375 0.3984742421875 0.36917516875 0.4010204703125 0.3712321953125 0.40883297343749997 0.376953703125 0.41385429843750005 0.3815024 0.4098711640625 0.38100683750000003 0.4018344734375 0.3721346125 0.39441834062500003
0 0.3915859046875 0.41194829374999997 0.3893051984375 0.41545432499999996 0.39193859531249997 0.41757408125 0.3955833328125 0.41780222812499995 0.398089703125 0.41537784375 0.39661178124999996 0.4123033796875 0.3915859046875 0.41194829374999997
0 0.4179421671875 0.6852972140625 0.42070774218749996 0.690691475 0.4246922765625 0.6901965265625 0.42572589531249994 0.68610925625 0.42426601562500005 0.6805915515625001 0.4177055828125 0.67893101875 0.4179421671875 0.6852972140625
0 0.4421649109375 0.6315648765625 0.4347564234375 0.632072559375 0.436519759375 0.6464618796875 0.4371903515625 0.6489081015625 0.4422854375 0.6479515015625 0.4421649109375 0.6315648765625
0 0.303303446875 0.46763636875000003 0.29967403593749997 0.4796994859375 0.31197115000000003 0.4808694734375 0.311970171875 0.47044629843749997 0.303303446875 0.46763636875000003
0 0.32100405 0.64154948125 0.3130402984375 0.6417844578125 0.3203020578125 0.64892775 0.32100405 0.64154948125
0 0.5068637703125 0.6339195875 0.5067472609375 0.6403608875 0.5141255296875 0.6410628796875 0.51330506875 0.634036096875 0.5068637703125 0.6339195875
0 0.3998025046875 0.43413260468750003 0.39921799999999996 0.44549275 0.4054253015625 0.44806868125 0.40507283593750004 0.43612305312500005 0.3998025046875 0.43413260468750003
0 0.3583477203125 0.47336980000000006 0.3671299734375 0.4593152546875 0.361267303125 0.3852995515625 0.35927587499999997 0.3801467078125 0.34006946718750003 0.38377905625 0.327421846875 0.391509790625 0.33198920625 0.3904553328125 0.3381974859375 0.4034544390625 0.3583477203125 0.47336980000000006
0 0.3353934328125 0.4746602140625 0.32860064843750003 0.4730212515625 0.330592075 0.47817409531250005 0.3353934328125 0.4746602140625
0 0.3454896046875 0.7337161562500001 0.337174365625 0.7324286796874999 0.339868765625 0.7406264296875 0.3454896046875 0.7337161562500001
0 0.38425096875000003 0.6967043875 0.3785116625 0.689209609375 0.3768727 0.69600239375 0.38425096875000003 0.6967043875
0 0.212629846875 0.1790751875 0.2113423703125 0.187390425 0.2179011578125 0.1914888109375 0.2212965703125 0.1818851171875 0.212629846875 0.1790751875