0 0.2940920546875 1 0.22307217031249998 0.4745358265625 0.24594723749999997 0.4565424125 0.2300473421875 0.41686469375 0.228568953125 0.37662479531250004 0.28949578125 0.38266264687499996 0.2876555515625 0.3528800140625 0.236396571875 0.358726025 0.21791441875 0.2408413890625 0.24113225312500003 0.2457333125 0.2498216640625 0.3257994046875 0.26253065468750003 0.3335226953125 0.2774364375 0.3161041640625 0.280686128125 0.29034008125 0.2953343140625 0.2787976109375 0.2916125140625 0.26359695625 0.2769335953125 0.24847030937499998 0.258911684375 0.240579746875 0.23336817656250003 0.229399403125 0.22475036249999997 0.21544426562500002 0.212232521875 0.176112159375 0.23462750468750002 0.17932566249999998 0.26767114531249997 0.1973690671875 0.2908873421875 0.2077460671875 0.3019794265625 0.23780935312499998 0.306533028125 0.2754792640625 0.3292239640625 0.322376953125 0.35898697031250004 0.511995115625 0.3702630328125 0.5322393765625 0.3829096265625 0.5365065171875 0.411483496875 0.543492725 0.42485301406250003 0.5491207859375 0.45372756093750005 0.5328673546875 0.47089041875 0.5314050109374999 0.5014936609375 0.52481738125 0.499732921875 0.5062517546875 0.495852546875 0.4964275671875 0.4769737703125 0.5060109921875 0.4754046328125 0.49193010625 0.4921729640625 0.45748915468750007 0.4939253578125 0.420527021875 0.48417534843750004 0.425434528125 0.46045448125000005 0.4250834140625 0.44615995937499997 0.41798977031250006 0.438091221875 0.40209972812499994 0.44629676093750004 0.390349228125 0.453444103125 0.3711109015625 0.43640234375000003 0.3744056015625 0.43227728593750003 0.3673601890625 0.4466853015625 0.3656040140625 0.4435492 0.3516837484375 0.434642215625 0.3326485453125 0.40564093437500004 0.331013703125 0.420711046875 0.414201184375 0.3835399140625 0.41884446875 0.3674596125 0.3931858203125 0.355493440625 0.3255589 0.3981485375 0.31445055625 0.39354563593749997 0.24353499531249997 0.369119671875 0.0095406265625 0.262312034375 0.018885084375 0.28462373125 0.16311589531249998 0.2654015203125 0.162391590625 0.24033348906250002 0.0208079578125 0.0904295359375 0.033922853125 0.1422361375 0.33876606875 0.197280884375 0.7327192765625 0.18769100625 0.763390553125 0.19728546875 0.814575678125 0.222640871875 0.9792361421875 0.23241848437499998 1 0.2940920546875 1
0 0.48754947031249996 0.916441696875 0.4862080921875 0.9163661296875001 0.48432632499999995 0.908787234375 0.48117533593750006 0.872574059375 0.4790588765625 0.8755432578125 0.48266026562500003 0.9176395640624999 0.48754947031249996 0.916441696875
0 0.4737604390625 1 0.4738010765625 0.9999938265624999 0.4764904890625 0.991221359375 0.4719050453125 0.9752743859375 0.4739335765625 0.9724116953124999 0.47601365937500006 0.965279828125 0.47233885937500003 0.9593651 0.4725954828125 0.95536030625 0.471386590625 0.9480503515625 0.46995524218750007 0.939470578125 0.46917210000000004 0.9293001328124999 0.4684358140625 0.925581403125 0.46343481718749996 0.92449751875 0.458057096875 0.9233744453125 0.45191248906250003 0.923256409375 0.4512368234375 0.9253937421874999 0.45839973437500003 0.9317906703125001 0.4591151375 0.9342846843749999 0.46065178749999997 0.9461835359374999 0.460877796875 0.951617328125 0.4610342671875 0.958658609375 0.45932100625 0.962453621875 0.45970648125 0.96804285625 0.463000559375 0.9710939312500001 0.4616421296875 0.9787116265625 0.4604496796875 0.9851070796875 0.45696657968750004 0.9834810265625 0.45162170156250003 0.982392721875 0.440890578125 0.9855697781250001 0.4384081046875 0.98263434375 0.43758989843749996 0.9795031156249999 0.44092909375 0.9725104765625 0.4408575953125 0.9668169171875001 0.44330807656250004 0.9633808937499999 0.4435391875 0.9563057031250001 0.44303928593749997 0.950627665625 0.443304978125 0.9447007046874999 0.4349764578125 0.942209290625 0.4362251421875 0.9405441234374999 0.441600571875 0.93438029375 0.44274559687500004 0.9304546218749999 0.437621965625 0.9274491140625001 0.427718296875 0.9243614640625 0.4239808 0.9278771484374999 0.41371159375 0.9283740609375 0.4135681328125 0.9287959812500001 0.41423378906249997 0.9343607046875 0.42246072031250004 0.932105409375 0.431823340625 0.9377217124999999 0.430780203125 0.9492659328125 0.4267061046875 0.9455459203125001 0.41487540312500004 0.9496363499999999 0.414281209375 0.9530276046875 0.417491803125 0.9607537453124999 0.42002443906250003 0.9739613953124999 0.4193157375 0.9741614234375 0.41211523437500003 0.9783424000000001 0.414206275 0.98286329375 0.42347346874999997 0.987711553125 0.42713178437500005 0.9956071312500001 0.4271828875 1 0.4471597703125 1 0.4480145203125 0.9985310187499999 0.4467830140625 0.9899227828124999 0.44671805625000005 0.98918030625 0.45774709375 0.993926184375 0.46263187187500004 1 0.4737604390625 1
0 0.4513525734375 0.8890327890625 0.452444990625 0.8917306578125 0.4559746546875 0.89464191875 0.45926462656249994 0.9013212203125001 0.46371395312499997 0.910065146875 0.4675472734375 0.891151265625 0.45866247031249996 0.891301196875 0.454449621875 0.8878238890624999 0.4513525734375 0.8890327890625
0 0.45133265156249996 0.819658034375 0.4546071515625 0.8301045828125 0.4577489453125 0.8241722453125 0.45498506250000004 0.816370946875 0.45133265156249996 0.819658034375
0 0.406574478125 0.8081981703125001 0.4045336953125 0.8087515796875 0.4038007640625 0.8094634796875001 0.4036675328125 0.815541971875 0.41147639218750004 0.813509903125 0.41518010156249996 0.8075284046875 0.406574478125 0.8081981703125001
0 0.4069883328125 0.8612436421874999 0.4082321140625 0.8718208015625001 0.41746135781250004 0.8687594578125 0.41044619843749997 0.8627605421875 0.4069883328125 0.8612436421874999
0 0.4119563421875 0.842283815625 0.40441279531249996 0.8429202640625 0.40427247343749995 0.8462106390624999 0.405333175 0.8471655765625 0.41252645781249997 0.84494581875 0.4182747046875 0.8506446375 0.421218109375 0.8521077328125 0.428193465625 0.8489926234375 0.4233644890625 0.8460742671875 0.416794421875 0.8438540625 0.4119563421875 0.842283815625
0 0.274543296875 0.7428803296875001 0.27779358906249996 0.746703784375 0.282522884375 0.74656450625 0.28509993749999996 0.7530191515625 0.2885625734375 0.7471685375 0.28479393750000004 0.7375996453125 0.2829101203125 0.7375448718750001 0.2771411265625 0.737542978125 0.275159859375 0.7400674515625 0.274543296875 0.7428803296875001
0 0.40959650312500007 0.619952828125 0.4057067015625 0.626496434375 0.4061645484375 0.6345622234375 0.40621691562500006 0.6372224703125 0.40234910625 0.639786515625 0.41054861562499995 0.6485301531250001 0.417500059375 0.6524203484375 0.43307969062499996 0.6491578921875 0.43314914531250004 0.6444479796875 0.4271038 0.6432594046875 0.4238914546875 0.6475965078125 0.41898424375000004 0.6444293359375 0.414667290625 0.6418237921875 0.4110193171875 0.639926703125 0.4171655921875 0.6301318734375 0.415153428125 0.6223353890625 0.40959650312500007 0.619952828125
0 0.42877170781249996 0.6153531578125 0.42922723124999995 0.6119724671875 0.42609435625 0.6104412515625001 0.42269850781249996 0.6117845171875 0.4208490375 0.614614290625 0.42410154218749996 0.6172439468750001 0.42877170781249996 0.6153531578125
0 0.3664406328125 0.3552568625 0.3721668421875 0.35165031562500004 0.37185020625 0.3459515390625 0.369604140625 0.34238372031250003 0.3656616765625 0.3431442859375 0.364698375 0.3491291421875 0.3664406328125 0.3552568625
0 0.3971370046875 0.3945529046875 0.40433977812500005 0.39274639218749996 0.39939066093750003 0.377124540625 0.394249340625 0.37778922812500004 0.39436749375 0.380322946875 0.3971370046875 0.3945529046875
0 0.315751890625 0.5812110640625 0.3229313734375 0.5915622203125 0.3303056015625 0.586211653125 0.3270855953125 0.576298321875 0.315751890625 0.5812110640625
0 0.2830758953125 0.41389101093749997 0.27837695 0.42292869218750007 0.286023540625 0.4206912328125 0.2830758953125 0.41389101093749997
0 0.463043128125 0.3644238453125 0.46514440468749996 0.37051388125 0.471234440625 0.368412603125 0.46984335 0.36147619999999997 0.463043128125 0.3644238453125
0 0.4209942890625 0.5829828265625 0.4250606640625 0.59360634375 0.4294579640625 0.5900846921875 0.4261017765625 0.5786148078125 0.4209942890625 0.5829828265625
0 0.36939374062499997 0.656509903125 0.3838112703125 0.6599539375 0.4032001078125 0.6574734 0.40350175312500003 0.6519573703125 0.3862053734375 0.5797525875 0.37350985937500003 0.5690997875 0.375950884375 0.6418200109375001 0.37406340312499997 0.6561013609375 0.36939374062499997 0.656509903125
0 0.34562806562500004 0.573107596875 0.3453264203125 0.5786236265625 0.3512802765625 0.5749657953125 0.34562806562500004 0.573107596875
0 0.273348490625 0.32063393906250004 0.2733192078125 0.3292630765625 0.2808296171875 0.3254690640625 0.273348490625 0.32063393906250004
0 0.32233090937500003 0.3516390734375 0.325988740625 0.357592928125 0.32913113125 0.348691428125 0.32233090937500003 0.3516390734375
0 0.3220719515625 0.8865094859375 0.3258659640625 0.8940198953125 0.3332401921875 0.8886693296875 0.3270432578125 0.8805849140625 0.3220719515625 0.8865094859375