0 0.4062226328125 1 0.3452337515625 0.7165524875 0.3413007484375 0.7159466546875 0.3190548 0.714278746875 0.3030770125 0.69420349375 0.3003342390625 0.6711869171875 0.30631688281249997 0.633125975 0.3107005734375 0.6202608359374999 0.3303974625 0.5921552296875 0.354282903125 0.6759843171875 0.3591550921875 0.6753501296875 0.3663136 0.661316046875 0.36626352500000003 0.634028909375 0.3469421828125 0.608508490625 0.3899513015625 0.58543443125 0.3839386375 0.5764695265625 0.3802411046875 0.54597170625 0.3639173171875 0.5300445328125 0.3587787859375 0.515859903125 0.3731645296875 0.5188914578125 0.373512834375 0.49732909062499997 0.32935125625 0.4986913015625 0.2984685671875 0.4813804140625 0.2441626234375 0.525459665625 0.27227161718750004 0.6941270359375 0.2771294984375 0.7622616671875 0.2572714265625 0.7701514 0.22942250312499998 0.7290331625 0.206288834375 0.724094503125 0.2070363375 0.751992253125 0.2247154359375 0.8243104359375 0.23832243125 0.8275749203125 0.24913437031250002 0.790295378125 0.270557678125 0.7860497 0.28036979687499997 0.8185034718749999 0.2715681484375 0.832170640625 0.23506870000000002 0.8848094546875 0.2344581140625 0.9152937124999999 0.21771715 0.9182993187499999 0.2294517140625 0.89436379375 0.207467246875 0.875705528125 0.21542618125000002 0.8285934234375001 0.201855984375 0.8229427953125 0.1875639703125 0.7278581609375 0.159604575 0.741095640625 0.1326954078125 0.6482578109375 0.0338939984375 0.124331840625 0 0.12457031562500001 0 0.338338578125 0.010591015625 0.360025409375 0.1400786828125 1 0.2930428359375 1 0.27701769062500003 0.9322095640624999 0.2688431890625 0.9026557593750001 0.271656009375 0.8845498671875 0.2839891109375 0.8753085609375001 0.31067630625 1 0.4062226328125 1
0 0.2302604109375 0.44701294062499997 0.23617465625 0.4513665015625 0.2385716109375 0.45522283906250005 0.23784554375 0.46507619062499994 0.23509744375000002 0.4716634703125 0.233937534375 0.48089381875 0.23567164843750002 0.485789953125 0.238095859375 0.49223526562500003 0.2456083859375 0.48647103124999996 0.244589834375 0.4802670046875 0.24568499687499998 0.47000417031249997 0.24601128437500003 0.462588928125 0.2525270890625 0.45876761874999994 0.253909009375 0.45279875468749997 0.24966467187500002 0.447294078125 0.24144365781250002 0.44135865 0.24391730625000002 0.4384861703125 0.244438678125 0.43243892500000003 0.24157423125 0.4233907375 0.245421453125 0.4184242109375 0.25458398125000004 0.41413312187500007 0.25913974687499997 0.41023524843750003 0.2553864140625 0.40064069375000005 0.24846328125 0.4056403921875 0.2435654390625 0.41292825000000005 0.23939357968750002 0.41281347031250004 0.2368114890625 0.409847903125 0.232523534375 0.4054904828125 0.22202056250000002 0.4078518125 0.2243292984375 0.4113306171875 0.22514358906249998 0.41791936874999996 0.22193671718750002 0.43046756249999996 0.22362070312500001 0.4356958015625 0.22568421718749998 0.44149527343750006 0.2302604109375 0.44701294062499997
0 0.276738325 0.455394153125 0.27859047656249997 0.46329655000000003 0.2810503546875 0.46422431093750005 0.28536150312499997 0.46374207187499994 0.2874410453125 0.45846302968749997 0.280291246875 0.4524443921875 0.276738325 0.455394153125
0 0.21055945937499998 0.708676321875 0.2182635984375 0.706506859375 0.2220067515625 0.703645240625 0.2202991375 0.7019691546875 0.22081909687499998 0.70079455625 0.2167006828125 0.69723286875 0.22435895781249998 0.68668186875 0.22284145625 0.679611846875 0.2187239015625 0.67727285 0.20045151562500002 0.6899998140625 0.194844815625 0.6941048750000001 0.1876038390625 0.7009610328125 0.1915669875 0.7058147421875 0.1992403734375 0.7099056171875 0.21055945937499998 0.708676321875
0 0.259030596875 0.692723425 0.2640946734375 0.698268890625 0.2664248515625 0.6950239781249999 0.265226246875 0.6905084625 0.259030596875 0.692723425
0 0.029953990625 0.1212367515625 0.026419031250000002 0.10925754843749999 0.013511010937500002 0.11521222812500001 0.0165063390625 0.12462813125000001 0.029953990625 0.1212367515625
0 0.09489694374999999 0.21670794375 0.100856415625 0.219829703125 0.10364244375000001 0.21928215624999997 0.10422597812500001 0.21774111562499998 0.1041301875 0.2120468828125 0.09647006875 0.2105471140625 0.09489694374999999 0.21670794375
0 0.21821069375 0.14072966250000002 0.21724049375 0.1351467859375 0.21462576093750002 0.13434139843749998 0.21040414843750002 0.1357977171875 0.209630034375 0.1404066828125 0.21304427812500001 0.143610296875 0.21644067968749997 0.1424187671875 0.21821069375 0.14072966250000002
0 0.202520596875 0.10193264375 0.19693583125 0.1078823828125 0.2002084703125 0.10857133593749999 0.2044434640625 0.1094650671875 0.20933589062500002 0.1081638515625 0.20955066875 0.10252389843750001 0.202520596875 0.10193264375
0 0.172374134375 0.095785021875 0.17114092812499998 0.08599078125000001 0.1695695578125 0.073352790625 0.1491791484375 0.0763640734375 0.1516015125 0.0798383140625 0.1578623796875 0.088214221875 0.1621082375 0.0957469859375 0.169654828125 0.10406146875 0.1702418609375 0.1077977828125 0.1586428546875 0.12440314062499999 0.159675959375 0.1274618515625 0.1645262515625 0.1288830546875 0.17215551875 0.127985690625 0.1767025015625 0.12255181562499999 0.1809509 0.111017021875 0.17672569062500001 0.1029093234375 0.172374134375 0.095785021875
0 0.1960110578125 0.64534954375 0.19461015937499998 0.6521953890625001 0.20502695 0.6518306468749999 0.2043661625 0.6463460375000001 0.1960110578125 0.64534954375
0 0.1827372453125 0.48714434687499997 0.18612050625 0.4967523296875 0.19642893749999998 0.4899461453125 0.192345228125 0.4837610875 0.1827372453125 0.48714434687499997