0 0 0.53015349375 0.0008901281250000001 0.5303390125 0.0163052203125 0.526901390625 0.022952178125 0.527717534375 0.035179812500000004 0.53904684375 0.042954264062500004 0.53983455625 0.05082610625 0.5388033953125 0.0596361609375 0.5342210390625 0.0633997890625 0.5300186984375 0.067427646875 0.5338443374999999 0.070548059375 0.5348933765624999 0.092456965625 0.5375834515625 0.10826040625 0.5431886875 0.11330373125 0.542808290625 0.11793278437500002 0.53971185 0.1220330484375 0.538883496875 0.1262479265625 0.5350703015625 0.13802845156250002 0.538848209375 0.1570555765625 0.536519990625 0.17194682187500002 0.5373487671875 0.1831890546875 0.539395040625 0.19319806875 0.539292190625 0.210921221875 0.5414683203124999 0.22064667187499998 0.54366209375 0.22876684218749999 0.5426598484375 0.231845334375 0.544037478125 0.2402958390625 0.54440916875 0.247192771875 0.547253709375 0.2732423109375 0.54878665 0.2830934296875 0.5519954921875 0.306881678125 0.5515852437500001 0.31024712656250003 0.55266436875 0.313372290625 0.55571326875 0.3173067078125 0.554197078125 0.32149566093750004 0.55671069375 0.32948861093750004 0.5546931890625 0.3459011984375 0.5573758765625 0.36087318125 0.557547090625 0.3917289625 0.5626690812499999 0.4042878703125 0.5662103984375 0.41249178906250006 0.5665518109375001 0.4254490671875 0.5648101109375 0.4441585625 0.5671073484375 0.44719668749999997 0.568813759375 0.458231053125 0.5685014953125 0.47500959218750005 0.570229478125 0.48567965625 0.5728713984375 0.49277466406250003 0.5720770171875 0.505122415625 0.5732609671875 0.516615984375 0.577337378125 0.5203859140625 0.5751350890625 0.5346986890625 0.5745594609375 0.54746875625 0.5804581468750001 0.571713196875 0.5824353515625 0.578609940625 0.5852814421875 0.5938686890625 0.585155703125 0.6184046453125001 0.588835815625 0.6219264390625 0.5866030578125 0.64781963125 0.5914478828124999 0.6687841140625 0.593688259375 0.671653 0.5927087125 0.687698275 0.5963443640625 0.6912651890625 0.5957826875000001 0.7074313796875 0.598433546875 0.7097684671875 0.5977208671875001 0.7513297390625 0.6031576875 0.7680245296875 0.603542009375 0.7996202578125 0.6087532796875 0.8161893812500001 0.608122534375 0.8524156203125001 0.61223839375 0.8641430734375 0.6103456890625 0.864487240625 0.6085555390625 0.8631013984375 0.5933923734375 0.8573764671875 0.5830283656249999 0.8643283531250001 0.5732196625 0.8616698250000001 0.5673960109375 0.8579368734375 0.5672714 0.8531884546875 0.5713528234374999 0.84226724375 0.5666792140625 0.8336956328125 0.5672938656250001 0.8209978328125 0.5750636828125 0.8169329968750001 0.5735649453125 0.8130404999999999 0.574752546875 0.80630824375 0.572592553125 0.80302334375 0.570857415625 0.801622728125 0.5680202640625 0.782067003125 0.57261501875 0.7728782921875 0.5721526890625 0.769839978125 0.5704478281250001 0.762051884375 0.57282265 0.753641559375 0.5721237296874999 0.7465787781250001 0.5685913515625 0.7380704515625001 0.5605491890625001 0.7280580453125001 0.5586539187499999 0.7179523890625 0.55141526875 0.7128639421875 0.550124584375 0.7101062812500001 0.5461211703125 0.7047276796874999 0.5431293203124999 0.70743071875 0.541461934375 0.71013055625 0.5377948781249999 0.7140012687499999 0.53577183125 0.7181291984375 0.5286153062500001 0.7189788187499999 0.5237214328124999 0.7165716265625 0.51992791875 0.7127935562500001 0.518132228125 0.7104081484375 0.515174159375 0.7021157312499999 0.5114892249999999 0.69520929375 0.5046449640625 0.6807661 0.5022056609375001 0.675879309375 0.49927262499999997 0.6660960359375 0.4894083796875 0.6621117484375 0.4872536296875 0.6550182906249999 0.48804820312499997 0.6457567937500001 0.49224296562500003 0.6411197890625 0.491339875 0.6368051671875 0.487811190625 0.635211978125 0.48145244375 0.6315298390625 0.47583684687499994 0.6251294671875 0.4750509796875 0.62062133125 0.477162628125 0.61106191875 0.4756551421875 0.6025356171875 0.4779393234375 0.596014328125 0.4781382484375 0.588825878125 0.4735908015625 0.5848867109375 0.4731071328125 0.5718940046875 0.4771759234375 0.5682416015625 0.4763953015625 0.5651583578125 0.47301780937500004 0.5563678265625 0.4672740125 0.5546893390625 0.45957141718749994 0.551128115625 0.452971028125 0.5479224031250001 0.4505781390625 0.540224359375 0.45629667031250004 0.530703765625 0.4544602140625 0.5248818640625 0.45507875000000003 0.5173789828124999 0.45715642812499996 0.5106609796875 0.46099601718749994 0.48919556562500005 0.4546940046875 0.48150735312500004 0.4460882125 0.46927896875 0.44391928125 0.4666564765625 0.44493065625000006 0.45853691875 0.45509501874999997 0.4574520546875 0.46595626562500003 0.458181178125 0.471210853125 0.4623621796875 0.4697249375 0.4658444046875 0.47698152968749996 0.46367316562500005 0.4783820484375 0.460382765625 0.4838074265625 0.4562250984375 0.4861289765625 0.45448412656250003 0.49624376249999996 0.44278340156249996 0.5009702203125 0.43548353593750005 0.5014072859375001 0.43237281562499996 0.5043564171875 0.42638826874999997 0.5062867843750001 0.42216369687500005 0.5061018109375001 0.41899496249999996 0.5013820203125 0.41501561562499995 0.50122558125 0.4031820203125 0.4917770640625 0.39624490625000003 0.489259753125 0.3857266265625 0.4813045390625 0.37681993125 0.47854539375 0.3709982203125 0.47916237968750003 0.3660016640625 0.4832133359375 0.3583762171875 0.484276325 0.3545981453125 0.482480634375 0.3466392625 0.48216930781249995 0.330938765625 0.4859056234375 0.3215969109375 0.4907548453125 0.3181427734375 0.48633375 0.3141634265625 0.4861773109375 0.3116698046875 0.49020342499999997 0.3061831796875 0.4941942078125 0.29814374843749997 0.49453889218749997 0.293023075 0.49757497031250003 0.289322540625 0.49312204687500005 0.2849723015625 0.491922003125 0.282546525 0.48929271406249997 0.272627559375 0.49273927500000003 0.26639322656250003 0.49263969531249996 0.2622122234375 0.49412561093749996 0.2580636390625 0.49128321406250003 0.24915694375 0.48852406875 0.23841108281249998 0.48853801875 0.23466862968750002 0.4844136875 0.2321082921875 0.48593172500000004 0.23082445312500002 0.4892720375 0.2298036234375 0.48231609375 0.224482425 0.477831046875 0.22323401406249999 0.47884426874999997 0.22331776093750003 0.480187928125 0.22494792968750002 0.48421977343749995 0.20743758437499998 0.4864004921875 0.20316808281249998 0.48454288593749995 0.199646290625 0.48677564375 0.19758646562499999 0.48319165000000003 0.19413571875 0.4807686734375 0.18379772968750002 0.479499328125 0.1764173171875 0.4805924046875 0.1696721671875 0.47243457031249997 0.1615939171875 0.473108225 0.157498215625 0.47593799062500003 0.1431840796875 0.4765118765625 0.13596020312499998 0.47429151875000003 0.1178695484375 0.47306990468750004 0.110927684375 0.46855273437499995 0.1097412359375 0.4700741703125 0.107199484375 0.470427984375 0.09919703125 0.46844576718750003 0.09476944375 0.46990140468749997 0.08619482187500001 0.4685148359375 0.07773462656249999 0.46414497499999996 0.0762083421875 0.46029275468749997 0.0751307203125 0.46399212500000003 0.073555175 0.46563108125 0.06711462500000001 0.46517244375000005 0.0548955515625 0.467004784375 0.0519815453125 0.4663132515625 0.047460515625 0.46242705937500006 0.045030178125 0.45779635937499996 0.0373643625 0.45918813125 0.031576528124999996 0.4574778359375 0.0304442828125 0.4555064046875 0.0299617453125 0.45028209375 0.0253825640625 0.457049475 0.0224556640625 0.45036010156249995 0.0181086234375 0.4511597296875 0.0173035125 0.4485625640625 0.018283553124999997 0.44668362031250003 0.0224509125 0.448360240625 0.025606753125 0.44708219062500004 0.0268333796875 0.4452335234375 0.030327696874999997 0.44932738906249997 0.0327945921875 0.44246752031250003 0.0368499265625 0.4399665375 0.03803143125 0.43644679062499997 0.0430046515625 0.4315602 0.0483347421875 0.43088285 0.0503134078125 0.42596073749999996 0.052954292187499995 0.4237866875 0.0570594984375 0.42495664531250005 0.06103409375 0.4231132234375 0.0808073765625 0.4248751765625 0.094285303125 0.416867409375 0.10263286406250001 0.40789754843750003 0.10648673125000001 0.4070373671875 0.10699693749999999 0.4059335046875 0.10040399062500001 0.40162604531249996 0.0942098359375 0.4011992359375 0.0916633328125 0.3995531875 0.076150046875 0.39564911875000003 0.0643064296875 0.40052647500000005 0.055583415625 0.40645132031250003 0.04693125625 0.4077219828125 0.0424505953125 0.40350701093749997 0.035966475 0.40137748437500004 0.0303317859375 0.3943556359375 0.025649660937500002 0.391781465625 0.009657459375 0.39381642499999997 0 0.4706851484375 0 0.53015349375
0 1 0.26453738125 0.9828250171875 0.262428559375 0.97778033125 0.2628072140625 0.941337990625 0.2543356765625 0.9037190875000001 0.2513821953125 0.900604975 0.2523332078125 0.8866987140625 0.251623796875 0.8662662203125 0.249115003125 0.85793324375 0.24576040156249998 0.853752240625 0.247246315625 0.8279009671875001 0.2420729015625 0.7924610640624999 0.24171998281249998 0.74827575 0.237294346875 0.740842265625 0.2327168125 0.719958521875 0.22981887343750002 0.7129762875 0.22563048437500002 0.6954627437500001 0.22581153125000003 0.69029695 0.2271765296875 0.6854550890625 0.2259161234375 0.67852611875 0.22739679218750003 0.655511503125 0.22557059218750003 0.6429929640625 0.22170049375 0.6115276546875 0.219504153125 0.5945783265625 0.2150900234375 0.5844450046875 0.2141795453125 0.5489037078125001 0.20448526562499997 0.545868784375 0.204778525 0.5415668640625 0.20724923125 0.53246364375 0.2081292 0.5129755734375 0.206070103125 0.49472363281250004 0.20616206093749997 0.433384325 0.196963428125 0.40118895156249995 0.198674428125 0.3359150375 0.1909935359375 0.3303737890625 0.1893135171875 0.3244296109375 0.1909151046875 0.3181950859375 0.1908170765625 0.314990925 0.18842437812499999 0.29074018125 0.184447121875 0.2875407703125 0.184054284375 0.2837723921875 0.1862567640625 0.272201475 0.184836034375 0.26923420625 0.1784754421875 0.25722648124999997 0.1826635984375 0.25181090156249997 0.1819986484375 0.250588415625 0.1766850578125 0.25562379062499996 0.17230513125 0.25412065156249997 0.16929009687500002 0.2382398640625 0.1663405421875 0.2224896859375 0.1664043671875 0.2144611171875 0.1707505125 0.18710915625 0.173722109375 0.177221059375 0.1728401671875 0.1674520390625 0.1689755046875 0.1595784546875 0.1700080265625 0.1464102078125 0.1693908078125 0.121131103125 0.163621746875 0.1006631828125 0.1634400421875 0.07349979375 0.1587729953125 0.038123593750000004 0.15892693125 0.0362512625 0.1751887140625 0.04593314375 0.1757115984375 0.07075944687499999 0.1810913265625 0.0943074109375 0.18265085 0.1187630109375 0.1869854234375 0.13939541875 0.1878532234375 0.1811274796875 0.1959761921875 0.21644646562499997 0.197313903125 0.2637504515625 0.2027899390625 0.26802014375 0.20464599374999998 0.275871003125 0.211939953125 0.2894952515625 0.21494617656249998 0.3038127765625 0.216370409375 0.31493884375 0.2214013359375 0.330197590625 0.22127559687499998 0.33814678125 0.21758875312499998 0.3469198578125 0.2153332984375 0.366523903125 0.21440929375 0.40877525156249994 0.21626445312499998 0.41981107812499996 0.2179532203125 0.4310596125 0.22199954375000003 0.4530941859375 0.2257046890625 0.4636336390625 0.22533323125 0.47266125312499996 0.22710758437499998 0.487346090625 0.22757885312499998 0.496365753125 0.22535367499999998 0.5120353828125 0.22594586093750002 0.5306321031250001 0.2332258703125 0.5359220140625001 0.2328757515625 0.554062540625 0.23776830625 0.5558926234375 0.24015915781250002 0.5555749921875 0.2447846140625 0.557853315625 0.24556338906250003 0.560157984375 0.2491790203125 0.56499664375 0.24843975624999998 0.571812840625 0.2519418578125 0.5915055765624999 0.254359821875 0.6064900718749999 0.26053197968749997 0.629217921875 0.2626551328125 0.6373911624999999 0.26732349843750003 0.6423553015625 0.2676008546875 0.66047724375 0.273657634375 0.6626482921875 0.272258665625 0.663709071875 0.2697221609375 0.6628985984375 0.25596301875 0.6510248234375 0.2468417296875 0.6639165578124999 0.24259524687499998 0.67937521875 0.240828515625 0.6838060078125 0.241372546875 0.69115574375 0.244606421875 0.6956267109375001 0.24482322500000003 0.7065077421875 0.24982406406250002 0.730223584375 0.25406780625000003 0.74983238125 0.2551436609375 0.7773102015625 0.2531855828125 0.785433571875 0.25418300625 0.7887230328125 0.25791955624999996 0.79105856875 0.257206684375 0.7931846874999999 0.2541350859375 0.8008613671875 0.2567447765625 0.8055743578125 0.2549904453125 0.8439765890625001 0.2597056453125 0.8630472859375 0.2590483171875 0.8823337 0.2627497671875 0.8871319906249999 0.262339284375 0.8944009890625001 0.266230721875 0.9023133906249999 0.2648692265625 0.9145821453125 0.266709378125 0.9366877640625001 0.26575879062499996 0.972833646875 0.270529109375 0.9833342828125 0.27048662343749996 1 0.2729737875 1 0.26453738125
0 0.32220370625 0.44918298749999996 0.3142543265625 0.45287138281250006 0.3102658984375 0.457878890625 0.3109829296875 0.46629620312500003 0.31246409375 0.46847734531249996 0.3262617203125 0.4670072703125 0.331745146875 0.46101681718750004 0.33716072656249996 0.461681765625 0.346377103125 0.455815925 0.3489326875 0.452298025 0.348929296875 0.45029990625 0.34619497187500003 0.447132125 0.335649215625 0.44550353125 0.32220370625 0.44918298749999996
0 0.5667116937500001 0.3677600390625 0.5679745484375001 0.3727448484375 0.5739452640625 0.373978565625 0.5779014640625 0.37329781875 0.5800507296874999 0.37106340625 0.5804972296875001 0.3694526890625 0.578372240625 0.3633608109375 0.57266970625 0.362994365625 0.5667116937500001 0.3677600390625
0 0.6356872203124999 0.3229208796875 0.6367026890624999 0.3187148453125 0.635033703125 0.3150119703125 0.6309302390625 0.313840653125 0.62414853125 0.3171733875 0.6240992703125 0.322664565625 0.6307680125 0.324316153125 0.6356872203124999 0.3229208796875
0 0.7010197171875 0.6394595265625 0.70285455 0.6438502390624999 0.7062433343750001 0.645765 0.7095015078125 0.6446663828125 0.7131176828125 0.6386135281249999 0.7115294343749999 0.63425309375 0.70701315625 0.6323667625 0.7012615515625 0.6374899421875 0.7010197171875 0.6394595265625
0 0.5401381140625 0.24738679062500002 0.5338135390625001 0.2439450515625 0.5253630359375 0.2435733609375 0.51846135 0.23872896093749998 0.512127884375 0.24044961874999998 0.5127548656250001 0.2455232203125 0.5102750765625 0.24638524843749998 0.5082111125 0.24996351093750002 0.5091466437500001 0.25557560625 0.5217506734375 0.260788003125 0.5358447578125001 0.26301914531250004 0.5431228375 0.261746634375 0.5541586625 0.2634354015625 0.558922465625 0.2561900828125 0.5554853609375 0.25060457187499996 0.54936719375 0.247520340625 0.5401381140625 0.24738679062500002
0 0.3854151328125 0.236932565625 0.3836019625 0.24016065625 0.389119875 0.241005040625 0.3952518765625 0.24092518593749998 0.39534167343750004 0.239001478125 0.390587796875 0.2362295890625 0.3854151328125 0.236932565625
0 0.24123969218750002 0.24367003125000003 0.2512519078125 0.24556685156250002 0.26794669843749996 0.245951175 0.2747050703125 0.24178280624999998 0.2859981140625 0.23833809218750002 0.2844500453125 0.23365042656249999 0.274186303125 0.22972501875 0.264755759375 0.231232271875 0.2551963453125 0.2297247859375 0.24453917500000003 0.23308070625 0.22735596406249997 0.234635690625 0.2187360328125 0.2315795921875 0.21057568437500002 0.23290906875 0.20684748437499997 0.2347843171875 0.20251921875 0.23441816875 0.189539409375 0.23729212500000002 0.1908582703125 0.2489365234375 0.1996769015625 0.24952815468749998 0.2108308328125 0.24610099375 0.2203686515625 0.24677148437500002 0.24123969218750002 0.24367003125000003
0 0.23256698281250002 0.6958854015625 0.2365013984375 0.694369209375 0.23754909375 0.6858364140625001 0.234694040625 0.683651875 0.231112684375 0.6782155203125 0.22754101875 0.6767773375 0.22327626875 0.6769195921875 0.2192613046875 0.6790917953125 0.21334822187500002 0.6855301 0.20893507812499998 0.69298376875 0.2093774375 0.698535309375 0.2147124703125 0.69985626875 0.22873965 0.6995808875 0.22981313124999997 0.7030437734375 0.23221712343749998 0.7048376171874999 0.2358879203125 0.704455565625 0.2376245609375 0.7015045875 0.23685506875 0.6965787812500001 0.23256698281250002 0.6958854015625
0 0.9802862875 0.66875095625 0.983276090625 0.6667866171875 0.9696029109375001 0.6509475265625 0.9654541359375 0.6481066796875 0.9628141906250001 0.6411188015625 0.9591168578125 0.63866555 0.954838275 0.641971890625 0.952676728125 0.64737058125 0.9586635359375 0.656601809375 0.9698750921875 0.6629750359375 0.9723022296874999 0.665606065625 0.9802862875 0.66875095625
0 0.9792514265625 0.608022175 0.9906849859375001 0.6064460140625 0.9883976140625 0.6024971953125 0.9818340234375 0.5981429640625 0.9684482187500001 0.5911690375 0.96435270625 0.5939972499999999 0.9563534546874999 0.5940147046875001 0.9486055390624999 0.596062296875 0.9406030859375001 0.5940800796875 0.9374876140625 0.59502935 0.9161571796875 0.593743678125 0.91289900625 0.5948422953125 0.9114741140625 0.6003314359374999 0.9143034328124999 0.6088412359375 0.925804953125 0.616917178125 0.9352885703125 0.6210805359375 0.960993940625 0.6244036265624999 0.9665484109375001 0.6137574421875 0.9705368390625001 0.608749934375 0.9792514265625 0.608022175
0 0.7887289203125001 0.46748389687499997 0.779616428125 0.4735293625 0.779503653125 0.478512134375 0.784618634375 0.4826381234375 0.7866687671875 0.48222394687500003 0.788754515625 0.47948112812500004 0.7909706859375001 0.479753240625 0.79302876875 0.4833385953125 0.7964981015625 0.4845973453125 0.8076251078125001 0.48046634375 0.8112058531249999 0.47674058124999996 0.8087535406249999 0.4712759875 0.8060006312500001 0.46927243281250003 0.8015650921875 0.46672853906249995 0.79471346875 0.46555352812499995 0.7887289203125001 0.46748389687499997
0 0.8453425328125 0.4724374703125 0.8333209765625 0.47978971406250004 0.834009921875 0.48537153125000004 0.8442721125 0.48929674843750004 0.8471724765624999 0.4931508171875 0.8515814796875001 0.4928594046875 0.85821874375 0.489677378125 0.862735021875 0.491563709375 0.8647851546875 0.49114953281249996 0.8662350296874999 0.48849550781250006 0.8656452171875 0.481093453125 0.8638537625 0.47837518125 0.8569973890625 0.475200309375 0.8453425328125 0.4724374703125
0 0.98188789375 0.5193544390625 0.9845426125 0.514016303125 0.982850290625 0.50947779375 0.9824700843749999 0.5044329171874999 0.984220559375 0.498317853125 0.9815266015624999 0.49482129218750004 0.968653934375 0.4889761265625 0.9581556921875001 0.4889606609375 0.9414594546874999 0.47974155781250005 0.9475831265625001 0.47699864999999997 0.9396882062499999 0.475358653125 0.9378660765625 0.47696733125 0.9398176859375 0.48753550937499995 0.9391325515625001 0.4931154796875 0.93688570625 0.4971703203125 0.9371137078125 0.498364821875 0.9443813453125 0.5022545171874999 0.950383346875 0.5083234015625 0.9548948734374999 0.508209871875 0.95964804375 0.506128309375 0.9635064734375 0.5072695406250001 0.9731964953125001 0.5117904046875 0.98188789375 0.5193544390625
0 0.9148938531249999 0.5317857046875 0.9171753765625 0.53456415 0.9235226765625001 0.52967940625 0.92824041875 0.529924934375 0.9298826796874999 0.5307940546875 0.9326435406250001 0.5367971390624999 0.94424099375 0.5410531749999999 0.94774594375 0.5399832828125 0.9541457046874999 0.5316070328125 0.95272805625 0.529934296875 0.9442775515624999 0.5295626062500001 0.933925309375 0.5222936781249999 0.9263337390625 0.5210293874999999 0.917117553125 0.526893678125 0.9148938531249999 0.5317857046875
0 0.9917741109374999 0.5385602359375 0.9942715453125001 0.545695909375 0.9977440765625 0.5489543296875 0.9995576453125 0.5341840015625 0.9985681015625 0.5320632234375 0.98965759375 0.5181422921875 0.9868256859375 0.5167949390625 0.9810426031249999 0.5170845046875 0.979467059375 0.5187234593750001 0.9829613765625 0.522817325 0.9868994125 0.532464471875 0.9917741109374999 0.5385602359375
0 0.9180033046875 0.5563225453125 0.9297387078125 0.5584293734375 0.933823778125 0.560763365625 0.9335209203125 0.55306280625 0.9305400078125 0.54986475 0.92298880625 0.548271678125 0.9157340625 0.5503798234375 0.913871753125 0.5523157328125 0.9180033046875 0.5563225453125
0 0.9502687828124999 0.559117740625 0.94560999375 0.55737920625 0.9395447062500001 0.5599671359375 0.93592698125 0.5660197984375 0.9352822171874999 0.5712709890625 0.9367200015625 0.5717796890625 0.9396106718749999 0.5716355875 0.9487463093749999 0.5664273078125001 0.9513018953125 0.5629094078125 0.9502687828124999 0.559117740625
0 0.918313975 0.586345128125 0.9079759859375001 0.5850757828125001 0.9054558281249999 0.586266590625 0.90498919375 0.5890413421875 0.909510221875 0.592927534375 0.9171637562500001 0.594700040625 0.9185780140625001 0.5943746578125 0.9202744765625 0.591750909375 0.9201456078125 0.5887361703125 0.918313975 0.586345128125
0 0.8982781984375 0.48293413437500005 0.8990252968749999 0.47786237812500004 0.8904225890624999 0.47364031406249996 0.8877147984375 0.47330783906249996 0.883494978125 0.475122725 0.8834489171875 0.482613571875 0.887272109375 0.48608034218749996 0.8982781984375 0.48293413437500005
0 0.48681789843749995 0.8225618953125 0.48827789218750006 0.8271206796874999 0.4947725 0.8236645375 0.4952837921875 0.8175515953125 0.48681789843749995 0.8225618953125
0 0.4716448765625 0.872812328125 0.46994915312499996 0.8793276734375001 0.47788616875 0.8787657640625 0.4716448765625 0.872812328125
0 0.41337101093750006 0.8641616750000001 0.41828407343749996 0.8714963484375 0.425088415625 0.8692998421875 0.41934173281250003 0.862023384375 0.41337101093750006 0.8641616750000001
0 0.40305086875 0.92916033125 0.410993465625 0.9411048234375 0.413212378125 0.9386365296875001 0.40718335625 0.9239154859375001 0.40305086875 0.92916033125
0 0.0722789859375 0.7963217203124999 0.051481871874999995 0.8032828265624999 0.05288987656250001 0.8092394437499999 0.0556017625 0.8102949953125 0.0728309359375 0.8004935203124999 0.0722789859375 0.7963217203124999
0 0.15051588437500002 0.2275339296875 0.1540111421875 0.2224658671875 0.1466398109375 0.218394996875 0.12809771406249998 0.2167857890625 0.10984441250000002 0.21687600625 0.09966182812499999 0.2214567046875 0.0985658125 0.22631874999999999 0.1008069671875 0.22942597656250002 0.1122787515625 0.23266694375000002 0.13588411875 0.23273327031250002 0.15051588437500002 0.2275339296875
0 0.0407727625 0.2360480703125 0.05172639062499999 0.23639336875 0.0655337109375 0.2389214640625 0.07605613125 0.23971442187499997 0.0837234984375 0.23832284218750002 0.091592140625 0.235292009375 0.09451522968750001 0.2308195953125 0.0931316484375 0.2268180265625 0.08356729375000001 0.22331223125 0.057970746875 0.2221670734375 0.0477197078125 0.22424105781249998 0.03921994375 0.22936054375 0.0407727625 0.2360480703125
0 0.13454861875 0.278214209375 0.1413244453125 0.2820450921875 0.1463911078125 0.28250033124999996 0.1532565640625 0.28051125625 0.1537586265625 0.27540941406249997 0.14749300468749998 0.27047466875000004 0.1403723515625 0.2742600953125 0.13602208437500002 0.276778390625 0.13454861875 0.278214209375
0 0.7010837859375 0.14237621250000002 0.694321603125 0.1353827953125 0.68076474375 0.130930253125 0.664797090625 0.135778234375 0.654919140625 0.1311980875 0.6377307078125 0.13035959531250002 0.621226746875 0.12728 0.620982865625 0.132663846875 0.615931271875 0.131919225 0.6092905890625 0.12944933125 0.6048524734375 0.12847778125 0.5948456515625 0.12931921562499998 0.5873332718750001 0.1275766359375 0.5795261515625 0.12833710625 0.568063759375 0.1278018265625 0.5373275578125 0.12516764062500002 0.5234768078125 0.12236501875000001 0.5127822796875 0.1195248890625 0.49422208593750006 0.1190374625 0.47179239375000004 0.11872980156249999 0.45921320468750004 0.117174253125 0.45129212812499997 0.11509340625 0.43182624687500004 0.1136997859375 0.42057900468750004 0.112732821875 0.40753661562500004 0.11064183125 0.3828079140625 0.10922384062499998 0.36999438281249997 0.106410040625 0.3628765453125 0.10589028281249999 0.359233828125 0.1051077015625 0.3549174296875 0.10493978906250001 0.3516507328125 0.10444108593749998 0.3496622078125 0.10404580000000001 0.3420230796875 0.10159184531250001 0.3318444015625 0.1019225921875 0.323886653125 0.1012430328125 0.31659212187499997 0.1004827609375 0.305281240625 0.09832888281249999 0.2905350484375 0.0978060015625 0.27893391875 0.0933747734375 0.275818446875 0.09432404375 0.267530590625 0.092640521875 0.2642845078125 0.0905764140625 0.256654309375 0.08963954375 0.25262984374999997 0.087812025 0.24905478749999999 0.084375721875 0.2371614890625 0.0855805859375 0.22949111093750002 0.0849709453125 0.2208745703125 0.08391296718749999 0.21767040781250002 0.08152026875 0.205781859375 0.08472499375 0.200254865625 0.08904455781250001 0.18876924687500002 0.088967678125 0.174504984375 0.093212503125 0.17051655625 0.0982200125 0.1826459984375 0.1022076296875 0.19540162187500001 0.102108284375 0.2014843625 0.10751960625000001 0.2058344125 0.1087212 0.2194942796875 0.1093987828125 0.22629777187500003 0.1069014921875 0.23195993750000002 0.10759671875000001 0.240992303125 0.11137093281249999 0.253627009375 0.112256378125 0.2774514859375 0.11867960468750001 0.2900644078125 0.1187296046875 0.3159512984375 0.12157437812500001 0.317478521875 0.116264671875 0.31967135625 0.11570114843749998 0.328452384375 0.11744522500000001 0.33554739218749996 0.11665084218749999 0.3453533921875 0.1181886046875 0.36716885625 0.11553685 0.3788284625 0.12029955 0.3828032484375 0.1184545765625 0.3949044140625 0.11960825 0.4068380828125 0.1180746046875 0.42517532343750003 0.11932649531249999 0.47953733906249996 0.12633505 0.48922261093749997 0.12885605312499998 0.5208537671875 0.1317402328125 0.540662478125 0.1311750953125 0.5971521640625 0.135112240625 0.6108167828125 0.13778968281249998 0.680518284375 0.1440149359375 0.689631196875 0.1471331390625 0.697135728125 0.147054940625 0.7010837859375 0.14237621250000002
0 0.4279191625 0.2598206078125 0.42891908125 0.26110044375 0.43266163906250005 0.260121121875 0.43046526875 0.25702096874999997 0.42880519375 0.2576687984375 0.42774413593749994 0.2586562234375 0.4279191625 0.2598206078125
0 0.47814055624999996 0.3889661875 0.47836535312499995 0.390468846875 0.4805594359375 0.3922542328125 0.4828074671875 0.39131809687499997 0.4849995234375 0.3900429234375 0.48486635156249996 0.3880760953125 0.483918821875 0.386202909375 0.4814575953125 0.387311221875 0.47911231406250004 0.38782139375 0.47814055624999996 0.3889661875
0 0.468316803125 0.3879961171875 0.467646659375 0.389876903125 0.467681759375 0.39112958125 0.46824534531250006 0.392462890625 0.4716434578125 0.394211928125 0.47381204062500004 0.3932817796875 0.47479253750000006 0.3910786 0.468316803125 0.3879961171875
0 0.164806521875 0.222497353125 0.1629377515625 0.22138317812500002 0.16075414999999998 0.221115065625 0.1551569796875 0.2215187625 0.1563836984375 0.22379775 0.15941765000000002 0.22510221874999997 0.1634030265625 0.22482490937500002 0.164806521875 0.222497353125
0 0.1796296453125 0.22612462500000002 0.18570515468749998 0.22688949374999998 0.184326665625 0.2243336984375 0.1840805203125 0.2208637734375 0.1832381078125 0.22080126875 0.1795678296875 0.22124320625 0.1734580546875 0.2224497921875 0.172697053125 0.2250577390625 0.173654396875 0.22538938281249998 0.1796296453125 0.22612462500000002
0 0.3358142796875 0.18576257812500002 0.337997796875 0.183415878125 0.337792215625 0.182282375 0.335136821875 0.18162574375 0.332223103125 0.1816883046875 0.33171586249999996 0.180242271875 0.32993735 0.1795469046875 0.325103784375 0.18057802812499998 0.32517356406250003 0.18271495937499999 0.32661647656250004 0.1837973125 0.3297910703125 0.1852512859375 0.33286621875 0.18669462187500002 0.3358142796875 0.18576257812500002
0 0.272097590625 0.155078125 0.276951003125 0.155859809375 0.28494131093749997 0.1549407953125 0.28640344375 0.1515971859375 0.2837442921875 0.1520609484375 0.27782127968750003 0.15243880625 0.27428836562500003 0.15126198125 0.271406909375 0.15225415312499999 0.272097590625 0.155078125
0 0.191429290625 0.147268609375 0.19608268125 0.1472433390625 0.2026115125 0.144816225 0.19705593906250002 0.143765715625 0.19598799218750002 0.1432835328125 0.1923280390625 0.1431285296875 0.179233684375 0.1447557953125 0.18826555 0.14688015000000001 0.191429290625 0.147268609375
0 0.17938037812500002 0.11348275625 0.177952309375 0.113074425 0.1738469359375 0.111739153125 0.171779853125 0.11211189218749999 0.17002016874999998 0.11391714687500001 0.1733568015625 0.11484633125000002 0.179608615625 0.1143419765625 0.17938037812500002 0.11348275625
0 0.1766040625 0.1173623890625 0.1718744390625 0.11753414843750001 0.1680168046875 0.11791215156249998 0.1671760390625 0.1196696625 0.170880690625 0.12085812968750001 0.1752073078125 0.12055817656250001 0.17742607187499998 0.11882188281249999 0.1766040625 0.1173623890625
0 0.1580965140625 0.099522346875 0.1539354671875 0.099050790625 0.14969762656250002 0.10051240937499999 0.1512460125 0.10108191875000001 0.15509461093750002 0.103046840625 0.16102694687500002 0.103567440625 0.1620635625 0.102125209375 0.1580965140625 0.099522346875
0 0.171876178125 0.10021148906249999 0.169765996875 0.09806331093750001 0.1675183546875 0.0968679828125 0.1628323296875 0.098812959375 0.167553659375 0.10008060625 0.171876178125 0.10021148906249999
0 0.4426501140625 0.1346925484375 0.44064242499999995 0.13501748125 0.43672537499999997 0.138097446875 0.44503355468750005 0.13852565 0.44544123906250005 0.13857728125 0.44602678281249997 0.13744961093750002 0.4463618953125 0.1359511578125 0.44539996718749997 0.1350286140625 0.4426501140625 0.1346925484375
0 0.44756109843749997 0.14649306875 0.44764943749999997 0.1462992640625 0.44566149062499993 0.144924875 0.44317047656249997 0.14383977187500002 0.44005528906249997 0.14287638281249998 0.437241996875 0.14295442187500002 0.4339548203125 0.1440841109375 0.4326112984375 0.145474490625 0.43581582656249995 0.145992321875 0.4389815921875 0.14686431875 0.439839665625 0.1477095671875 0.443305475 0.14717640625 0.44756109843749997 0.14649306875
0 0.34268463125 0.1442702734375 0.3424314390625 0.14574257968749998 0.34351642656250003 0.146573184375 0.34629828281249997 0.1459434515625 0.3460515484375 0.1441578859375 0.34405312499999996 0.143932975 0.34268463125 0.1442702734375
0 0.3391116234375 0.0883020296875 0.343270415625 0.088894525 0.3462332515625 0.08922683125 0.3493666828125 0.08833643906250001 0.3508069796875 0.08679894375 0.3495544921875 0.085588846875 0.346962509375 0.085749159375 0.34454461406250003 0.086376353125 0.3444315671875 0.0864380359375 0.341857678125 0.0853868359375 0.339618696875 0.08460816875 0.337295475 0.0848361125 0.3359275921875 0.085719746875 0.335254565625 0.08761119843750001 0.3391116234375 0.0883020296875
0 0.336084503125 0.0932370890625 0.3341404625 0.0928000375 0.331238796875 0.0927900890625 0.3309994390625 0.0935855984375 0.33189722499999996 0.095133109375 0.3336862203125 0.0949481921875 0.33639098125 0.09486941875 0.3396578703125 0.0942126578125 0.3398616734375 0.09364262031250001 0.336283828125 0.0932804546875 0.336084503125 0.0932370890625
0 0.3262148984375 0.0981663421875 0.3290797203125 0.09914306875 0.33076234531250004 0.09950394375 0.33327600625 0.0986224609375 0.33600745781249997 0.0972749859375 0.33144534531250003 0.09712098125 0.32729174687499996 0.09633234375000001 0.325749434375 0.0960595375 0.3245197625 0.096779103125 0.3262148984375 0.0981663421875
0 0.43401001250000004 0.07833670468750001 0.4376651640625 0.0803770515625 0.44088448593749996 0.08056925781249999 0.445466540625 0.0807146921875 0.45005408124999996 0.0803538953125 0.4506343421875 0.077871734375 0.4544604546875 0.0793018046875 0.46982207656249997 0.0816460765625 0.47384820781250003 0.0812163484375 0.4734670578125 0.07902544218749999 0.44803468124999996 0.0764663140625 0.41273507968749995 0.07326551718749999 0.41217247187500006 0.074334609375 0.41518226406250003 0.0756691703125 0.42558843125 0.0767422359375 0.432400840625 0.0776212 0.43401001250000004 0.07833670468750001
0 0.37730585156249996 0.08322356875 0.3761951515625 0.0835767796875 0.3747989734375 0.08454981875 0.3751276359375 0.0853347859375 0.3792067453125 0.0851146375 0.382109371875 0.0843218453125 0.3795739921875 0.083687821875 0.37730585156249996 0.08322356875
0 0.3366052953125 0.064032875 0.323814271875 0.0627409734375 0.3138910453125 0.0617476703125 0.304832978125 0.060849575 0.3106826171875 0.063261696875 0.31485819843749996 0.06390977656249999 0.3198081078125 0.0642389109375 0.3225878828125 0.06549800156249999 0.329980865625 0.0656359453125 0.3378128125 0.0666605578125 0.34399280781249997 0.06654881406249999 0.34560907812499997 0.064744840625 0.3366052953125 0.064032875
0 0.29393925468750004 0.0626447203125 0.29136854687499997 0.06269587343750001 0.2898423953125 0.0636120234375 0.2887184109375 0.0660478875 0.2923680171875 0.0659025171875 0.2970702265625 0.0662232765625 0.3002834578125 0.065311196875 0.2995480640625 0.06446684375 0.2972845625 0.0633750421875 0.29393925468750004 0.0626447203125
0 0.32794417187499997 0.0782489375 0.3241686109375 0.076804609375 0.32247435 0.076794934375 0.32230486875 0.0779059984375 0.3239871578125 0.07909015781249999 0.3263692609375 0.0790237171875 0.3291934984375 0.079253996875 0.32794417187499997 0.0782489375
0 0.486497621875 0.0804050015625 0.4828182046875 0.079767465625 0.479302540625 0.0798348296875 0.4759505421875 0.0803898359375 0.4754437921875 0.0814783796875 0.4780427078125 0.0823642109375 0.4834677390625 0.083452215625 0.48572422968750006 0.083729278125 0.49248699531250006 0.08255091718749999 0.4865611484375 0.0802081515625 0.486497621875 0.0804050015625
0 0.4687034328125 0.0918593140625 0.46806951718749995 0.09311170625000001 0.4724079703125 0.0928179296875 0.47536700156249995 0.09211707031250001 0.47808192343749994 0.09136577343749999 0.47581321406250005 0.09099590468749999 0.472196615625 0.0901929171875 0.47191582656250003 0.09003092812499999 0.46971964374999997 0.0904806953125 0.4687034328125 0.0918593140625
0 0.466811434375 0.0972422984375 0.46668464062500004 0.09704412031250001 0.46414042499999997 0.09671283750000001 0.46239619374999996 0.0972511578125 0.461864421875 0.0987742671875 0.4641815171875 0.0995578015625 0.46720616406250004 0.0983738390625 0.466811434375 0.0972422984375
0 0.5206032796875 0.1127793109375 0.517299440625 0.11337801249999999 0.512798146875 0.1136517953125 0.5105718015625 0.1145780015625 0.515865359375 0.1154546578125 0.5189124515625 0.11549820468750001 0.5249090468750001 0.11571342343749999 0.5241221781250001 0.1149934109375 0.522068025 0.1132094625 0.5206032796875 0.1127793109375
0 0.54106494375 0.0884210859375 0.5378930703125 0.0881245078125 0.5327060953125 0.08768755624999999 0.5289963156249999 0.08707935156249999 0.524688290625 0.0878176515625 0.5191259203125 0.0870276296875 0.5155377718749999 0.08700580625 0.5142132359375 0.0893698203125 0.5167696859375 0.090511759375 0.51945203125 0.0905514515625 0.523674459375 0.0909974859375 0.5276698296875 0.09112598125 0.53030206875 0.09049676875 0.53348440625 0.090259390625 0.538377521875 0.091294678125 0.5440003703125 0.0906690171875 0.5449123874999999 0.0898569234375 0.543777859375 0.0892374796875 0.54106494375 0.0884210859375
0 0.538755146875 0.0989760796875 0.540215140625 0.0998039296875 0.5423193562499999 0.10037241875 0.5447330640625 0.10111271875000001 0.546865534375 0.101040815625 0.5479958515625001 0.10070733125 0.5474219625 0.099804096875 0.538755146875 0.0989760796875
0 0.595883728125 0.1250829 0.602778546875 0.1269574515625 0.606819209375 0.1254606015625 0.6054472625 0.12465930624999999 0.5956978828125 0.12313479218750001 0.5933049171875 0.12168705937499999 0.5835770609375001 0.12141040781250001 0.5839016328125 0.12431851406250001 0.5886007234374999 0.125074953125 0.595883728125 0.1250829
0 0.6340013390625 0.12494914531250001 0.6316281453125 0.125545621875 0.6467046546875 0.1278785 0.6554210140625 0.1285850859375 0.667540909375 0.128996446875 0.6732596281250001 0.1303849828125 0.683412709375 0.1315576359375 0.6852501109375 0.13028614375 0.68134196875 0.1289215640625 0.679503471875 0.1262274265625 0.6752935515625 0.125384646875 0.671062371875 0.125368878125 0.675407440625 0.1277521109375 0.670660815625 0.1280367015625 0.6679871656249999 0.1274518171875 0.6669786203125 0.1260371125 0.6609395250000001 0.12570647968749998 0.6557836578125 0.125670053125 0.65439828125 0.12661923125000002 0.6544377 0.12763158125000001 0.6479064765625 0.1264754453125 0.6438408875 0.1253418375 0.6377505375 0.123992678125 0.6340013390625 0.12494914531250001
0 0.6517558265625001 0.10089451093749999 0.6519818453124999 0.1034898390625 0.6570685187499999 0.1058334671875 0.6670711578125 0.10653899062500001 0.680478915625 0.10714153906249999 0.6855507109375 0.106042065625 0.6765825421875 0.10406563906249999 0.66935025 0.10269590937499999 0.6687956578125 0.102109890625 0.6498539515624999 0.0989088671875 0.6517558265625001 0.10089451093749999
0 0.699928103125 0.15586560625 0.700694746875 0.15371173124999998 0.6956058390625001 0.153719734375 0.69165200625 0.15317601875 0.6879277734375 0.15233935 0.6834182375 0.1538982703125 0.6858691343750001 0.15560499375 0.689194153125 0.1568082421875 0.6955647625 0.156477471875 0.69932293125 0.1551915171875 0.699928103125 0.15586560625
0 0.6762125703125 0.15327327500000001 0.67583375 0.153037853125 0.670981 0.1502506765625 0.6688834171875 0.149435846875 0.665483365625 0.149818084375 0.656128834375 0.1485907796875 0.65317443125 0.1494590765625 0.6497183421875 0.14787451093749998 0.6423415234375 0.14661769687499998 0.6393291171875 0.1463942234375 0.6364850796875 0.1477483421875 0.6365814375000001 0.1496303625 0.642540253125 0.150473784375 0.6478109109375 0.15178054375 0.6517035531250001 0.15225850000000002 0.6563952359375 0.1527290921875 0.6605927609375 0.15401900625 0.6644070609375 0.15403239062500002 0.666770975 0.15460128281250002 0.6703984546874999 0.15408482343750002 0.674729471875 0.154646515625 0.6762125703125 0.15327327500000001
0 0.6681796984374999 0.1623085359375 0.6733350234375 0.1612082984375 0.6749053093749999 0.1604455453125 0.6720012296875 0.15959623437499998 0.6695617406250001 0.159476165625 0.6654753953125 0.1585116 0.662956275 0.15742461875 0.6615164375 0.1575736953125 0.6597102578125 0.1594755671875 0.6618289749999999 0.161272165625 0.6652963109375001 0.1620599734375 0.6681796984374999 0.1623085359375
0 0.6517307921875 0.157370234375 0.654414465625 0.15721960625 0.6553142375000001 0.156302109375 0.6543927125 0.1553325765625 0.6536584984375 0.15494017499999999 0.651014765625 0.1550091234375 0.644822053125 0.154621846875 0.648801115625 0.1566909453125 0.6517307921875 0.157370234375
0 0.6396739828125 0.16268896093750002 0.642104515625 0.16261272499999999 0.64191811875 0.1615665859375 0.6392351421875 0.1612371578125 0.6337614687500001 0.16032736718750001 0.628033384375 0.15988694375 0.6247460859375 0.1604278546875 0.623277040625 0.161225078125 0.6246904062499999 0.16235575156249998 0.6274304828124999 0.16229705781249998 0.6305067859375 0.1617821890625 0.6336725750000001 0.1625770515625 0.63596475625 0.16251216562499998 0.6396739828125 0.16268896093750002
0 0.618947409375 0.0953926609375 0.618186425 0.09507725624999999 0.6193817312500001 0.09672741562500001 0.6228055109375 0.0977161015625 0.625904965625 0.0983973453125 0.6292625984375 0.097937484375 0.6327649984375 0.0972088890625 0.618947409375 0.0953926609375
0 0.71215618125 0.11463758906249999 0.709906396875 0.1137930515625 0.706810415625 0.1139040734375 0.7044571609375 0.113068871875 0.7017523921875 0.11278871718750001 0.701760784375 0.11459224531250001 0.7043524609375 0.115357546875 0.7074122203125001 0.11605438125 0.7122254875 0.11620144218749999 0.7127456015625 0.11537586250000001 0.71215618125 0.11463758906249999
0 0.71814749375 0.1466280734375 0.7226812640625 0.147205215625 0.7259937296875 0.146651653125 0.72902333125 0.1456068296875 0.7249701515625 0.1446542078125 0.7189088453125 0.14267105156249998 0.7100302390625 0.1441705109375 0.710172128125 0.14533554843750002 0.7145460328125 0.14627874999999999 0.71814749375 0.1466280734375
0 0.754538425 0.148415396875 0.7472715609375 0.147455446875 0.7362743640625 0.15165748437499998 0.73722011875 0.1520065953125 0.7394905515625 0.1540548078125 0.7432102890625 0.15460756250000002 0.7479820734375 0.1563489515625 0.75170210625 0.15792499531249998 0.7512434328125 0.1602630875 0.7528692296874999 0.1622919703125 0.7558447203124999 0.1614955296875 0.7551792546875 0.15956881875 0.758053215625 0.159227459375 0.7626106187499999 0.1605096109375 0.7652248421875 0.15970659375000001 0.77065435 0.15778363906249998 0.7702294875 0.156076953125 0.7681147640625 0.1552222359375 0.7651241734374999 0.1547826234375 0.769705196875 0.1525901921875 0.7708081109375 0.150800325 0.7676523921875 0.15026959687500002 0.75993016875 0.1489924125 0.754538425 0.148415396875
0 0.7536747218750001 0.1095501296875 0.7532580921875 0.110994496875 0.757108459375 0.1117270109375 0.759976059375 0.112911878125 0.7643940031249999 0.11334256250000001 0.768218453125 0.1133886765625 0.7749383562500001 0.11184140625000001 0.7536747218750001 0.1095501296875
0 0.8226101765625 0.12024502968749999 0.829704390625 0.12166234843749998 0.8325168421875 0.12048853906250001 0.83444155 0.1189932046875 0.833708575 0.11801376562499999 0.7857084875 0.1130913984375 0.7856862328124999 0.1143496265625 0.7879691156249999 0.11588616874999999 0.79239351875 0.116789915625 0.79890891875 0.11851083437500001 0.802666275 0.1186289953125 0.8114540359375001 0.1197284625 0.8176530812499999 0.119820559375 0.8226101765625 0.12024502968749999
0 0.767789890625 0.1165585140625 0.76808265 0.11669993281249999 0.7712327921875 0.11858381874999999 0.7761647125 0.11866201406250002 0.7785956281249999 0.1174287625 0.7770447890625001 0.11671255 0.7739646296875 0.116258790625 0.7740079640624999 0.11586740468750001 0.7721794609375 0.1159766296875 0.767789890625 0.1165585140625
0 0.8166415625000001 0.1205070921875 0.8135197453125 0.11996950625 0.80928735 0.1191302640625 0.80621433125 0.11919530468749999 0.802362096875 0.118939553125 0.7982538875 0.11843512812500001 0.7960334296875 0.1186851359375 0.7972810453125 0.12103752968749999 0.8034222734375 0.1211004890625 0.8084201249999999 0.122705915625 0.8112552328125 0.1236553796875 0.8142050390625 0.12281170781249999 0.817749446875 0.1220615078125 0.8233491562499999 0.1233551453125 0.8262572828125 0.1239278890625 0.829460440625 0.125149234375 0.8326070187499999 0.1258441359375 0.8361972515625 0.1265541546875 0.84000351875 0.1275047953125 0.8428374734374999 0.12668153124999998 0.843361540625 0.1250032015625 0.8409896281250001 0.12449944531249998 0.8358882234375 0.12410920624999999 0.8330165890625001 0.12382902968750001 0.831131509375 0.1234118109375 0.8271719921875 0.1217733046875 0.8230609046874999 0.1203948265625 0.8190354718749999 0.12034449843749999 0.8166415625000001 0.1205070921875
0 0.845225878125 0.12373029375 0.84586715625 0.1244308546875 0.8460618671875 0.1261785484375 0.84903921875 0.127123440625 0.8524851828125 0.12726476250000002 0.8579145031250001 0.1280101125 0.860403978125 0.12590247968749999 0.845225878125 0.12373029375
0 0.793691703125 0.13343626718749999 0.7907999640625001 0.133268540625 0.7883185390625 0.13275920937500002 0.786626759375 0.13424221249999999 0.7913830078124999 0.13605883125 0.79577176875 0.136970796875 0.8001460421875001 0.134885215625 0.799510140625 0.1349614125 0.797364 0.13445231875000002 0.793691703125 0.13343626718749999
0 0.7879700703125 0.14181549531249998 0.7845689546875 0.140821721875 0.77935148125 0.1404408453125 0.7759710609375 0.141470928125 0.7769733375000001 0.1423212890625 0.7797462390625001 0.1428286265625 0.7833860859375 0.14300635 0.78712766875 0.1422016484375 0.7879700703125 0.14181549531249998
0 0.790649140625 0.1463948765625 0.79272441875 0.1474682890625 0.7987747921875 0.148437871875 0.8022864921874999 0.14868486875 0.8099212109374999 0.14982851875 0.8122455921875 0.150309121875 0.816097528125 0.15069549843750002 0.8158701203125001 0.1492397453125 0.8152328000000001 0.147865896875 0.8122458296874999 0.1463326359375 0.8091429968750001 0.1454353078125 0.8033067062500001 0.14381194218749999 0.796756703125 0.1435523875 0.7927746890625 0.142084284375 0.7913995234375 0.14220666875000001 0.7899693234375 0.14384143124999998 0.7934676453125 0.1445307203125 0.790649140625 0.1463948765625
0 0.8224839921875 0.147594446875 0.8243962484375 0.14900834375 0.829449384375 0.15054814375 0.834683475 0.1493961828125 0.835957409375 0.1485340734375 0.8309127203125 0.14633570625 0.8289073281249999 0.1459367734375 0.8269928 0.146323521875 0.8236143640625 0.1460425125 0.8224839921875 0.147594446875
0 0.821094934375 0.16044595625 0.8296648125000001 0.1614352359375 0.8304784671875 0.16039854375 0.8274981359375 0.1575547609375 0.82286421875 0.1560239296875 0.8190788484375 0.1551466953125 0.8150994218750001 0.155042196875 0.8120567671875 0.1551676375 0.8083080265625 0.1546459546875 0.8058911265625 0.1547522015625 0.8019471125000001 0.15533369375 0.7975445 0.15429094062499998 0.79579201875 0.154511825 0.7900947328125 0.1540641640625 0.789681675 0.155812796875 0.7933901359375 0.15830362343749999 0.8037695984375001 0.1587736265625 0.8113435875 0.159796475 0.821094934375 0.16044595625
0 0.8655379062499999 0.17592759062500002 0.8735463453125 0.176745609375 0.87732475625 0.1754101890625 0.86326441875 0.17114770625 0.853898946875 0.17227883593749999 0.8436070578124999 0.168954478125 0.8398871171875 0.17026244375 0.835908046875 0.1690780640625 0.832095421875 0.17098702500000001 0.8384004890625001 0.17445942812499998 0.847689184375 0.177222971875 0.8539830187499999 0.178389315625 0.8646584296875 0.17797473125000002 0.8655379062499999 0.17592759062500002
0 0.8782182453124999 0.213981584375 0.8831646875000001 0.212544 0.8796756515625 0.2085609796875 0.87403979375 0.20651042031250003 0.8660143171874999 0.205523440625 0.8618201531249999 0.2060395859375 0.8580141328125 0.20768960937499997 0.8602804328125 0.2097971359375 0.8668555 0.21150648906249997 0.8725389109374999 0.21323387343750003 0.875854709375 0.213319859375 0.8782182453124999 0.213981584375
0 0.841055240625 0.16078730000000002 0.8460357640625 0.161379940625 0.8545994312499999 0.1620095328125 0.8652880734374999 0.1632180328125 0.874712434375 0.1638509796875 0.8827506906249999 0.16696474375 0.8943757859374999 0.16870067500000002 0.9040946265625 0.169730278125 0.9216968812499999 0.17005758124999998 0.9276388890625 0.1663068984375 0.923992984375 0.16530668125 0.9115551484375001 0.1628947875 0.9053843828125 0.1620851625 0.9008757578125 0.16423925625 0.894078921875 0.1625924046875 0.8854471374999999 0.1612098359375 0.8742051796875 0.16177682499999999 0.8615539234374999 0.1605005109375 0.8446798718749999 0.1582554734375 0.8367174390625 0.158537196875 0.841055240625 0.16078730000000002
0 0.8667434125 0.1578270859375 0.8675698374999999 0.1571351453125 0.8627109718750001 0.1558978375 0.8593762171874999 0.1549405484375 0.8574064781249999 0.1550717875 0.8562154796874999 0.156284115625 0.8595520890625 0.15738016562499998 0.8621500953125001 0.15776055625000002 0.8667434125 0.1578270859375
0 0.9584509984375 0.174951384375 0.9722013515624999 0.1765074796875 0.9672669984375 0.17220531562500002 0.9599447515625 0.17064507812500002 0.9489658765625 0.170364371875 0.93371503125 0.1673615046875 0.9301793640625 0.1672327796875 0.9385735546875 0.1716401890625 0.9476692296874999 0.1740525921875 0.9541711078124999 0.17455024375 0.95997285 0.1752626078125 0.9584509984375 0.174951384375
0 0.9776916546875001 0.1678070390625 0.9724400796875001 0.16698591406250002 0.9677833124999999 0.1668848296875 0.9703544890625 0.168291475 0.9758722625 0.1702267859375 0.97912085625 0.1702446984375 0.9813841484375001 0.1704407359375 0.9776916546875001 0.1678070390625
0 0.949131915625 0.162524609375 0.9482101671875001 0.1625184796875 0.9473050984375 0.1626072796875 0.9416319265625 0.16246325781249998 0.9384277234375 0.1644044203125 0.9453683296875001 0.166124021875 0.9499700640625001 0.1666733015625 0.949131915625 0.162524609375
0 0.9206374546875 0.12800407187500001 0.91853329375 0.128704421875 0.91249656875 0.129726346875 0.9138909343750001 0.131652825 0.9197756609375001 0.13362532031250002 0.9289916375 0.1330834890625 0.92557095 0.13040288125 0.925399571875 0.129401090625 0.924861403125 0.12950188125 0.9206374546875 0.12800407187500001
0 1 0.24893065781249998 0.996513546875 0.24888488125000002 0.9875151046875 0.2460908578125 0.9883155765625 0.2505592171875 0.9887310781249999 0.2522395671875 0.9942978734375 0.257545034375 1 0.25884535625 1 0.24893065781249998
0 0.889389984375 0.30469580937499996 0.8861272843749999 0.30407480625 0.88485844375 0.3064724203125 0.88712543125 0.308984609375 0.8961922734375 0.31168313125 0.900964953125 0.3096606375 0.899094765625 0.30727588125 0.8975457125 0.3060451125 0.8934397531249999 0.305240284375 0.889389984375 0.30469580937499996
0 0.934726265625 0.3099916359375 0.940364253125 0.3099093703125 0.9395357140625 0.30847741093750003 0.938395228125 0.3041499140625 0.9363352031250001 0.3038497484375 0.9335283015625 0.30499118125 0.9313370609374999 0.30628534531249996 0.9319478171875 0.30845249375 0.934726265625 0.3099916359375
0 0.8827588046875 0.375062171875 0.8852169312499999 0.37155591875 0.8826036687500001 0.3715561953125 0.87778475625 0.37077559843749996 0.8747484109375 0.372016371875 0.8742754953125 0.375021765625 0.8774626874999999 0.3765654421875 0.8827588046875 0.375062171875
0 0.8984340984375001 0.396814334375 0.8967271890624999 0.3969589546875 0.8935678921875001 0.395765034375 0.8912475093750001 0.39267484218750004 0.8882300593749999 0.39449253125 0.8954111046875 0.4013311546875 0.8994582546875 0.40769210312500004 0.902613003125 0.40626908906250003 0.9001685187499999 0.4028818703125 0.898961603125 0.39919794999999997 0.8984340984375001 0.396814334375
0 0.858134325 0.42727224374999995 0.855020746875 0.42402641250000006 0.8528948218749999 0.42354498906250004 0.850979275 0.42586319687499996 0.8531635625 0.42884379843750003 0.8579853328124999 0.43208842187499996 0.8606598640625001 0.43067885937500006 0.858134325 0.42727224374999995
0 0.8977392078124999 0.7386432140625 0.9013188359375001 0.7408883828125 0.9048632703124999 0.7376634906249999 0.9031620859375 0.7359024171875 0.9024169078125001 0.7367019375 0.9001897671875 0.7349549953125 0.8970969390624999 0.7349121296875001 0.896469903125 0.7372752031250001 0.8977392078124999 0.7386432140625
0 0.8322190109375001 0.85160185 0.8289853656249999 0.85701373125 0.835224546875 0.85729179375 0.8344382687499999 0.8512462203125001 0.8322190109375001 0.85160185