0 0.7617141968750001 0.647799240625 0.760180540625 0.6500325671875 0.761222159375 0.6523828359375 0.764597390625 0.65289595625 0.770255440625 0.652483646875 0.7711384828125001 0.64930025625 0.766569696875 0.647209940625 0.7617141968750001 0.647799240625
0 0.7759236796875 0.6354871375 0.7709038890625 0.6366436265625001 0.771066840625 0.6398723359375 0.7741154625 0.64113951875 0.7776877062499999 0.6405454984375 0.7790333578124999 0.6373222171874999 0.7759236796875 0.6354871375
0 0.7538202390625 0.6229236 0.7473072921874999 0.6240409921875 0.74874423125 0.62832165625 0.7559558796875 0.6286837859375 0.75628594375 0.6245921546875 0.7538202390625 0.6229236
0 0.7114895140625 0.294351221875 0.709410921875 0.2883361390625 0.705147534375 0.2844899328125 0.7052626546874999 0.2801482703125 0.705473365625 0.2780187 0.7104840218749999 0.2751055953125 0.711409834375 0.2719919375 0.7079802843749999 0.2668597046875 0.702902453125 0.26350523593749997 0.6958895765625 0.260785721875 0.6947967203125 0.255457490625 0.6866736625 0.25439366093750004 0.6803899578125 0.25534726874999997 0.687405909375 0.26158863593750004 0.6849351484375 0.26675001875 0.6860732171875 0.2737171921875 0.6900711890625 0.2790073921875 0.6935705078125001 0.28209723750000004 0.694649409375 0.28996561718749997 0.697781628125 0.290887328125 0.70177970625 0.2876110953125 0.707127878125 0.292839921875 0.7090932484375 0.3016804265625 0.7059454390625 0.30401399375 0.710800109375 0.3071407671875 0.7137991875 0.3070446140625 0.7226198078125 0.30696881249999997 0.727607228125 0.3047766609375 0.7260787859375 0.298361925 0.721059825 0.2980116171875 0.7176230375 0.2984436390625 0.7132817421875 0.29705175 0.7114895140625 0.294351221875
0 0.657211040625 0.315231490625 0.6591313999999999 0.318585584375 0.6617465250000001 0.3193435078125 0.66513316875 0.3165515 0.6667095203125 0.31435661718749996 0.672287403125 0.3077572125 0.6747141203125 0.3038154296875 0.6713366359374999 0.295735809375 0.6701650859375 0.290130065625 0.6722355531249999 0.287660509375 0.668986821875 0.282963159375 0.66331768125 0.28044703593750003 0.660265684375 0.28547459218750004 0.6602872578125 0.2925738171875 0.66065205625 0.299534578125 0.6579628515625 0.30467768125 0.657211040625 0.315231490625
0 0.6020325578125 0.327745834375 0.605217190625 0.3267418515625 0.6059701640624999 0.321285590625 0.6101619203124999 0.3174953921875 0.611307271875 0.317585571875 0.6266079984374999 0.31451183125000004 0.6302669671875 0.30801924999999997 0.6244563296875 0.3051318984375 0.60810735625 0.30722165156250003 0.5902033078125 0.31000155 0.5872085593749999 0.3116730734375 0.5781849343750001 0.3161452125 0.563791940625 0.32498559843749997 0.559847209375 0.329518575 0.565892146875 0.33571225781249997 0.5819367265625 0.33898015312499996 0.5904006390625 0.34242784843749996 0.6125357890625 0.3453859390625 0.6226831015625 0.3438746734375 0.6279260796874999 0.33840841093749996 0.6285177531249999 0.33447205 0.6190656015625 0.33455904375 0.612514409375 0.3366782484375 0.6085309671875 0.333993984375 0.6137704453125 0.3313270546875 0.6025349703125 0.330764303125 0.59834094375 0.33185404375 0.584231746875 0.33306286875 0.5811205640625 0.3324529859375 0.5787448093750001 0.32957494062500003 0.5893364953125 0.3265711859375 0.6020325578125 0.327745834375
0 0.50173698125 0.3723435203125 0.4956771265625 0.36786546875 0.48755951406250003 0.36042699218749996 0.493296009375 0.3687663203125 0.5005702796875 0.3773990078125 0.5128482390625 0.390777890625 0.5244951703125 0.3978780671875 0.5361595109375 0.406086665625 0.5485959515625 0.4110848296875 0.5564978546875 0.41213834374999997 0.5620627234375 0.41233643593749997 0.5762136156250001 0.41159481875 0.58504549375 0.41039031875000004 0.591955659375 0.41079171875 0.596635978125 0.4128308140625 0.5997284374999999 0.4101277625 0.60401294375 0.4098687984375 0.608873915625 0.4105184109375 0.611903753125 0.41426341093749997 0.6246612921875 0.41559599687500004 0.635875271875 0.41533061406250005 0.6421247890624999 0.41300816874999996 0.6484779625 0.4102453203125 0.6531252078125 0.4055628734375 0.64255004375 0.40482156874999997 0.6410623156249999 0.40548314999999996 0.6411642078125 0.4030088 0.645367384375 0.401406940625 0.642653165625 0.397205734375 0.6427313109375 0.3958904671875 0.6455484328125001 0.3934568828125 0.6408472140625 0.3912279953125 0.636637315625 0.39204475625 0.627510159375 0.391615596875 0.6243804203125001 0.3906217828125 0.6215703734375 0.3955787671875 0.6254542578125 0.3980053890625 0.631294859375 0.398001271875 0.6298450515625 0.400968715625 0.6164701015625 0.4007825140625 0.6144629609375001 0.397325009375 0.61475854375 0.3928142953125 0.6119256328125 0.3894532640625 0.6060965953124999 0.388424109375 0.604798378125 0.388492146875 0.6033682 0.39144604375 0.6054790624999999 0.3941658609375 0.6094139296875001 0.395923271875 0.606968096875 0.400157078125 0.6051436046875 0.40439430937500004 0.5932485171875 0.40309788593749996 0.5931082 0.399644246875 0.5972507359375 0.3974525640625 0.5915832734375 0.394042940625 0.5867242453125 0.392773628125 0.5798083453125 0.391576125 0.56923206875 0.38955969375 0.5610353984375 0.386046359375 0.5523477421874999 0.384987084375 0.5434187453125 0.38236799062500004 0.542596753125 0.37731189375 0.5598941125 0.38209285937500004 0.5616717 0.380483559375 0.5752698406250001 0.37707659375 0.5748019890625 0.3755834078125 0.5641523203125 0.3686734859375 0.545054509375 0.3627069984375 0.5436492281249999 0.36192635 0.53355484375 0.35883478750000003 0.5229585671875 0.3540781484375 0.5138491890625 0.3483157484375 0.5033929953125 0.3443810296875 0.49511963281250004 0.3415538984375 0.486540321875 0.33927791093750004 0.483453240625 0.331873078125 0.4770164828125 0.330145084375 0.47718774531249997 0.3343982 0.4842944953125 0.3392970375 0.4880047046875 0.344231496875 0.4912661984375 0.3502471734375 0.49580935625 0.35346068124999996 0.50124470625 0.3566509015625 0.503955678125 0.36473103125 0.49793378125 0.3656943890625 0.5029527703125 0.37070264062499997 0.5151218015625 0.3787189375 0.5062179171875 0.375802809375 0.50173698125 0.3723435203125
0 0.5863008984375 0.3839493171875 0.5864731937500001 0.385415746875 0.58920909375 0.38704510625 0.5918102953125 0.3861640125 0.5941627875 0.38435873125 0.5947415859375 0.3821770109375 0.5910662015625 0.381638940625 0.588303046875 0.382176478125 0.5863008984375 0.3839493171875
0 0.4682653171875 0.31596177187499996 0.46847163125 0.31365875625 0.46471170781250004 0.3040736484375 0.4589621390625 0.296171540625 0.45178144375 0.2932652421875 0.44581873906249997 0.29210383906250004 0.4459335609375 0.29462315625 0.4405348828125 0.29269994062500004 0.43695167812499996 0.2927265703125 0.44234177187499996 0.29815816875 0.458526528125 0.3088179203125 0.45969250781250004 0.31177970625 0.46737997968749995 0.315817284375 0.4682653171875 0.31596177187499996
0 0.4765793078125 0.30048669375000003 0.4780056140625 0.30310156718750003 0.4807421515625 0.3044445640625 0.482973759375 0.304482509375 0.484421290625 0.303621196875 0.48328207343749996 0.3006924296875 0.478810165625 0.2994654140625 0.4765793078125 0.30048669375000003
0 0.5614842671875 0.30259756718749997 0.558819115625 0.30778165468749996 0.5638171765625 0.3097931453125 0.570399171875 0.3094857484375 0.5702836062500001 0.3077284515625 0.5736400734375 0.2995838125 0.5771622484375001 0.295198153125 0.5881183671875 0.29416239843750003 0.5934173453125 0.293884690625 0.6002811296874999 0.2908932421875 0.6029463046875 0.288545853125 0.6021197484374999 0.2837012234375 0.5977936390624999 0.2786582234375 0.5935650140625001 0.2758037453125 0.5930608937499999 0.2719764453125 0.5893388265625 0.26460645625 0.5901069546875 0.25821530937500003 0.58775385625 0.25206753593750003 0.5882915703125 0.2481465203125 0.586247746875 0.244944409375 0.5382746328125 0.261671803125 0.52943925625 0.260152440625 0.525528890625 0.2560561671875 0.524191165625 0.25504197500000003 0.526284409375 0.2502305171875 0.516358253125 0.23151029374999998 0.514808465625 0.22653927812500002 0.51011295625 0.22301613125 0.5138574359375 0.21606532343749998 0.5178835 0.20991962968750003 0.531701165625 0.2049991 0.5353008484374999 0.201793815625 0.513332715625 0.19966405781250002 0.507358796875 0.199811284375 0.493060284375 0.1996468859375 0.4876489015625 0.19688412187499998 0.480499396875 0.18890048125 0.47577424218750003 0.1835279140625 0.46626780781250005 0.1703683453125 0.4871916640625 0.16549941562499998 0.49978935 0.1655432890625 0.5071253671875 0.1723687046875 0.509726471875 0.1767103984375 0.5264669296875 0.17644797343750002 0.5292571328125 0.1709929078125 0.52232254375 0.16227357343749998 0.5216030390624999 0.15612780625 0.5268868515625 0.149470275 0.5407103156249999 0.150213453125 0.5460955140625 0.1451919203125 0.5529324390625 0.1389114328125 0.575337653125 0.13836464843750002 0.585611615625 0.138254925 0.5927914328125 0.14030853906250002 0.5973326640625001 0.1470081765625 0.605837278125 0.1417683984375 0.6106878499999999 0.140816359375 0.607734540625 0.1477867265625 0.597458975 0.151030515625 0.592662396875 0.1624769234375 0.5861822828125 0.17066948125 0.57786049375 0.1699336890625 0.5744732031249999 0.1682649296875 0.5617891421875 0.1699764203125 0.5455082890625 0.17924745 0.5449195703124999 0.19754083125 0.55177620625 0.2045040265625 0.5726094609375 0.1978764890625 0.5893640234374999 0.1965994359375 0.5946821812499999 0.2038529203125 0.5828526875 0.2136901984375 0.57917421875 0.21703417187500001 0.5683910125 0.2215484578125 0.5550042640624999 0.223077725 0.5493249421875 0.2282789609375 0.5346478453125 0.2387739828125 0.5335241296875 0.24808305156250002 0.5501499609375 0.2550975359375 0.558674771875 0.25319877968750004 0.569132946875 0.24899098749999998 0.57710289375 0.243222215625 0.594858984375 0.23663390468749998 0.6010856671875 0.23396530625 0.6031397765625 0.2400207890625 0.6120075203125 0.2374406515625 0.61838979375 0.24006960624999998 0.62487095 0.24524218593749997 0.6280358484375 0.25428112187499996 0.617172071875 0.2614078921875 0.61399693125 0.26808634374999996 0.620487840625 0.27481836249999997 0.6264335187500001 0.27168414375 0.6320591640625 0.2611894 0.64487138125 0.250817146875 0.64120164375 0.2411615984375 0.632595796875 0.2337815671875 0.6219522953125 0.22940760937500002 0.6211706765625 0.2211809921875 0.6309676953125 0.2157921203125 0.6369058640625 0.2080363375 0.6330611734375 0.2011030515625 0.638062809375 0.19261402656249998 0.6460375515625 0.1800700953125 0.65549203125 0.17617619843750001 0.65819064375 0.176706003125 0.6620810703125 0.18146673124999999 0.66783581875 0.1735249796875 0.6698725609375 0.1639333640625 0.6707399406250001 0.1554951546875 0.668995025 0.1512791359375 0.6626994203125001 0.1492589796875 0.66333475 0.14325969375 0.6656194421875 0.1354137453125 0.664925084375 0.12882230156250002 0.6627592546875001 0.124755078125 0.6547741593749999 0.1233382328125 0.6451820953125 0.12147205937500001 0.6396554890624999 0.118361725 0.63686626875 0.113893765625 0.6360973953125 0.11074687968750001 0.6322535078125 0.108307209375 0.6254099296875 0.10723578125 0.620187825 0.10417363906249999 0.6206338984374999 0.09984748906249999 0.6271161968750001 0.10136969375 0.639966265625 0.1035423375 0.6470960375 0.10132709531249999 0.6528259125 0.10216586718750001 0.6560205140625001 0.09881439374999999 0.648523825 0.0928939390625 0.6380459765625 0.0869935953125 0.6125027609375 0.082358446875 0.6023158359375 0.079949225 0.5846480374999999 0.0795045265625 0.5777088609375001 0.0784600140625 0.573658615625 0.077785125 0.5688002125 0.0818121 0.5575334062499999 0.08217413125 0.552684725 0.08017671562499999 0.5460498171875 0.08096723125000001 0.5314566187499999 0.08386776875 0.5092495171875 0.0890605515625 0.48869907812499996 0.0939193 0.45194477343750006 0.10787606093749999 0.4423626546875 0.11443967031249999 0.42318008906250004 0.12578415625 0.4045067109375 0.14475463125000002 0.38723584375 0.1636766375 0.37665498125 0.1844119390625 0.3743542671875 0.19634088593750001 0.37284279374999996 0.20368474218750002 0.3747004375 0.21500772499999998 0.3747542296875 0.22457270624999998 0.376475209375 0.2311682390625 0.383883296875 0.2425633328125 0.3948774671875 0.24986670156250002 0.390303715625 0.2431734625 0.3870803671875 0.23624360000000003 0.384790159375 0.230161375 0.3825043859375 0.2192973640625 0.3795491578125 0.2087359921875 0.3896593078125 0.2081576390625 0.3933372765625 0.2088942828125 0.389791159375 0.2042844921875 0.38663668906250004 0.2004005109375 0.3926422 0.1974227515625 0.39337032656250004 0.19364196250000001 0.390469703125 0.18827234843750001 0.38983365000000003 0.182793440625 0.39149240937499996 0.178588365625 0.3929191078125 0.177239975 0.39696914687499996 0.1696410359375 0.4045299359375 0.16690251875 0.4193941546875 0.1598884109375 0.419077515625 0.1560857078125 0.4176314546875 0.14777969375 0.42699707656249997 0.1475642390625 0.433139034375 0.13889028125 0.44722195156250005 0.1310596953125 0.46126005000000003 0.12718061875 0.472308128125 0.135064775 0.4744567421875 0.148566140625 0.4745537265625 0.1504167265625 0.4500659890625 0.1596218671875 0.4337790109375 0.1691044453125 0.42274943593750003 0.17545601875 0.42306163281250003 0.181502653125 0.42914513750000005 0.18120730000000002 0.437627184375 0.1769998046875 0.451024853125 0.17767924375 0.4524366390625 0.184644590625 0.4496586609375 0.1868398625 0.427170984375 0.19259028125 0.42324831406249996 0.1946781265625 0.41217317500000006 0.191770959375 0.415907871875 0.1977399296875 0.41477890781250004 0.19891781718749998 0.40600963749999996 0.1992569171875 0.40269674999999994 0.2005304828125 0.40033146875 0.2070178515625 0.3975525765625 0.2122110296875 0.39125255000000003 0.21933175624999998 0.39564674843750003 0.2254351453125 0.4030665125 0.2272008078125 0.4152129203125 0.22729180000000002 0.4210768890625 0.2300324109375 0.4161273859375 0.23527675937499998 0.42456696562499996 0.2395737671875 0.4207085453125 0.24300696875 0.4083743484375 0.24169131250000003 0.41186876562499997 0.246867084375 0.42177969062500004 0.25472791093749997 0.42633096875 0.2646048125 0.43408977968749995 0.2683914375 0.4404539359375 0.2668234015625 0.43967861093750005 0.26277718437500003 0.4448336265625 0.2566177 0.450892771875 0.2517673796875 0.45739471875 0.251723909375 0.4641416828125 0.24560773125000002 0.4758129015625 0.24433422343750003 0.4851664015625 0.2520677984375 0.47153551718750003 0.25941781875 0.4808197234375 0.2630227984375 0.47466723125000004 0.263703540625 0.4729159421875 0.26817319687499996 0.458578471875 0.2674147109375 0.45722908437500004 0.2689843578125 0.46674006874999996 0.2716918640625 0.4839054984375 0.2718656078125 0.48408362031249996 0.27777219375 0.47266921875 0.2745417125 0.469290184375 0.2781954390625 0.479809909375 0.28190934375 0.4901125171875 0.286287084375 0.5016428656249999 0.29140157968749997 0.5179630453125 0.296166478125 0.5286974437499999 0.298393671875 0.5340717828125 0.2971356765625 0.5293965593750001 0.29029755 0.53643581875 0.2885048125 0.5453200703125 0.28444835 0.55527625 0.281977021875 0.562667890625 0.28538546875000004 0.5644680531249999 0.286386378125 0.5645314124999999 0.291715365625 0.572386365625 0.2978141890625 0.56565895625 0.3002133125 0.5614842671875 0.30259756718749997
0 0.6773594328125 0.22119657187500003 0.6775627328125 0.2250458953125 0.6774741343749999 0.2308788375 0.6760693625 0.23222764375 0.6747697421875001 0.232686915625 0.672693653125 0.2415874546875 0.6696126609374999 0.24516610625 0.6757600859374999 0.24731450625 0.680099053125 0.24442252187500002 0.6856457609375 0.24099002500000002 0.69154575 0.23725268437499997 0.6932386484374999 0.23351990625000002 0.6892712421875 0.22227463281249998 0.6877828828125 0.2209835703125 0.686463415625 0.2136003203125 0.6864029515625 0.208177303125 0.686725271875 0.2049231625 0.684682875 0.19643404375 0.6816258390625001 0.1920208 0.6746248265625 0.19537930781249999 0.6714198546875 0.19736852031250002 0.667664459375 0.1998716171875 0.6656110234375 0.1981579875 0.6585811046875001 0.19636720000000002 0.6542343453125 0.1984835296875 0.6518177359374999 0.203872078125 0.6544817515625 0.2092947734375 0.6580811265625 0.21077092031250003 0.6624049796875 0.20788911406250002 0.6663284875000001 0.21271382343749998 0.66646543125 0.219506590625 0.669541671875 0.221032059375 0.67367110625 0.21682892968749998 0.6773594328125 0.22119657187500003
0 0.7066157109375 0.2540479375 0.704951521875 0.2582986734375 0.7081109546875 0.26496433124999996 0.7106497843749999 0.26647571718749996 0.712184215625 0.262973425 0.7124667484375 0.25695977187499996 0.7149650078125 0.258473284375 0.7171990609375001 0.260797046875 0.7173134640625001 0.26297998906250003 0.7207931921874999 0.27289114531249997 0.7233735375 0.2731048296875 0.7239970734375001 0.2717468984375 0.7120559156249999 0.23511852812499998 0.7070530921875 0.220596390625 0.706740196875 0.22982228437500002 0.7083048609375 0.23436067968750002 0.710819646875 0.2383689328125 0.7098832578125001 0.243609496875 0.7110388859375 0.25064303125 0.710391809375 0.2522384578125 0.7057088921875 0.24528338593750001 0.7024499718749999 0.24576554218750002 0.705027040625 0.2496187625 0.7066157109375 0.2540479375
0 0.7284261546875 0.378023246875 0.7231354234375 0.375204090625 0.7158090265625 0.3786234609375 0.711129340625 0.3755813953125 0.709842496875 0.3747319546875 0.70829028125 0.36813227187500003 0.7083776578125 0.36409716875 0.704913134375 0.35707355 0.7026604187500001 0.353736875 0.7024974640625 0.349791559375 0.7014970921875 0.3458697890625 0.699097775 0.33964620624999997 0.707894990625 0.33736235312499996 0.7063224765625 0.3429742171875 0.712329525 0.34304117500000003 0.7128736250000001 0.3392121390625 0.719526646875 0.3389463953125 0.7187252843749999 0.3448526796875 0.7215798390625 0.346536840625 0.72522386875 0.34405835625000003 0.733308940625 0.34385994375 0.7423639578125 0.3440769640625 0.7391369359375 0.339256434375 0.725938946875 0.33581901406250003 0.7335606265625 0.3310776921875 0.7325686203124999 0.32794249999999997 0.7283331296875 0.32641989374999997 0.72710344375 0.3321843390625 0.72095990625 0.32733359375000004 0.703334909375 0.324242403125 0.6906799015625 0.3223583828125 0.69375441875 0.3275530328125 0.6928432296875 0.329542509375 0.6876279328125 0.3324021875 0.6878838890625001 0.340600028125 0.6866623281249999 0.347862975 0.6779609875 0.3477666734375 0.6747941578125001 0.34737875625000003 0.6537716390625 0.36123235 0.640495465625 0.36517006875 0.6441404875 0.3689203796875 0.651706265625 0.3688446265625 0.661914621875 0.364646796875 0.6683085828124999 0.3642146953125 0.66971693125 0.37296548125 0.662168684375 0.378749703125 0.658055590625 0.3844289984375 0.6657125265625 0.38913784375 0.6744863359375 0.390169134375 0.6771280671875 0.3846874265625 0.6790407296875001 0.3772662171875 0.6822285609375001 0.37223310625 0.6841925796874999 0.3628361890625 0.6894795640625 0.3600009171875 0.6971168078125001 0.3613186453125 0.6975933859375 0.36823286718750003 0.6972197921875 0.3738225796875 0.703241409375 0.3763171015625 0.705686728125 0.3791789828125 0.70489241875 0.3840256328125 0.7064296953125 0.3913254953125 0.7082553484375 0.3943950921875 0.70121875 0.39456671875 0.6998959499999999 0.39291180625 0.6950891328125001 0.38657813281250003 0.6839717171874999 0.3876411171875 0.68506723125 0.3931992125 0.6903818859374999 0.3959075890625 0.6899355453125 0.40327385624999995 0.6876080421874999 0.40680989062500006 0.6939166875 0.41110905000000003 0.70018200625 0.41084954375000005 0.70777645 0.40633495625 0.7153550984375 0.3990110953125 0.7229809546875 0.39100570625 0.728171303125 0.378862734375 0.7284261546875 0.378023246875
0 0.762800209375 0.0976306046875 0.760561440625 0.104292840625 0.755635309375 0.112998521875 0.7545310359374999 0.1183495859375 0.7555577671875 0.1230131796875 0.78319926875 0.1068709765625 0.7934495375 0.09959172968749999 0.806132715625 0.0893248109375 0.81307135625 0.0854031703125 0.8113102953125001 0.0817747390625 0.7963052640625 0.08535557499999999 0.7906093984375 0.091823475 0.7858069359375001 0.09321578750000001 0.78393046875 0.086011934375 0.781759425 0.0806510234375 0.770791415625 0.0797581953125 0.7656483203125 0.0873393171875 0.7554024734375 0.08326840156250001 0.7457793796875001 0.0835568046875 0.7372766484375 0.0925046921875 0.7305880828125 0.09931720468750001 0.7267161125 0.104223446875 0.7367946734374999 0.1127154265625 0.746013728125 0.1042995296875 0.75214034375 0.0937206390625 0.75507995625 0.08998198125 0.7611101296875 0.09093800937499999 0.762800209375 0.0976306046875
0 0.9244744218750001 0.02498373125 0.9199322562500001 0.031671240625 0.91100966875 0.034190101562500005 0.907867675 0.038425971875 0.9003930484374999 0.045883634374999996 0.9292217687500001 0.037258346875 0.9458609453125 0.0312120453125 0.9401042359374999 0.024397740625 0.9327419406249999 0.02160891875 0.9244744218750001 0.02498373125
0 0.8628945328125001 0.037071578125 0.8653633890625001 0.042651578125 0.8682504140624999 0.043820834375 0.872359159375 0.040327575 0.8712597499999999 0.03971083125 0.8748689125 0.037074578125 0.8747268140625 0.0320344828125 0.8688211203125 0.030796554687499998 0.8628945328125001 0.037071578125
0 0.8536210375 0.05943600156249999 0.856278865625 0.0546794453125 0.8559152125 0.04774053125 0.8525180609375 0.044629685937500004 0.8516184656249999 0.050960443749999994 0.8465657312499999 0.061370400000000006 0.8513614390625 0.0560277140625 0.8536210375 0.05943600156249999
0 0.9451379125000001 0.010698335937500001 0.9486480203125 0.0176960953125 0.9501344843749999 0.0212200046875 0.9575049812499999 0.025896921875 0.9672510187500001 0.025954120312500002 0.973183275 0.027400318750000003 0.9760583046875 0.0300722640625 0.9758330953125001 0.025775035937500003 0.9753242921874999 0.016066484375000002 0.9729898890625 0.0166644765625 0.9686141625 0.0183176265625 0.9579122625000001 0.020233470312499998 0.9580353765625 0.016133909374999998 0.9564870953125 0.0132516140625 0.954492475 0.012570696875 0.9431946453125001 0.0084297421875 0.9451379125000001 0.010698335937500001