0 0.5453026734375 0.572873690625 0.5513176640624999 0.5788005218750001 0.550216915625 0.5813808468749999 0.5541199734375 0.5847101921875 0.5563050390625001 0.58532634375 0.5670299375 0.5849625953124999 0.5740047125000001 0.5854050187500001 0.57921769375 0.5818020609375 0.5792331328125 0.5785609203125001 0.5742346375 0.5767299671874999 0.57467509375 0.5728532078125 0.5720746796875 0.5672648390624999 0.562681859375 0.5637591296875 0.5656980015624999 0.5590391718750001 0.540770859375 0.560742909375 0.544232128125 0.56624265 0.5453026734375 0.572873690625
0 0.640432575 0.6377541453125 0.640364878125 0.6420455781250001 0.6386737890624999 0.646595296875 0.6423533031249999 0.6513339953124999 0.64372881875 0.6537629578125 0.6465113796875 0.6479768046875 0.6435211671875 0.6360818921875 0.640432575 0.6377541453125
0 0.6106964109375 0.551636609375 0.6084332406249999 0.5536171421875 0.608574690625 0.5570098890625 0.6076620328125 0.562613940625 0.610412909375 0.5644239 0.6131762281250001 0.5564141796875 0.6106964109375 0.551636609375
0 0.476040415625 0.45201863124999997 0.469402759375 0.45470672187499994 0.46964056093749995 0.45712293906249996 0.47464586249999996 0.46062312343749995 0.47545947499999996 0.461761278125 0.47973845 0.46478763125 0.48134250625 0.46795703906249997 0.4815685078125 0.472309190625 0.485511978125 0.4767488421875 0.48652074843750004 0.47852652500000004 0.48726883125000003 0.481618534375 0.49058565625000006 0.48391846093749996 0.4945771953125 0.48822962031249995 0.49576399843749996 0.49200561093750006 0.49788123906250004 0.49715356093749996 0.4988112421875 0.49731886562499994 0.4976746703125 0.4998812859375 0.49953005937499995 0.5036191421875 0.5016568968749999 0.5058207046875001 0.504391509375 0.5108198734375 0.5104269015625 0.5148933703125 0.5152115296875001 0.5203735218750001 0.515040725 0.5227310828125 0.518603309375 0.524486528125 0.51949055625 0.52788381875 0.5197029265625 0.5318873234375 0.52179674375 0.5337004953125 0.523510084375 0.535949721875 0.5310297687500001 0.5461258640625 0.525135140625 0.5462887249999999 0.5269362625 0.5492274671875 0.532207221875 0.5528608359375 0.5390573062499999 0.55505765 0.540182040625 0.5547155296875 0.5455726249999999 0.5519340749999999 0.5497504046875 0.5516630359375 0.55195455 0.5513950890625 0.5528704640625001 0.5493326546875 0.553467915625 0.5462940859375001 0.5541014640624999 0.5434352734375001 0.55411525 0.5400902656250001 0.559928859375 0.5406384562500001 0.5634629062500001 0.539825284375 0.5662868 0.536844759375 0.563525040625 0.5350038046875001 0.554895015625 0.5355861609375 0.5500859640625 0.5365418390625 0.5464698593749999 0.5340549171875 0.547377390625 0.5317433671875 0.5477879140625 0.53046835625 0.5459085124999999 0.5279754359375 0.54107551875 0.52646824375 0.54519078125 0.5249384640625 0.541784275 0.52130938125 0.5411841109375 0.5195903546875 0.5432750078125 0.5173953265625 0.5450642515624999 0.517083771875 0.5513459515625 0.5137015468749999 0.554158903125 0.509778778125 0.5555336703125 0.5058918125 0.55428346875 0.4978608875 0.552723325 0.49569374843749997 0.5555218375 0.4914898046875 0.5650295296875 0.4916454203125 0.5697231578124999 0.497288828125 0.57285861875 0.49304802812500004 0.5698608296875001 0.48705496875 0.5684109265624999 0.48433224687500004 0.5711470203125 0.47638722343750006 0.573849996875 0.4684732828125 0.5724093515625001 0.4653336203125 0.5626542546875 0.4739894765625 0.548233678125 0.4838643375 0.5470099921875 0.47646306875000005 0.5521699718749999 0.473349440625 0.5570738640624999 0.4695930203125 0.560066309375 0.46396247187500006 0.5596533984375001 0.46149328437500003 0.5521404828125 0.45951903125 0.5617108921875 0.44762770625000003 0.5632155828125 0.44353601249999997 0.56303831875 0.43913870624999995 0.561081140625 0.438222859375 0.554330059375 0.444620978125 0.5472181 0.4512686796875 0.5403872578125 0.4554510109375 0.5335137984375 0.45698940468749993 0.5322277265625 0.45489035 0.5382346828125 0.450803671875 0.5342898390624999 0.44959092968750003 0.5202319531249999 0.4504543359375 0.5145763859375 0.452199290625 0.5117253828125 0.45337490625 0.506486109375 0.4515327875 0.5033665109375 0.45106350468749995 0.49639070781249994 0.45344110937500004 0.4922868953125 0.453411984375 0.48894965937499996 0.4502897953125 0.48737386406249994 0.44845094375 0.48533220468750005 0.4465002828125 0.4839949640625 0.4440659171875 0.4855733296875 0.44040930781250004 0.4865769453125 0.43905209218749996 0.48596493125 0.43426187812499994 0.48303373125000004 0.43201505156250003 0.4815366515625 0.43093703281250006 0.475424578125 0.4286245421875 0.473752946875 0.4211651953125 0.47203583125000004 0.41830912500000006 0.4681185140625 0.41635614218750006 0.4670887515625 0.41267050000000005 0.4664911546875 0.41010491718750003 0.4657709546875 0.40801820468749994 0.47076537968750004 0.40683848906250003 0.46759093281249997 0.3987592859375 0.4648816578125 0.3973009125 0.460419290625 0.3956457125 0.456216759375 0.3950610390625 0.4585799234375 0.38925908593749997 0.455906415625 0.3858908640625 0.45203025625000004 0.3835462890625 0.44941930625 0.3790895796875 0.4451813640625 0.3769583578125 0.44008755156249996 0.3754064703125 0.43534258281250005 0.375094715625 0.42366959218750005 0.37364159531249996 0.41912199531249994 0.3724534828125 0.4189856140625 0.37424435 0.423194621875 0.3785642265625 0.4302024765625 0.382369153125 0.431028353125 0.384526675 0.4298379546875 0.388572846875 0.4292524703125 0.391273315625 0.426242228125 0.39762627500000003 0.4338817 0.400862859375 0.4466644203125 0.4084845203125 0.44723162031249997 0.4117429078125 0.44989826875 0.4156995734375 0.4531729359375 0.41775783281249995 0.454188390625 0.42147496406249996 0.454552734375 0.42454078125 0.45548114375 0.42705315156249996 0.4524251265625 0.4278474375 0.44633978281250003 0.4259682390625 0.44269874062500003 0.42457061406249996 0.44434996250000003 0.42862165625 0.44885752968750003 0.431670465625 0.4540125640625 0.43559958749999994 0.4578439484375 0.43822068437499995 0.46382167812499997 0.4386274421875 0.46568706249999997 0.44195628906250006 0.4684525234375 0.4444496421875 0.47629247656249996 0.44733337500000003 0.476040415625 0.45201863124999997
0 0.41571010937499997 0.33720059999999996 0.4136086625 0.3357589796875 0.4079154265625 0.3356350703125 0.406949096875 0.3379828609375 0.409899546875 0.3393738859375 0.4125343953125 0.34082286562499997 0.416633540625 0.341344828125 0.4179218546875 0.3405375703125 0.4180652546875 0.33917321093749997 0.41571010937499997 0.33720059999999996
0 0.4879136078125 0.37120608125 0.4885188328125 0.37235375625 0.48840973125 0.3733917890625 0.49043484375 0.3751710296875 0.4933571484375 0.3759777890625 0.497154628125 0.37623080781249996 0.500979409375 0.37169481875 0.5031093953125 0.36844025937499997 0.5025614593750001 0.3654619828125 0.50183558125 0.36419164843749996 0.49885543125 0.363755875 0.49425437343749995 0.3642872203125 0.4910384921875 0.365765415625 0.4882538328125 0.3675654515625 0.4872599015625 0.37017585625 0.4879136078125 0.37120608125
0 0.5170422890624999 0.3986323515625 0.514869221875 0.398903565625 0.51330745625 0.3983812046875 0.509125284375 0.3982904265625 0.5078899984375 0.4008503265625 0.505502815625 0.4021422515625 0.5048404093750001 0.404034940625 0.503707328125 0.4069527984375 0.5064343265625 0.4087806734375 0.510265209375 0.4087308375 0.514343421875 0.40564019531250006 0.5182074203125 0.402420203125 0.5194625671875001 0.398729621875 0.5170422890624999 0.3986323515625
0 0.5460688546875 0.3789272578125 0.54385841875 0.38339568281249997 0.5434778703124999 0.3870163640625 0.54352630625 0.39026264843749997 0.544491640625 0.3930365609375 0.54639948125 0.3959016796875 0.5490869828125 0.3930827828125 0.5494954609375 0.38919637812499996 0.5495473546875 0.386864025 0.5492529953124999 0.38311742031249996 0.5463339765625 0.3782434109375 0.5460688546875 0.3789272578125
0 0.45447386874999995 0.140814190625 0.453350465625 0.1439090296875 0.4536029359375 0.14754596874999998 0.45545463750000004 0.1501978015625 0.45798827031249995 0.15186238125 0.46127695781250005 0.1510218515625 0.4642558421875 0.1491228265625 0.4638110859375 0.1459401515625 0.46167105937499997 0.14256358593750001 0.460209484375 0.138950390625 0.4583929828125 0.13754814531249998 0.4564289140625 0.1380581390625 0.45447386874999995 0.140814190625
0 0.3283819359375 0.13139332343750001 0.3338406859375 0.137186278125 0.3362918515625 0.1386787953125 0.3419831515625 0.13844743125 0.344731603125 0.13627438125 0.3461152375 0.13364837499999999 0.345955071875 0.1292827171875 0.34325821093750003 0.125120203125 0.336762978125 0.1197116375 0.33368306875 0.1193879265625 0.3282979578125 0.121609071875 0.327411365625 0.1255002140625 0.3283819359375 0.13139332343750001
0 0.3165204453125 0.0962170109375 0.3188306734375 0.10067981875000001 0.32372449375 0.1020567171875 0.32866886093750003 0.10189138906249999 0.32860120937500004 0.0997098671875 0.3306172421875 0.09783847343749999 0.3297824875 0.09331393125000001 0.3281213609375 0.0907622546875 0.3245185640625 0.088656940625 0.3241680109375 0.08643154374999999 0.3231649328125 0.081834321875 0.3145050671875 0.078320809375 0.312289753125 0.08141557499999999 0.3113520171875 0.0861670203125 0.31499748906249997 0.0886884515625 0.31787136562499996 0.09046420625 0.3165204453125 0.0962170109375
0 0.2966945578125 0.054722015624999995 0.29840465625 0.059244292187500006 0.30275607031249996 0.063165934375 0.306015584375 0.0629916296875 0.30876861093749997 0.062344604687500006 0.3101017015625 0.0597211421875 0.3087190375 0.0560298296875 0.304456903125 0.0524396484375 0.3013986859375 0.051206975 0.2980109984375 0.051793578124999996 0.2966945578125 0.054722015624999995
0 0.25703365625 0.0281432203125 0.26023128125 0.031233454687500002 0.26414377031249997 0.0357735421875 0.26471633125 0.03723200625 0.2689046140625 0.040822281249999995 0.274761584375 0.0425125109375 0.279252690625 0.042294828125 0.28326241093750004 0.040513575 0.2885786703125 0.0414886796875 0.29322615 0.045433584375 0.29890947031250004 0.0402256859375 0.2950631796875 0.036954156249999995 0.29449025 0.0341837796875 0.291410584375 0.025008478125 0.2875760703125 0.0186053984375 0.282997615625 0.013091928125 0.277589021875 0.0090041828125 0.26955504218750004 0.0069500265625 0.26412246562499997 0.0063790390624999995 0.2534335640625 0.0073420203125 0.251233565625 0.010051903125 0.2556195171875 0.014123287500000001 0.25828295 0.0173930421875 0.25987360000000004 0.0211234953125 0.2571730359375 0.024096559375 0.25703365625 0.0281432203125
0 0.6540282765625001 0.6773578609375 0.6535266531249999 0.6792156046875 0.653824878125 0.6830898765625 0.6563404578124999 0.68540456875 0.6580849078125001 0.6857733078125 0.6594538625 0.6844529203125 0.659573090625 0.68331854375 0.65933891875 0.68110695 0.6585622625 0.6773002265625 0.6563520140625 0.6715124859375 0.65517010625 0.6692295625 0.6543562015625 0.6688266546875 0.6525568203125001 0.6712377125 0.6522020656249999 0.6729836328125 0.6528038765625 0.67582303125 0.6540282765625001 0.6773578609375
0 0.6837239859375 0.747013803125 0.6829626453125 0.7490704890625 0.681721325 0.751224409375 0.6821115515625 0.75298264375 0.6833852890625 0.753614559375 0.6844878249999999 0.7525269734375 0.6848473390625001 0.7503620671875 0.6845822015625 0.748340465625 0.6837239859375 0.747013803125
0 0.6567056484375 0.751617965625 0.653647796875 0.751667353125 0.651992178125 0.7519034 0.652837875 0.7542311125000001 0.655253240625 0.7553318046874999 0.6577067296875 0.75547184375 0.659434128125 0.75506109375 0.66024989375 0.753772115625 0.6599940156249999 0.7529031078124999 0.6621872359375 0.7523355031250001 0.6630665546875 0.7510846265625 0.661114740625 0.750984746875 0.6567056484375 0.751617965625
0 0.6590605734375 0.7688397140625 0.6616925 0.7693897140625 0.6609440109375 0.7709952703125 0.6623292609375 0.7734362531250001 0.6626390359375 0.773792459375 0.6641469421874999 0.7740200749999999 0.66708319375 0.773543134375 0.6684275562499999 0.7729051640625 0.6687831234375 0.7716448015624999 0.6673250359375 0.77044990625 0.665653965625 0.7696819625 0.6652203937500001 0.7694871375 0.6676690437499999 0.7690155078124999 0.6686522390625 0.7683458609375 0.6717689578125 0.7676616484375 0.672982121875 0.766403440625 0.672589846875 0.7656662109375 0.6711003734375 0.7656369203125 0.6655225640625 0.7662085750000001 0.664196815625 0.7671627234375 0.6580842312499999 0.7673215296875 0.6590605734375 0.7688397140625
0 0.6706624437500001 0.7611336625 0.6694668296875 0.761656865625 0.6684639640625 0.7625883906250001 0.6690463296875 0.763460290625 0.669894403125 0.7637473859374999 0.6730047421875 0.762540896875 0.673065825 0.760913365625 0.6706624437500001 0.7611336625
0 0.6934330796875 0.778677134375 0.6929901468749999 0.7808584109375001 0.6943194593750001 0.7833233640625 0.6949364734375 0.78506144375 0.6954241578125 0.7855934609374999 0.69642301875 0.784161903125 0.695541740625 0.7812758484375 0.6945389578125 0.7790824515625 0.6934330796875 0.778677134375
0 0.6825141890624999 0.8113208765625 0.6836956328125 0.8127412140624999 0.686409575 0.8152762859375 0.6883169796875 0.8153652125 0.6891839234375 0.8149944265625001 0.6847913140624999 0.8122719234375 0.6850253093750001 0.8112862953125 0.6829213859375 0.81073523125 0.6825141890624999 0.8113208765625
0 0.6967929921875 0.78506646875 0.6958892875 0.78674369375 0.6958241203125 0.788410071875 0.6967631453124999 0.7892519015625 0.6977032750000001 0.789844040625 0.69819651875 0.7861974968750001 0.6967929921875 0.78506646875
0 0.7142306734375 0.8301800890625 0.7131223890625 0.8274807046875001 0.710996078125 0.829145690625 0.71254089375 0.8321313359375001 0.7133056046874999 0.832269840625 0.7142306734375 0.8301800890625
0 0.696599765625 0.8315697703125 0.6962414828125 0.831675084375 0.6967495890625 0.8330890671875 0.6978299984375 0.8337965 0.6986233015625001 0.8342459484375 0.6990957671875 0.8326506578125 0.698746115625 0.8314779968750001 0.696599765625 0.8315697703125
0 0.6954490484375 0.816463609375 0.69346281875 0.8169901265625 0.6932976859375 0.8179782781249999 0.693610771875 0.8185720703125 0.69436371875 0.8187926078125001 0.6969372890625001 0.8169829562500001 0.6954490484375 0.816463609375
0 0.7130506359375001 0.8423939624999999 0.7116406015625001 0.8419975281250001 0.7104997625 0.8434345875 0.7085550890625 0.8445373546875 0.7071831890625 0.8458558625 0.7078965328125 0.8464681562499999 0.711073503125 0.84459780625 0.712963728125 0.843101253125 0.7130506359375001 0.8423939624999999
0 0.7167454125 0.837555228125 0.71499545 0.8354152718750001 0.7144582453125 0.8367146734375 0.7153276546875 0.8379796687500001 0.7158397125 0.8385189609375001 0.7167454125 0.837555228125
0 0.7188306328125 0.8606465640625001 0.7179736984375 0.8612210749999999 0.718620140625 0.8633817328125 0.7198943984375 0.86369476875 0.7206416156250001 0.8633569609375 0.720204909375 0.861443015625 0.7188306328125 0.8606465640625001
0 0.7158177359375 0.8516730984375 0.7137749484375 0.8524387640625 0.713807246875 0.8529087765625001 0.714134853125 0.8537978921875 0.7165460593749999 0.8523670937500001 0.7158177359375 0.8516730984375
0 0.71661556875 0.8715717515625 0.71494650625 0.8726532109375 0.714547971875 0.8742327062499999 0.7146044890625001 0.8763407859375001 0.7153585953125 0.8776863578125 0.7176284953125001 0.8826225437499999 0.7193283515625 0.8818161218749999 0.7186308921875 0.881321759375 0.718642003125 0.8807227640624999 0.719046703125 0.87881555625 0.7191701171875 0.8777758859375 0.71861023125 0.8773478296875 0.71868434375 0.8769267078125 0.71811066875 0.8756582312500001 0.7174205031249999 0.8752589015625001 0.7171872296874999 0.8740701937500001 0.717123096875 0.8729463953125001 0.71661556875 0.8715717515625
0 0.69367124375 0.8671758984375 0.6932619671875 0.8690967640625 0.6929239828125 0.8703542625 0.693400475 0.871994303125 0.6951620328125 0.871931215625 0.695322475 0.8718098218750001 0.6951076296875 0.8707895875 0.6956056671875 0.8674561984375 0.69367124375 0.8671758984375
0 0.6926952640625 0.8648470609375 0.693635246875 0.85564961875 0.69229025625 0.85542655625 0.6902589953125 0.8707167421875001 0.6912950718750001 0.8713975218750001 0.6926952640625 0.8648470609375
0 0.7263343578125 0.8645020375 0.725611965625 0.8630341109374999 0.7245313296875 0.8645262031250001 0.7243943640625 0.8657247015625 0.7256407375 0.866572125 0.7263343578125 0.8645020375
0 0.7283510875 0.890995478125 0.7272274375000001 0.88992214375 0.7258500671875 0.8886917421874999 0.7229741656249999 0.8875630703124999 0.7214383375 0.8881542078125 0.7262899546875 0.8947160375 0.7276185374999999 0.8961864046875 0.7288906453124999 0.8963405328125 0.7304734234375 0.8957810374999999 0.7307946875 0.8948171515625001 0.7299117625 0.8929034390625 0.7283510875 0.890995478125
0 0.731263865625 0.879067415625 0.730801128125 0.880121696875 0.730756615625 0.881023546875 0.731329128125 0.881660315625 0.731771628125 0.8819346343750001 0.73235046875 0.8811957796875 0.7318042499999999 0.87926246875 0.731263865625 0.879067415625
0 0.7342617125 0.9088423234375 0.7345019953125 0.908305121875 0.7337588562499999 0.9075278718750001 0.7326642609375 0.9076280671875001 0.7321955874999999 0.908380071875 0.7323267578125 0.9088212 0.7329697125 0.9090867359375 0.7342617125 0.9088423234375