0 0.7382813734375 0.4980909390625 0.7343738375 0.4988152484375 0.7297443015625 0.5019131421874999 0.72579179375 0.503855565625 0.7238324109375001 0.510582790625 0.7248371328125 0.514004384375 0.72699715625 0.5169117484375 0.7338244203125 0.5188980953125 0.7339933000000001 0.5187749562499999 0.737746984375 0.5176856937500001 0.739927765625 0.5177768234375 0.748363103125 0.5183727140625 0.7473128265625 0.52528143125 0.761323721875 0.5206189296875 0.7790222890625 0.5179564156249999 0.7761626781250001 0.5135852953125 0.7746422828124999 0.51129965 0.7740341015625 0.5057821578125 0.7748343859375 0.5007546656249999 0.778433440625 0.496723921875 0.7839879484375001 0.4916862328125 0.785889546875 0.4882190890625 0.78395319375 0.480425228125 0.7808294984375 0.47732983906250004 0.7732514562499999 0.47725407343750004 0.7632562390625 0.48056959218750006 0.7564271453125 0.48289262656250004 0.7507721875 0.48555398125 0.7514315875 0.491188925 0.745296553125 0.49721546875 0.7382813734375 0.4980909390625
0 0.7289032203125 0.3963560484375 0.7306398859375001 0.397014509375 0.7369959359375 0.3983649359375 0.73810153125 0.398428875 0.7408386609375001 0.39582099843749996 0.7414461265625001 0.392407928125 0.74043968125 0.3864367625 0.738674084375 0.3821706546875 0.73380433125 0.377103771875 0.731954503125 0.37606675 0.7268443015625 0.376463059375 0.721619559375 0.37738038125 0.717086940625 0.3787653015625 0.7142592484375 0.37639515 0.7124510640625 0.376676096875 0.7058890328125 0.3779691265625 0.7028052359375 0.382410278125 0.6871370953125 0.3866650828125 0.6862312265625 0.38739355625 0.68140789375 0.38757440781249997 0.68086469375 0.39207347812500004 0.6732007546875 0.3913865328125 0.6702860546875 0.39249515625 0.6676558906250001 0.39821057656250003 0.6670347828125001 0.40052737812499994 0.6646633937499999 0.4051650453125 0.662889928125 0.40893764062500004 0.6609403296874999 0.4128154609375 0.66038110625 0.41814358125 0.6608248453125001 0.4203691078125 0.6618532781249999 0.423274565625 0.6633503984375 0.42578753750000004 0.6700399781249999 0.4257388671875 0.6708007609375 0.4241913640625 0.673048 0.42080345 0.676040340625 0.4198543234375 0.6773224531250001 0.4195463265625 0.6772797234375 0.4217234625 0.6794133578125 0.42272532968750004 0.68244910625 0.42309549999999996 0.686927259375 0.4207841421875 0.693288728125 0.4217914125 0.6947282796875001 0.4208522390625 0.695934071875 0.41639731874999997 0.6980907484375 0.4138694421875 0.700634165625 0.4163836859375 0.7033103140625 0.4121181625 0.7051201203125 0.4103443359375 0.7082779968749999 0.410550603125 0.70980756875 0.4109367984375 0.7115460312499999 0.4085655234375 0.7139541984375 0.409432559375 0.7193664656250001 0.4112753765625 0.7205200359374999 0.41064778593750006 0.722883246875 0.40844432187499996 0.7264317515625 0.40585021875000005 0.7282889546875 0.40334707343750004 0.7281697703125001 0.39715496250000004 0.7289032203125 0.3963560484375
0 0.8221540968750001 0.41433898124999996 0.8182318234375 0.4108493328125 0.8147112859375 0.410566228125 0.8111782125 0.41191165625000004 0.8099056171875001 0.41376934531250004 0.81023505 0.418650690625 0.8113509015625 0.42188625625 0.815511859375 0.423414221875 0.817490446875 0.42331286874999996 0.8200743359375 0.4217253109375 0.8214445515625 0.4195967109375 0.8222862531249999 0.4177380421875 0.8221540968750001 0.41433898124999996
0 0.920670809375 0.43997130625 0.9303392625000001 0.436048478125 0.939708646875 0.4354764453125 0.94528289375 0.43585591562500003 0.9483797984375 0.43401164843749995 0.9510455578125001 0.42848214687499997 0.9501683828124999 0.421050653125 0.938735584375 0.41402497968749996 0.9353152953125001 0.41445517968749995 0.93126766875 0.4194593875 0.9295026906249999 0.4185208921875 0.9246458593750001 0.4168130234375 0.921243278125 0.418301053125 0.9196176421875 0.423046921875 0.9115962953125001 0.4251272734375 0.904894990625 0.42547422968750004 0.8936164484375 0.42914525000000003 0.8827804640625001 0.43089062499999997 0.8770789625000001 0.433029940625 0.8758768265624999 0.43772417968750005 0.8712546 0.4401331 0.8552246859375 0.44236386875000006 0.8411072203125001 0.4514325203125 0.83860454375 0.4532611203125 0.8346236671874999 0.45621420312499994 0.8326641921875 0.4605494125 0.8322905765625 0.46695121093749997 0.8331039609375 0.46841633125 0.8344564968749999 0.4693054984375 0.8375100421875 0.4664117390625 0.8408289890624999 0.46944813124999996 0.845615178125 0.4684977734375 0.8472905718750001 0.4689897046875 0.85308904375 0.4709533859375 0.8540202625 0.468597734375 0.8583272671875 0.4666291578125 0.8617589062500001 0.46694211093750004 0.8724108796875001 0.46701977499999997 0.8731576953125 0.46656295468750003 0.8760620156250001 0.464089365625 0.8813384109375001 0.45511929999999995 0.8836482437500001 0.45491616874999996 0.8870794468750001 0.45230699531249996 0.8898309703124999 0.4504639328125 0.8914930062499999 0.4513884953125 0.897950984375 0.44833342500000006 0.898422909375 0.4506023265625 0.904201684375 0.4492710578125 0.9121622593750001 0.44446797968749996 0.920670809375 0.43997130625
0 0.8986713500000001 0.46108223906249995 0.8971762875 0.46350135468750003 0.8965351984375 0.46449714374999995 0.8926997078125 0.4672609625 0.8939412078125001 0.4730633984375 0.8994933171874999 0.47336393125000004 0.91991370625 0.4660760375 0.9236562328125 0.4639643140625 0.92720424375 0.46324161875 0.9338819968750001 0.4641192328125 0.9343519562499999 0.46238854687500003 0.937547778125 0.459507928125 0.9439331421875 0.4595288359375 0.9516763859375 0.45691796250000005 0.962119171875 0.4559899515625 0.9682556640625 0.4537011421875 0.9693577640625 0.45306658437499997 0.9781080281250001 0.45121040625 0.9806350687500001 0.45266505468749996 0.9831982828125 0.45142437500000004 0.98830608125 0.44556586718749996 0.995285621875 0.4417984625 0.99212724375 0.4090190171875 0.9897258359375 0.4144198515625 0.9885141890625 0.42125815468749994 0.9893947687500001 0.42728803437499996 0.98758436875 0.4315612671875 0.9821245203125001 0.4285827703125 0.9782060687499999 0.42769131250000003 0.97131448125 0.43058011250000006 0.9602381671875 0.4346234875 0.9567135234374999 0.4378027765625 0.9527068109375 0.43831539218750004 0.9473907109375 0.4397615109375 0.94482879375 0.44228007031249994 0.93487685 0.44123305 0.932026734375 0.44163360625000003 0.9260752078125 0.4419714375 0.9259823687500001 0.441984484375 0.9162691109375001 0.44481384375 0.9128141890625001 0.44687252343750006 0.9094339796875 0.4491147796875 0.9058578578125 0.4535556984375 0.9051020015625 0.454588128125 0.8986713500000001 0.46108223906249995
0 0.8424814656249999 0.3565412234375 0.8448669499999999 0.358347115625 0.8515944187500001 0.36204841718749997 0.85678548125 0.36379925 0.86142689375 0.3597529734375 0.864892996875 0.3549109640625 0.8679394421875 0.3495977734375 0.872170996875 0.34640749375 0.8786563171875 0.347757109375 0.8827518453125001 0.35085161249999997 0.8859038937499999 0.351970696875 0.894687946875 0.3513878328125 0.8971380906249999 0.3463225453125 0.8982191609375001 0.340059575 0.898515059375 0.3297366828125 0.8979757734374999 0.3281336359375 0.8961978640625 0.3239371078125 0.8947365656249999 0.3220944234375 0.8863292296875 0.3185092953125 0.8828481203124999 0.317990284375 0.8805868546875001 0.316753896875 0.8726829593750001 0.31644780156249996 0.8639256265625 0.3154806125 0.8610335921875001 0.3155604453125 0.8612097593750001 0.321181253125 0.860096878125 0.3217952375 0.8505097203125 0.3220302359375 0.8491401640625 0.32406249374999996 0.8444709937500001 0.3272937640625 0.84071539375 0.328739890625 0.835639325 0.33035581875000003 0.8327722484375 0.335306140625 0.8315301406250001 0.34037837031249996 0.8301749218750001 0.34534184687499997 0.8309551953125001 0.3510734078125 0.8329779937499999 0.35310541406249996 0.8366648453125001 0.3553690203125 0.8424814656249999 0.3565412234375
0 0.34032491249999997 0.645395265625 0.342490440625 0.6498686671875 0.3444491140625 0.6514331734375001 0.3470460015625 0.6543391 0.3515626015625 0.65484985625 0.3556829453125 0.65285544375 0.35721275 0.65304121875 0.356709703125 0.6473511671875001 0.3531266375 0.64278350625 0.3504025546875 0.6408137671875 0.34391641562499997 0.6406034796875 0.34380574531249997 0.64048965 0.33966210937499997 0.6397024203125 0.3391205734375 0.6419117890625 0.34032491249999997 0.645395265625
0 0.32742909062500003 0.6515925171875 0.3217109875 0.655982609375 0.3204245 0.6586059343749999 0.3201833578125 0.661942275 0.3240601078125 0.664265975 0.3263928328125 0.6652698421875 0.331574378125 0.6660547875 0.33734490625 0.6653384640625 0.3399666578125 0.6637171828125 0.34263913437500004 0.6611657281250001 0.343988715625 0.6565438609375 0.34361517343750003 0.6526959 0.3409544046875 0.6513562953124999 0.33679868125 0.6499554015625 0.329485084375 0.6506834687499999 0.32742909062500003 0.6515925171875
0 0.2128771890625 0.6985356578124999 0.2130628640625 0.6985095625 0.2171047296875 0.6979888515625 0.217554765625 0.6942302640625 0.2172109640625 0.69178399375 0.21619875781250003 0.690296325 0.2138400296875 0.6897473796875 0.2098289171875 0.6914187593750001 0.2095072984375 0.692925053125 0.21084822499999997 0.69620156875 0.2128771890625 0.6985356578124999
0 0.12224215624999998 0.73174625625 0.127586184375 0.7349335296875 0.1298247171875 0.73479564375 0.1325873234375 0.7343000921875 0.136683996875 0.732024990625 0.1409121640625 0.7291586484375 0.1441413 0.72805316875 0.1471123546875 0.728692778125 0.1484534578125 0.7286810171875 0.1540336765625 0.72993378125 0.157558228125 0.727865315625 0.1615882171875 0.725373953125 0.1633841390625 0.7219295515625 0.1645548140625 0.7229168578125 0.17044848125 0.723537028125 0.1707300890625 0.7234974515625 0.1751801796875 0.7205036703125 0.17821935 0.7183945484375001 0.177333184375 0.7147275046875 0.11609156875 0.7235048609375 0.11902068125000001 0.7282133421875 0.12224215624999998 0.73174625625
0 0.109238903125 0.744577709375 0.1088828578125 0.741101240625 0.1083117125 0.7402931781250001 0.10365986093749999 0.736091890625 0.09784366562499999 0.73298044375 0.09102079375 0.7319796390625 0.08888749375 0.7327764796875 0.085359890625 0.7357999765625001 0.0869947546875 0.7416844015625 0.089766534375 0.7433760453125 0.09451129999999999 0.7434444921875001 0.0990275578125 0.7443008468750001 0.10690622812499999 0.74676268125 0.109238903125 0.744577709375
0 0.21341012187500003 0.3890038328125 0.21831673281250003 0.39301941875 0.2207249 0.3938864546875 0.22523173281250003 0.3941256140625 0.2311609625 0.3906651859375 0.23510920937500002 0.381742928125 0.23960118437500003 0.36721387031249997 0.23821359375 0.360450540625 0.2349890234375 0.353415221875 0.229115403125 0.34951345 0.223344296875 0.3493162765625 0.222202446875 0.35733605156250003 0.22135709062500003 0.36566917499999996 0.22180521562500002 0.3742354875 0.2196363703125 0.3771595390625 0.2160509125 0.3725748578125 0.215367225 0.36771016562500003 0.2149338125 0.3575307953125 0.2133810390625 0.3579225875 0.208594240625 0.3644933515625 0.20698750000000002 0.36996869062500004 0.20919417812500002 0.38142620781250003 0.21111149375 0.38641258437500003 0.21341012187500003 0.3890038328125
0 0.0908679921875 0.543726653125 0.0940959484375 0.543140453125 0.09596959375 0.5382619015625 0.0926026390625 0.5339857515624999 0.08733255625 0.535018315625 0.08969440625 0.54256145625 0.0908679921875 0.543726653125