0 0.9502450140625 0.538234925 0.9513410312499999 0.5388359406250001 0.953054925 0.5383720953125 0.954437240625 0.5369689609375 0.953925646875 0.534878421875 0.9513921328125001 0.5346623421875 0.94966996875 0.5358843859375 0.9494213437499999 0.5370377046875 0.9502450140625 0.538234925
0 0.882713203125 0.5251600265625 0.881631771875 0.5238776390625 0.8794849156250001 0.5229939265625 0.87835085 0.5247526437500001 0.877296075 0.52645269375 0.8786256484375 0.5279799890625 0.8798181749999999 0.5284894312499999 0.881542821875 0.5282637968749999 0.8839364234374999 0.526821525 0.882713203125 0.5251600265625
0 0.8863710703125 0.5148033640625 0.8900706734374999 0.5152197015625 0.8937796312499999 0.5145397328125 0.8961529734375 0.51183075 0.8928227640624999 0.5112591531249999 0.890174259375 0.5108673921875 0.8840193671875 0.5103268 0.8805394968750001 0.5121260515625 0.8818142812499999 0.5134322296875 0.8826245703125 0.514937459375 0.8863710703125 0.5148033640625
0 0.7707308546875 0.523603009375 0.7756998125 0.52326525 0.7785521656250001 0.5229199140625 0.782496353125 0.5227977828125 0.782518975 0.5213453328125001 0.7817367171875 0.5193991718750001 0.778832903125 0.517779440625 0.774036528125 0.5160707609374999 0.7713247734374999 0.51827986875 0.770102078125 0.5197487187500001 0.76934150625 0.5200910890625 0.76921411875 0.5234837625 0.7707308546875 0.523603009375
0 0.7866277687500001 0.5230732734375 0.7899761171875 0.5237885703125 0.7914132 0.5228358625 0.791649671875 0.5201515078125001 0.7934550812500001 0.5204095640624999 0.7961306125000001 0.5185865796875 0.7950238671875 0.5174971953124999 0.789608275 0.5174079125 0.7885669609375 0.517945253125 0.78794865625 0.5198246453124999 0.7858323453125 0.5228928421875 0.7866277687500001 0.5230732734375
0 0.7667188625 0.5199346125 0.7639561421875001 0.5198708765625 0.7624579046875 0.5210467984375 0.7627487828125 0.5226485984375 0.7644100093749999 0.5230866437499999 0.7654316 0.5230514890625 0.7667895453125 0.521767809375 0.7667188625 0.5199346125
0 0.73457095 0.523986440625 0.7338566656250001 0.524038021875 0.731383778125 0.5229828234375 0.7314292359375 0.5215564921875 0.7295477140625 0.521155784375 0.7289161296875 0.5222591765625 0.7297528718749999 0.5264212640625 0.74988181875 0.5260090390625 0.749453225 0.5242952640625 0.7470074875 0.5234628203125 0.74517429375 0.5234918093750001 0.7433770984375 0.52429563125 0.7417346859375 0.5243109359375 0.7400947890625 0.523731884375 0.7376637703125 0.5232941171875 0.73457095 0.523986440625
0 0.733793084375 0.520166684375 0.73444129375 0.5203596328125 0.7371084828125001 0.5213233828125 0.7406966875000001 0.52197218125 0.7427080078125 0.5219843156249999 0.746459640625 0.5208138765625 0.744787590625 0.5196725578125 0.743310084375 0.5183275953125001 0.743416475 0.514046490625 0.7475059500000001 0.5132394890625 0.7479518953125 0.512266428125 0.7475591515625 0.5103973640625 0.7421195171875 0.5094189484375 0.738967759375 0.5104360234375 0.7378595421874999 0.51129788125 0.7383213484375 0.5135276640625 0.7390806375000001 0.515628884375 0.73623375625 0.515082278125 0.734579528125 0.5137109484375 0.7315370859375 0.5142128484375 0.731628559375 0.5153725234375 0.73351313125 0.5169686171875 0.734037796875 0.5182732031249999 0.733793084375 0.520166684375
0 0.7377261265625 0.5065412703125001 0.7333779953125 0.505599965625 0.7315822484375001 0.5059390765625 0.7310616421875 0.5075411515625 0.7317711796874999 0.5081700046875001 0.7348795375 0.5078757546875 0.737562996875 0.5076854625 0.7377261265625 0.5065412703125001
0 0.7534546921875 0.5203200781249999 0.7539401031249999 0.519370559375 0.7525362265625 0.5184082171875 0.7504531453125 0.51807483125 0.75001930625 0.5185856421875 0.7509458765625 0.5202331765625 0.75267278125 0.520907684375 0.7534546921875 0.5203200781249999
0 0.675199059375 0.51861808125 0.6776403390625 0.5207756734375 0.6778359546875 0.512919896875 0.6740365578125 0.5138804625 0.67660435625 0.5169139656249999 0.675199059375 0.51861808125
0 0.6562685984375001 0.5196806375 0.6572888 0.5194848000000001 0.658011125 0.5186204484375 0.6592275859375001 0.518692821875 0.661308340625 0.5188556890625 0.6645017890625 0.5191166859375 0.6668517953124999 0.5192246515625001 0.6665454828125 0.5173562984375 0.6659068234375 0.51647600625 0.664996840625 0.5152845171875 0.6643519453125 0.5147090734375 0.6612832921875 0.5162135875 0.6603681875 0.5159333640625 0.661794771875 0.5145260171875 0.6616247375000001 0.5131092703125 0.6575578765625 0.51131083125 0.6560182125 0.5109088671875 0.6534622796875 0.5112344390625 0.6489699453125 0.51189711875 0.6464703453125 0.51221485 0.6436530609375 0.513262640625 0.6423594765625 0.51510800625 0.6420528234375 0.51686691875 0.642745915625 0.5180115421875 0.6451985140625001 0.518112725 0.6474536078125 0.5174996078125 0.6501956921875001 0.5165900046874999 0.652640803125 0.5166124859375001 0.6534783015625 0.5189514546875 0.6537492546875 0.5194726390625 0.6562685984375001 0.5196806375
0 0.6235845984374999 0.505640359375 0.6246620046875 0.506113603125 0.6273105375 0.5061926703124999 0.629550390625 0.50576365625 0.631223715625 0.5045656171874999 0.6307728531250001 0.5030247015625 0.6303381921875 0.5022957406249999 0.6285121265625 0.5012519640625 0.6277414203125 0.5010130953124999 0.624455803125 0.500748459375 0.6219305921875 0.5006561703125 0.6172379109375 0.5009502718750001 0.615145540625 0.5010044171875 0.6122750640625 0.501060128125 0.6103000671875 0.500855928125 0.6070113015625 0.5004382234375 0.60546065 0.5010423890625 0.60511485 0.5018942453124999 0.6056384687499999 0.5018836375 0.6116421609375 0.503725121875 0.6123006609375 0.5040888234375 0.6130315046875 0.5048059828125 0.6149284140625 0.5047163343750001 0.6162850765625 0.5045981765625001 0.6184325671875001 0.504972090625 0.6205384078125 0.5048873796875 0.62231478125 0.5050697765625001 0.6235845984374999 0.505640359375
0 0.5940655109375 0.5026467203125 0.5947087828125001 0.5030277546875 0.59823796875 0.5036196296875 0.5988410843749999 0.5038550875000001 0.6005863546875 0.503512340625 0.6023777375 0.5022405296875 0.6045939 0.5021572359375 0.6057410046875 0.5012241765625001 0.6040907921875001 0.5007453749999999 0.6016948656250001 0.50075990625 0.5995206625 0.5005016984374999 0.5972251203125001 0.5003453703125 0.595715003125 0.5008225859375 0.5941397265624999 0.50176263125 0.5940655109375 0.5026467203125
0 0.6280766125 0.5096120125 0.6266819671875 0.508887528125 0.6243836890625001 0.5104031234375 0.622946159375 0.512378825 0.622776021875 0.51456053125 0.6244709734375 0.5150400390625001 0.6257406484375 0.5146179609375 0.6270740078125 0.513232390625 0.6277194578125 0.511638290625 0.6280766125 0.5096120125
0 0.604915659375 0.527845825 0.6062855546875 0.5277467578125 0.609258528125 0.5274693593750001 0.6100159781250001 0.5267029171875001 0.6096592109375 0.52460161875 0.6085779234375 0.5230546703125001 0.6068775328125 0.521876340625 0.60507781875 0.523316209375 0.6044180640625 0.5238470265624999 0.6025637828125 0.5239673625 0.6008876187500001 0.5242122078125 0.599884496875 0.525855228125 0.601024965625 0.5270069203125 0.604915659375 0.527845825
0 0.6079984625 0.5128534890625 0.609278415625 0.5127480906249999 0.609471640625 0.511633296875 0.6092108859375001 0.509769046875 0.6080123546875 0.5108345578125 0.607488140625 0.512195259375 0.607419015625 0.512480778125 0.6079984625 0.5128534890625
0 0.5633872078125 0.5197816468750001 0.5623749578125 0.52136001875 0.5631556437499999 0.5225906124999999 0.5645659609375 0.5235528390625 0.5652069140625 0.5237008140625 0.5695200234375 0.5246965734375 0.57435156875 0.5247664765625 0.574692021875 0.5247504640625 0.576344715625 0.5249892984375 0.5782239125 0.525198640625 0.5815318765625 0.5257137859375 0.5819235234375 0.52553159375 0.58175195625 0.5242187265625 0.57873493125 0.520950015625 0.575224828125 0.5191919171875 0.57163505625 0.5190222328125 0.5691027984375 0.519148009375 0.5662363984375001 0.519429165625 0.5633872078125 0.5197816468750001
0 0.5401672109375 0.52198988125 0.5399521234375 0.5226923125 0.5411021421875 0.5231566609375 0.5423113484375001 0.5231423703125 0.5433410375000001 0.5216898984375 0.5422202640625 0.5203278703125 0.54143575 0.5187179421875 0.5399007796874999 0.5182192421875 0.53922818125 0.5195697421875 0.5391517140625 0.5207275265625 0.5398373015625 0.521981065625 0.5401672109375 0.52198988125
0 0.5356620999999999 0.521527090625 0.5371077171875001 0.520731903125 0.5370861484375 0.5197070328125 0.5357716406249999 0.51863543125 0.5346874453125 0.5181012875000001 0.5330687765625 0.518444396875 0.5327432171875001 0.519493359375 0.53289223125 0.5202718328125 0.5325155890625 0.5202987343750001 0.5342390625 0.521328446875 0.5356620999999999 0.521527090625
0 0.5317316109375 0.5192004796874999 0.531019434375 0.5180065484374999 0.529109315625 0.5165905734375 0.5274547171874999 0.51666560625 0.5272052515625 0.5180448375 0.5281591765625 0.51898348125 0.529158303125 0.51996944375 0.5306930734375 0.5213580953125 0.531781240625 0.5207289421875 0.5317316109375 0.5192004796874999
0 0.5094719078125001 0.524375778125 0.5113876515625 0.525746546875 0.5135812171875 0.5268447 0.5143748828125 0.5257963671875 0.51652043125 0.5256438515624999 0.5203954140625 0.5266619390625 0.5210071453125 0.5262002140625001 0.5200371890625 0.523872359375 0.5190184015625 0.52274234375 0.5168778984375 0.5215393796875001 0.5143337234375001 0.52136253125 0.51322290625 0.5224787609375 0.5112726015625 0.523723503125 0.5106042453125 0.5235692000000001 0.5094719078125001 0.524375778125
0 0.4891503484375 0.51189709375 0.4876126625 0.511625478125 0.4863347171875 0.512805753125 0.48615397656250003 0.5131649265625 0.48820949531249996 0.5139233171875001 0.48897144375 0.5138875515625 0.49025433749999997 0.5136513359375 0.5029157 0.515981109375 0.5016936484375 0.5143423312500001 0.49684662656249995 0.513207271875 0.495680428125 0.5129380343750001 0.49505581093749995 0.5121844609374999 0.49369308749999996 0.5094949203125 0.4925620890625 0.5110041828125 0.49149966093749997 0.5119038734375 0.4891503484375 0.51189709375
0 0.521057721875 0.500204703125 0.5218217671875001 0.5003057281250001 0.52350913125 0.5005124765625 0.5263313953125001 0.50129073125 0.5273973328125 0.50043835625 0.5294567859375 0.49797762656250005 0.5280802640625 0.49754276875 0.525623875 0.49790254687499996 0.5251158218749999 0.4980193796875 0.52117388125 0.4979095078125 0.5203862375 0.49968886875 0.521057721875 0.500204703125
0 0.5387230578125 0.498474828125 0.5360000640625 0.4981556703125 0.534241253125 0.49802222812499997 0.5314906859375 0.4982323078125 0.5296694828125 0.49902898125000006 0.5290923249999999 0.500480090625 0.5299321046875 0.500975446875 0.533436890625 0.5019786265625 0.5336072109375001 0.5016090296875 0.5354397859375 0.5019230671875 0.5374328109375 0.5022019875 0.5384392015625 0.5019131609375 0.5393102062499999 0.5016411859375001 0.5403078671875 0.5007858765625001 0.540189321875 0.49980597031249996 0.5400628953125 0.49920750312499995 0.5387230578125 0.498474828125
0 0.5428817984375 0.4996113453125 0.5414009984375 0.5009340124999999 0.542562184375 0.5022043421875 0.5429631578125 0.5024749140625 0.5458033984374999 0.5026543671875 0.5472893765625 0.5023094875 0.5494942875 0.5023166046875 0.551060925 0.5023238953125 0.5520807 0.5016853671875 0.5526282375 0.5001472390624999 0.5520568640625 0.498607365625 0.547391790625 0.49797615000000006 0.546787015625 0.4979423640625 0.544956534375 0.4990223375 0.5428817984375 0.4996113453125
0 0.51257431875 0.5063603718749999 0.5097067984375 0.507354871875 0.509821509375 0.5092543593750001 0.5107745296874999 0.509849625 0.511629196875 0.5102040921875 0.5186245140625 0.5118623859375 0.520341471875 0.509954403125 0.5240090625 0.5108011343750001 0.5263303921875 0.5119640624999999 0.5289357265625 0.5131123796875 0.5319295671875001 0.5138628953125 0.5334801296875 0.5141968171875 0.5353525203125 0.514553721875 0.5374895203125 0.5143896125 0.5418171734375 0.5139262453125 0.5439455140625 0.5136815593749999 0.5460903390625 0.5137613984375 0.5468114546875 0.514548475 0.549767296875 0.515859496875 0.5511316171875 0.5165208515625 0.55491945 0.5164716687500001 0.555061175 0.5138087359375 0.5553782359375 0.5122061734375001 0.5571662828124999 0.5090525703125001 0.55670486875 0.506383490625 0.5536826765625 0.5069991109374999 0.5508262296875001 0.5060493968750001 0.5476475671875 0.5054743015625001 0.5449799921875 0.506123684375 0.543062553125 0.505350665625 0.5380695249999999 0.5025975421875 0.5362681515625 0.5017454828125001 0.5348235031249999 0.5022169671875 0.5322035281249999 0.50357009375 0.5315963531250001 0.5053943265624999 0.5307077734375001 0.5057424234375001 0.5270082234375 0.5060204578125 0.5219508984375001 0.5057685375000001 0.5151794468750001 0.50596758125 0.51257431875 0.5063603718749999
0 0.5613806359375 0.51410188125 0.5617399562500001 0.5127191468750001 0.5605943296875 0.511617578125 0.5595628671874999 0.5120080578125 0.5590172078125 0.513503321875 0.5597715890625 0.5142435562500001 0.5608659625 0.5148794718749999 0.5613806359375 0.51410188125
0 0.5642950203125 0.5066877640625 0.563372075 0.507587584375 0.5625733640624999 0.5087341750000001 0.5625673250000001 0.5094479875 0.562561440625 0.5097513124999999 0.565666971875 0.5096360125 0.56650925 0.5097246296875 0.5667609671875 0.509308078125 0.566939403125 0.5085490765625 0.5661456390625 0.506909753125 0.5642950203125 0.5066877640625
0 0.4545031828125 0.508826028125 0.45233301875 0.5104465703125001 0.45204975156250005 0.5101037500000001 0.4528532890625 0.5111728453125 0.45486449375 0.5124149140625 0.45578927656249996 0.511910003125 0.45611971875 0.50999943125 0.4557932015625 0.50877426875 0.4545031828125 0.508826028125
0 0.46044639375 0.518681171875 0.46111582812499996 0.5198379734375 0.4620651203125 0.520227115625 0.46274261250000004 0.5203835265625 0.4632373515625 0.519865928125 0.46330576562500003 0.51840961875 0.462144765625 0.5176524828125 0.46055062187500007 0.5174864984374999 0.46044639375 0.518681171875
0 0.462975221875 0.5126870296875 0.46331237031250005 0.512928434375 0.46455107656249994 0.513057259375 0.46545812968750006 0.5130389578125001 0.46642882031250005 0.512536628125 0.46617169843750006 0.5106427484375 0.46515714375000006 0.51056406875 0.4605208375 0.510391709375 0.461088909375 0.5109317765625 0.46149535156250004 0.511588475 0.462975221875 0.5126870296875
0 0.4805151046875 0.5087152234375 0.48004585312500003 0.5121925375 0.48033017187500004 0.5125516359375 0.482030265625 0.5131477906249999 0.482468853125 0.513192921875 0.4831799484375 0.5121896703125 0.482055728125 0.50887686875 0.4812672796875 0.5067560875 0.4805151046875 0.5087152234375
0 0.441452828125 0.510827575 0.441522590625 0.5087333421875 0.436766121875 0.508602196875 0.4366587703125 0.5106508671875 0.4372174828125 0.5110717109375 0.438181909375 0.511166078125 0.4392649171875 0.51062874375 0.44085814062499995 0.51061811875 0.441452828125 0.510827575
0 0.4259686828125 0.514480203125 0.4270584796875 0.515219296875 0.42823885781250004 0.5153923859375 0.42828028125 0.5145183656250001 0.42831288437500004 0.5140367953125 0.42745817031250005 0.5129462625000001 0.4264726296875 0.5131933984375 0.4259686828125 0.514480203125
0 0.3672596328125 0.5156039046875 0.366941303125 0.5169896875 0.3667776171875 0.517809825 0.36809008906249996 0.518119246875 0.3701327984375 0.51810655625 0.3712210984375 0.5173170734375 0.37112029999999996 0.5169201640625001 0.3688557953125 0.515483309375 0.3672596328125 0.5156039046875
0 0.37858655625000004 0.5096204265625001 0.37879010625 0.510815596875 0.3794861828125 0.5113499375 0.3811190625 0.511834359375 0.381529365625 0.5112796265624999 0.38090349687499997 0.5101425046875 0.379806546875 0.5095108046875 0.37923410468749996 0.5093786453125 0.37858655625000004 0.5096204265625001
0 0.3561121921875 0.50720283125 0.35742410156250004 0.5047779859375 0.356807459375 0.5038995703125 0.356853378125 0.5025406968749999 0.3550601578125 0.502181221875 0.35326281875 0.5045276734375 0.35293410000000003 0.5055486453125 0.3517723734375 0.5062810859375 0.3506284375 0.5071379031250001 0.34932858906250003 0.508343590625 0.3474234703125 0.5085660453124999 0.3457742046875 0.5079720046875 0.34351893906250003 0.507926 0.34153489531250003 0.5080179828125 0.339317003125 0.507817040625 0.3367220703125 0.508144834375 0.335945571875 0.5097231109375 0.33701593281250003 0.5103935734375 0.3383395890625 0.5100849843749999 0.3420838453125 0.5101412 0.3447819984375 0.5106165859375 0.3493209765625 0.5108354312500001 0.351076290625 0.5107964796875 0.352753303125 0.5102423359375 0.35445485312499997 0.5090331734375 0.3561121921875 0.50720283125
0 0.3563016015625 0.49810283125000004 0.357041515625 0.49825280781250003 0.3581108984375 0.49687845468749997 0.3572955328125 0.495805025 0.3554219578125 0.4955921703125 0.35480673125 0.49709703125000004 0.35489066406249997 0.4975044796875 0.3563016015625 0.49810283125000004
0 0.339055746875 0.5150194296875 0.337958059375 0.5147660093749999 0.3360402859375 0.515043271875 0.3362858390625 0.5154174765625 0.3393586015625 0.5162984640625 0.3411299765625 0.5160788078125 0.34073745 0.5156466187500001 0.339055746875 0.5150194296875
0 0.3260049515625 0.512994234375 0.32439133125 0.51319739375 0.3241684875 0.5141834750000001 0.32399300468750003 0.5146657343750001 0.3262351578125 0.5146782421875 0.32840283124999997 0.5146174296875 0.3336207125 0.514944903125 0.3331362453125 0.514584496875 0.332240128125 0.514138675 0.3310917484375 0.51368111875 0.33029873906249996 0.5139694968749999 0.3290821578125 0.513953221875 0.3282992890625 0.5135239234375 0.3260049515625 0.512994234375
0 0.21251370937499997 0.49764908906249994 0.21221739374999998 0.4990784421875 0.21239853125 0.49947465625 0.21362791875 0.5003245546875 0.21527195312499997 0.500503659375 0.21598115468749998 0.49971004218750004 0.2155470265625 0.49829807031250006 0.214684653125 0.49770609375 0.21251370937499997 0.49764908906249994
0 0.22211231250000002 0.498582221875 0.21862399843749997 0.4980078 0.2177716671875 0.49771961875 0.217116228125 0.4984470703125 0.21708944375 0.4993132453125 0.217704328125 0.5001992734375 0.21806409375000002 0.5003079890625 0.2191792734375 0.500124459375 0.2207637703125 0.50076288125 0.22230696874999997 0.50094115625 0.223291021875 0.500318434375 0.223535790625 0.49907763125000004 0.22211231250000002 0.498582221875
0 0.2262295640625 0.4962934921875 0.2269329296875 0.4965392640625 0.22892947968750002 0.49669872656249997 0.22968862343750002 0.4966126015625 0.2306995109375 0.49581807656250004 0.230594759375 0.4951187765625 0.22810026875 0.49465031875000004 0.22539763281249997 0.4945347078125 0.22433937187500003 0.4947009109375 0.22415598281250002 0.49581476718750006 0.2262295640625 0.4962934921875
0 0.210783409375 0.4994690015625 0.21075854375 0.4986181625 0.2098784828125 0.49805417500000004 0.20833455625 0.4981291 0.20828067187500002 0.499508584375 0.20919616093750001 0.5006901203125 0.2099611109375 0.4998773015625 0.210783409375 0.4994690015625