0 0.200786715625 1 0.19899192500000001 0.9952521093750001 0.19577260624999998 0.993654034375 0.19209793125000002 0.9891055359375001 0.189116696875 0.9820196734375 0.1771295203125 0.9705936484375 0.168553640625 0.9546185828124999 0.1612517328125 0.9461776890625 0.163467909375 0.9405531453125 0.1679844015625 0.9375855484375 0.169868 0.934305540625 0.16976977499999998 0.9293393578125 0.166604121875 0.9196161843749999 0.165347240625 0.9087649265625 0.1637651390625 0.90390250625 0.163478746875 0.8820442390625001 0.1604343171875 0.8776161328125 0.16107803125 0.87259806875 0.1674163625 0.856574709375 0.16857138124999999 0.8482065671875001 0.167345071875 0.8413316140625 0.1636530859375 0.8400970843750001 0.1603280921875 0.8423188109374999 0.15659384375000002 0.8422494421875 0.15455255625 0.8450439546874999 0.14927101874999998 0.8477329890625 0.1455715828125 0.8552844437499999 0.14192954375 0.8565337312500001 0.138001034375 0.8607868796875 0.13408805625 0.861723053125 0.13058444062500002 0.86495188125 0.12282925625 0.8678138890625 0.1190026890625 0.8664243078125 0.11442672031250001 0.861440746875 0.1107229359375 0.8653461218749999 0.1070347921875 0.8659360812499999 0.10330634218750001 0.8695111234375 0.0991701984375 0.8707949609375 0.090844325 0.8566256046875 0.0887263609375 0.8547844859374999 0.088001621875 0.851520840625 0.0848879796875 0.846102965625 0.0680494375 0.825732628125 0.063761496875 0.8177450953125 0.0581034390625 0.8115105328125001 0.0493967109375 0.79720334375 0.0378552515625 0.7832588421875 0.030102335937500002 0.7755136031250001 0.0249013015625 0.7722309125 0.021539828125 0.7668303671875 0.018996968750000003 0.7660135703125001 0.0173709375 0.7623148625 0.033773217187499996 1 0.200786715625 1
0 0.2723816015625 0.35283812812500004 0.267842096875 0.3430449953125 0.26422305625 0.344623165625 0.2605654859375 0.349189428125 0.2546900578125 0.3469469390625 0.24833409999999997 0.3396021046875 0.24478053906250002 0.34034711562500003 0.239074215625 0.34406203125 0.2322476703125 0.351334065625 0.22982614375 0.35581389531249996 0.22911310937499998 0.35984063125 0.231778859375 0.36595394375 0.23141188281249997 0.3749295328125 0.2262709421875 0.381421146875 0.22384350937500003 0.3822550078125 0.220362890625 0.38581271875 0.2187561375 0.393051809375 0.21590960781250002 0.398554403125 0.2121074578125 0.43088901718750006 0.224553140625 0.41551934843750005 0.228346975 0.42354143281249995 0.23012862968749997 0.42590415625 0.23442619531250003 0.42692874375 0.23541969843750002 0.4286824625 0.235564028125 0.43430797343750005 0.23689985624999998 0.439187615625 0.23411880468750002 0.4438570484375 0.231758915625 0.4456792296875 0.2287911625 0.4458867546875 0.22834750937499998 0.4502267125 0.22786687031250002 0.44512280625 0.22388250781250002 0.4432461703125 0.22058061874999998 0.445798340625 0.2161488703125 0.44643873125000005 0.21235287656250001 0.449025453125 0.20697166406249998 0.446749971875 0.19861088437500002 0.43739007656249995 0.1919705203125 0.43487058593750005 0.1833678140625 0.429173990625 0.1793395203125 0.4284610671875 0.1687341671875 0.4225724515625 0.15881491406249998 0.42293401406250003 0.15170200625000002 0.433211471875 0.14807178125 0.44175269687499996 0.14559430625 0.45253302656249994 0.143439878125 0.45550148124999995 0.13728399375 0.4599103828125 0.134232003125 0.464266703125 0.133670875 0.47756636874999997 0.1232752359375 0.488900390625 0.1240230796875 0.49249447812499997 0.1275401765625 0.4965590390625 0.12797253749999998 0.499180578125 0.12685615781249998 0.5045621875 0.13187050312499998 0.5158148140625001 0.15937976874999998 0.541239046875 0.1679132625 0.545945871875 0.172050965625 0.544661925 0.1757086453125 0.540097221875 0.1825909359375 0.5389534125 0.18592556875 0.5422005859375 0.1867426265625 0.54678444375 0.1882532328125 0.548832496875 0.192304634375 0.5498758640625 0.1965964015625 0.547256040625 0.20130860625000002 0.539964259375 0.2067209921875 0.535607346875 0.20900793750000002 0.530972465625 0.2104338953125 0.5229174359375001 0.2366895484375 0.5414122375 0.25996048437499997 0.5105262015625 0.23661226562499998 0.48130715156250004 0.2404731234375 0.4760641234375 0.248203121875 0.45861834687499997 0.2507512578125 0.44882611875 0.25172175 0.4378191078125 0.25299799218749996 0.434746034375 0.2577355859375 0.42960929375 0.2656692828125 0.425738625 0.2694401046875 0.42099997968749997 0.26855175781249996 0.401173025 0.27427528125 0.394142584375 0.2757242375 0.386416440625 0.2753879140625 0.3745062 0.27720001875 0.3684118234375 0.276721553125 0.3651309578125 0.27417122968749996 0.36066830156249996 0.2723816015625 0.35283812812500004
0 0.21327205781249997 0.422590690625 0.2142982921875 0.41771190625 0.2122436328125 0.41321458906249997 0.19673345312499999 0.394078034375 0.1887052484375 0.38237360468750003 0.1831179609375 0.377128703125 0.17902429687500002 0.377250496875 0.17801359375 0.3788123046875 0.17791165 0.38445503593749997 0.1851748078125 0.395880903125 0.19286068750000002 0.4044594109375 0.1973852609375 0.4069608234375 0.20591876875 0.4240994921875 0.2106427875 0.42409964999999994 0.21327205781249997 0.422590690625
0 0.14026747343749998 0.4434418375 0.143233053125 0.441411271875 0.1511050984375 0.4277664078125 0.152709678125 0.418704278125 0.15155247031250002 0.4128175359375 0.15049348906249999 0.41189697656249996 0.143499615625 0.4132146171875 0.1395935078125 0.423186384375 0.124044446875 0.4512268375 0.10043115625000001 0.488170259375 0.0742958578125 0.5115362218749999 0.0713994890625 0.51455655625 0.06714046875 0.522975721875 0.0632484234375 0.5224192999999999 0.0631910265625 0.5287214671875 0.0592855140625 0.5333035015625 0.05913590625 0.5382870140625 0.0568295875 0.544414384375 0.0571928453125 0.5460477109374999 0.059647118750000006 0.5473672234375 0.06502086562500001 0.54599684375 0.087140396875 0.5245610218750001 0.09995165624999999 0.5051012 0.12614930625 0.47442871562500005 0.1300467375 0.46437767343749997 0.13565494375 0.45569813437500006 0.14026747343749998 0.4434418375
0 0 0.5174603875 0.0013217375 0.5363621140625 0.00458726875 0.5386210734375 0.01002049375 0.5452018515625 0.013870167187499999 0.5469218765625 0.0180657890625 0.553589196875 0.026553176562500003 0.5576366937499999 0.0299473828125 0.5564047375000001 0.033306778125 0.5475519578125 0.0380695453125 0.544567140625 0.04515189375 0.542745225 0.056646712499999995 0.5293451203124999 0.062417995312499995 0.5105436109375 0.06709217656250001 0.5080615109375 0.071333996875 0.502957871875 0.07368051406250001 0.4938438609375 0.07431832031249999 0.48517982656249997 0.0767168484375 0.48037111250000003 0.07760850312499999 0.4753372765625 0.0757540125 0.4701634109375 0.07659945312500001 0.46446868906249994 0.0728286171875 0.45677548906250004 0.07044138125 0.45462270781249997 0.07576311718749999 0.44894703125 0.0736837921875 0.4441193796875 0.0639007875 0.44463744531250005 0.0606971109375 0.439723953125 0.059632221875 0.435157425 0.057020151562499996 0.43335085781249993 0.055522903125 0.426162790625 0.053539628125 0.424478284375 0.0449040828125 0.4254126328125 0.044441164062499997 0.43124663593749996 0.0416140078125 0.43525674218750005 0.039032496875 0.42499463281249994 0.040302940625 0.4182771484375 0.043760451562500004 0.41438899375 0.0398645640625 0.41200808125000005 0.0379849015625 0.4046822921875 0.0319286796875 0.40162386562499997 0.031021587499999996 0.397544390625 0.0305392953125 0.40487088125000004 0.0277314046875 0.407386940625 0.023637740625 0.407508734375 0.022711165624999998 0.40492018906249994 0.0247235484375 0.398150821875 0.030229703125 0.39511245625 0.028719095312499998 0.3930644046875 0.0251864671875 0.39231681875 0.0236296453125 0.38960788125 0.030012537500000002 0.386675803125 0.0345349375 0.38735417656250004 0.0370889796875 0.38120791875000004 0.040915546875 0.3825975015625 0.04554735625 0.381279003125 0.0537617265625 0.3707600609375 0.0586934734375 0.36129924375 0.0582300203125 0.3404479671875 0.0607244921875 0.3387808390625 0.0620216671875 0.33421516875 0.06554465625 0.329493853125 0.06948063125000001 0.3288865640625 0.0731555109375 0.321006334375 0.07677226875 0.317603565625 0.08033545625 0.309895609375 0.0836835578125 0.308004325 0.0850037296875 0.3037675390625 0.0875637890625 0.301268809375 0.0886361296875 0.29704935312499997 0.091063671875 0.2962170515625 0.0924724296875 0.29147754843749996 0.094405865625 0.29067979843749997 0.096154775 0.287243178125 0.0981766890625 0.285941153125 0.1004308875 0.275506928125 0.10395014375 0.2689626828125 0.110891896875 0.2633381875 0.11133025781250001 0.257175409375 0.1180703921875 0.2522291296875 0.1201995390625 0.24710719375 0.1261306984375 0.24304606406249998 0.129867228125 0.24494003125 0.1315199921875 0.2507905546875 0.1312164296875 0.2571115015625 0.136707571875 0.271643546875 0.1368519015625 0.27726905625 0.13548345 0.27902347656250004 0.1357140828125 0.282321671875 0.1398404921875 0.287999221875 0.1415127390625 0.292358815625 0.145517925 0.2927412984375 0.1476648890625 0.28612698281250004 0.1488542 0.2711262296875 0.15520807812499998 0.26421774062500003 0.1630956703125 0.25968774375 0.170402853125 0.2575196140625 0.174285259375 0.25260713749999997 0.1777256796875 0.2520360671875 0.1821460265625 0.25835561406249996 0.1842178859375 0.2595374046875 0.1906506140625 0.259087584375 0.19826147031250002 0.250600065625 0.20296994218750003 0.241485353125 0.20302578124999998 0.23518329375000002 0.1977324296875 0.2305803890625 0.190584696875 0.220805178125 0.191184478125 0.21695082499999999 0.195166559375 0.2170028640625 0.1963312171875 0.214103621875 0.1973940265625 0.20441682499999997 0.196530865625 0.19917363906250002 0.1935518046875 0.193910815625 0.1902268109375 0.1961325421875 0.1877725375 0.1948130296875 0.18987712968749998 0.18936231718750002 0.187040225 0.187901965625 0.18491055625 0.1787704671875 0.1812609421875 0.176372334375 0.1719201265625 0.16012026562499998 0.16153359218750002 0.1502379078125 0.1553755203125 0.1403919265625 0.14816075 0.1314499828125 0.1403669125 0.12486667968750001 0.1411662484375 0.11851263125 0.1393713296875 0.1088596359375 0.1414855609375 0.10887782343750001 0.1426865890625 0.11359929531249999 0.1451602359375 0.11342632187499999 0.148733171875 0.1111888234375 0.1557806015625 0.10174452656249999 0.16376641875 0.1021807140625 0.1683580296875 0.1038488578125 0.1726245171875 0.09907555312500001 0.1746137921875 0.0919757421875 0.178790134375 0.0877052640625 0.18383502499999999 0.0780705046875 0.18512846562500002 0.07168190468749999 0.1906480875 0.06350508125 0.192581525 0.06270733125 0.1942730359375 0.0655728796875 0.19960814375 0.06718903281250001 0.20203184375 0.0645322421875 0.20464339374999999 0.052085375 0.20256406875000002 0.047257725 0.228072084375 0.04130763125 0.21731487187499998 0.022540425 0.201164415625 0.030780846875 0.1977835671875 0.026872789062500003 0.1933288203125 0.027184295312500002 0.189698075 0.0214720859375 0.1793962984375 0.0216943671875 0.12930675625000002 0.0253629984375 0.124427115625 0.0266988265625 0.1231508734375 0.0297719015625 0.12141169843749999 0.026247134374999998 0.11891494531249999 0.026089665625 0 0.0345344578125 0 0.5174603875
0 0.80950248125 0.543993928125 0.7983107031250001 0.53681965 0.7877209921875 0.52761561875 0.781926178125 0.5194029640625 0.7667233062500001 0.5082002359375 0.7643381359375 0.507868934375 0.7612342437499999 0.5079215171875 0.7590990796875 0.509395925 0.758113040625 0.5112880671875 0.7578152765625 0.521253425 0.7519495968750001 0.5244813953125 0.7392627593750001 0.524373934375 0.73222495625 0.5268552859375 0.7164148515625001 0.5282928953125 0.71284793125 0.534177921875 0.7068244546875 0.5369188375 0.7048084484375 0.5418668328125 0.6989293015625 0.550233259375 0.69617353125 0.557056175 0.6972860843750001 0.562281921875 0.7071978859375 0.57070634375 0.7102690468749999 0.5772862625 0.715944921875 0.5820284484375 0.722529446875 0.5908499984375 0.725095303125 0.5919956796875 0.7264273984375 0.595052390625 0.7314319953124999 0.6008345609375 0.7417031046875 0.6090662609375 0.74606025625 0.6180435656250001 0.750313275 0.618408715625 0.752873334375 0.6159099859375 0.757234203125 0.614278375 0.7597540640625 0.6147662875 0.7604766281249999 0.61620689375 0.7584643546875001 0.62297781875 0.7497312125 0.6332009765625 0.7453666250000001 0.645441503125 0.7360552484375 0.659849565625 0.7318095859375 0.6631287171875 0.7264820515625 0.6651599828125 0.72168280625 0.6605225265625 0.7176351375000001 0.6613020890625 0.7162151953125 0.6730046453125 0.7147372265625 0.676754378125 0.7185481515625 0.681459378125 0.7180585015625 0.6851415656250001 0.7120252921875 0.69484386875 0.70761293125 0.7064236171875 0.7007745859375001 0.7188355578125 0.69773234375 0.7286623359375 0.6935156953125 0.7359178984375 0.6916343796875 0.7410225046875001 0.6924759921875 0.7459351390625 0.693692771875 0.7473427515625 0.6967081875 0.7477944453125 0.7038308437499999 0.742987446875 0.706700371875 0.7378137375 0.7107227593750001 0.73488069375 0.71693448125 0.7241697312500001 0.724458925 0.7180079687500001 0.728813996875 0.712731946875 0.7428167546875 0.6925262562500001 0.7458939171875001 0.690321859375 0.748246340625 0.6848538171875 0.7506276703125 0.6833606296875 0.7572503125 0.6749422125 0.7631411640625 0.6738661671874999 0.764471071875 0.66266799375 0.76887598125 0.6598742296875 0.7701388640625 0.6619411703125 0.77015814375 0.6728789703125 0.7638638375 0.67530833125 0.7650960546875 0.6858292546875 0.7735238718749999 0.6943558796875 0.7809308390624999 0.697153825 0.7882073562499999 0.703439678125 0.7919996312500001 0.7114618703125 0.7942812046875 0.7298662984375001 0.8017884625 0.73945190625 0.8056612421875 0.7415023749999999 0.809728175 0.7392287671875 0.8136872578125001 0.7389519203125 0.8176291390625 0.7419906000000001 0.8210925578125 0.7417484156249999 0.8224128390625 0.7375131875000001 0.820972878125 0.72402139375 0.8238307015625 0.7115573046875 0.826582725 0.6904796140625 0.8258215078125 0.679593696875 0.8239454687500001 0.6740892796875 0.8253237640625001 0.66537503125 0.8314023546874999 0.65450735 0.8397803203124999 0.6481198734375 0.841599984375 0.6332410703125 0.8459437640624999 0.6349265453124999 0.850427525 0.6385914515625 0.856906359375 0.6388009578125 0.8631047234375 0.6332300109375 0.8622340968750001 0.624340965625 0.85271455 0.6090944375 0.85115555625 0.6045624609375 0.839070153125 0.588170253125 0.8328428703125 0.5773345 0.8235539578125 0.56538616875 0.8145286265625 0.55010665 0.80950248125 0.543993928125
0 0.721080909375 0.042159775 0.7171986 0.034641965625 0.71299324375 0.034936032812500004 0.7056458625 0.040090804687499995 0.7018654 0.03936055 0.698013553125 0.035817484375 0.6954766015625 0.0386466578125 0.693866115625 0.044062818749999996 0.6951327328125 0.0479526890625 0.6948447015625 0.050956660937499995 0.690777659375 0.0532287109375 0.691756246875 0.060122553125 0.6890213000000001 0.0654513140625 0.6805070859375 0.0716822890625 0.6765250046875 0.0716302515625 0.6693792421875 0.07610680625 0.6658391625 0.08414520625000001 0.661708925 0.0890750125 0.656067984375 0.10438705468750001 0.657649978125 0.109247915625 0.6573002015625 0.114907978125 0.6508755671875 0.1332586515625 0.648857278125 0.1363820484375 0.6018368749999999 0.0909169 0.5826082484375 0.1062079703125 0.625470253125 0.1618896421875 0.6479850109374999 0.15235524218750002 0.6497918390625 0.1568698890625 0.6501840015625 0.1624780703125 0.6560265875 0.1713515015625 0.6581161671875 0.1834712 0.661506546875 0.1928466 0.665742475 0.19652883593749998 0.6679585546875 0.2033345796875 0.6745817187500001 0.20916959687499997 0.6786695984375 0.21783523749999997 0.6766534828124999 0.22278167343750002 0.6713489484374999 0.2251418234375 0.6646839328125 0.23472384218750003 0.6765923671875 0.23969275625000003 0.6796561718749999 0.242628375 0.681282109375 0.25875736875 0.6888720453125 0.264194290625 0.6892640984375 0.2698009125 0.687947659375 0.2758606296875 0.6836447078125001 0.28544350625 0.6831796156250001 0.2894544703125 0.680821284375 0.2912765421875 0.6802236749999999 0.296953934375 0.6819591171875 0.298655771875 0.684972975 0.2991075734375 0.6931776109375 0.29555001875000003 0.6919148359375 0.29348463593749996 0.691795678125 0.29001105 0.6957547609375 0.289734203125 0.6980438796875 0.2869223609375 0.7043381859375 0.284493 0.7079282140625 0.278938415625 0.7179203968750001 0.268957709375 0.7198924875 0.2776052703125 0.724155146875 0.283439321875 0.7300765703125001 0.286339578125 0.7437590859375 0.290023796875 0.7521407984375 0.2978910953125 0.7552373484375 0.30662605625 0.755877234375 0.312215346875 0.7622080203125 0.317408259375 0.7645781640625 0.322878125 0.7696021359375 0.3271678078125 0.7721315265625 0.3331230609375 0.7799671218750001 0.3367196125 0.7819815828125 0.344203571875 0.786148190625 0.34689447812499996 0.787393984375 0.3522785046875 0.8027866609375 0.355511078125 0.8059233000000001 0.3612578375 0.8120948390624999 0.3659653625 0.8143087453125 0.370948065625 0.8248217796875 0.3755164671875 0.8278394796875 0.3777927578125 0.8302535546875 0.3820989125 0.83815451875 0.384860746875 0.8413083578125 0.38729198125000003 0.8466285499999999 0.394048259375 0.8490024265624999 0.40134105625 0.85214289375 0.396480459375 0.856234384375 0.3945356265625 0.8594999156249999 0.39679458749999996 0.8605626296875 0.3995380765625 0.8648371984375001 0.40023378125000003 0.868410025 0.3979947234375 0.869211534375 0.3934637125 0.8730053546875001 0.389053953125 0.8767508953125001 0.382161825 0.8852019140625 0.3785886078125 0.8867259890625 0.375498203125 0.890121753125 0.3742661375 0.8913748890625 0.3708626203125 0.8977749812500001 0.3646150171875 0.90141483125 0.3491108453125 0.8972653140625001 0.3431028546875 0.8959064874999999 0.33789432812500003 0.8986413265625 0.332564009375 0.903071515625 0.3319237265625 0.9109725765625001 0.322255275 0.9118872281250001 0.3175503234375 0.9105052953125 0.31201135468749996 0.9056793187500001 0.305222084375 0.888787125 0.3054086921875 0.88031155 0.3086531328125 0.8711938203124999 0.31691553125 0.86721163125 0.316861934375 0.862504703125 0.3135446921875 0.858701134375 0.31248399375 0.8506059078125 0.31404467812500003 0.84755029375 0.3165796265625 0.8443347093750001 0.3168044828125 0.8421281593750001 0.31546608125 0.8401197125 0.31162965 0.8437349125000001 0.30822699062500003 0.847657515625 0.300327871875 0.85354256875 0.2956074140625 0.8569249609374999 0.28708351875 0.8604977874999999 0.2848444625 0.8639493921874999 0.2773103375 0.8679933265625 0.2747078453125 0.8718928234375 0.26647828281249997 0.87474681875 0.2646215515625 0.876653415625 0.2616704265625 0.877791234375 0.2566178109375 0.883360803125 0.2509248046875 0.8849884890625 0.24219311875 0.8870527734375001 0.23972749062499998 0.8884615312499999 0.2349879875 0.8937601609374999 0.22898186874999998 0.900463815625 0.21641331562500002 0.911516540625 0.207353059375 0.9127429453125 0.2017977265625 0.9159772890625 0.1982572359375 0.91913495625 0.1900811140625 0.922275421875 0.18522051875 0.9263112625 0.16471717187499998 0.9251540546875001 0.1588304296875 0.9612979703125 0.1506940265625 0.9339710625000001 0.10142398593749999 0.9116998359374999 0.058689071875 0.8956476078125 0.09774458124999999 0.869995528125 0.0935706875 0.8584466171875 0.08841217031250001 0.8511335265625 0.08693433125 0.873542453125 0.028131046875 0.85023038125 0.0220298515625 0.8157788265624999 0.0868472125 0.8352659140625001 0.09467255 0.8317221015625 0.10088801875 0.826867125 0.10255418125 0.824445490625 0.10703245312500001 0.8145552500000001 0.111370428125 0.8124008203124999 0.11433888125 0.8098735078124999 0.1226369546875 0.8030045921875001 0.1310725921875 0.8007542203125 0.1308994609375 0.7947806765625 0.12369234843750002 0.7887706671875 0.12129480781249999 0.7870024796874999 0.1137936265625 0.78357936875 0.1110507296875 0.7875272515625 0.10530509375 0.781071415625 0.10542447031249999 0.7789550109375 0.10358324375000001 0.77326421875 0.10398118281249999 0.7691667140625 0.10227848749999999 0.761617084375 0.0938564828125 0.7567545328125 0.091875225 0.7442962484375 0.0808126359375 0.7391398703125 0.07819094062500001 0.7862341171875 0.0169488171875 0.7365390796875 0.056991032812499995 0.7298681421875 0.0504952375 0.7258087703125 0.0439844203125 0.721080909375 0.042159775
0 0.78883749375 0.9755538906250001 0.790331009375 0.9809190265625001 0.8280491984375 0.9781154843750001 0.821891128125 0.968269503125 0.8041976125 0.9481265484374999 0.78426688125 0.9350991750000001 0.780173109375 0.935219409375 0.77649243125 0.939455228125 0.7767714515625 0.94523735 0.7818549 0.957478190625 0.783690740625 0.96596925 0.78883749375 0.9755538906250001
0 0.7818403093749999 0.717372446875 0.7751808515625 0.7375392375 0.793430471875 0.767561215625 0.80712883125 0.78589720625 0.7818403093749999 0.717372446875
0 0.6271392703124999 0.9703175078124999 0.6390130125 0.9915002125000001 0.6483480296875 0.9908474437500001 0.6773892484374999 0.98719868125 0.6458613640624999 0.9587583625 0.6271392703124999 0.9703175078124999
0 0.9713125093749999 0.9682635671875 0.9401022703124999 0.9434474203125 0.9383498421875001 0.9665227484375001 0.948571165625 0.969853796875 0.9713125093749999 0.9682635671875
0 0.9290347453125 0.6223983296875 0.9148240218750001 0.61765619375 0.8337306890624999 0.7467367874999999 0.8483237812500001 0.752243175 0.86505053125 0.7266640671875 0.9290347453125 0.6223983296875
0 0.593072434375 0.223552934375 0.6112708671875 0.1865856125 0.5954836875 0.1840055859375 0.5766755156250001 0.20295749375 0.593072434375 0.223552934375
0 0.7067647265625 0.633434675 0.672154053125 0.5710329234375 0.661888284375 0.6031068453125 0.691315159375 0.6278205812500001 0.7067647265625 0.633434675
0 0.3087614265625 0.42857865000000006 0.28281469375 0.408968959375 0.2772975640625 0.434921721875 0.29203165468750003 0.4449308046875 0.303814225 0.4370569015625 0.3087614265625 0.42857865000000006