0 0.621809478125 0.063590809375 0.62177933125 0.0659946296875 0.62368585 0.0673622109375 0.6256800546875 0.0681439796875 0.6226517 0.06879377656249999 0.6208996015625 0.06943355 0.619565203125 0.07199958906250001 0.6186555499999999 0.0733002375 0.6167460671875 0.0751631625 0.61715135 0.0770011796875 0.6181081984375 0.0782721875 0.6212949796875 0.0791297125 0.623794340625 0.0790524109375 0.62511163125 0.07814725781250001 0.6263444390624999 0.0756610234375 0.6268782328125 0.0726528109375 0.6281368765625001 0.0686634546875 0.6282713296875 0.0660711375 0.6286862890625 0.064099775 0.6289920109375 0.0624792546875 0.6286588531249999 0.060176464062500004 0.6277635171875 0.0598793609375 0.6253755078125 0.059685728125000004 0.62356745 0.060450787500000006 0.621809478125 0.063590809375
0 0.6237245046875 0.09200566875 0.6255404812500001 0.08822168124999999 0.625691725 0.08599838125 0.6247877671875 0.0838404234375 0.6226930109375 0.081743209375 0.6184571078125 0.08286242499999999 0.615361815625 0.0858350671875 0.6140211484375 0.08925330625 0.612785740625 0.0921483 0.608012571875 0.093402540625 0.6052386640625 0.09656293125 0.60597625625 0.09933539531249999 0.608218728125 0.10343595624999999 0.609777134375 0.10920465937499998 0.6138131484375 0.111759275 0.6154035109375 0.111942478125 0.6176282734375 0.11059787343750001 0.6178984375 0.1093864359375 0.6189058734375 0.106729071875 0.6195343796875 0.10523487812500001 0.621302990625 0.1025697828125 0.6225435234375001 0.09985806875 0.6238730265625 0.09669238125 0.6235957828124999 0.09403964218750001 0.6232693874999999 0.09242899843749999 0.6237245046875 0.09200566875
0 0.5882330484375 0.2338016859375 0.5888509453124999 0.231130275 0.5892906046874999 0.229677925 0.5899171390625 0.227731459375 0.591154325 0.2244497859375 0.593487678125 0.22219509531249998 0.5926567328125001 0.22017871875 0.5913695953125 0.218127021875 0.5909694265625001 0.2170551671875 0.59022574375 0.21557007968750003 0.5889712859375 0.2132164375 0.5898290828125 0.21091416093749998 0.58887699375 0.20901578281250002 0.586879340625 0.2104135015625 0.5868713453125001 0.211847190625 0.586411984375 0.21324662343749998 0.5866922515625 0.215913184375 0.5870172421875 0.21866145625 0.585773634375 0.2211645359375 0.5828838078125 0.22347614375 0.5816277578125 0.22813294687500002 0.5820249375000001 0.23261441875000002 0.5813525453125 0.2359781296875 0.5797138953125 0.24017867499999998 0.5800835375 0.24397960937500002 0.5814479343750001 0.2451669328125 0.5831972828125 0.245367990625 0.5855005125 0.24432150468749997 0.5857426625000001 0.24338166874999997 0.5868118234375 0.24035489375000002 0.587445940625 0.23750895625 0.589035478125 0.2361745578125 0.5882330484375 0.2338016859375
0 0.585343475 0.25167664843750004 0.586394915625 0.2489895234375 0.5862226781250001 0.2463791640625 0.5828411546875001 0.2455970953125 0.5798722015625 0.24504817812500002 0.5788015109375 0.246879503125 0.5773071640625 0.2508684953125 0.5764149234375 0.25429301875 0.575111878125 0.2577104453125 0.575483221875 0.2595394625 0.5751643828125 0.260317678125 0.5768484765624999 0.2615122484375 0.579380553125 0.2619405453125 0.582366915625 0.2610107921875 0.5834903828125 0.2584857765625 0.5841906171875 0.25438543125 0.585343475 0.25167664843750004
0 0.5890538828125 0.28506546250000003 0.5940940546875 0.28345165625 0.5970318578125 0.2808192140625 0.593749165625 0.28033469375000003 0.5901343265625 0.281009996875 0.588517584375 0.281637115625 0.5861550015625 0.2825374421875 0.582835871875 0.28441184218750004 0.5831755453125 0.285326659375 0.586197903125 0.28536720937500004 0.5890538828125 0.28506546250000003
0 0.59092001875 0.30297004375 0.592220934375 0.300085446875 0.59050409375 0.2985942375 0.58912268125 0.29951712656249996 0.5864608921875 0.30169636093749996 0.5853334765625 0.303316834375 0.5845863140625001 0.3062830578125 0.586054184375 0.306840490625 0.5871480609375 0.3057828546875 0.5892297453124999 0.3046763859375 0.59092001875 0.30297004375
0 0.56058559375 0.326667546875 0.5599625140625 0.3290205671875 0.559312646875 0.331118740625 0.5590096578125 0.33512705781249996 0.558501284375 0.33719621875 0.556990903125 0.341212034375 0.5560273640625 0.3434798625 0.5551058515625 0.3463418640625 0.55475555 0.349571171875 0.5555626640625 0.3507479390625 0.5550558640625 0.35269753125 0.5516165625 0.3610072453125 0.5497923328125001 0.36266482187500004 0.55113963125 0.363360615625 0.5534373234375 0.36475778281250004 0.5512715390625 0.3686366671875 0.5493500359375 0.371536215625 0.5474581546875 0.37432895781250003 0.5451895875 0.3749428890625 0.545690696875 0.37746840625 0.5475290312500001 0.378172290625 0.5553095640625 0.3766066765625 0.5557586531250001 0.3765594765625 0.5570771625 0.373618040625 0.5569313124999999 0.372230371875 0.5579140078125 0.3693226609375 0.5577405468750001 0.36616254375 0.557591328125 0.3659237078125 0.5599354375 0.362874478125 0.5597873843750001 0.36145090468749996 0.5597942625 0.35776436562499997 0.5608662171875001 0.3546446 0.5616024046875 0.3517832234375 0.5614879140625 0.3506939109375 0.563632228125 0.348135440625 0.563680103125 0.345855446875 0.5639391 0.34388005312500003 0.56434495 0.3421060359375 0.566480240625 0.33763804999999997 0.5661700656249999 0.3358528796875 0.5668463921875 0.33243690937500003 0.5676284468749999 0.329144940625 0.5681501984375 0.32729275625 0.5699353 0.3201357046875 0.5704851 0.3157102421875 0.5705515625 0.3132931796875 0.5709994109375 0.3112460890625 0.5716815984375 0.3085286453125 0.57215255625 0.3061931859375 0.5734508968750001 0.302521734375 0.5738716625 0.30056075937500004 0.5740089890625 0.2989375125 0.5749573421874999 0.2964953171875 0.5742442265625 0.2935820234375 0.5752909265625 0.290879684375 0.575451540625 0.28783370937499997 0.576476346875 0.2839364890625 0.5769245359374999 0.2812797734375 0.5784741171875 0.2771137265625 0.5784866640625 0.2732569125 0.5774965421875 0.27346309999999996 0.5750677718749999 0.2729563875 0.575051384375 0.2721128546875 0.5703345671875 0.2728269953125 0.570784321875 0.27426599218750003 0.5717645484375 0.2766563125 0.571966909375 0.27858164375 0.5717975640625 0.28149970625 0.5709246546875 0.283179840625 0.5704418625 0.284834684375 0.56592900625 0.29499330625 0.5667395734375 0.297622984375 0.5673143375 0.2998328234375 0.5666609484375 0.300925859375 0.5657316296875 0.304027490625 0.563064028125 0.309365259375 0.5624344921875 0.312195003125 0.562086365625 0.3151161453125 0.5623489937499999 0.31761488125000004 0.562958925 0.31930727187499997 0.56342385625 0.31993398125 0.5606964046875 0.3215183828125 0.5611742328125 0.32334406250000003 0.56058559375 0.326667546875
0 0.5258875875 0.3572950703125 0.5254603390625 0.356279478125 0.5239722859375 0.36548545468750004 0.5242779546875 0.3662860140625 0.525899321875 0.3658972171875 0.5270471437500001 0.3645306890625 0.5267767906249999 0.3633037890625 0.5266582921875 0.360651646875 0.5260714890625 0.3580283015625 0.5258875875 0.3572950703125
0 0.5203129875 0.3852150984375 0.52131561875 0.3865928421875 0.5220644921875001 0.385227396875 0.52268913125 0.38389071874999997 0.5217513406250001 0.3826067109375 0.5211900015625 0.3808385125 0.5203129875 0.3852150984375
0 0.54318205 0.4038407265625 0.544817803125 0.40349912187500003 0.54696223125 0.4033334359375 0.5484846359375 0.402436575 0.5495849671874999 0.4009022171875 0.5507964265624999 0.3994834375 0.5515105828125 0.3973392296875 0.5527516796875 0.393631375 0.5541286890625 0.3905439625 0.5539119171875 0.38872069531250003 0.5528021765625 0.3882073203125 0.550284946875 0.3880099859375 0.5484980968750001 0.3886031375 0.54444695 0.3897013640625 0.5422249734375 0.390489503125 0.5404173109375 0.392379434375 0.540315215625 0.39411366875 0.5410560624999999 0.394390871875 0.5437418578125001 0.3950559609375 0.5429296124999999 0.3973880140625 0.5413840109375 0.3980940671875 0.538560584375 0.39837668125 0.5397635375000001 0.40164540625 0.5412679687499999 0.4032233578125 0.54318205 0.4038407265625
0 0.5404834968750001 0.41668692500000004 0.5386917765625 0.4170543484375 0.535827909375 0.41914955625 0.5345859140625 0.41972471875000006 0.5334138546875 0.42023282812499996 0.5336869125 0.42245709531250003 0.534976378125 0.42373870625 0.536593646875 0.42444697187499997 0.5381816890625 0.42534055937500004 0.5410161125 0.4258501984375 0.5432587109375 0.424989190625 0.54407963125 0.4241896265625 0.545188665625 0.42243911093750003 0.5453929703125 0.42031706875 0.5454830078125 0.4177655546875 0.5444499375 0.41701002656249997 0.5404834968750001 0.41668692500000004
0 0.6049393078125 0.39589021875 0.60499886875 0.39783213125 0.6063094437500001 0.39645949375 0.6059855265625 0.3946930515625 0.604912296875 0.39238948906250004 0.6046325890625 0.3903261734375 0.603710628125 0.3887592734375 0.60188571875 0.3879738515625 0.6019849828125 0.38968063750000004 0.6018795703125 0.3917121609375 0.6020643578125 0.3930517453125 0.6038844921875001 0.3940309171875 0.6049393078125 0.39589021875
0 0.5973956078125 0.39703345 0.59815456875 0.398619053125 0.5986394484375 0.400855621875 0.59827705 0.40350646093750003 0.5983046609375 0.4052789109375 0.599482565625 0.4060820609375 0.601027759375 0.4069267328125 0.6026956234374999 0.40678599843749996 0.6033105234375 0.40549119375 0.6036162593750001 0.4032579390625 0.6036109828125 0.4009206859375 0.6032135875 0.39833556406250004 0.6027482281250001 0.396269765625 0.6019158265625 0.39519620624999996 0.599380253125 0.3956763765625 0.597376578125 0.3963441640625 0.5973956078125 0.39703345
0 0.5973946390625 0.37926590625 0.5985460375 0.380115834375 0.5983900671875 0.37860196875 0.5991038843750001 0.3786070703125 0.59997438125 0.37823434843750003 0.6001372484374999 0.376465446875 0.59939850625 0.37475831406250004 0.598547125 0.3742366375 0.5969750890625 0.372972159375 0.5958506390625 0.3734249890625 0.59584000625 0.3760294296875 0.5959780953125 0.3773582125 0.5973946390625 0.37926590625
0 0.5927148390625 0.36197598750000004 0.5929340296875 0.3598460953125 0.5933135234375 0.35873314375 0.5912187109375 0.3575173265625 0.590379778125 0.35792129375 0.5903492625 0.36059066875 0.5906074796875 0.36304744843750003 0.591600771875 0.3660852625 0.5929984625 0.36773884843750004 0.5944603749999999 0.3687478140625 0.5942896859375 0.36616714375 0.5927148390625 0.36197598750000004
0 0.5836441781249999 0.3706246328125 0.58347928125 0.3728226609375 0.5838550875 0.37384208750000003 0.5853523421875 0.374768784375 0.586442121875 0.3748082109375 0.5866599328125 0.375729553125 0.58450013125 0.377961290625 0.5850989953125 0.378786021875 0.586688040625 0.379539675 0.58778460625 0.3775061 0.5891638078125 0.37451429531249997 0.5886993609375 0.3713360578125 0.5876148984375 0.369209640625 0.5866902296875 0.3682149078125 0.5856652921875 0.368269215625 0.584256721875 0.36923266718750003 0.5836441781249999 0.3706246328125
0 0.5315411625 0.43467330937500004 0.5357295765625001 0.4359723046875 0.536392259375 0.4361037546875 0.5341324796875 0.437010559375 0.5322972187499999 0.43860802187500003 0.5321573296875 0.4404012171875 0.5332854 0.4418961796875 0.5338723078125 0.44281643437499996 0.5325196890624999 0.443714303125 0.5319938765625001 0.44537838125 0.53238826875 0.4457375609375 0.53280369375 0.4465360109375 0.53342958125 0.4471395203125 0.5344964421875 0.447812940625 0.5353699203125 0.44772270625 0.5362832734375 0.447862375 0.537634034375 0.4473354828125 0.5384678390625 0.4467780859375 0.539136859375 0.445609565625 0.538969125 0.44401366875 0.5388634531250001 0.44300826875 0.5395027625 0.44199055468750004 0.5404376656250001 0.4408255109375 0.5408724765625 0.43899817656250006 0.5384955703125 0.43789370468750005 0.538056546875 0.43737896249999997 0.5381067546875 0.43639174374999995 0.5399615765625 0.4357427453125 0.5414785734375 0.4349140109375 0.541734675 0.43365848749999997 0.5407095953125001 0.43149912187500006 0.5388418890625 0.43085959531249995 0.535857684375 0.4316005890625 0.532464578125 0.4327113515625 0.5315411625 0.43467330937500004
0 0.5297330375 0.45198527187500004 0.5291017765625 0.45382697031249997 0.5289130515625 0.4567250734375 0.5301484890625 0.457806546875 0.529272459375 0.45853020625 0.52771915 0.461435046875 0.527458134375 0.46273350625000004 0.52958963125 0.46367052500000006 0.5311766796875 0.46307480625 0.531541609375 0.46200266250000005 0.533855390625 0.46147510468749997 0.5351629078125 0.46082078437499996 0.5361795171875 0.459117690625 0.5365840859375 0.45718198593750003 0.537308503125 0.45583796249999997 0.5372795390625 0.45382841875 0.537245409375 0.45347379375 0.5361544125 0.4523315765625 0.532760828125 0.45076208125 0.5321804515624999 0.45095034062500006 0.5297330375 0.45198527187500004
0 0.52722199375 0.47539002343750003 0.5281149171874999 0.4754250046875 0.5293300984375 0.47529728281250005 0.5299485671874999 0.47523227968750004 0.5313315328125 0.4743092265625 0.53228955 0.4733491390625 0.5329339937500001 0.47140864687499995 0.5324172421875 0.470064675 0.5305771375 0.47021094375 0.5275719046875 0.47100599374999996 0.5262116140625 0.471800975 0.5252032453125001 0.473627321875 0.5254496171875 0.47444668125 0.5262231703125 0.47476601093750004 0.52722199375 0.47539002343750003
0 0.528579759375 0.4766188921875 0.5272295437500001 0.47626904999999997 0.52485294375 0.47737980625 0.5246603328125 0.47846211875 0.5260748421875 0.4792592546875 0.5259026437500001 0.479519303125 0.52726285 0.48030800625000003 0.5278755937499999 0.4792019609375 0.5287185812499999 0.47796959375 0.528579759375 0.4766188921875
0 0.5253130453125 0.4811445234375 0.5241891078124999 0.48249911562500003 0.5227339984375 0.48295999062500006 0.5201067609375001 0.48333039062500005 0.5175615703124999 0.483599471875 0.5162521890625 0.48465462031250006 0.5162648671875 0.48568707499999997 0.5182108203125 0.48698138437500005 0.5226114203125001 0.48701061875 0.523629521875 0.4867417875 0.5256372218750001 0.4864710671875 0.52711465625 0.4865514484375 0.527776396875 0.48591158593749995 0.5287191625000001 0.4851950515625 0.5293021296875 0.48413455625 0.529596740625 0.4824382171875 0.5294483578125 0.4805182109375 0.5270503015625 0.4802439359375 0.5253130453125 0.4811445234375
0 0.5053507953125 0.49367321875 0.503823090625 0.49342844062499996 0.50246485 0.49678411093749997 0.5028605796875001 0.49593025625 0.5047426859375 0.4949578828125 0.5053507953125 0.49367321875
0 0.526503621875 0.49187416562499997 0.52503153125 0.49214357968750005 0.52500531875 0.49292560312499994 0.52628765 0.492764115625 0.52672911875 0.4922856609375 0.526503621875 0.49187416562499997
0 0.5227278546874999 0.491347203125 0.52191704375 0.49131616093749997 0.5221770875 0.492041390625 0.5224774734375 0.49210408437500003 0.5229694 0.49216550000000003 0.523263184375 0.49156745312499994 0.5227278546874999 0.491347203125
0 0.5169558359375 0.5327256578124999 0.517554765625 0.5320861109374999 0.518138503125 0.5308087203125 0.51698136875 0.5300238125 0.516529521875 0.5294020109375001 0.5135657703125001 0.5295752578124999 0.5134920203125 0.530487965625 0.5134877125 0.5313588124999999 0.512387428125 0.533117834375 0.5123285281250001 0.533738328125 0.51231731875 0.5342893937500001 0.5136049093749999 0.535015028125 0.5145146359375 0.5353294703125 0.515873740625 0.5353154546875001 0.516500996875 0.5350201453125 0.5168319015625 0.5344763265625 0.5172242703125 0.5336652453124999 0.5169558359375 0.5327256578124999
0 0.5174523015625 0.5132781640624999 0.51702595625 0.51431905625 0.516704425 0.5155798859375 0.51640760625 0.518316528125 0.515816328125 0.5202247234375 0.515305840625 0.5227371609375 0.5149318109375 0.523946946875 0.51454245 0.5269541203125 0.5140817734375001 0.5278776453125 0.5149285953125 0.5287894359374999 0.5170600609375 0.5283658796874999 0.518539484375 0.5267162625 0.5182676625 0.5249522 0.5187548640624999 0.5233393125 0.5190783078125001 0.522395646875 0.5205843031249999 0.519234975 0.5215353625 0.51726696875 0.5212273328125 0.5163991 0.5216195671875 0.5138378203125 0.5221850484375 0.513193934375 0.5230118859374999 0.5116883203125 0.522692228125 0.5109190828125 0.523133825 0.5080651015625001 0.52360116875 0.5073843953125 0.52437606875 0.5064309859375 0.5239418484375 0.505020209375 0.5203641828125 0.505421375 0.5189862515625 0.5070948875 0.5180801484375 0.5086983859374999 0.5165440421875 0.510391665625 0.5174523015625 0.5132781640624999
0 0.5135158703125 0.509354075 0.5107448125 0.5089540375 0.5084185828125001 0.5090791296875 0.5080839671875 0.5092886921875001 0.5092840703125 0.5103927328125 0.5104519468750001 0.5109958359375 0.510986296875 0.5112067609375 0.5120091953125 0.5111181031250001 0.51588995 0.5107604953125 0.514439521875 0.5095319390624999 0.5135158703125 0.509354075
0 0.5066115171875001 0.5591972593750001 0.507551515625 0.5594409625 0.5080835234375 0.5594651734375 0.509658015625 0.5591535750000001 0.5105329484375 0.5586437015625 0.5105019734375 0.557990234375 0.508945 0.5576762625 0.5080047453125001 0.55750485625 0.50731019375 0.557712971875 0.50627904375 0.5587844390625001 0.5068339734375 0.5591911609375 0.5066115171875001 0.5591972593750001
0 0.48984366250000005 0.5517136687499999 0.49021406250000005 0.5496621515625 0.490656675 0.5486713953125 0.49119773593750005 0.5478101203125 0.49171491874999995 0.54693093125 0.4918854890625 0.5455791343749999 0.49189486093749996 0.543710103125 0.492046178125 0.5431018921875 0.49268888125 0.5413092671874999 0.493129309375 0.539640021875 0.49271500625 0.53795535 0.49167660625 0.53728365 0.4912727921875 0.5375523328125 0.48815161875 0.5558397015625001 0.488390234375 0.5565703234375 0.4887898359375 0.5565754578125001 0.48964975781250003 0.5558330671875 0.4900636109375 0.55413519375 0.49002772656250004 0.5524484546874999 0.48984366250000005 0.5517136687499999
0 0.48332626875000007 0.5800061609375 0.47994330625000003 0.5977460203125 0.4813443484375 0.5983701781249999 0.481812821875 0.59778990625 0.4826897875 0.59580455 0.4825959703125 0.5927444671875 0.48219207812500003 0.5919510906250001 0.48361051406250005 0.589616596875 0.48334491875 0.5877921781250001 0.484108371875 0.5857731890625 0.4844782890625 0.584180484375 0.4847161890625 0.5821837421875 0.48332626875000007 0.5800061609375
0 0.49895704375000005 0.5985551640625 0.5005277359375 0.5937977328125 0.4988839703125 0.594122896875 0.4969226421875 0.5980337109375 0.49895704375000005 0.5985551640625
0 0.47641317031249997 0.618883940625 0.47748957968749994 0.61760033125 0.4782381078125 0.6168743625 0.4784923859375 0.6157808546875 0.4785663984375 0.6131964609375 0.4778512984375 0.6125064921875001 0.47746129687499994 0.611785496875 0.47647896406249995 0.6160270390625 0.47570507500000003 0.6204430609375 0.476377496875 0.6210558171875 0.47660619843749996 0.6198235999999999 0.47641317031249997 0.618883940625
0 0.47270874375 0.6452546828125 0.47275976406250003 0.6437819078125 0.472676096875 0.64171526875 0.4720745671875 0.6411940406250001 0.47120550312500004 0.641819559375 0.471064653125 0.6440072031249999 0.46938886718750006 0.6539681890625 0.4698303015625 0.6547450515625 0.47071267031249997 0.6548141359375 0.471033659375 0.6533538328125 0.47060692812499993 0.6526869734375 0.470647225 0.651799775 0.47169310312499996 0.6501658765625 0.47213840312500005 0.6492455374999999 0.47252310937499997 0.6477486875 0.47270874375 0.6452546828125
0 0.49018461875 0.62355439375 0.4891250109375 0.626163821875 0.48979886875 0.627522703125 0.48956414062500003 0.62808469375 0.49008592812499996 0.6286095890625 0.492338459375 0.6285456609375 0.49306301250000006 0.6273823015625 0.49352169218749997 0.6261557625 0.494868609375 0.62406759375 0.4910058640625 0.623281115625 0.49018461875 0.62355439375
0 0.489727553125 0.6316873484375 0.49129973437499996 0.6320264296875 0.4919552546875 0.631417071875 0.49218441718749995 0.6303686234375 0.491891371875 0.62991238125 0.491083075 0.6300099046875001 0.4895727609375 0.6304687265625 0.488904659375 0.630988284375 0.489727553125 0.6316873484375
0 0.49230844218750003 0.6316831734374999 0.48878049843750004 0.6321089640625 0.4885921015625 0.6334406390625 0.48802041406249996 0.6340254765625 0.4878262453125 0.635137803125 0.487541228125 0.6366713078124999 0.48691732343750005 0.6375067265625 0.4863649453125 0.639082471875 0.486335821875 0.639657415625 0.48654103437499996 0.640085184375 0.48907033125000005 0.640516915625 0.48953803437500004 0.6396303578125 0.49043144375000003 0.6386534953125 0.49076375 0.637525078125 0.49139790000000005 0.6360397171875001 0.49202337343749997 0.634068225 0.4923358390625 0.6322128984375001 0.49230844218750003 0.6316831734374999
0 0.48503141875000005 0.6428675984375001 0.487347465625 0.6430043796875 0.4901077734375 0.6425995703125 0.4890143875 0.6415691515625 0.48719720625 0.6410515765625 0.48532246875 0.6409281140624999 0.483835675 0.641610703125 0.48443594218749997 0.6423441624999999 0.48503141875000005 0.6428675984375001
0 0.4880814125 0.6517961359375 0.487467575 0.6515464328125 0.48759063906250005 0.6506395375 0.48769330312500003 0.649448846875 0.4877587 0.64860614375 0.4877857953125 0.64741396875 0.48793515625 0.646757259375 0.4881532734375 0.6457382515625001 0.488494734375 0.6446371531249999 0.48804493750000005 0.6434668203125 0.485777603125 0.643001271875 0.48483659687499997 0.64345053125 0.48418498125 0.64470991875 0.48343962031250004 0.6466170265625 0.4830150296875 0.6479436765625 0.48315352968749997 0.6492614171875 0.48309171093750003 0.65127421875 0.48296363906249995 0.6522979015625 0.48259356093749994 0.6538592000000001 0.48191899843749997 0.6575012250000001 0.4815745265625 0.6584989484375 0.48067249375000004 0.6607540265625 0.479645575 0.6630018078125001 0.477640065625 0.665984028125 0.477419628125 0.6671902390625 0.477601215625 0.668080825 0.47493962031250003 0.671099009375 0.47500957968749996 0.672452234375 0.4768766875 0.672727325 0.47862529531250003 0.6729661671875 0.4816205828125 0.6724800984375 0.48165387031250007 0.671436528125 0.482138265625 0.6699763328125 0.48225343593750003 0.6688298890625 0.48263280937499997 0.6674467187500001 0.48263118125000004 0.66687815 0.48282212968750005 0.66595940625 0.48293184375 0.6651796046875 0.483362346875 0.6636999359375 0.48359020781249995 0.663132384375 0.483877934375 0.6620432171874999 0.4843276125 0.6608506171874999 0.4843675546875 0.6601394203125001 0.48439126093749996 0.6591691281250001 0.48457933437499995 0.658327671875 0.48481713437499996 0.6574809890625 0.48504386093749996 0.65684285625 0.48518191093749996 0.6563475875 0.4853925046875 0.65583998125 0.48567284375 0.655442878125 0.48630928906250004 0.654442746875 0.4869765453125 0.6535713515625 0.4880108265625 0.6528734796875 0.48856590625 0.652324953125 0.4880814125 0.6517961359375
0 0.48382137968750005 0.6747939781250001 0.4834524796875 0.6751108375 0.4853601875 0.674651096875 0.4886605984375 0.673749609375 0.487270946875 0.6729797125 0.48630104531249996 0.6730643703125 0.4828701234375 0.6733369921875 0.48160017968749996 0.674289015625 0.48336292500000005 0.6751108234375 0.48382137968750005 0.6747939781250001
0 0.4810727390625 0.674861346875 0.4814319484375 0.673764665625 0.48109906406249997 0.6733628859375 0.4789712953125 0.6736870734375 0.4764965859375 0.674581903125 0.4755360171875 0.6756522359375 0.476520934375 0.676293421875 0.47900083593750004 0.677226815625 0.48041023593750004 0.6772279359375 0.48075465156249997 0.67658843125 0.4810727390625 0.674861346875
0 0.4805330859375 0.678217390625 0.4801912890625 0.6772823703124999 0.4795427265625 0.6773301125 0.47773338125000003 0.67744015625 0.47623518125000003 0.6778348609375 0.47505692968749996 0.67871754375 0.474841953125 0.6800504421875 0.4759728 0.6815718203125 0.47640097812500004 0.6818787453125 0.4788658953125 0.6818773328125001 0.4791684765625 0.6804661000000001 0.4805330859375 0.678217390625
0 0.47676712187500003 0.6850484625 0.47825234375000003 0.6850086203125 0.4791477171875 0.68454373125 0.47849896875000003 0.6831696421875 0.47791029218750003 0.6825763625 0.47678418906250003 0.68260988125 0.47533371406249997 0.682726196875 0.47271593125000005 0.682782953125 0.471860009375 0.682531984375 0.47139479218749997 0.6826798609375 0.4719036265625 0.6834103625 0.47304847343749995 0.683794359375 0.4748950625 0.684531940625 0.47676712187500003 0.6850484625
0 0.47770307812499996 0.6870773671875 0.47714242812499996 0.6861229296875 0.4752039828125 0.6859763125 0.47392153906249995 0.6863310578124999 0.47355128906250005 0.6874273265624999 0.47348058125000003 0.6882344515625001 0.4727760890625 0.691337590625 0.47276303124999997 0.6916767515625 0.47548533437499996 0.6911046843750001 0.47695990468750005 0.689109934375 0.47797353124999997 0.6881707109375 0.47770307812499996 0.6870773671875
0 0.472528975 0.7129332875000001 0.472802334375 0.711677521875 0.473242478125 0.7107828625 0.47376591875 0.7096343578125001 0.4736981171875 0.70756919375 0.4739594546875 0.7068268718749999 0.47441644531250005 0.7048966546875 0.4742942171875 0.7041223765625 0.47479053593750004 0.7027756203125 0.47526609531249997 0.70135091875 0.47628372187499995 0.6999415140624999 0.47662756249999993 0.6987883187499999 0.476760721875 0.69766355 0.47743055625 0.696009471875 0.4764151765625 0.6945702234375 0.475389753125 0.69459001875 0.47363763593749997 0.6948260203125 0.472471625 0.6958849515625001 0.47207742656249996 0.6979342578125001 0.47169833906249997 0.699066021875 0.47059377031249994 0.701023453125 0.471560053125 0.7026234015624999 0.47137554374999996 0.70420133125 0.468003796875 0.7041849359375 0.47058322343750003 0.7072461437500001 0.4705433140625 0.7077483796874999 0.4697703796875 0.7097369421875 0.46935782187499997 0.712030128125 0.4693842046875 0.7138058484375 0.4691154359375 0.716555253125 0.4684499984375 0.7183408421874999 0.468217671875 0.71922465625 0.4701587015625 0.720621603125 0.47065817499999996 0.7194991828124999 0.471155428125 0.7179370859375 0.47110185624999995 0.71742739375 0.4713154390625 0.7161260640625 0.4715993625 0.715299671875 0.47259326875 0.7139037578125 0.472528975 0.7129332875000001
0 0.45828602500000004 0.7119683578125 0.4587117296875 0.712924409375 0.4598009109375 0.712599403125 0.4597986828125 0.711173071875 0.460293746875 0.7089623390625001 0.4594389546875 0.7072422656249999 0.45828602500000004 0.7119683578125
0 0.45556382656250005 0.726966315625 0.45654365781250006 0.7271854078125 0.45747884375 0.7247524515625 0.4582867421875 0.7193744796875 0.4586961328125 0.7153769750000001 0.45746305937500004 0.7153793171875 0.45556382656250005 0.726966315625
0 0.4851687359375 0.7547301015625 0.483171640625 0.7530986687500001 0.48221709687500003 0.75120683125 0.4813569109375 0.7494653312499999 0.4809268203125 0.749364421875 0.481700125 0.75699099375 0.4827979453125 0.7605001515625001 0.48385531562499995 0.760679671875 0.48523210624999996 0.760534965625 0.48588470156249997 0.760331259375 0.48553286875 0.757686359375 0.4851687359375 0.7547301015625
0 0.465292121875 0.739642309375 0.466353959375 0.737412853125 0.4655740453125 0.7364500406250001 0.46442224843749996 0.7370911359375001 0.4631797609375 0.73975435 0.4649673703125 0.7400503656249999 0.46480397812499996 0.7404838812500001 0.465292121875 0.739642309375
0 0.45995275781249995 0.7622068484375 0.45788932187500003 0.7627395171875 0.46032963593750004 0.763684925 0.46071356249999995 0.7629878515625 0.4609052625 0.7624948 0.45995275781249995 0.7622068484375
0 0.45071710625000005 0.7960278234375 0.45015065468750004 0.7971258625 0.45073791406249997 0.7973767890625 0.45207068125000005 0.7973812515625001 0.45316312031250006 0.7971470265625 0.4531972609375 0.7963955921875 0.45284604687499996 0.7960585828125 0.4517860640625 0.7958541984374999 0.45071710625000005 0.7960278234375
0 0.45362395468749994 0.79052979375 0.45386325312500003 0.7900411671875001 0.45316675625 0.7896179015625 0.4515707765625 0.7897997859375 0.45185046093750003 0.7904428234374999 0.4526619625 0.7907644484375 0.4532457359375 0.79081778125 0.45362395468749994 0.79052979375
0 0.44539360468750006 0.8248719796874999 0.446228346875 0.823023034375 0.44631260624999997 0.8223747390625 0.4465418625 0.8212524390624999 0.4465054265625 0.8199491078125 0.44684803281249996 0.8188588859375001 0.44705576249999995 0.817845684375 0.4474987203125 0.8162154515625 0.44750312187499997 0.8152707546875 0.44591980937500003 0.8165447968749999 0.4435102125 0.82257344375 0.4449098171875 0.8229746562500001 0.44539360468750006 0.8248719796874999
0 0.44873090312499997 0.81459025 0.448723009375 0.8122579875 0.44756203437500003 0.811974665625 0.4461448625 0.814067075 0.44873090312499997 0.81459025
0 0.44732907656250004 0.80907060625 0.44704008437500004 0.8109250359375 0.44774241249999996 0.8117027578125 0.4488225265625 0.8118296125000001 0.44927840625000004 0.8107259140625 0.4492371421875 0.8099745484374999 0.4493748453125 0.8090724 0.44981864375 0.8078238593749999 0.4502895390625 0.8069228265625 0.4506659578125 0.80612441875 0.451022978125 0.8054254578125001 0.45074974218749997 0.803289190625 0.4490202859375 0.8029634968750001 0.4486628890625 0.803987715625 0.44849362031249995 0.8048586171875 0.4484053765625 0.8058875406249999 0.4478752015625 0.8077343265625 0.44732907656250004 0.80907060625
0 0.4443552234375 0.8287596296874999 0.44238069218750004 0.8292562453125001 0.4418192875 0.8320615453125001 0.441478484375 0.8331390093750001 0.44211070937499997 0.833488903125 0.4433451203125 0.8332900328124999 0.4443552234375 0.8287596296874999