0 0.511460925 0.54292391875 0.5127954640625 0.5399234328125 0.5135469125000001 0.541069115625 0.5150388718750001 0.54213111875 0.5173366078125 0.5395964156249999 0.5192135484375 0.540733253125 0.5208991593750001 0.5426988078125 0.5223759343750001 0.54486253125 0.52385525625 0.546194265625 0.526363771875 0.5473328953125 0.5287858140624999 0.5473277609375 0.531438525 0.546741909375 0.533747221875 0.5451007125 0.5350879859375001 0.5428543328125001 0.53572960625 0.5392750609375 0.5353418578125 0.5357997234375 0.53339139375 0.52866204375 0.5305958765625001 0.5300398859375 0.528824540625 0.530071225 0.5263468296875 0.528962459375 0.5232167703124999 0.5274101328125 0.521474815625 0.5272084203125 0.5196347484375 0.5243342 0.5187877078125 0.5234182484375001 0.51763686875 0.522083509375 0.5154834187499999 0.520190965625 0.5129789687499999 0.5200304578125 0.5120602109375 0.5223413578125 0.5111275359375 0.525591865625 0.5083844203125001 0.5227776875 0.5072789015625 0.5205874421875001 0.5043449984375 0.5197783874999999 0.5014513453125 0.5194992484375 0.49951549375 0.519934746875 0.49776660625 0.5178279609375 0.4935879359375 0.5180344265625 0.48779656562499996 0.517857378125 0.48707708906249997 0.519110303125 0.48584269375 0.5217593765624999 0.48525745000000003 0.5206921624999999 0.48533036406249996 0.524427834375 0.4859400375 0.5250827609375001 0.4876058859375 0.5257742624999999 0.489542096875 0.5263113890625 0.4918269765625 0.5274049578125 0.49199205625 0.5299376765625 0.492927928125 0.5308470187500001 0.495235515625 0.5326262671875 0.49726165624999996 0.5351164374999999 0.49965160312499995 0.5355794046875 0.4999775546875 0.534598578125 0.5018786921875 0.5315410953125 0.502793525 0.5325832375 0.501150025 0.5370994953125 0.50426586875 0.537496634375 0.5064602125000001 0.5406609734375001 0.504175778125 0.54333196875 0.5041885109375001 0.54596878125 0.5060152312499999 0.546602415625 0.508061028125 0.54587153125 0.51064325 0.5442644015625 0.511460925 0.54292391875
0 0.47596018281249997 0.5214285640625 0.4765478734375 0.52209831875 0.47847231875 0.52255675625 0.47971584843750004 0.522219078125 0.480922003125 0.5203540203125 0.48076971406249996 0.51933594375 0.4804915421875 0.5178763625 0.4802438578125 0.5168413359375 0.47762621406249994 0.5160921640625 0.4762452203125 0.5167930984375 0.47493545781249996 0.5187653578125 0.4746256046875 0.5196633578125 0.4749657328125 0.5205667296875001 0.47596018281249997 0.5214285640625
0 0.41852655 0.524623728125 0.41938154843750003 0.526784378125 0.4201458953125 0.5270284578125 0.4213296421875 0.5265725125 0.4239400203125 0.5262617625 0.4246769265625 0.5271547140624999 0.4259292265625 0.527418828125 0.42756858593749997 0.5268954546875 0.429447134375 0.526459959375 0.4309212640625 0.526491821875 0.43477302343749996 0.526239321875 0.4364650046875 0.525813721875 0.43885352031249997 0.5244825140625 0.43943735000000006 0.5240420718750001 0.44055595625 0.5229304 0.44191106874999997 0.5212407359375 0.44374229375 0.5223670953124999 0.44781911562500004 0.5231595484375 0.4512475796875 0.5226608171875 0.45233468437499996 0.5226365515625 0.45838703281250004 0.5238703109375 0.461545525 0.5242773328125 0.46429311562500003 0.5236701296875 0.46679490156250003 0.522771609375 0.46837031093750003 0.5229457234375 0.4691375875 0.5223722140625 0.4705907171875 0.5203912125000001 0.47123405937499996 0.51916965 0.471184384375 0.516444478125 0.47142615 0.514799446875 0.4707302453125 0.5127620421875 0.46710413749999996 0.5112231234375 0.46407397499999997 0.510180471875 0.46015848281249994 0.508451596875 0.4565102625 0.50758328125 0.45481539687500006 0.5082120625 0.45195778437499995 0.509270628125 0.44942108125 0.5097755671875001 0.4469358921875 0.509663371875 0.44504305625 0.508477284375 0.4435183875 0.5089592828125 0.44256653281249997 0.50934410625 0.43854561875 0.5059138546875 0.43365217500000003 0.5000282578124999 0.42756355 0.5026251421875 0.42453095625000004 0.50430549375 0.4212146109375 0.505930690625 0.41992578593749996 0.508204675 0.41885780156249997 0.5128964703125 0.418081696875 0.5160866828125 0.41801401250000003 0.519775925 0.41852655 0.524623728125
0 0.4879383828125 0.57829006875 0.49094411875 0.5798023125 0.491473721875 0.5808937296875001 0.4919844359375 0.579682996875 0.492532634375 0.576961025 0.49203578437499995 0.5750132484375 0.4905490125 0.5744568359375 0.48930429062499997 0.5741209734375 0.48727653125000003 0.5737109 0.4856274796875 0.5752749828125 0.4851895 0.577298909375 0.486188396875 0.5784162875 0.4879383828125 0.57829006875
0 0.502118571875 0.5827973375 0.5035277640625 0.5834007484375 0.5052140281249999 0.5835040890625 0.5086011140625 0.5814740140625 0.5091562 0.5847272 0.5118919046875 0.5848116875 0.5133614828125 0.5849652296875 0.5176731265625001 0.5869079984375001 0.5189514875000001 0.58694796875 0.5216381671875 0.5872600953125 0.52429226875 0.5871011015625001 0.52591991875 0.5853195640625 0.5256460328125 0.58357589375 0.52075995 0.5809770875 0.5153579234375 0.5811717843750001 0.512674959375 0.579620409375 0.5106804296874999 0.57849891875 0.5068814296874999 0.578308028125 0.5028979015624999 0.577993721875 0.5017312921875 0.57861535625 0.5006781765625 0.5812407734375 0.5017270859375 0.5822564515625 0.502118571875 0.5827973375
0 0.222392659375 0.5201725234375 0.2243913546875 0.522517284375 0.2252698515625 0.5236399109375001 0.22663261875 0.5244985265625 0.22962978281250002 0.5244826203125 0.23148455937499998 0.52339148125 0.23170533125 0.52052786875 0.2286191171875 0.5176772421875 0.22662608906249998 0.5167199921875001 0.224628053125 0.5160833015625 0.22133387187500003 0.5171604703125 0.22112306093749998 0.5185234109375 0.222392659375 0.5201725234375
0 0.3797003671875 0.5375146859375 0.377596584375 0.5354567046875001 0.3761283 0.53350315 0.37033158906249997 0.539306840625 0.36750911875000003 0.5415931046875 0.3639669046875 0.5449698859375001 0.3643963 0.5474202765625 0.366063021875 0.5484430296875 0.3681234109375 0.5494468 0.3703719390625 0.5510713109375 0.3711741125 0.5512272375 0.3750648578125 0.549627740625 0.377803165625 0.5463414171875 0.37768474375 0.5432001703125 0.3797003671875 0.5375146859375
0 0.41053553125000003 0.5457941796875 0.40948070000000003 0.5440801671875 0.40786089687500005 0.5439133421875 0.4054668515625 0.543995546875 0.40225730000000004 0.5467254796875001 0.39985047812499996 0.5489779328125 0.3982548125 0.5491946343749999 0.3971813046875 0.54929635625 0.3932758140625 0.5515121765625 0.39468244218750004 0.5526610562500001 0.3989725328125 0.5553779999999999 0.405787746875 0.5570354187500001 0.4094378953125 0.5553143406250001 0.410563996875 0.5520759625 0.41053553125000003 0.5457941796875
0 0.39786439375 0.515598190625 0.3985831234375 0.5174362890624999 0.4013014984375 0.51839605 0.4026984734375 0.519856628125 0.4040063765625 0.5222422046874999 0.40555215312500004 0.5206771484375 0.4059738421875 0.5176806828125 0.406885121875 0.5150070015625 0.406722996875 0.5134171703125 0.4066589828125 0.510986865625 0.40674438437499993 0.50927005625 0.40392268593749997 0.51096275 0.402526659375 0.511773778125 0.3992190375 0.5125188421875 0.39786439375 0.515598190625
0 0.3603472109375 0.48932721562500003 0.3601648484375 0.48773504062499995 0.35798575625 0.48523742500000006 0.3556217296875 0.48367482500000003 0.3537444703125 0.48083635156250004 0.352446559375 0.4801845359375 0.349351971875 0.48043140781250004 0.34772695625 0.48139689218750004 0.34663772812500004 0.482897884375 0.34623511875 0.4843795359375 0.34562239375 0.4867292296875 0.3449913890625 0.4883622703125 0.343418584375 0.490369353125 0.34306468749999997 0.4920753578125 0.343963625 0.49306825 0.34775122812500003 0.4956843359375 0.34826965 0.49578510781249996 0.3505069328125 0.496067184375 0.35323927187500004 0.4961526078125 0.355067090625 0.4952329125 0.3584482140625 0.49391318906250004 0.3601780265625 0.4927770671875 0.3603472109375 0.48932721562500003
0 0.374449971875 0.49288985468749996 0.373219990625 0.49941409375 0.37457056718750004 0.4973956484375 0.3760258890625 0.49298766250000003 0.374449971875 0.49288985468749996
0 0.3940975671875 0.4748463453125 0.3941824015625 0.47359103124999996 0.39351411718749996 0.47314755625 0.392348525 0.4729942078125 0.39138437187499997 0.4735978921875 0.3917729765625 0.475078940625 0.3930151484375 0.4755098109375 0.3940975671875 0.4748463453125
0 0.40504148124999995 0.477766315625 0.4051694765625 0.477238859375 0.405032428125 0.47603592031249997 0.40428335937500004 0.4755003390625 0.40310714062499997 0.4757619625 0.4026940359375 0.47700281093749997 0.4031871265625 0.47740586562500004 0.40504148124999995 0.477766315625
0 0.3271433703125 0.48627300937499995 0.32743310000000003 0.484487678125 0.325361878125 0.4826143015625 0.32453823125 0.4824542 0.3229693078125 0.48381897343749997 0.322697696875 0.4851016515625 0.3227790828125 0.486664646875 0.32363661875 0.48918074999999994 0.32542878750000004 0.4905080359375 0.3259504109375 0.49001093281249997 0.3271433703125 0.48627300937499995
0 0.3143934265625 0.5086943359375 0.31382395 0.5111081484375 0.315777834375 0.512930065625 0.31725620625 0.511990196875 0.3175573453125 0.510047909375 0.31782895 0.5086506234375 0.31820595625000003 0.5071942390624999 0.317224684375 0.506559403125 0.3155210578125 0.505398953125 0.3146993171875 0.5071206640625 0.3143934265625 0.5086943359375
0 0.25453448437500004 0.458323825 0.250075775 0.457178584375 0.24723754687500002 0.4568354078125 0.2445621609375 0.4552122859375 0.24326365625 0.455300515625 0.2404567546875 0.45581978593750005 0.23613836250000003 0.455688703125 0.23357595468749998 0.45597375937500007 0.2303017171875 0.45575275781249996 0.2278382921875 0.4555285953125 0.2265358890625 0.45597261875 0.2248767203125 0.4565160171875 0.2224920234375 0.45826977968750005 0.22213289062500002 0.46076427343750004 0.22341090624999999 0.4607405046875 0.2256409859375 0.461673796875 0.22752837656249997 0.46230649062499996 0.230001565625 0.4633156875 0.23197841718749998 0.46587108906249997 0.2328586546875 0.46691924218749997 0.23382146874999998 0.4687872765625 0.235869375 0.47184515468750005 0.23938482656249999 0.4725284890625 0.2401731953125 0.4726817328125 0.24151436718750002 0.4722102265625 0.2440113859375 0.47139355156249996 0.2456432640625 0.47322609687500006 0.245852459375 0.4740005546875 0.24836592031250002 0.47588349062499996 0.24997004375 0.4774002515625 0.2533666109375 0.4778026140625 0.2539381953125 0.47776091249999997 0.2565979953125 0.47814580937500006 0.259377615625 0.4780780671875 0.260592728125 0.4791149078125 0.261179440625 0.4791509578125 0.262595865625 0.47684288124999996 0.2646749203125 0.4737626796875 0.2687932859375 0.47396471250000005 0.269154246875 0.474867359375 0.268240528125 0.47737343125000004 0.26836253593750004 0.4806108796875 0.269710321875 0.4817021625 0.270493715625 0.482691696875 0.27278402343749997 0.483372465625 0.2742902375 0.482764315625 0.277525503125 0.48110585156249996 0.280308171875 0.4821115359375 0.2838264171875 0.48523715 0.28414360781250003 0.48728212031249996 0.2850497125 0.4884101125 0.287774284375 0.48898587656250003 0.2895619984375 0.4885263578125 0.29165214375000004 0.48913956875000003 0.29276183906250003 0.49136564531250004 0.2937088484375 0.4925779921875 0.2960039125 0.49368468125 0.299405825 0.493035940625 0.3016704546875 0.4932182765625 0.3031782515625 0.49273300000000003 0.3048575390625 0.4936993015625 0.30687988125 0.49401440937499996 0.30833305312500003 0.4913617 0.3086731484375 0.4882936625 0.30929860625 0.4844454265625 0.3103877578125 0.4831004109375 0.31113965 0.483138325 0.31338345156249997 0.48343599375 0.3142477578125 0.47898952968749997 0.31428142812500004 0.476433365625 0.31321904375 0.473832875 0.3107283375 0.472700890625 0.3080534375 0.4706576421875 0.300836365625 0.4681851328125 0.29855349375 0.46717950156250004 0.2957001375 0.46607889687500004 0.2932918140625 0.46539110624999996 0.2897923421875 0.46477295625000004 0.2862695734375 0.46494614843750004 0.2823650359375 0.463996175 0.27779695000000004 0.462684825 0.2735843265625 0.4622225234375 0.271048553125 0.46193654687499996 0.2669513234375 0.4611098828125 0.264004875 0.46138077656250004 0.2633181375 0.461548128125 0.260735734375 0.460912453125 0.258195803125 0.4601974875 0.25453448437500004 0.458323825
0 0.20502376562500002 0.46276775781249996 0.2039565765625 0.46517077812499996 0.204276534375 0.467160575 0.2047062328125 0.46762771093750005 0.20570702500000002 0.46699931250000004 0.20743997812499998 0.46497083124999994 0.20745924062499999 0.4636597953125 0.20681693124999997 0.46229656406249997 0.20502376562500002 0.46276775781249996
0 0.1828324453125 0.438721340625 0.17984824531250002 0.438244734375 0.1769279984375 0.43780761874999996 0.17509593125 0.4382250890625 0.172252603125 0.4415276078125 0.170654603125 0.4446551578125 0.16923707500000001 0.44704260781249994 0.1678490265625 0.4493848515625 0.1664682125 0.4522712859375 0.1662148390625 0.4549996296875 0.16579655937499999 0.45868280156249996 0.1649972296875 0.46041205312500005 0.16402275 0.46142917656250004 0.1615206671875 0.4609698796875 0.1581633953125 0.46080755 0.1571894375 0.46061823124999995 0.1525008375 0.4602544203125 0.15065813125 0.46153732343750004 0.15021145 0.46342585312500006 0.151708896875 0.46572889218749997 0.1521086484375 0.466268203125 0.1544202 0.4666840953125 0.1593482203125 0.46950116406250003 0.1608459125 0.4695837671875 0.16334925 0.47174806562500005 0.164192775 0.47229723281249997 0.16653495625 0.47197414374999996 0.1708626265625 0.47195104062500004 0.173614809375 0.4725894734375 0.1791907546875 0.47457903124999995 0.1810072296875 0.4734884046875 0.18298945625000002 0.4706361015625 0.1821409046875 0.4687043234375 0.1791140875 0.46595756406250005 0.1781672578125 0.46489169218750004 0.173901734375 0.46331762187500003 0.173562028125 0.460962659375 0.1752656796875 0.45838888125 0.1772555453125 0.456438990625 0.17835424375 0.45306317187499995 0.17784965625 0.4507048125 0.1792371328125 0.4494464359375 0.18286187812500002 0.4510169234375 0.1844537890625 0.45276848125 0.1865226 0.45493267812499993 0.1901338453125 0.45383755312499996 0.19109265625 0.4502069234375 0.1908916640625 0.4477197515625 0.19073922031249999 0.4449173 0.1899517765625 0.44317885781250005 0.188362778125 0.44168254687499997 0.186581834375 0.439994525 0.1828324453125 0.438721340625
0 0.14264595 0.4532468328125 0.1446441859375 0.4509181421875 0.14579077499999998 0.4489746515625 0.1467063421875 0.44675386093749997 0.1474762828125 0.4458227265625 0.1462980953125 0.44317107499999997 0.143670775 0.44374912968749997 0.1420620953125 0.44569511874999995 0.1406588171875 0.4470347875 0.1389303734375 0.4496706 0.138289009375 0.4518810203125 0.137865215625 0.45528138125 0.1397552625 0.4554418421875 0.141339109375 0.45564624687500005 0.14264595 0.4532468328125
0 0.154900390625 0.42793727031250006 0.1537245875 0.42940870000000003 0.15160669531249998 0.431370315625 0.14935779062500001 0.4333016890625 0.147876815625 0.4369326921875 0.1466389546875 0.440074534375 0.14661756718750002 0.4414456453125 0.1481748140625 0.44279411875 0.1507446546875 0.445582575 0.1512772234375 0.44778879062500004 0.1529573796875 0.44970871562500003 0.1542553640625 0.45292325624999996 0.153844484375 0.45157317656249996 0.15430480468750002 0.45254607187499996 0.1562332578125 0.45442512500000004 0.1589684671875 0.4533984765625 0.16158186562500002 0.45092672343749995 0.1621991296875 0.44686678593750007 0.1608220125 0.444092103125 0.1600294703125 0.44260098281250004 0.159408565625 0.44015316093749995 0.1591237640625 0.43894060156250003 0.1590766421875 0.43617772343750005 0.16088017968749999 0.4332620359375 0.1654345609375 0.4292638453125 0.167595015625 0.4266165015625 0.1694233609375 0.42250864374999997 0.1694809328125 0.41927267500000004 0.16827354218749999 0.4176802234375 0.1670354125 0.41782635 0.162730153125 0.42063299687500005 0.1606897 0.42303147656249995 0.15853700937499998 0.4237718265625 0.1562310890625 0.425529759375 0.154900390625 0.42793727031250006
0 0.11616534687499999 0.41337720312500004 0.1158214546875 0.41772585781249993 0.11957877187499999 0.42182433750000004 0.12334975781249999 0.42578699374999995 0.126545865625 0.42612333125 0.12954467812499998 0.42726176093749996 0.1325854265625 0.4286184515625 0.1354267171875 0.429584596875 0.13373839062499998 0.4347081453125 0.13255475156250002 0.4355238453125 0.12720543125 0.4357749484375 0.1244607078125 0.43589245156249995 0.1206959578125 0.4349521390625 0.11398466874999999 0.4334725046875 0.1120149703125 0.4356953203125 0.11099898281250001 0.438612878125 0.1112863421875 0.44120438437500004 0.11499791562499999 0.44273762968749997 0.11908634062500001 0.4438061203125 0.1260045265625 0.4433124140625 0.1278881671875 0.44393164374999994 0.1313980890625 0.443365975 0.1361763375 0.443874553125 0.1368584546875 0.44341978906249996 0.13977536562499998 0.4408605921875 0.1427188484375 0.43398019843749996 0.143732384375 0.4293064703125 0.1432712484375 0.424783825 0.13926284375 0.42179692031249993 0.132852615625 0.4198903234375 0.1298698015625 0.419783271875 0.12497260624999999 0.4200585890625 0.12430166875 0.4180483203125 0.12407644531249999 0.4143674046875 0.123618278125 0.41169653593750005 0.131641371875 0.41112790468749993 0.136349328125 0.41172787343749995 0.1402473734375 0.41380035781249996 0.145637884375 0.415499190625 0.15191933124999998 0.41693824843750005 0.1561308375 0.4151543796875 0.157398978125 0.4118321890625 0.15718913750000002 0.40957887499999995 0.1485076984375 0.4064428875 0.13096773281250002 0.40261324218750005 0.12090541875000001 0.40416553281249995 0.11832580781249999 0.4059721359375 0.11616534687499999 0.41337720312500004
0 0.0305909703125 0.41802326562500003 0.0315932703125 0.4128586890625 0.031645693749999995 0.4117864921875 0.029017489062500002 0.4063093765625 0.0285336515625 0.4053510109375 0.0269208390625 0.4045504375 0.025018346875000003 0.40361874531249997 0.022303465624999998 0.40336162187499996 0.01967651875 0.40236551406250004 0.0173908078125 0.4029876859375 0.0163660546875 0.401962378125 0.01457686875 0.3992604046875 0.013303446875 0.39849078437499996 0.0115680921875 0.39752631875 0.0102108140625 0.399325390625 0.006942017187500001 0.4161418921875 0.00750301875 0.417202803125 0.009662740625000001 0.41855537343749993 0.0132745671875 0.419266990625 0.017369025 0.41867487187499997 0.021313940625 0.4194416859375 0.024787775 0.42024904531249996 0.02793344375 0.41998504218750005 0.0305909703125 0.41802326562500003
0 0.2112654765625 0.45686114843750003 0.21216660625 0.45469007812499995 0.205597296875 0.453569125 0.2050479859375 0.45483920937500005 0.206974165625 0.45646791562500005 0.2112654765625 0.45686114843750003
0 0.6524917828125 0.5690100250000001 0.656318184375 0.57137738125 0.659036471875 0.5730008843750001 0.662047859375 0.5749344453125 0.6652397546875 0.5746619187500001 0.6690502890625 0.5733031000000001 0.6717656265625 0.57268166875 0.6741359453125 0.5712721109375 0.6736404874999999 0.5670324921875001 0.6714031859375 0.5636878953125 0.6679492625 0.5624259828125 0.66383075 0.56055418125 0.6597289234375 0.5584245765625 0.6581607109375 0.55822161875 0.656598375 0.5593314015625 0.6550939671875 0.5615762156249999 0.653613846875 0.5617962750000001 0.651330846875 0.562183396875 0.6512258890625 0.5659497546875001 0.651165465625 0.5685452875 0.6524917828125 0.5690100250000001
0 0.7591704171875 0.587025959375 0.756514009375 0.5843225484375 0.750192646875 0.5836620531250001 0.7481514265625 0.58467238125 0.744906446875 0.5863480609375 0.7408890671874999 0.586347115625 0.7386488015625 0.5874397265625 0.7378738390625 0.58914188125 0.7403015625 0.590753471875 0.7456604609374999 0.5924429765625 0.7478683171875 0.5929501359375 0.7495270171875 0.5951524046875 0.7518477484375 0.595905940625 0.7536853375 0.5952062125 0.7556951265625 0.594390334375 0.7591450546875 0.5937238671875 0.7600950515625 0.5929391546875 0.7601932875 0.588609603125 0.7591704171875 0.587025959375
0 0.7043694687500001 0.6309689890625 0.7079621859375 0.6313203421875 0.709767259375 0.6311809562499999 0.7122447171874999 0.6323565265625 0.712402353125 0.632323496875 0.7154253328125 0.6329445312499999 0.717441921875 0.63253586875 0.718184946875 0.6317841468750001 0.7181031578125 0.6299202328125 0.7161710875 0.627429246875 0.7134334078125 0.62777255625 0.710960021875 0.6270100390625 0.70919685 0.627474328125 0.7038672015625 0.628926246875 0.7043694687500001 0.6309689890625
0 0.659848865625 0.6130574734375001 0.657245471875 0.6119401953125 0.6582359265625 0.6095143000000001 0.66026235 0.6055420406249999 0.6612532015625 0.60194310625 0.66277153125 0.5967769625 0.660980646875 0.5962537578125 0.6587336484375 0.5993872703124999 0.657456421875 0.601143009375 0.65527033125 0.6032998859375 0.6511174109375 0.605830528125 0.6483412734375 0.6077883500000001 0.645694421875 0.610817078125 0.6452165796875 0.6137994453125 0.6471874468750001 0.6174010515624999 0.6498841343749999 0.6204131328125 0.6523716296875001 0.6219710796875 0.6629241296874999 0.6234572078125 0.6622728765625 0.6249159953125 0.6692408609375 0.62501773125 0.6723601578125 0.62407051875 0.6743678953125001 0.6245180859375 0.6778838031250001 0.6263618906249999 0.6807298140625 0.6271809203125 0.6836006921875 0.628461615625 0.6873395765625 0.6286424125 0.6893887296875 0.6291553328124999 0.6903472296875 0.6280730265625001 0.6916073 0.6265447546875 0.6935248515625 0.62572845625 0.69479223125 0.6245884 0.6967608625 0.6223383171875 0.6988368375 0.6184059328125 0.7005776140625 0.614027965625 0.698353190625 0.614310275 0.6958975656249999 0.6148484828125 0.692443978125 0.615574725 0.6895950125 0.6165888109375001 0.6856589718749999 0.6180855921874999 0.6821770953125 0.6202102546875 0.6784019796874999 0.6197327171875 0.6781000828125 0.6183624359375 0.6712462796875001 0.6161993015625 0.6664342734375001 0.6189106296875 0.66392603125 0.6173693421875 0.66441864375 0.6148514515625 0.668568265625 0.609275159375 0.673819003125 0.608417540625 0.6689226703125 0.6068131734375 0.6652366890625 0.608481125 0.661646234375 0.6123435609375 0.659848865625 0.6130574734375001
0 0.633807509375 0.6081626796874999 0.632016725 0.6085642984375 0.6306975296874999 0.60890636875 0.6285265015625 0.6086928828125 0.626770628125 0.6086938 0.6242705468749999 0.6082078328125 0.623801271875 0.607788715625 0.6213684765624999 0.606145896875 0.6185542500000001 0.6060477375 0.6162786515625001 0.6068963109375 0.6138639328125 0.607518875 0.6128459828125 0.6083174375 0.6144696828125 0.6094878203125 0.6180664250000001 0.61018695625 0.6225550921874999 0.6114319328125 0.6264992953124999 0.6124071265625 0.62879078125 0.612852546875 0.6315184453125 0.61383003125 0.63437613125 0.6139748390624999 0.6353047015625 0.6125715484375001 0.635775334375 0.6101257890625 0.633807509375 0.6081626796874999
0 0.5970194046875 0.5988422484375 0.595579659375 0.5974624937499999 0.5935004203124999 0.5961462609375 0.5906623421874999 0.59617080625 0.5889534249999999 0.5962413375 0.5867567124999999 0.597511140625 0.58554030625 0.5982743109374999 0.584699934375 0.59842135 0.5810548109375 0.5973323828125 0.577143525 0.596777440625 0.5730765703125 0.598431825 0.5738154453125001 0.5987823734375 0.5771555109375 0.6018256015625 0.5786670078125 0.6025905625 0.584868015625 0.6040012515625001 0.58611998125 0.603693865625 0.5878266796875 0.604232540625 0.5896984625 0.6053222140625001 0.592445340625 0.606282740625 0.5939267218750001 0.6064656375 0.5972374874999999 0.6062448671875 0.59873628125 0.6041517703125 0.597885015625 0.6003587140625 0.5970194046875 0.5988422484375
0 0.5976128625 0.5880589281249999 0.5955149515625 0.5913917359374999 0.594706434375 0.594765065625 0.5954523703125 0.5963076125 0.5973816078125 0.5970853296875 0.5985233171875 0.59684565 0.6002972171875001 0.5976281906249999 0.6016928703125 0.595615325 0.6026011437500001 0.5925558578125 0.6043825703125 0.5882717468750001 0.6071370843749999 0.5831660265624999 0.6100111859374999 0.5780182890625001 0.6091625640625 0.57771644375 0.6036936390625 0.5811787234375 0.5999181124999999 0.5857803640625 0.5976128625 0.5880589281249999
0 0.5680627390625 0.596916040625 0.566396328125 0.5947043140625 0.5636187859375 0.5960060640625 0.5640778078124999 0.5980419921875 0.5653961578125 0.598506771875 0.56816529375 0.5983701375 0.5680627390625 0.596916040625
0 0.8620355265624999 0.6448789703125 0.861197971875 0.6478694125 0.8604865937499999 0.6491461953125001 0.8625732296875 0.650186903125 0.8647184234375 0.65015660625 0.8659405015624999 0.648799225 0.8665503578125 0.646202253125 0.86540751875 0.644023853125 0.8620355265624999 0.6448789703125
0 0.8843319375 0.6238867015625 0.8849212156249999 0.620601278125 0.8843845796875 0.620135640625 0.8787481046875 0.6169834859375001 0.8778628046874999 0.617435365625 0.8782563937500001 0.6202910578124999 0.8788507046875 0.62399755625 0.8801667265625 0.6260711375 0.8817636484375001 0.6268797640625 0.8834836156250001 0.6263593249999999 0.8843319375 0.6238867015625
0 0.86829940625 0.620580875 0.8697571828124999 0.6193457140625 0.8698054796875001 0.6170009109375 0.8683926890624999 0.6147127343750001 0.8675746796875 0.6133853890625 0.8655111812499999 0.6103340312500001 0.8635337078124999 0.6135549499999999 0.86334535625 0.61640735625 0.864192946875 0.61793464375 0.8649247484375 0.6189603109374999 0.8669545609375 0.6208829406249999 0.86829940625 0.620580875
0 0.8822928437499999 0.5965691609375 0.8808307765625001 0.5966144546875001 0.879729028125 0.5981798671874999 0.8799833093749999 0.5998114890624999 0.88147239375 0.6012485859375001 0.8830909109375 0.6026503546875001 0.8843350859375001 0.601752509375 0.8847296874999999 0.598903584375 0.8843648078124999 0.5973332359375 0.8822928437499999 0.5965691609375
0 0.875665734375 0.5970557765625 0.8756428984375001 0.5984425234375 0.8766830515624999 0.598405946875 0.8771453203125 0.5978129437499999 0.8775286718749999 0.596340284375 0.876233921875 0.5958196046875 0.875665734375 0.5970557765625
0 0.9093984171875 0.637825709375 0.9123647109374999 0.6381078265625 0.914221228125 0.6383015624999999 0.916766003125 0.6380990328125 0.91920585625 0.6360615187499999 0.9202310296875 0.6314998843749999 0.9189265453125 0.629293246875 0.9147069015625 0.6255505875 0.9133460265625001 0.6243055453124999 0.9091055125 0.6220296015625 0.9068188296875 0.6207160234375 0.903389909375 0.620054284375 0.90194585 0.62195586875 0.90027609375 0.625583603125 0.9005464609375 0.6289995140625 0.9013662124999999 0.6302523875 0.9049449546874999 0.6340248671875 0.9062032015625 0.6360681171875 0.9093984171875 0.637825709375
0 0.9209851312499999 0.634892034375 0.922516996875 0.6370998921875 0.92609843125 0.6375748 0.9314298234375 0.6367853859375 0.9323388609375 0.6357364421875 0.9302612546875 0.6318896515625 0.9286133765625 0.6297054046875 0.9252655953125 0.627275090625 0.9233878078125001 0.6276247796875001 0.9187022796875001 0.6279985421875 0.918861103125 0.6299411 0.9199352624999999 0.6314328421875001 0.9209851312499999 0.634892034375