0 0.4324496875 0.28729322343749997 0.42749957343749995 0.284389284375 0.42868593906249997 0.2887028609375 0.43056895624999997 0.290848815625 0.4333439484375 0.2960080828125 0.43442057500000003 0.29743353125 0.4355529265625 0.3008395671875 0.43852611875 0.3042396234375 0.44163022031250004 0.30458042343749997 0.4375432734375 0.2986731296875 0.43388895625 0.29255957499999996 0.4324496875 0.28729322343749997
0 0.4105023765625 0.2763637578125 0.41357515625 0.2815203515625 0.4161902421875 0.278752278125 0.4105023765625 0.2763637578125
0 0.4232225203125 0.29481946406250004 0.42121803281250003 0.29288743125 0.42020258593750004 0.290385503125 0.4199703546875 0.28821871250000003 0.42044446406249997 0.28634409375000003 0.4201143328125 0.28503976249999996 0.4182105 0.2840874515625 0.414790715625 0.2839156671875 0.416757496875 0.2918299546875 0.422084253125 0.3031008609375 0.42875843125 0.3145677984375 0.43393215312500005 0.31938104843750004 0.4414787546875 0.3218212296875 0.44256287031249997 0.32036205 0.4421131609375 0.3169598921875 0.4410713234375 0.311027453125 0.44035533281249994 0.3094173359375 0.43783741562499995 0.3077047109375 0.4358278890625 0.30761431250000004 0.4346932859375 0.3090339375 0.43395774062500003 0.3109513625 0.43300021875 0.3093682125 0.4321328234375 0.3065633734375 0.43160697499999995 0.302794071875 0.43160827812499997 0.300983503125 0.4273560234375 0.298806578125 0.42462212812500005 0.29805466406250003 0.42409014999999994 0.29614258437499996 0.4232225203125 0.29481946406250004
0 0.46421489375 0.28834129218750004 0.464571959375 0.2864381265625 0.46402729374999996 0.2845282921875 0.46334391718749995 0.2832133578125 0.462561675 0.2844994234375 0.462157184375 0.286476021875 0.46255295625 0.2880512171875 0.46281437031249995 0.288367096875 0.46421489375 0.28834129218750004
0 0.5003881609375 0.2924292578125 0.5008719140625 0.2930598515625 0.5018117828124999 0.292812309375 0.502148740625 0.2915326984375 0.5015973984375 0.2912638953125 0.5005657734375 0.2915692390625 0.5003881609375 0.2924292578125
0 0.4651711734375 0.249533778125 0.46427031249999995 0.25226978906249997 0.4636718375 0.2550269453125 0.4651471640625 0.253729825 0.46698556562500004 0.2517203578125 0.46849742968749997 0.25043832187500004 0.46984783124999996 0.24920295 0.4713334578125 0.2478705234375 0.472983259375 0.2465198171875 0.47396649375 0.24437536875000002 0.472926840625 0.24295877031250002 0.47263380625 0.2429382796875 0.46923186875 0.24383283906250003 0.46768039375 0.24505415 0.466093925 0.24751510312499997 0.4651711734375 0.249533778125
0 0.462934446875 0.2322418796875 0.45924646406249997 0.23064165937499997 0.45740523125 0.22993650312499997 0.45532998750000003 0.2293747484375 0.454316078125 0.23110667812500002 0.4541410234375 0.23047417499999998 0.4541705421875 0.231082403125 0.45305399218750003 0.2336326046875 0.45526589062499995 0.23468164218749998 0.460150896875 0.2364783421875 0.46186462500000003 0.23477342031249998 0.4655005 0.2344308984375 0.46836395 0.23427087812499997 0.468394653125 0.2333614296875 0.462934446875 0.2322418796875
0 0.45326220937499995 0.2288182140625 0.45169742968750004 0.22776587187500003 0.44938730937500004 0.2291518515625 0.4526069328125 0.23088691875 0.45326220937499995 0.2288182140625
0 0.44946340156250003 0.22889246562499999 0.4491437234375 0.227729834375 0.4484546171875 0.2275720046875 0.4463957890625 0.22749225625 0.44747015 0.2294876859375 0.44946340156250003 0.22889246562499999
0 0.4185704875 0.218505934375 0.41992787031249995 0.2187386875 0.42246976406250003 0.21921246718749998 0.422669821875 0.21944260781249997 0.42157839375000006 0.2212975546875 0.42299745 0.2221266875 0.4249299578125 0.22215374687499997 0.4266438 0.22156718125000002 0.42794531874999997 0.22114287500000002 0.429765753125 0.22156307343749998 0.43209673281249994 0.2221411453125 0.4319568375 0.223805753125 0.4348378453125 0.22310344999999998 0.4381243140625 0.22345700000000002 0.4430586703125 0.22401036406250002 0.4172502734375 0.214762534375 0.4161204984375 0.216359490625 0.41716912031250003 0.2174462234375 0.4162058953125 0.21845336093749998 0.4185704875 0.218505934375
0 0.46229435937499996 0.24276191875 0.46230614843750006 0.2411149796875 0.4610233859375 0.24053189062500002 0.4606898640625 0.24254634375 0.45954074218749996 0.24430797656249997 0.45904059999999997 0.244852540625 0.4602812671875 0.2455000375 0.46188210625000004 0.24431193750000002 0.46229435937499996 0.24276191875
0 0.4692680625 0.235497871875 0.469669859375 0.2367852859375 0.47046840312500005 0.2371700515625 0.4722329828125 0.23641787343749998 0.472437090625 0.23488775781250001 0.471529459375 0.234136678125 0.47045552031250004 0.23406158124999998 0.46950548124999997 0.23443215 0.4692680625 0.235497871875
0 0.6069644875 0.3178145453125 0.6062517015625 0.3195409046875 0.6062301828125001 0.3222005703125 0.6074490296875 0.3230705234375 0.6086332546875 0.3230468234375 0.6102604109375 0.319802425 0.61056276875 0.31749445625 0.6097626515625 0.31560905156249996 0.6085907859375 0.31563518125 0.6069644875 0.3178145453125
0 0.6096085718750001 0.363283184375 0.6108285328124999 0.3616956671875 0.6106950640625 0.35894528281250004 0.6099821046875 0.35742622343749997 0.6098319828125 0.3550036 0.60865674375 0.353218834375 0.606592615625 0.35182614375 0.606079490625 0.3526235421875 0.60589603125 0.354933559375 0.6061950015625001 0.356840309375 0.6075540687500001 0.359020109375 0.60825383125 0.3612430875 0.6096085718750001 0.363283184375
0 0.5999067296875 0.35360785 0.5994334140625 0.35139444062499997 0.5987983531250001 0.34896296875 0.5975630734374999 0.345662509375 0.5959737484375001 0.3450955765625 0.59558864375 0.3457421625 0.5949703390625001 0.347595734375 0.59495324375 0.34934098125 0.59562431875 0.352108596875 0.596535321875 0.3539986234375 0.598864559375 0.35572155 0.599810478125 0.3552755109375 0.5999067296875 0.35360785
0 0.5829608109375 0.3502472640625 0.5835370546875 0.348927996875 0.584122165625 0.34609315625 0.58418239375 0.3443806859375 0.5836254671875001 0.3429821796875 0.5823179328125 0.34042380156249996 0.5811307343750001 0.3377125078125 0.5801897953124999 0.3344138359375 0.57998713125 0.33392976874999997 0.579012496875 0.3330393 0.576938715625 0.3330838109375 0.5749690671875001 0.33159435 0.5732091046875001 0.331115728125 0.571991765625 0.331030603125 0.5705584984375001 0.3347725515625 0.5694209265625 0.3318219484375 0.567173234375 0.33132958281249997 0.5653478765625 0.33223414375 0.5644851703125 0.33323734531250004 0.5640934609375 0.337360690625 0.5651664890625 0.3388375765625 0.5673097765625 0.3412037859375 0.56918125 0.34277566249999997 0.5708296265625 0.34218451875 0.57273054375 0.3450600625 0.57556350625 0.3478895734375 0.57640831875 0.3479486484375 0.5789149296875 0.348949375 0.5819618984375 0.35091358125 0.5829608109375 0.3502472640625
0 0.7015043921874999 0.40890934375 0.705844284375 0.4120729109375 0.7071338 0.410991478125 0.707621525 0.40921335625 0.7089998015625001 0.40592179375 0.7145000265625 0.40543866875 0.71758275625 0.40362115625 0.7165079265625 0.40161003125 0.712102015625 0.39918898125 0.710149390625 0.39664971250000003 0.7086350546875 0.3952343796875 0.70511730625 0.3931260453125 0.702977534375 0.3925911046875 0.7021019765625 0.39371088125 0.699983184375 0.3955190484375 0.699633478125 0.3978769609375 0.6984963921875 0.40031765 0.7002329546875 0.4050283859375 0.7015043921874999 0.40890934375
0 0.7519164593750001 0.3439034984375 0.7542281296875 0.34303294375000004 0.7579264671875 0.34105799062500003 0.759004096875 0.339355578125 0.7593207546875 0.33715668593750003 0.7551155296875 0.33695034218750003 0.7537563046875 0.3332496375 0.749559725 0.333390053125 0.74533064375 0.3341296609375 0.7437726437500001 0.33649705937499996 0.74393121875 0.34047875781250003 0.7446365578125 0.341591609375 0.7456512671875 0.3416625640625 0.7467972921875 0.34252116093749996 0.7504990203124999 0.3445295859375 0.7519164593750001 0.3439034984375
0 0.804321634375 0.3614957015625 0.8032158234375 0.3653482625 0.8007699421875 0.3695268875 0.7989044578125 0.372483646875 0.793683346875 0.37596385625 0.7983246859375 0.3784452265625 0.8014941515625 0.377828878125 0.8039366187500001 0.3762078078125 0.8074706234375 0.37273023125 0.8096970906250001 0.3690014578125 0.8122355125 0.37124963125 0.8125101140625001 0.371376909375 0.8124182484375 0.37419141875 0.81066395625 0.3777307921875 0.8095103078125 0.38220026875 0.8055937249999999 0.39211214375000003 0.8086175609374999 0.389770496875 0.813093053125 0.3877245828125 0.815175609375 0.3842394890625 0.8182816734375 0.3813491171875 0.821839321875 0.3787205703125 0.8250595031250001 0.374422228125 0.82692110625 0.3740073265625 0.831954371875 0.36871115312499997 0.8305138124999999 0.36928706875 0.82581903125 0.36687557656249997 0.8290299296875 0.3669434734375 0.8313593499999999 0.3643183203125 0.8333600734375001 0.3657441703125 0.8360079109375 0.36537485 0.8375532203124999 0.3621137640625 0.8277749671875 0.36134855312499997 0.826060496875 0.3595025859375 0.8251748531249999 0.35290442187500004 0.823321603125 0.3507135578125 0.8188040578125 0.349127378125 0.8186855968750001 0.34911909531249996 0.8148220125 0.3466701828125 0.817382328125 0.34412539375 0.8171588140624999 0.341161959375 0.813967446875 0.340456371875 0.810672309375 0.3419739609375 0.8070606375 0.34398629999999997 0.8050795640624999 0.3455049328125 0.8007633593750001 0.346348090625 0.7966021609375 0.3464753171875 0.7924085546875 0.3459236296875 0.7918941859374999 0.3458876609375 0.7891513046874999 0.344189065625 0.787583684375 0.3411614015625 0.7860388359375 0.3383232859375 0.7837941828125 0.33718267968750004 0.7821661140625 0.3379538015625 0.7797933718750001 0.339227328125 0.7777957875 0.3410940921875 0.7756443281250001 0.343167815625 0.77425086875 0.343450990625 0.77252849375 0.34480915156249997 0.7695096703125001 0.34640715 0.7671077640624999 0.3489489171875 0.7652817734374999 0.35293124374999996 0.760957628125 0.358815815625 0.75859690625 0.3661220640625 0.7583876218750001 0.3708173390625 0.7624789562500001 0.3689340859375 0.7667997421875 0.36571828125 0.7705274765625 0.36352453281249997 0.7742204546875 0.362656590625 0.7785749484375 0.361064278125 0.7802286375 0.3585156125 0.784293559375 0.3558677171875 0.7878708 0.35770767187499997 0.7914516390624999 0.360168140625 0.796628328125 0.3622734390625 0.7985711125 0.36172794375 0.80413696875 0.3586039015625 0.804321634375 0.3614957015625
0 0.8143589999999999 0.4458905171875 0.8099909828125 0.442009178125 0.8083258546875 0.4398831578125 0.808250390625 0.4387000109375 0.8057817984375 0.4377379671875 0.8015909000000001 0.435198815625 0.7996249859375 0.43598547187500003 0.7969193171875 0.43713703906249995 0.79389226875 0.43732947656250004 0.7918502640625 0.4381515359375 0.7910300296874999 0.44105608125 0.7916370453125 0.44386620781249997 0.7944159859375 0.4492826265625 0.796246665625 0.4525354390625 0.799040696875 0.456728053125 0.800942296875 0.4582722765625 0.8022910796874999 0.45878479843750003 0.8044626828125001 0.4570053859375 0.8068911968749999 0.4581149921875 0.8092086999999999 0.46092412187500004 0.81253186875 0.46162639531250005 0.8151378578124999 0.45679328124999996 0.81553114375 0.458045640625 0.8181550015625 0.4575712671875 0.818806559375 0.4551749421875 0.8189851015625 0.45210648437499995 0.817884578125 0.4491412421875 0.8166626750000001 0.44674705000000003 0.8143589999999999 0.4458905171875
0 0.872593771875 0.375366915625 0.8711479015625001 0.3746972375 0.8675308421875 0.3725083421875 0.8669379234375001 0.3710869578125 0.8638854703125001 0.36850680625 0.8590391453124999 0.365552171875 0.8532661125000001 0.36465039374999997 0.8507321125 0.3646909171875 0.8461905953125 0.3654634984375 0.8440832921875 0.36751055 0.8422936171875 0.3710631125 0.8424984656250001 0.37606301875 0.8442347531250001 0.379769728125 0.8461141984375 0.3795252359375 0.8496599343750001 0.38024777187500003 0.851953471875 0.3805773125 0.8571739875000001 0.37878555 0.8577328078124999 0.37921620625 0.8590106593750001 0.38083272031250004 0.860815275 0.383629478125 0.8655118999999999 0.383102690625 0.867367190625 0.38248685937500004 0.869226896875 0.3823678578125 0.870287865625 0.3826284390625 0.8761753000000001 0.385142125 0.8799974125000001 0.38188988125 0.8826995484375001 0.38016166406249996 0.8827493421874999 0.377276859375 0.877831153125 0.374431540625 0.87512855625 0.3754047625 0.872593771875 0.375366915625
0 0.9063235765625001 0.4040271015625 0.90745755 0.40270611093750003 0.9118977296875 0.40161317968750004 0.9141996359375 0.4015094375 0.9197804578125 0.4020688484375 0.9255430312499999 0.40424017812499996 0.9317276124999999 0.40460999375 0.9361740125000001 0.4024649328125 0.935147140625 0.399544 0.9331684609374999 0.396033359375 0.9319701953124999 0.3924723484375 0.9295591062499999 0.3898368015625 0.9254145671874999 0.388449 0.922825096875 0.3878716484375 0.919165796875 0.388033971875 0.9158717078124999 0.3872742125 0.9143531203125 0.385471703125 0.9140443125 0.385027203125 0.9086232031250001 0.3828781859375 0.9060084796875 0.383580315625 0.9014814124999999 0.383295078125 0.8976395234375 0.381879884375 0.8961890078125 0.3810078265625 0.8935578296875001 0.38239328437500003 0.8912125453125 0.38721643437500003 0.8947172484375001 0.38975772656249996 0.8960270296875 0.392552775 0.8955567125 0.3974866734375 0.8939984750000001 0.4004398578125 0.8936625656249999 0.4019732875 0.8910249484375001 0.404637975 0.885477875 0.40818780312499997 0.8806732453125001 0.4131710375 0.8783109687499999 0.41816999218750006 0.8757245203125 0.42527719687500004 0.8748934343749999 0.42941210781250005 0.8706722734375001 0.43940136250000006 0.8712360218749999 0.44007514218750005 0.8735176171875001 0.43844752031249995 0.878669846875 0.43409319062499996 0.882884115625 0.42962314843750005 0.8853989328124999 0.42710180624999994 0.889357165625 0.4242772890625 0.8924161671874999 0.42259752031250003 0.89435843125 0.419617934375 0.8975927921875 0.4146016453125 0.899884590625 0.4133208921875 0.9011409171875 0.412602090625 0.9047505984375 0.40873666093749994 0.9063235765625001 0.4040271015625
0 0.98449455 0.3934198203125 0.9830718265625 0.391478346875 0.982115253125 0.3900832203125 0.9775628046874999 0.388458575 0.9740109265625 0.3892126453125 0.971878928125 0.39224005 0.9724406203125 0.394443975 0.9766053875 0.395363296875 0.9792206015625 0.39543809375 0.9852011718749999 0.39330476875 0.98449455 0.3934198203125
0 0.9453012796875001 0.40042164218750004 0.943696371875 0.40462461406249994 0.9446908296875 0.40805389999999997 0.9491466781250001 0.4085064515625 0.9522600953125 0.407482075 0.952319325 0.4074862171875 0.9548627125 0.411791309375 0.9573110796875 0.4145657328125 0.9625701031249999 0.41500083125 0.9645387968750001 0.4113072875 0.965110546875 0.4056396140625 0.96376665625 0.401697203125 0.9593257218750001 0.39885862968749997 0.9563788640625001 0.3983299046875 0.9573288296875001 0.399102740625 0.9554436718750001 0.3990257390625 0.9510347328125001 0.4008366609375 0.9487049093750001 0.40051084687499994 0.9453012796875001 0.40042164218750004
0 0.9960094921874999 0.528608625 0.9969260125 0.5313605109374999 0.9976593921875001 0.5341779078125 0.9986123625 0.536587753125 0.9989045390625 0.52418886875 0.9974012171875 0.5244079734375 0.9961536578124999 0.5258525921875 0.9960094921874999 0.528608625
0 0.3898106359375 0.250054725 0.38826614375 0.24976502968749997 0.3873594796875 0.251150471875 0.38749656093749996 0.2523708203125 0.38787318125 0.254242275 0.3895660453125 0.2547397 0.39022572499999997 0.252563228125 0.3898106359375 0.250054725
0 0.31618912187500003 0.2043374703125 0.3175111796875 0.2017154921875 0.318074515625 0.19972963906250002 0.3170819640625 0.1993641984375 0.3160799234375 0.20009765000000002 0.3149534625 0.2018264078125 0.3146646921875 0.20279769218750002 0.314122634375 0.20524083124999998 0.3141785015625 0.20679382500000001 0.31494588125 0.20710905937500002 0.3157515015625 0.20515267812500002 0.31618912187500003 0.2043374703125
0 0.3213286859375 0.189793371875 0.3204244828125 0.19029245 0.31930314375 0.19194795 0.3244946984375 0.1901447640625 0.32428793749999996 0.1898984921875 0.3227999171875 0.18940599375 0.3213286859375 0.189793371875
0 0.29388435625 0.1831314734375 0.293536003125 0.1826701125 0.292607240625 0.1828260171875 0.290935159375 0.18409215 0.29077017031249996 0.18557801093749998 0.2917373453125 0.18549997499999998 0.29301350937500004 0.184721475 0.29388435625 0.1831314734375
0 0.2261626515625 0.174805915625 0.22524771562499998 0.1737113015625 0.2233881296875 0.173537409375 0.22261428125 0.1751514234375 0.22234395 0.178255753125 0.22405703593749998 0.17991992968749998 0.22636387187499998 0.1807312609375 0.22709731875 0.1806133859375 0.22711424062500002 0.1788258375 0.22661214531249999 0.175232059375 0.2261626515625 0.174805915625
0 0.2393768734375 0.18180568125000002 0.23750358437500002 0.1811781671875 0.23760931406250002 0.181234115625 0.2369500546875 0.1823517890625 0.23700891406250002 0.1853851578125 0.23953859843749997 0.185809528125 0.24064368749999998 0.185125575 0.24081402343749997 0.1821520890625 0.2393768734375 0.18180568125000002
0 0.23898601249999998 0.16504070312500002 0.237660584375 0.163768584375 0.23595557656250002 0.1623696796875 0.23423902968750002 0.162188559375 0.2336054265625 0.162446553125 0.2332657640625 0.1627344984375 0.23377671718749998 0.1648800546875 0.23514651562500002 0.165450434375 0.2379691265625 0.1661208375 0.23898601249999998 0.16504070312500002
0 0.2284057265625 0.19366457343750001 0.2376355109375 0.196158234375 0.239164265625 0.193962653125 0.23674479062499998 0.193238990625 0.23470259062499998 0.1913983 0.23173707812500002 0.1896355796875 0.22747274687500002 0.187272984375 0.22432275937499999 0.18438528125 0.2213946171875 0.1810353640625 0.21660409375 0.1763867453125 0.2146091390625 0.17584156875 0.21477966249999997 0.1773900484375 0.2162383140625 0.1799824890625 0.218959034375 0.18473071875 0.2231607859375 0.18946660312500002 0.2284057265625 0.19366457343750001