0 0.5293763359375 0.4876175640625 0.5359720953125 0.48901991718750004 0.5424695921875 0.48915570312499995 0.5509425265625 0.48610876875000003 0.5562265203125001 0.48750511406249997 0.56408346875 0.4896441 0.5694016078125 0.48944075781249996 0.5695328640625 0.4876961171875 0.56552814375 0.486167459375 0.5609508015625 0.483382365625 0.556841140625 0.48088730156250004 0.551361475 0.4789575421875 0.5481397609374999 0.479010409375 0.5419279890625 0.480509065625 0.5341039484375 0.4830130046875 0.525864646875 0.4867045296875 0.5293763359375 0.4876175640625
0 0.5015253515625 0.5753412531250001 0.5044594359375 0.576966715625 0.5094432609374999 0.578983771875 0.514342621875 0.5794617093750001 0.51582315 0.576592065625 0.514675475 0.5722944875 0.51243914375 0.5681925375 0.5083671421875 0.5648550484375 0.5078544296875 0.5651618390625 0.5032263375 0.562908190625 0.499729875 0.5626353265625 0.49718059062500003 0.562754840625 0.4964176 0.5669058859375 0.5003322890625 0.574038715625 0.5015253515625 0.5753412531250001
0 0.43711253125000005 0.5135026984375 0.4369123453125 0.5112145640625 0.4358456609375 0.509438271875 0.43387525781249997 0.507802215625 0.43209043593749996 0.5096319234375 0.43239194062499997 0.5130781343749999 0.4331551796875 0.5145233625000001 0.4352625625 0.515771003125 0.43711253125000005 0.5135026984375
0 0.40371335625000004 0.49888927031249997 0.3998543546875 0.4950641734375 0.3893567578125 0.4925382375 0.39102803124999996 0.495864609375 0.40566373437500003 0.5042584640625 0.4081897296875 0.5074582984375 0.411809990625 0.5082677265625 0.4131893765625 0.5058555140625 0.41123136562499996 0.50448658125 0.40617013125 0.5014771828125 0.40371335625000004 0.49888927031249997
0 0.41370984375 0.49588471093750003 0.4174511328125 0.4995475734375 0.41992218281250004 0.49751196093749994 0.4151894234375 0.4942950203125 0.41370984375 0.49588471093750003
0 0.41614450156249994 0.44608614218750003 0.4200333328125 0.44449741249999997 0.424921965625 0.4422173515625 0.4265202453125 0.439456609375 0.42215451562500006 0.44021969843750003 0.41760547499999995 0.44155876875000005 0.41403365625 0.4430240875 0.4135973234375 0.4440425546875 0.41614450156249994 0.44608614218750003
0 0.3990253578125 0.4463808578125 0.3995500625 0.4523782609375 0.4018071703125 0.4549428625 0.40630971562499996 0.45309026562500004 0.40768351718750007 0.450614234375 0.40519500624999993 0.4498328359375 0.4043891828125 0.44784707343749997 0.4071679171875 0.444685046875 0.41237802500000004 0.44163340624999997 0.4155327890625 0.4380902796875 0.41094819843749997 0.439650478125 0.40665759531249995 0.44182802656250003 0.4029327359375 0.4426197453125 0.3980641859375 0.44294216875 0.397719859375 0.44440273750000003 0.3990253578125 0.4463808578125
0 0.51522013125 0.46344217656250003 0.5145067015625 0.461992590625 0.510584159375 0.46113432187500003 0.5090895859375 0.46201480781250004 0.50780945 0.46436030468749995 0.5132465500000001 0.464118321875 0.51522013125 0.46344217656250003
0 0.5076681796875 0.441375778125 0.5082230515624999 0.43965054062500003 0.5065506796875 0.43898281875 0.49884674531249995 0.438234225 0.5001756562499999 0.4395656578125 0.5021395296875 0.44037413281250004 0.5076681796875 0.441375778125
0 0.7408081171875 0.773248859375 0.7448200765624999 0.7764378921875 0.75016241875 0.7781067515625 0.75749029375 0.7786623875 0.7579595171875 0.7750797328125001 0.753804728125 0.769917515625 0.7532331265625001 0.7695691328125001 0.7505707765625 0.7664063249999999 0.746493234375 0.7609079703125 0.740002678125 0.7577679609375 0.7357155171875001 0.7582638109375 0.7348238828125 0.763723234375 0.7381044125 0.769057615625 0.7408081171875 0.773248859375
0 0.713250471875 0.7497675625 0.7148208609375 0.7460964125 0.7158245125 0.7403934859375 0.7146542593749999 0.7384552921875 0.7146111484375 0.7346100437499999 0.7107056421875 0.7292315265625 0.7094176562500001 0.725553221875 0.707432715625 0.7207391515625 0.7037536640625001 0.715869396875 0.6976256375000001 0.7136999203125 0.693516803125 0.71046133125 0.691834021875 0.7080252875 0.68326669375 0.7049556109374999 0.6767608218750001 0.7038277171875 0.666873534375 0.7026662828125 0.66616885 0.7090614093750001 0.667158053125 0.7147029125000001 0.6734775109375 0.7225742765625001 0.6803851984375 0.7296036671875 0.6862139015625 0.73848100625 0.6945943453125001 0.74509765625 0.7010086875 0.7518125984374999 0.7073893859375 0.7536431375 0.7100053171875 0.75285119375 0.713250471875 0.7497675625
0 0.9652971421875 0.9426341640624999 0.9607235671875 0.9457006953124999 0.95708514375 0.9613743234375001 0.99095023125 0.9589573390625 0.9716728281250001 0.9420230359374999 0.9652971421875 0.9426341640624999
0 0.667687034375 0.511837971875 0.669355415625 0.5109720796875 0.669098246875 0.5098433234375 0.6680067453125 0.5088769640625 0.6677314671875 0.5089575125 0.66682006875 0.508776884375 0.6657583140625001 0.509799878125 0.6663312890624999 0.5108272859375 0.667687034375 0.511837971875
0 0.63983745 0.4994336453125 0.6417409703125 0.49835112343750004 0.6421196578125 0.49685304375 0.6413389453125 0.49551286250000004 0.6417023984375 0.4956692796875 0.6429499171875 0.49564012812499997 0.643950946875 0.49471185 0.6427678234374999 0.49364842031249995 0.642078540625 0.49383733906250005 0.6394926828124999 0.49518816406250005 0.6384368328125001 0.497013696875 0.6384539218749999 0.4982309015625 0.63983745 0.4994336453125
0 0.64966704375 0.49746162343749994 0.65158945625 0.496523315625 0.651144503125 0.4958297703125 0.65045625625 0.495671965625 0.649913703125 0.49535084375 0.6481957328125 0.4956140765625 0.6479796578125 0.49617410156249997 0.6479676046875 0.4970582046875 0.64966704375 0.49746162343749994
0 0.6443299140625001 0.5028441421875 0.643012490625 0.5008372640625 0.6422237671875 0.50073216875 0.640873453125 0.5011639984375 0.640605325 0.502222646875 0.6405502078125 0.5035826250000001 0.64150336875 0.5047963578125 0.644267946875 0.5043051015625 0.6443299140625001 0.5028441421875
0 0.6869714609375001 0.516697590625 0.686757896875 0.515475615625 0.686094578125 0.514849796875 0.6850631328125 0.514569878125 0.683159540625 0.515006196875 0.683608521875 0.5156382203125001 0.684084 0.516465553125 0.6852303890625 0.51755729375 0.6865377546875 0.517817778125 0.6869714609375001 0.516697590625
0 0.5430966421875 0.5572053140625 0.54220839375 0.5574147765624999 0.5413904515625 0.5584995687500001 0.5414477843750001 0.5591548765625001 0.5430565921875 0.5596697453125 0.5444406015625 0.559605125 0.5458963515625 0.559284840625 0.5461816765624999 0.558494465625 0.54529323125 0.5570523484375001 0.5436133265625 0.55672878125 0.5430966421875 0.5572053140625
0 0.5519083296875 0.491142184375 0.554027175 0.49051293281249997 0.552580809375 0.4902771578125 0.5506073140625001 0.490344728125 0.5496975828124999 0.4906313578125 0.5504502859375 0.4912211234375 0.5519083296875 0.491142184375
0 0.444706521875 0.522388715625 0.444713125 0.523486065625 0.44518800625 0.5238225187500001 0.4457474859375 0.524157846875 0.4470176125 0.5241361265625 0.4471139 0.522941940625 0.44653205468749996 0.5216518046874999 0.4457344390625 0.5216243421875 0.445098896875 0.5218179703125 0.444706521875 0.522388715625
0 0.38410053125 0.4564465078125 0.38317913593749997 0.4575858359375 0.382071525 0.458156415625 0.3811484734375 0.45961742499999997 0.381864865625 0.46065267656250003 0.3835975625 0.460593625 0.38501770625 0.4584680125 0.38410053125 0.4564465078125
0 0.412394340625 0.4181912171875 0.41425005156249994 0.41744068749999996 0.41381278593750004 0.41669157187500006 0.412301375 0.41657284843750003 0.4100831125 0.416567725 0.409410503125 0.4168038078125 0.407734128125 0.41739905468750005 0.4077108390625 0.4190511203125 0.41055643750000004 0.4185715984375 0.412394340625 0.4181912171875
0 0.429881728125 0.4333999640625 0.42983760625 0.43289564062499997 0.4294668171875 0.4326912421875 0.42679652187499995 0.4335789140625 0.426697159375 0.4349709953125 0.4287409953125 0.43456005 0.429881728125 0.4333999640625
0 0.3915407984375 0.47503126562500003 0.39079121875 0.473562884375 0.3904557171875 0.472381378125 0.38897051875 0.47179138906249996 0.388725475 0.47221749375 0.38865675624999996 0.47358336718749994 0.3896002265625 0.4749014671875 0.3909529203125 0.4757696875 0.3915407984375 0.47503126562500003
0 0.37485265624999997 0.46729065312499996 0.37532616406249997 0.46694808125 0.375970075 0.46478842968749995 0.3755982484375 0.46184714375 0.3741682890625 0.46294626875 0.373176984375 0.4642187578125 0.37303911875 0.465367959375 0.3737815765625 0.466934209375 0.37485265624999997 0.46729065312499996