0 0.4292686296875 0 0.4305359078125 0.0018769640625 0.43958442656249996 0.011129132812500001 0.44628218750000004 0.014911809375000001 0.4511773609375 0.0195646140625 0.45400451718749996 0.02357471875 0.45628772968750003 0.03003253125 0.45963365781250004 0.0337468546875 0.46380409218749996 0.041663303125 0.47704626250000004 0.058499918750000005 0.4815165421875 0.062128401562500005 0.484386178125 0.06730055 0.489104290625 0.0709463625 0.49412618124999996 0.08091000625 0.5003936484375 0.085492740625 0.51974758125 0.08071397500000001 0.5238070625 0.0742015984375 0.5286271328125001 0.07105829687500001 0.53279975625 0.0647198625 0.5371896390625001 0.062375060937500004 0.540752840625 0.057651171875 0.5531591140625001 0.0508938796875 0.55615733125 0.047126660937499995 0.5617885499999999 0.0430454703125 0.5647927828125 0.0356307234375 0.5650985328125 0.027696787499999997 0.5622080734375 0.0210304828125 0.557286059375 0.0185310515625 0.5586218875 0.0136514109375 0.5547624796874999 0.008410048437500001 0.552567853125 0.002454953125 0.5167944796875 0 0.4292686296875 0
0 1 0.0509698484375 0.9972968906249999 0.0494656359375 0.9965415953125 0.0442737390625 0.9950598921875 0.0423469375 0.9901340375000001 0.0416719953125 0.9876201921875 0.0385123796875 0.9872704156250001 0.0328523171875 0.5796479578125 0.0045146078125 0.5835222812499999 0.01489609375 0.5950192750000001 0.026473159375 0.5958862640625 0.0318373296875 0.5975234796875 0.035101675 0.6010963078125 0.0373407328125 0.6091781609375 0.0461932453125 0.6179744984375 0.059074162500000006 0.62242178125 0.063031528125 0.6274458468749999 0.0711721328125 0.6338957625 0.08736932343750001 0.6410184171875 0.092176321875 0.6449775 0.09245316875000001 0.6531478453124999 0.0893781125 0.62368230625 0.15057333125 0.6726980046875 0.09321683750000001 0.6733128328125 0.07123117031250001 0.6775874 0.0705354671875 0.682100175 0.06289414843749999 0.7020442640625 0.055006789062500006 0.7069394515625 0.0472277484375 0.7085751234375001 0.038060140625 0.7117080312499999 0.0341363109375 0.7141124671875 0.0352990546875 0.7193783625 0.034672671875 0.7204106140625 0.035903928125 0.72094274375 0.040748159374999995 0.7228284078125 0.0422066875 0.7277542640625 0.0428816296875 0.7304006249999999 0.0477076734375 0.7340887671874999 0.048297632812500005 0.7345271296875 0.0544604109375 0.7357378921875 0.0567003265625 0.741676515625 0.0571155953125 0.7424608265625 0.058331079687499995 0.74461308125 0.063122571875 0.7437483609375 0.06836564843750001 0.7445112328125 0.0699101265625 0.7460047484375 0.0645449890625 0.7489070234375 0.06391935625 0.7504289234375 0.0688328 0.7498120359375 0.07409320625 0.7516725281250001 0.07770365781250001 0.7568922109375 0.0777381609375 0.7594752671875 0.07990800625 0.7678071421875 0.074522965625 0.76906411875 0.0761019953125 0.7715221109375 0.085391396875 0.7749394234375 0.086292909375 0.7817927 0.09141313125 0.7942719031250001 0.09427498281249999 0.76880463125 0.12900181718749998 0.753470775 0.1668290140625 0.8223059328125 0.0979692234375 0.8111506437499999 0.0768912875 0.8206278031249999 0.072913003125 0.8305432296875 0.062667209375 0.8399109796875001 0.056692053124999996 0.8475582062499999 0.057558857812499996 0.8536799078125 0.055333590625 0.8566357515625 0.05040276875000001 0.857500471875 0.0451596921875 0.8606967921875001 0.0438905015625 0.86805008125 0.045399303125 0.8663087328125 0.05074711093749999 0.8688917890625 0.05291695625 0.87106175 0.059202385937500004 0.8768158453125 0.0622565234375 0.878610859375 0.065033815625 0.882522278125 0.0659698796875 0.8855221484375001 0.07463305625 0.8901233843749999 0.07992785625 0.8911958343749999 0.08414575468749999 0.8966559937499999 0.0878418890625 0.900292125 0.0927371453125 0.9064249015625 0.097476490625 0.909004225 0.1014692671875 0.9099419843750001 0.105843775 0.9085600515625 0.11138274374999999 0.9116157749999999 0.113916134375 0.90056638125 0.1643009140625 0.95434135 0.1102704515625 0.9304836812499999 0.1036338078125 0.9352598203125 0.09932679531250001 0.9389598875 0.0926232578125 0.944097 0.088507515625 0.9471436046875 0.082256371875 0.9522807171875 0.07814062968749999 0.956407128125 0.07246308125 0.9607740140625 0.0704471640625 0.9649235296875001 0.064439171875 0.9688826125000001 0.0647160171875 0.9712141046875 0.0686914640625 0.971713596875 0.0793334796875 0.9739833421874999 0.0806528359375 0.97517110625 0.08322163437499999 0.9756534 0.09054812500000001 0.978695640625 0.100374903125 0.98043106875 0.1111049109375 0.9761989812499999 0.11296265781249999 0.9733814515624999 0.1159154984375 0.9755107093750001 0.12103587499999999 0.97388094375 0.1265575140625 0.9796966765624999 0.13226929999999998 0.9801157734375 0.1369380328125 0.9793619124999999 0.1441796484375 0.97562393125 0.146071946875 0.974044003125 0.149111328125 0.9732731609374999 0.1530343015625 0.974055296875 0.1560728234375 0.9779183281250001 0.1594928140625 0.981731521875 0.1653950609375 0.9857754562500001 0.1679975546875 0.9892098609375 0.172216153125 0.9928289015624999 0.1737943234375 0.995970928125 0.178655028125 1 0.1812495796875 1 0.0509698484375
0 0.5275586203125 0.7903280546875 0.5261692359375 0.7870810390625 0.5293944609375 0.7818369953125 0.5377047875 0.77678250625 0.5415468859375 0.7787099000000001 0.5451369125000001 0.7842644828124999 0.5520347343750001 0.7887252671875 0.5589036515625 0.7971609046875 0.5639373578125 0.799832609375 0.565413153125 0.8054053812499999 0.5673427484375 0.8080276203125001 0.5709617890625001 0.8096057906249999 0.571970825 0.8111690484375 0.5723668140625 0.8161682234375001 0.57840738125 0.822226225 0.578735609375 0.8282168375 0.5814303578125 0.8305589578125 0.586769184375 0.8395517187499999 0.5922947140625 0.844082571875 0.5914701906250001 0.852312290625 0.5908227453125 0.84911715625 0.5876302671875 0.8485618578125 0.5847548171875 0.8594659625000001 0.5866152015625 0.8630779734375 0.5896076203125 0.8629551640625 0.5911242421875 0.8572595843749999 0.589855546875 0.87540278125 0.5917159296875 0.8790147906250001 0.5951771734375 0.881080015625 0.5888926015625 0.885612040625 0.5890192109375 0.8909244390625 0.5851003265625 0.8936342343750001 0.5819733125 0.906343940625 0.5829973734375 0.9130457625 0.5903871281249999 0.9193641375 0.5946386968749999 0.91899731875 0.6069526515625 0.9135602390625 0.6153842015625 0.9032106828125 0.6200680234375 0.900223884375 0.6302774953125 0.8893345359374999 0.6376061328125 0.8787418265625 0.6499550078125 0.8656823671874999 0.6531163125 0.859605271875 0.6580270328125 0.8551432078125 0.6621476453125 0.8531100687500001 0.6778960046875 0.8518915874999999 0.6815536843750001 0.8564562921875 0.6854205578125 0.8580517921874999 0.687073415625 0.86463155625 0.6885551171875 0.8665583578125 0.6967827515625 0.869787028125 0.7075994578125 0.8715380171874999 0.712000634375 0.8761547109375 0.7153948406249999 0.8773866671875 0.7195019859375 0.8702150718749999 0.721810384375 0.862089115625 0.7242899375 0.8586161203125 0.7248048812500001 0.8477129828125 0.727768915625 0.83731159375 0.7303155078125 0.8346718671875 0.734274590625 0.8349487124999999 0.7410168984375 0.8380719531249999 0.745740915625 0.8380717953125 0.7500401484375 0.8370457578125 0.75258518125 0.834405921875 0.753790053125 0.8278599625 0.752248778125 0.82145403125 0.7369272984374999 0.797013221875 0.7274791656249999 0.7845832500000001 0.7229953109375 0.7758178703125 0.72108498125 0.7746896765625 0.7152520484375 0.7656623640625 0.7126689921875 0.76349251875 0.7090156609375 0.7552817359375 0.7049277953125 0.75151553125 0.70857958125 0.7472943609375 0.718275559375 0.7473098171875 0.7205705859375 0.746475690625 0.7241991578125 0.7425865218750001 0.729822925 0.729719346875 0.7357964703125 0.722512234375 0.7385774265625 0.7147513812499999 0.7460809515625 0.7069887031250001 0.747597575 0.7012931234375 0.7514680703125001 0.701067253125 0.7555312859375001 0.6927319468750001 0.7563713390625 0.687819203125 0.7592751734375 0.687193678125 0.761033721875 0.6851613984375 0.766484775 0.667641153125 0.7586244484375 0.6342740640625 0.7520264703125 0.6255253140625 0.7478619421875 0.6139628953125 0.74283414375 0.607645221875 0.738911540625 0.599746103125 0.7364958109375 0.5916218625 0.7248605046875001 0.5820227796874999 0.716065725 0.5691419718749999 0.7068384765625 0.5588842625 0.7025430859374999 0.5580858109375 0.7021009921875 0.5537459625000001 0.702937421875 0.550654590625 0.70734595625 0.5516269828125 0.7106248453124999 0.5545080375 0.7144284140625 0.553447340625 0.7208149296874999 0.554558046875 0.7306150390624999 0.5459613515624999 0.73244870625 0.53929333125 0.7357625171875 0.5345520031250001 0.7370134921875 0.527346715625 0.7400868265625 0.51894375625 0.7400466296875 0.5159571140625 0.73832829375 0.5085441921875 0.7308558609375 0.49807713124999997 0.7272487421875 0.4892054640625 0.7229838156249999 0.4844322671875 0.7196341546875 0.48254087500000004 0.7156305265625 0.482923465625 0.7043412625000001 0.4808073734375 0.6953194609375 0.4818352359375 0.688533221875 0.47754828437499997 0.687549359375 0.47383310312500004 0.689017703125 0.470619890625 0.689409865625 0.46501170937499997 0.685412034375 0.4617498890625 0.6847222171875 0.457391153125 0.688975865625 0.4427710078125 0.6931714875 0.43610368906249997 0.6937422703125 0.431502609375 0.691974096875 0.42657194374999996 0.6880150140625 0.4262950984375 0.6843096703125 0.42238961249999996 0.6776633999999999 0.4285550734375 0.6723529578125 0.42984089374999995 0.6675923515625 0.43746488125000005 0.6608597781250001 0.441303028125 0.6560836390625 0.445610040625 0.6516439171874999 0.4504371 0.6494545671874999 0.455091028125 0.6454031671875 0.4561343953125 0.6413265953125 0.4593296859375 0.642418309375 0.4650416296875 0.6349378906250001 0.47247386406249997 0.6302464953125 0.47910808281249995 0.62785179375 0.4849067234375 0.6247649921875 0.48817122656249995 0.6142577546875 0.4890952171875 0.612883396875 0.4909867671875 0.6120781546875 0.4882786875 0.6058321265625 0.48336695937499996 0.6076866171875001 0.47819309375 0.6058417656249999 0.477898059375 0.604321425 0.472984725 0.6068143515625 0.4622199 0.62693155625 0.4683428078125 0.6503636421875 0.43691641875 0.6291340125 0.39475781875 0.603770521875 0.41005863593749997 0.5497681765625 0.3581887078125 0.53642145625 0.3722575828125 0.58358228125 0.4335779796875 0.5773340796875 0.430489290625 0.5735766156250001 0.43089066093749995 0.5699517765625 0.43295690000000003 0.5658022593750001 0.43896489218749996 0.5595867906249999 0.44250870625000005 0.5565192531250001 0.44726725468749995 0.5474053515625 0.44961221250000005 0.5447203375 0.45423148125 0.5424006453125 0.455395940625 0.5401190859375 0.46136852343749996 0.5367248796874999 0.46013656718749996 0.5363482640624999 0.4566298796875 0.5373633156250001 0.45454560781250003 0.541101296875 0.45265330937500003 0.542333621875 0.442130828125 0.5396121421875 0.44194052343749995 0.5409532484375 0.44766990624999997 0.5372151578125 0.44956376249999996 0.536356359375 0.4387290265625 0.5342019296875 0.43576057187500006 0.5298581515625 0.4374460453125 0.49111316250000003 0.4813126890625 0.48303885468749996 0.493676446875 0.47842051249999995 0.4974964046875 0.47400005624999997 0.5038175093749999 0.46994659062500005 0.5066823578124999 0.459552590625 0.5202105765625 0.45722855156250003 0.5250211140625 0.45215847499999995 0.529970125 0.448698884375 0.5403352953125 0.443561128125 0.5711378734375 0.44305364999999997 0.578395153125 0.4451582421875 0.5838458640625 0.44500800468749996 0.59311734375 0.4416696375 0.598187446875 0.44184079218749994 0.6028404078125 0.44383753437499995 0.6062943578125 0.4456662203125 0.6132043765625 0.39647223593750003 0.5378407593750001 0.389970365625 0.5603310593749999 0.444719425 0.6292304953125 0.44570546406249995 0.6311226375000001 0.44959544375 0.6323876953124999 0.450604478125 0.633950953125 0.4506618765625 0.6402531203125 0.44887815625 0.644437325 0.444348290625 0.648761559375 0.43991602187499995 0.662374603125 0.4341210984375 0.6705888156250001 0.42571638749999996 0.6787849984375 0.416427475 0.6907333296875 0.40703299375 0.6988603 0.40395955 0.7072648187499999 0.39942377812499996 0.715235021875 0.398829996875 0.7201649859375 0.3976132171875 0.7215725984375 0.392170259375 0.7211919906250001 0.3883264921875 0.7192660453124999 0.3798681171875 0.7193371296875 0.3767909546875 0.7171327328125 0.3725126546875 0.7196513671875 0.3709521015625 0.7241832359375 0.3748167859375 0.7400336203125 0.3872417890625 0.761455653125 0.39231569374999997 0.7671139984375 0.39498142812500003 0.7734325296875 0.3999651875 0.77858805 0.39991317656250003 0.782893346875 0.40746435 0.786903296875 0.4149807140625 0.79853406875 0.416702878125 0.8165543468750001 0.4186073 0.821328509375 0.41823824531250003 0.8266062468750001 0.419152896875 0.8313111984375 0.4248630484375 0.84563346875 0.430019521875 0.8554420593750001 0.43442816406249996 0.85641289375 0.438393153125 0.8530437703124999 0.44377280625 0.8507681796875 0.450251640625 0.8505586734374999 0.45382446875 0.8527977296874999 0.45786249687499997 0.8590461921875001 0.46354738125 0.8630901 0.4659249765625 0.8664062187500001 0.46456024375 0.8752607140625001 0.45966878906249997 0.8812168249999999 0.45533474375000005 0.889863684375 0.45094319218749995 0.8922099359375 0.446989496875 0.9025405546874999 0.44219025156249997 0.9071780109375001 0.440716109375 0.914035634375 0.4343274046875 0.9271798125 0.4350403296875 0.9312081062500001 0.436950659375 0.9323363 0.444329228125 0.9316916203125001 0.4481385953125 0.9269865109375001 0.45273176406250004 0.9253184765625001 0.45710455781250003 0.9196565906249999 0.46836699531250003 0.911494209375 0.4707580734375 0.9075169390625 0.4813960640625 0.895830540625 0.4867794515625 0.8917320203125 0.4888572171875 0.8869042609375001 0.49877855000000004 0.8730124984375 0.5048615046875 0.8678022562500001 0.5102084265625 0.8588941640625001 0.514713625 0.854900265625 0.516612771875 0.8490654046874999 0.5213673625 0.8450889437500001 0.5237605046875 0.8392901921875 0.52806564375 0.8346181859374999 0.532059646875 0.8272726499999999 0.5337586234375 0.820761240625 0.532338571875 0.8090602421875 0.5342392765625 0.8032254906249999 0.533015046875 0.79584711875 0.5275586203125 0.7903280546875
0 0.2360541734375 0.7157245015625 0.216731309375 0.7483717578125 0.213360209375 0.746809359375 0.207592646875 0.738616765625 0.2032279484375 0.7263777984375 0.199370825 0.7193118390625 0.193410653125 0.719227121875 0.187552534375 0.724783578125 0.1851003265625 0.7242816109375 0.18436212031250002 0.7224067984375 0.1882467140625 0.7130643921875001 0.1970184140625 0.701411953125 0.2015005078125 0.6977484953124999 0.2094423 0.6837183109375 0.2189559390625 0.672117753125 0.23747625781249998 0.64192048125 0.2414873515625 0.6378920296875 0.246547803125 0.625980075 0.2456368828125 0.6194521921875 0.24199484375 0.61820290625 0.238168278125 0.6195924890625 0.231560646875 0.6287444828125001 0.22304424374999998 0.6367683921875 0.21712282031250002 0.6396686484375 0.20853720625 0.648682328125 0.19965029843749998 0.6619823078125 0.1957544125 0.6643632187499999 0.19227390312499998 0.6608039484375 0.18831637968749998 0.6605272109375 0.1868942484375 0.6630795375 0.1843743890625 0.6635674500000001 0.182679253125 0.6682543703125 0.182682971875 0.678863284375 0.1789122453125 0.6865549265625 0.17355185625 0.6903245625000001 0.17077836562499998 0.6944395546875 0.1669286921875 0.6961595796875 0.1616740890625 0.7037474578125 0.1575781421875 0.7054502625 0.15238145625 0.705086875 0.149567659375 0.706216784375 0.14926782968750002 0.69807290625 0.1427314875 0.6919818046875 0.1428297140625 0.6870156203125 0.1294068578125 0.6709933859375 0.123935515625 0.660334196875 0.120656625 0.6574531421875001 0.1107625578125 0.6425078109375 0.108777109375 0.6460153562500001 0.1000590875 0.65336105 0.096384303125 0.65791110625 0.09529630781250001 0.6628080765625 0.09042049375 0.6720796046874999 0.0900975421875 0.676698015625 0.087185628125 0.6827925484375 0.08659173906249999 0.6877240718750001 0.08578441718749999 0.6992693171875 0.0869698984375 0.7036627140625 0.0855590625 0.7131765359375 0.0837485015625 0.7195141140625 0.0772696671875 0.7197236203124999 0.0755342265625 0.7214254578125 0.0747327015625 0.7293262921875 0.07659102031250001 0.7347597828125 0.08233174374999999 0.74510575 0.0835156671875 0.7494990390625 0.090724734375 0.7566317921875 0.095273959375 0.7662318906250001 0.0974648546875 0.7740099171875 0.10430693124999998 0.784598928125 0.10832931875 0.7875319734375 0.12442537499999999 0.8062268796875 0.131029259375 0.8113296609375 0.1413094734375 0.8243143390625001 0.14535496718750002 0.8269169406250001 0.1487893703125 0.8311355390624999 0.16477436406249998 0.8354031796875001 0.16603507343749999 0.835159278125 0.1647819390625 0.8317557609374999 0.16477064531250002 0.8247942640625 0.16240113125 0.8160091375 0.16240859531250001 0.8123632781250001 0.164436415625 0.810019334375 0.17021952499999998 0.8090970593750001 0.171977965625 0.8070663375 0.1756377234375 0.7973777156249999 0.18140736562499998 0.7913169843750001 0.187127171875 0.7877385109375 0.19465907968750001 0.7902544140625001 0.2021507921875 0.789783675 0.21259461562499998 0.7862050453125 0.22216409375 0.7809065453125 0.2264617671875 0.7798803999999999 0.23113968125 0.7805395703125 0.23544097968750002 0.7776920515625 0.23331338906250002 0.772570225 0.2519017359375 0.7758279421875 0.270650540625 0.762500203125 0.2360541734375 0.7157245015625
0 0.9407992437500001 0.5231988624999999 0.9368245203125 0.5196065984375 0.92153369375 0.5160516171875 0.9230883406249999 0.51516571875 0.9247396531250001 0.5093135281250001 0.931024225 0.504781503125 0.9348627140625 0.4960984234375 0.9398463781249999 0.48882365781250003 0.9445318671875 0.485835409375 0.951593296875 0.47373288281250003 0.9567787984375 0.4671332171875 0.9594197734375 0.46135179531250003 0.96670013125 0.4532414546875 0.9720068562499999 0.4413467203125 0.9709477796874999 0.42983699218750004 0.9671040124999999 0.4279110484375 0.9570694421875 0.429198584375 0.9512730703125 0.4374111296875 0.94728870625 0.43928776562499994 0.9468735468749999 0.44522483125 0.9418703984375 0.45100866875 0.9373212687500001 0.45383885625 0.93427310625 0.4600898921875 0.9263200203125 0.46715858125 0.9200428046875 0.4680463046875 0.9144749046875 0.46235184843750005 0.9089225359374999 0.45997436875000003 0.9054440937500001 0.45459361718749997 0.9030530296875 0.44613904375 0.899862725 0.44376070468749995 0.8971508859374999 0.43810150156249994 0.8921230874999999 0.43178382812500005 0.889661253125 0.4243189140625 0.8844087296875 0.4176534671875 0.8754836078125001 0.40128319375 0.8707439484374999 0.3979679328125 0.8676726921875 0.3921175671875 0.8636734125000001 0.3888540796875 0.8601541562499999 0.382309834375 0.846531746875 0.36378790156249996 0.8201591953125 0.34271723125000003 0.8121449937499999 0.3328748375 0.8101401718749999 0.334889896875 0.8106165578125 0.34586235625 0.8115066531249999 0.3508960828125 0.81442384375 0.35541057343750004 0.816459225 0.36185105625 0.8255458750000001 0.3759113453125 0.8289593468750001 0.37863734843749997 0.83169211875 0.3857891484375 0.8352843203125 0.38952069218749996 0.8390491265625 0.397906865625 0.8496851328125 0.41290407812499996 0.8508229515625001 0.41795669375 0.8479378765625001 0.4218978546875 0.833050490625 0.4321280328125 0.8289760921875 0.433500284375 0.825945034375 0.43063656093749997 0.824684325 0.43088046249999995 0.771697440625 0.4899923390625 0.763461603125 0.50466608125 0.7477728015625 0.5227955359374999 0.742713909375 0.5347076000000001 0.741704859375 0.5455761875 0.7464252546875 0.5473974015625 0.7508687078125 0.5407474125 0.7548970015625 0.5400344875 0.758861990625 0.5366653640625 0.76268855625 0.5352757828125 0.767787646875 0.5263503593750001 0.7713894875 0.5246130046874999 0.775717625 0.5196121140625001 0.7805340703125 0.518290184375 0.7879624640625 0.527595090625 0.788065965625 0.53323793125 0.786707140625 0.5384464578125 0.7876448984375 0.542820965625 0.7897515562499999 0.546450196875 0.7933013843750001 0.5490181390625 0.8009256125 0.550213828125 0.8057360421875 0.5525394265625 0.8090804109375 0.5562536406249999 0.8122187046875 0.562937275 0.8236099125 0.5706960984375 0.82985220625 0.57743075625 0.8344706437499999 0.586041084375 0.84459534375 0.5976882203125 0.849620859375 0.605830490625 0.8596823499999999 0.6272517140625 0.8694743656249999 0.636555871875 0.8799451218750001 0.6432541546875 0.8849267078124999 0.6502327140624999 0.8918706343749999 0.6540341703125 0.8963023828125 0.6546745609375 0.9022104343749999 0.659066134375 0.90382309375 0.6626592546875 0.9044147953125 0.671982615625 0.9025387578125 0.677487034375 0.8958217156250001 0.68464215625 0.8923464843750001 0.691691909375 0.88626353125 0.69690215 0.8853988109375001 0.702145228125 0.8840705578125 0.70337745 0.8830517734375001 0.7072846515625 0.8764248765625 0.7149425984375 0.8720795390625 0.7166279640625 0.8688543140625 0.7218720078125 0.8671322312499999 0.7287138609375 0.8668033734374999 0.7369782390624999 0.8691557968750001 0.74244628125 0.87059356875 0.743209371875 0.8829402703125 0.7319729500000001 0.8958770203125 0.71762949375 0.9002223578124999 0.7159441296875 0.9034669578125 0.712192571875 0.9078584 0.7098478796875 0.9136510390625 0.7034582640625 0.9161998046875001 0.6989954984375 0.919820925 0.6863203437500001 0.92182730625 0.68430539375 0.9297498187500001 0.6812130078124999 0.934143434375 0.6770452765625 0.93741860625 0.6693174156249999 0.943997115625 0.6641433937500001 0.9605781999999999 0.6367927812499999 0.9661326484374999 0.6249169359375 0.9675606859375 0.6187186390625 0.9660811578124999 0.6149687984375001 0.9677994125 0.5975195906249999 0.9663794703124999 0.5858170328125001 0.9637115609375 0.5813215406250001 0.96226260625 0.5735953968749999 0.9604444859375001 0.5711485484375001 0.961305471875 0.5677284015625 0.9648553015625 0.5702963421875 0.9724162109375 0.581267678125 0.9759793984374999 0.588975634375 0.979058228125 0.59117858125 0.9880338015625 0.60324345 0.9930035734375 0.6175139484375001 0.996694453125 0.5647319000000001 0.9903866796875 0.55716408125 0.983913753125 0.5537276203125 0.9723743875 0.5409869515625 0.9688304656250001 0.534773040625 0.95274414375 0.5230395203125 0.948313953125 0.5223992390625 0.9439701749999999 0.5240847125 0.9407992437500001 0.5231988624999999
0 1 0.384677559375 0.997709734375 0.38132156875 0.98333948125 0.366393725 0.9751713234375 0.355213896875 0.9620081 0.3443488984375 0.9574053046875 0.3390539875 0.950036375 0.33422976718749997 0.9490005 0.334819884375 0.9471266359375001 0.3385012625 0.94772424375 0.3441786546875 0.9515374375000001 0.3500809015625 0.954045375 0.3568864875 0.9635338140625 0.3723015421875 0.9767968078125 0.3906323125 0.983950021875 0.4038948515625 0.9904385906250001 0.41064673125000006 0.9994119906250001 0.42453463906250005 1 0.42518306875 1 0.384677559375
0 0.7258426124999999 0.4310955109375 0.7320119640625 0.4406428703125 0.7369088046875001 0.44529422500000004 0.742021346875 0.453939103125 0.7536314828124999 0.4656901109375 0.7551555578125 0.46878051562499995 0.75967205 0.4717481109375 0.7637657140624999 0.4718699046875 0.7677077046874999 0.46882966562500006 0.7680998671875 0.4632214859375 0.766057021875 0.46042686406250005 0.762232534375 0.4475631203125 0.7465554796875 0.4211066609375 0.735734946875 0.40874831718750004 0.7254836375 0.391788784375 0.716842921875 0.380243853125 0.7077712968750001 0.371322128125 0.7011963171875 0.3622444921875 0.6827634781249999 0.3413969625 0.6720218906250001 0.335010234375 0.669096509375 0.3359663109375 0.6684104109375 0.3422164890625 0.6731784546874999 0.35581032968750004 0.6835607218749999 0.37443618125 0.6926703703125 0.3881675875 0.6977442734375 0.3938259328125 0.705751009375 0.40731418750000004 0.715852603125 0.419291765625 0.7225503640625 0.4230744421875 0.7258426124999999 0.4310955109375
0 0.7578369609375 0.725546153125 0.7607027703125 0.7201109484375 0.7674145203125 0.7147786468749999 0.776416853125 0.6998280109375 0.7908680515625 0.6816120140625 0.8272857874999999 0.63012540625 0.828961765625 0.62394288125 0.8277969984375 0.6210451984375001 0.8109665500000001 0.62351468125 0.8009610890625 0.6332560890625001 0.7947777359375 0.6452555531249999 0.7867152421875 0.650327371875 0.7650105234375 0.6745003359374999 0.755600496875 0.6917421765625 0.747393671875 0.7024395046875 0.738339328125 0.7216954375 0.7382872078125 0.7260022937499999 0.7397228046875 0.728588421875 0.745882421875 0.7311743953125001 0.7533994140625 0.7285501734375 0.7578369609375 0.725546153125
0 0.0340743984375 0 0.0329802015625 0.018001346874999997 0.038409268749999996 0.03992721875 0.04598364375 0.0560370109375 0.0456375859375 0.06098586406249999 0.042177996875 0.071351034375 0.041739620312499996 0.0776201 0.0426542734375 0.0823250515625 0.0414569765625 0.08522359375 0.035377756249999996 0.0886109046875 0.0276419453125 0.0872413828125 0.0250293265625 0.12816507500000002 0.028458453124999998 0.12177464843750001 0.031331728125 0.1126935828125 0.0339706375 0.1087336421875 0.041894709375 0.105641365625 0.0593479515625 0.09426550624999999 0.0656138734375 0.0864162859375 0.07266349062500001 0.0816057 0.06836071406250001 0.095606846875 0.085216440625 0.11705676875 0.12569561875 0.0556026296875 0.09793358437500001 0.050885807812499996 0.105068053125 0.0484008671875 0.110009346875 0.0399624984375 0.11458542499999999 0.0349773796875 0.11668618906249999 0.029820734375 0.116513475 0.0251676640625 0.114877709375 0.0219049859375 0.10961927812500001 0.018885509375 0.10897183125000001 0.015690375 0.11019814218749999 0.008815420312499999 0.1153375375 0.00287508125 0.1158300859375 0 0.0340743984375 0
0 0.6315074468749999 0.31483024375 0.631181409375 0.31216820312500004 0.6241980953125 0.3165010015625 0.61643888125 0.324649909375 0.6040608453125 0.3503788234375 0.6246156390625 0.339649015625 0.6413843578125 0.32619064531249997 0.6315074468749999 0.31483024375
0 0.465233590625 0.459150309375 0.47347308593750004 0.449531325 0.46822014687499997 0.4427374109375 0.45751294218750005 0.434179040625 0.4463616265625 0.42529671562500004 0.43901576875000003 0.4160210734375 0.4348798359375 0.429629778125 0.45124255468749996 0.45349337656250005 0.465233590625 0.459150309375
0 0.3826395125 0.6738133093750001 0.40303698906249996 0.6603157859375 0.42000408437500003 0.649463540625 0.42223363125 0.6272336640625 0.4137606546875 0.622003315625 0.3937005265625 0.617124921875 0.37862015000000004 0.6255231125 0.3702147203125 0.643742096875 0.3624852890625 0.6668310375 0.3826395125 0.6738133093750001
0 0.398352771875 0.9544774703125001 0.41458788437500005 0.9646879703125 0.4145972859375 0.9465444296875001 0.3886137578125 0.9200000625 0.3823761921875 0.9092778953125 0.3752678875 0.9104254656249999 0.3770667890625 0.9188589953124999 0.3813739203125 0.9297484718750001 0.398352771875 0.9544774703125001
0 0.5356268109375 0.9484212828125 0.5537688609375 0.966281878125 0.5666727 0.9576281109375 0.5640125109375 0.9471983906249999 0.5510238359375 0.9353603843749999 0.5374518187499999 0.9337237234375 0.5356268109375 0.9484212828125
0 0.9910554062499999 0.6453740421874999 0.9917709546875001 0.6351412171875 0.993563478125 0.6095069390625001 0.9677690703125 0.63182134375 0.9770611328125 0.6434368828125 0.9910554062499999 0.6453740421874999
0 0.8628305359375 0.7806888359374999 0.8690426890625 0.7694870734375 0.8532778671875001 0.7561126078125 0.8102366765625 0.7135596750000001 0.8213700234375001 0.7349289765625 0.8506591421874999 0.7795401281250001 0.8628305359375 0.7806888359374999
0 0.8893774406249999 0.6731129796875 0.8691212203124999 0.6777362390625 0.872713575 0.695129196875 0.8550103578125 0.7046816140625001 0.8575186625000001 0.7169474015625 0.8761744374999999 0.7110202625 0.8900280687500001 0.696466815625 0.8961221578125 0.679785659375 0.8992269296875 0.6617269968749999 0.8937457312499999 0.6572117734375 0.8878978734375 0.6675493421875001 0.8893774406249999 0.6731129796875
0 0.7619800999999999 0.860319715625 0.76469536875 0.877958340625 0.7888658687500001 0.8489189640625 0.7891854265625 0.8366660953125 0.7861623171875001 0.8344278859375001 0.7796521671875001 0.8446721531250001 0.7619800999999999 0.860319715625
0 0.6848104046875 0.936954559375 0.69279838125 0.950106309375 0.699017628125 0.951772325 0.698620709375 0.9427993421875 0.681661590625 0.9259863156250001 0.6848104046875 0.936954559375
0 0.923329428125 0.3245713828125 0.9352861078125001 0.313447090625 0.93907993125 0.301841275 0.9233884531250001 0.2979904375 0.914428190625 0.3020581234375 0.9045389515625001 0.3138109765625 0.894499215625 0.3389828953125 0.9115702203125 0.32801104375 0.923329428125 0.3245713828125
0 0.6004945390625 0.066576221875 0.6028240031250001 0.0671087640625 0.6047819234375 0.058663832812500004 0.590065803125 0.040618329687499996 0.573706896875 0.0224344578125 0.569259140625 0.0130184484375 0.5616909578125 0.0145379703125 0.5768240734375001 0.038155821875 0.6004945390625 0.066576221875
0 0.1420671921875 0.6085243546875 0.1484170875 0.6208880437500001 0.1651745921875 0.63814276875 0.1624969 0.6219603125 0.1613892734375 0.6164759390625 0.14551004375 0.59947371875 0.1420671921875 0.6085243546875
0 0.036506306249999995 0.8320788046875001 0.0438385484375 0.8206953578125 0.0573534 0.8063500375 0.0522652828125 0.79751264375 0.0427872953125 0.7984788453125 0.020825450000000002 0.8131356937499999 0.0197741265625 0.8494273234374999 0.036506306249999995 0.8320788046875001
0 0.1781740421875 0.8903733609375 0.18164871093749999 0.8816068874999999 0.20466453125 0.8578357343749999 0.21892100781249998 0.8379693218750001 0.22311376562500002 0.8253623343750001 0.21345826250000002 0.8297855125 0.1898570390625 0.86074114375 0.1582419109375 0.89210906875 0.1534750828125 0.9138216296874999 0.178548821875 0.88922483125 0.1781740421875 0.8903733609375