0 0.4692304890625 0.2074241703125 0.4785956921875 0.20709164218749998 0.4757836484375 0.21255985625 0.4700488703125 0.216850634375 0.46217911093749997 0.22613504843749999 0.4568884421875 0.22801359062499998 0.43581273749999994 0.2401529375 0.427116675 0.244009284375 0.42858251562499994 0.249612909375 0.4400747640625 0.2501413328125 0.44360814531250004 0.2496299015625 0.4549014265625 0.252416221875 0.4533170078125 0.263148925 0.44499046093750005 0.27043463437500004 0.4392565421875 0.28001264843749996 0.4408068015625 0.2907930984375 0.44709687656249997 0.2918202640625 0.46359264375000003 0.28929957968750003 0.467690134375 0.28890945156250003 0.4622345 0.2968356984375 0.46665683593749996 0.30049144375000003 0.46849385468750004 0.3095097015625 0.4632892828125 0.320037475 0.4535498015625 0.31051528125 0.45052120625000003 0.305052140625 0.439792878125 0.307749440625 0.43187827343749996 0.3147862515625 0.42794212187499997 0.3098706421875 0.41505989374999996 0.3040579234375 0.41066501093749996 0.3039282125 0.398162503125 0.3022391578125 0.3917830109375 0.3084944078125 0.384745940625 0.30495994843749996 0.38276240625 0.3040301546875 0.3756901625 0.304012675 0.3597950765625 0.302159771875 0.3512450875 0.3017583296875 0.34080181875000004 0.29382499375000004 0.3460044578125 0.28288230625 0.33793486562499997 0.27878139062499996 0.32249518125 0.2699324875 0.31076991875000004 0.2659856203125 0.3025408578125 0.26823634687500003 0.30601686093749997 0.276089953125 0.3135826140625 0.28242730625 0.32270492968750003 0.2854386625 0.3214604203125 0.2894586953125 0.3191138859375 0.29785344999999996 0.32364084375 0.30370735312499997 0.329849803125 0.305480178125 0.3457880578125 0.30366584375 0.359972159375 0.3060741171875 0.3687809765625 0.3134874734375 0.37214209375 0.3218527078125 0.3797224078125 0.32967894375 0.38732718906249997 0.3335320203125 0.3930375296875 0.3369571203125 0.41185456875000004 0.33544459843749996 0.42470741875 0.33889460625 0.435907378125 0.3428125578125 0.44779236874999995 0.341701628125 0.4552323234375 0.3478229140625 0.46406779687500005 0.35251341406250003 0.48252079531250003 0.35237696406249996 0.4951725859375 0.340609678125 0.48295405625 0.3729553203125 0.500499896875 0.376885403125 0.50593001875 0.37409225625000003 0.5195890750000001 0.358301053125 0.5368210078125 0.3477454796875 0.547652003125 0.3461173875 0.5579744984375 0.3393163515625 0.5519412046875 0.3029207234375 0.5527789953125 0.28833722812499996 0.5541198625 0.278908659375 0.5547780578125 0.270837628125 0.5522749640625 0.2619849109375 0.5488094078125 0.25619453124999997 0.5471833125 0.250160125 0.54762860625 0.238915571875 0.5486996171875 0.23402668750000002 0.54789623125 0.222791965625 0.5436661328125 0.21606507812500003 0.54264133125 0.2099060578125 0.5440942921875 0.20416124375 0.5443792078125 0.198632759375 0.5398655421874999 0.19233035468749998 0.530241671875 0.1819241828125 0.5217598359375 0.1738998046875 0.5182093640625001 0.1805233546875 0.5154080046875 0.1914077015625 0.5091342937500001 0.1976420640625 0.49523245937500004 0.1986960765625 0.47487048125 0.2005305953125 0.4725471453125 0.20090303281250002 0.459497628125 0.20689876406250002 0.4692304890625 0.2074241703125
0 0.4077891421875 0.20743790624999997 0.411475140625 0.20781733593750001 0.4158463140625 0.20829393281250003 0.4182508578125 0.20817579375 0.41726648906249997 0.2056790203125 0.41532905312499996 0.20333530625 0.4164835875 0.199808828125 0.41464456250000004 0.1960943890625 0.41032630625 0.19522795937499998 0.406395403125 0.19657466875000001 0.4038504234375 0.199586809375 0.40236730937500004 0.20310805156249997 0.4022106296875 0.2065869625 0.4077891421875 0.20743790624999997
0 0.44716651093750004 0.21236640312500002 0.43990808125 0.2149299734375 0.4328120875 0.2187161765625 0.4259267875 0.22193044999999997 0.421272284375 0.22378079843749998 0.41237540624999997 0.226459409375 0.4100636140625 0.22763768125 0.40917169062500003 0.22935598437500002 0.412878453125 0.2293220640625 0.4222468484375 0.22620138281250002 0.448422571875 0.21350354062500002 0.44716651093750004 0.21236640312500002
0 0.47323269218749997 0.11783111718749999 0.47798415624999996 0.115024078125 0.47976308124999995 0.114562890625 0.4844686453125 0.113313496875 0.4878052796875 0.11127523125000001 0.48970499062500006 0.10845136250000001 0.48950477656249997 0.10816325625 0.4856457984375 0.1104946546875 0.4816594875 0.11070141093750001 0.47708095312500004 0.1123455203125 0.47368026875 0.114180153125 0.4717889140625 0.11571313750000001 0.46798641874999997 0.11787438593749999 0.4656512984375 0.118311628125 0.46417949218750004 0.11862446874999999 0.45892586093750004 0.1200159171875 0.454701125 0.1227157875 0.45740214218749997 0.12413523281250001 0.463845275 0.1211028015625 0.46824777968750003 0.120516853125 0.46898644687499996 0.12060264999999999 0.4718748875 0.11928902968749999 0.47323269218749997 0.11783111718749999
0 0.5402354703125 0.7975045125 0.5282155687500001 0.79731188125 0.5060105265625 0.805859096875 0.4868291671875 0.8124137984375001 0.46332388281250003 0.823839565625 0.45881143125 0.82689930625 0.4608566359375 0.8288782671874999 0.47156247812499996 0.8325833625 0.49058442343750003 0.8301710765625 0.50355804375 0.8334452578124999 0.5074586062499999 0.8429881328125 0.5075074515625 0.8577298046875 0.494927809375 0.8679051140625 0.48777676249999996 0.8647287390624999 0.4788163734375 0.8690549984375 0.47145666875 0.88679629375 0.4589352296875 0.9028217171874999 0.45153957499999997 0.9029736171874999 0.442762503125 0.9024958453125 0.444089615625 0.90474884375 0.451123265625 0.912528340625 0.45572302656249997 0.9175824406249999 0.460521625 0.922963278125 0.4731429546875 0.9187933453125 0.47679493281249996 0.9062218390625001 0.4886564796875 0.9096525281250001 0.5313266578125 0.9058509515625 0.5651605609375 0.9026608375 0.6004287046875 0.894817725 0.6158815984375 0.8833400093750001 0.6193178125000001 0.868731346875 0.616048290625 0.8573099718750001 0.60586646875 0.84477484375 0.5918368453125 0.8352700000000001 0.5758630796875 0.8301160062499999 0.57091445 0.824720734375 0.5635201578125 0.81547000625 0.5620404609375 0.8030675671875 0.5563440546875 0.7969574578125 0.5402354703125 0.7975045125
0 0.47402592187500003 0.81618630625 0.4774585953125 0.8028611140624999 0.46743686875 0.7998268796875 0.4610652125 0.799430459375 0.46124344375000004 0.8019899593750001 0.46278570625000004 0.8069160125 0.46177276875000006 0.8106727703125 0.4603501625 0.8160117796874999 0.46136869999999996 0.8186993703125 0.46539074999999996 0.8197805140625001 0.47402592187500003 0.81618630625
0 0.6051080875 0.7945825734375 0.5994681875000001 0.8003643328125 0.596551175 0.8035801484375 0.5918373203125 0.804497446875 0.5915773375 0.804386578125 0.5932538218750001 0.81307794375 0.59560083125 0.8201667562500001 0.6027449046875 0.822611403125 0.6098431390625 0.8097498546875 0.60653375625 0.7978177953125 0.6051080875 0.7945825734375
0 0.45775035312499995 0.7727954296874999 0.456085096875 0.7848312296875 0.458431459375 0.7852510046875001 0.46221453749999997 0.7723944484375 0.45775035312499995 0.7727954296874999
0 0.7001289078124999 0.813381178125 0.703212659375 0.8121522375 0.707603990625 0.810206075 0.7100186875000001 0.8077759265625 0.7092550078125 0.8051300109374999 0.7038092734375 0.8053546515625 0.6984641375 0.8075706421875 0.6944323375 0.8098780734375 0.69099291875 0.8119062390625 0.6901522046874999 0.8123549000000001 0.696164496875 0.813345265625 0.6993247984375001 0.812085678125 0.7001289078124999 0.813381178125
0 0.63618713125 0.9416998031249999 0.6337393640625 0.9275686734375 0.6241240078125 0.91736036875 0.6184354828124999 0.9163826515625001 0.6142289578125 0.9219939187499999 0.6167966093749999 0.9418294656249999 0.6177444703125 0.9538641312499999 0.6179374734375 0.9713131171875 0.6234661109374999 0.9825258625 0.6296834875 0.9823768156250001 0.6333489125 0.9693951109375 0.637215475 0.9564728890625 0.63618713125 0.9416998031249999
0 0.5219190984375001 0.4779403953125 0.5261195578125 0.46688964843749997 0.5291660828125 0.453461234375 0.5281915078125 0.4420073140625 0.52330748125 0.43469899375 0.5175765375 0.4484168546875 0.516600296875 0.45030962499999994 0.5067194859375 0.46421629375 0.494278453125 0.47378867031249994 0.486773665625 0.4798150703125 0.47570439843749995 0.48997923749999994 0.4681219953125 0.49615152343749996 0.463157775 0.5002497625 0.44765593593749997 0.5099791359375 0.4344330375 0.51305491875 0.4392662265625 0.5147431859375 0.46361167343750004 0.5124405390625 0.466021121875 0.5121951625000001 0.47216562343749996 0.5182339859375 0.4771169859375 0.5271892968749999 0.4800752453125 0.5334788703125 0.483581828125 0.5316840265625 0.487461303125 0.5169587812499999 0.49471995468749996 0.5106987640625 0.5033869546874999 0.49901011874999995 0.5132454953125001 0.503914459375 0.51550059375 0.5120739015625 0.5236225234375 0.5170598375 0.5359885640625001 0.5232698078125 0.5430941859375 0.5275852046875 0.5512844593749999 0.529849009375 0.552771778125 0.51929828125 0.545353028125 0.5092636328125 0.539003378125 0.5056565375 0.5326193484374999 0.5050215390624999 0.5286132375 0.49450112187500006 0.5230513890624999 0.4856196640625 0.5219190984375001 0.4779403953125