0 0.5607599999999999 0.53139374375 0.5580804171875 0.5328401078125 0.5574101109375 0.534934 0.5560321187499999 0.5408006999999999 0.5569563609375 0.5454331546875 0.561223340625 0.546686765625 0.5662794328125 0.5451672828125 0.5681848640625 0.5414861265625001 0.568758809375 0.537545915625 0.56817594375 0.5351025890625001 0.5663930671874999 0.5339009625 0.5642457125 0.53336945 0.5607599999999999 0.53139374375
0 0.5765415453125 0.5052297265625 0.5749451578125 0.500655678125 0.5735604640624999 0.49903869843750004 0.5719798671875 0.5020333265625 0.5711161421875001 0.50456373125 0.5701720015625 0.5061122078125 0.572974465625 0.5082286218750001 0.5783878171875 0.5105821125000001 0.5785507328125 0.5093196468750001 0.5765415453125 0.5052297265625
0 0.581096896875 0.44455405312499996 0.57866795625 0.4461814875 0.5775100796875 0.4490135765625 0.5770848171875 0.449947121875 0.5749336671874999 0.4514099640625 0.5746085562500001 0.45364591875000004 0.5772587015624999 0.45604304687499997 0.5783965421875 0.45983593906250003 0.5795515390625 0.46258617500000004 0.582080471875 0.4630885734375 0.5840184671875 0.4624030890625 0.5852698921874999 0.4579359703125 0.584876665625 0.45468313125000004 0.5834079937500001 0.4532959 0.579610925 0.4511166359375 0.5803754265625 0.45094687499999997 0.5828221703125 0.44972417499999995 0.5836591109375 0.446109828125 0.5827411625 0.444491421875 0.581096896875 0.44455405312499996
0 0.3809695453125 0.5029142984375 0.3801582421875 0.503687515625 0.379520934375 0.506069565625 0.382582171875 0.506750603125 0.3809695453125 0.5029142984375
0 0.3951294515625 0.4237167140625 0.39672999999999997 0.42374702500000005 0.4028473484375 0.4245169671875 0.40799913906249996 0.4233213328125 0.40825878906249996 0.42333978281249995 0.4096955359375 0.4226451953125 0.38200435625 0.41768574999999997 0.3847154046875 0.41909744531250004 0.3861346046875 0.4196051703125 0.3878722171875 0.42128278750000003 0.39190550156250004 0.42547707343749996 0.39330160625 0.42594315 0.3951294515625 0.4237167140625
0 0.5768145953125 0.47686030781250005 0.5767857265624999 0.4786720203125 0.5781120109375 0.4800753109375 0.5806406109375 0.4800457015625 0.58164403125 0.4781807578125 0.5768145953125 0.47686030781250005
0 0.6265223046874999 0.508155559375 0.6275632453125 0.50772986875 0.6326830109375 0.5076919359375001 0.636265184375 0.515271084375 0.6392103546875 0.517828365625 0.640625240625 0.5136819265625 0.6404998734375 0.5098678265625 0.6421958484375 0.508870521875 0.6437387984375 0.5025133359375 0.6386674140624999 0.49604093593750004 0.6336028437500001 0.48755245937499997 0.6244373796875 0.48618254062500005 0.6230471140625 0.4837049734375 0.6220072796875 0.47569339531250004 0.6277129390625 0.47649883125 0.6320552515625 0.4801485921875 0.6378124875 0.477893178125 0.6477734703125 0.47679806406249997 0.6500327859375 0.4789747421875 0.646963828125 0.4829293375 0.640942234375 0.4824529046875 0.6386899406250001 0.48188151562500003 0.6389645203125001 0.48808989687500004 0.643450246875 0.49392823906250005 0.6451812796875 0.4953888078125 0.6501400046875 0.50256408125 0.6524592765625 0.5000171921875001 0.6532148609374999 0.4941252203125 0.6533168375 0.4874905 0.658512353125 0.490628340625 0.663693415625 0.4928797421875 0.6656022687500001 0.4941049515625 0.6627600499999999 0.49902944531250004 0.6626334484374999 0.50351041875 0.66650430625 0.5058986546875001 0.6688128812499999 0.5114659171875 0.674403915625 0.5125776531249999 0.6762503546875 0.51341260625 0.6775905718749999 0.51472780625 0.6809440109375 0.5168974375000001 0.6823937359375 0.5139548625 0.6825478171875 0.5089989109374999 0.6765033796875 0.5003181296875 0.6774336546875 0.4909138515625 0.68231889375 0.496480890625 0.6845474078125 0.5015455249999999 0.6882600671875 0.5030998328125 0.6910870484375 0.502290215625 0.69242004375 0.4975896421875 0.6927806953125 0.49487083906249996 0.6984672921875 0.499523571875 0.7028451828125 0.4970388640625 0.706692040625 0.49421924375000004 0.7101522375 0.49673583906249996 0.71809433125 0.49571478124999996 0.7209245203125 0.495987290625 0.7169359046875 0.5034268328125 0.7158018890625 0.505906175 0.706706825 0.5048738968750001 0.702007409375 0.507210390625 0.6972554140625 0.504676396875 0.6941651921875 0.506859740625 0.6940829890625 0.511725540625 0.699162221875 0.512254059375 0.699334975 0.513177340625 0.7076347375 0.5214908796875 0.7088416640624999 0.5174360171875 0.7137613140625 0.515897115625 0.714304190625 0.5240522578125 0.716480571875 0.5272879609375 0.7233522781249999 0.52822144375 0.7330798328125 0.5364311296875 0.74305194375 0.54364809375 0.7510977703124999 0.539561296875 0.75776291875 0.534109165625 0.7629182515624999 0.5366394375 0.768117203125 0.5320880906250001 0.7668186390625 0.523625359375 0.766192740625 0.518521190625 0.7699601921875 0.5122949921875 0.7752946484375001 0.513464009375 0.7805410937499999 0.512093609375 0.78453281875 0.505082834375 0.7868954125000001 0.49949889687500004 0.781368665625 0.49661173124999997 0.7764304609375 0.49366116875 0.7714247359375 0.49079529375000003 0.7649197390625 0.49027840781250004 0.755964528125 0.4884228421875 0.7500018953125 0.48895412499999996 0.7436069 0.48744626875 0.738838428125 0.485771371875 0.7347118359375 0.48619452656249995 0.73126893125 0.4854227796875 0.726512171875 0.484759934375 0.724201078125 0.4844651765625 0.7192094359375 0.48259268750000006 0.712697146875 0.48268126718750004 0.7084380109375 0.48550909999999997 0.70567085625 0.48402318125 0.7034803484375 0.48201128437499996 0.7013552609375 0.481284828125 0.6980702437499999 0.4810929546875 0.69613100625 0.48142355156249994 0.6945748203125001 0.4803052515625 0.6918841546875 0.477888328125 0.6894693515625 0.47737504687500004 0.6875528078124999 0.478823859375 0.6828783453125 0.478299909375 0.6815470453125 0.4781527125 0.677869746875 0.4752145796875 0.6754602281250001 0.47380467656249997 0.67374626875 0.47316560937499996 0.6514363046875 0.46953847031249996 0.6422565171875 0.4684163 0.6362694671875 0.4689647578125 0.6315713749999999 0.46801087499999994 0.6277260328125001 0.4671935234375 0.6253782765625 0.467958040625 0.619464590625 0.467071646875 0.617531478125 0.4664866328125 0.6133725578125 0.464123428125 0.609403465625 0.47017098593749995 0.6076886640625 0.473443790625 0.6073468640625 0.47482637656250004 0.611880590625 0.47662868906250005 0.6140554109374999 0.47905257656250005 0.6149551859375 0.483935415625 0.614203696875 0.486892221875 0.6117462421875 0.48447535 0.6090807953125 0.48523144374999994 0.604857628125 0.48565803281250003 0.6014262125000001 0.4851027796875 0.5991796796875 0.48748781875 0.598520996875 0.4915937203125 0.5992111140625 0.49620036875 0.6005948359375 0.50026436875 0.6042666875 0.5018227828125 0.6046323921875 0.5017631390624999 0.611549928125 0.5009779671875 0.61413953125 0.49949650312499994 0.6160037609375 0.5055459812499999 0.6198467546875001 0.50989150625 0.6265223046874999 0.508155559375
0 0.5870353984375 0.5379787281249999 0.5849930875 0.5415748796875001 0.5873637828125 0.54656430625 0.5900145328125 0.5469520250000001 0.6008715828125 0.5479690578125 0.6124949703125 0.5501904890625 0.614723084375 0.548545928125 0.6187571937499999 0.544529715625 0.61984035625 0.5430411375 0.617615459375 0.5378542734375 0.6158097390624999 0.5333331703125 0.6166061546875 0.5280457109375 0.61572199375 0.5248179109375 0.609594515625 0.51779036875 0.609480571875 0.524909753125 0.6065748671875 0.5291258812499999 0.6060112 0.5330778609375 0.6024662265625 0.5363785734375 0.6013989843750001 0.5342300437499999 0.599357465625 0.530254653125 0.5970984515625 0.5316913734375001 0.5950800968750001 0.534596146875 0.5888615359375 0.537293428125 0.5870353984375 0.5379787281249999
0 0.593432090625 0.519067290625 0.593063959375 0.5198372640625 0.596347109375 0.5220670328125 0.5982795234375 0.519656759375 0.5970110421875 0.5180341312500001 0.5953142796875001 0.517697434375 0.593432090625 0.519067290625
0 0.71843428125 0.55147904375 0.715072175 0.55165735625 0.710845165625 0.55107995625 0.7098880984375 0.5492998859375 0.7107468531250001 0.5461390453125 0.71302933125 0.5428559171875 0.713241128125 0.5385527953125 0.7103190703125 0.536773571875 0.70789898125 0.537946028125 0.7054826765625 0.540483475 0.70344013125 0.5445316421874999 0.7034623515625 0.5455619015625001 0.707032590625 0.5484325515624999 0.7082049421875001 0.5485459625 0.7073993609375 0.5512612453125 0.7034295859374999 0.5522768265625 0.697520109375 0.5516261453125 0.6936377359375 0.55019390625 0.68940411875 0.549579959375 0.6845858234375 0.5478689140624999 0.6853334609374999 0.5454863546875 0.689929546875 0.5454696953125 0.6928023546875 0.5422800984375 0.6884077015625001 0.5385233671874999 0.68548555 0.5374134374999999 0.681757825 0.536448565625 0.6786399000000001 0.53831133125 0.678579853125 0.5432457375 0.682378725 0.5459876734375 0.6819035453125 0.5475543625 0.6787022031250001 0.547081559375 0.6744872125 0.546116946875 0.668239109375 0.5489005984374999 0.6632740859374999 0.5433932765625 0.660052378125 0.5425503375 0.657136715625 0.5450998499999999 0.6522189625 0.5444203562500001 0.648145078125 0.540289325 0.6446628515625 0.5420698625 0.640108671875 0.5436704734375 0.6353146093750001 0.54427283125 0.6312383031250001 0.54395589375 0.6293931359375 0.5478495359375 0.631523371875 0.549446075 0.6324320734375 0.5503564609375 0.633077290625 0.5501166171875 0.632742178125 0.5532338125 0.6436557234375 0.5559465203125 0.663209546875 0.5590053953125 0.7290257296875 0.5709855187499999 0.7560336265625 0.5763939625 0.75721449375 0.5712968453125 0.757815196875 0.567501296875 0.7558641500000001 0.5647160359375001 0.7553532859375001 0.5641058625 0.751738703125 0.5633902734375 0.751081684375 0.5624982421875 0.7486219109375 0.55386216875 0.74503510625 0.5517307921875 0.7455925640625 0.557683015625 0.7448058890625 0.5598208609374999 0.74234815 0.5623127593749999 0.738511728125 0.5639860624999999 0.7343672453125001 0.562434215625 0.7312353609375 0.5567798093749999 0.7311965625 0.552851525 0.730617984375 0.55412308125 0.730083740625 0.5562682578125 0.725123196875 0.5562409953125 0.72335721875 0.5548321031250001 0.722287053125 0.552697328125 0.71843428125 0.55147904375
0 0.667540634375 0.5360064203125 0.6651759765625 0.53453576875 0.6640919765625 0.534923553125 0.664664125 0.5366281984375 0.6652353718749999 0.5373901812499999 0.6666643999999999 0.538099671875 0.6692397515625 0.53836114375 0.6711792421875 0.5365338296875 0.6703505140625 0.5352171296875 0.6673215 0.535015775 0.667540634375 0.5360064203125
0 0.68766314375 0.528844559375 0.6874853265625 0.5276294734375 0.686326940625 0.526789015625 0.6849291562500001 0.5273529109374999 0.6846947937500001 0.5292295671875 0.68640919375 0.5294757671875 0.68766314375 0.528844559375
0 0.9051458234374999 0.5283988875000001 0.9067295625 0.526975178125 0.9085925250000001 0.5236140609375 0.909530515625 0.51814903125 0.9080217421875 0.5139594125 0.9061304265624999 0.5155525625 0.9060509796874999 0.514693840625 0.9030171234375001 0.5132151296874999 0.89990745625 0.5118225359374999 0.8979128734374999 0.513924075 0.8999071640625 0.5186402078125 0.9012209312499999 0.519403471875 0.90140510625 0.5224824859375 0.9015175703124999 0.5268082078125 0.9051458234374999 0.5283988875000001
0 0.9010597203125 0.534696328125 0.8987485984375001 0.534912734375 0.8964285265624999 0.5388236390625 0.8924318781249999 0.5344119078125 0.8909103484375 0.535046940625 0.8859563125 0.5400768546875 0.8859777953125001 0.54343278125 0.8888781328125 0.5455396484375 0.89304023125 0.5470537078125 0.8949674765625 0.54871093125 0.8986472703124999 0.5496608234375 0.9011586796875 0.54708928125 0.8993993343750001 0.5442137812500001 0.900230775 0.5423538140625 0.9024806062499999 0.5397202812499999 0.904058984375 0.5363753499999999 0.9046364375 0.5364693390624999 0.9038006875000001 0.5349977953125 0.9010597203125 0.534696328125
0 0.887900171875 0.554221346875 0.8870716890624999 0.5550979390624999 0.8881479593750001 0.5524769328125 0.8877833046875001 0.5511262890624999 0.8858908 0.5503502328125001 0.8816892281250001 0.5520880906250001 0.8795090515625 0.5529585140625 0.875555471875 0.5530111062499999 0.8744010937500001 0.5494463234375 0.870671575 0.5512254140625 0.8688541078125 0.5562287515625 0.87052855625 0.55831625625 0.8734516484375 0.5582794468750001 0.8764120203125 0.5584805875 0.8780619203125 0.560901525 0.8811664953125 0.562513478125 0.8832137890625 0.5628543968749999 0.886632721875 0.55968823125 0.8929165296875 0.559028734375 0.8924840625 0.556464025 0.8904304281250001 0.5549955859375 0.887900171875 0.554221346875
0 0.9038745421875 0.564741240625 0.9054210515625 0.5664085875 0.90627496875 0.5654048171875 0.9074011328125 0.5643151484375 0.9047350515625 0.563037609375 0.9038745421875 0.564741240625
0 0.8569009812499999 0.584589878125 0.8602061703125001 0.58483715625 0.8606432125 0.5886504140625 0.85813474375 0.5898328375 0.8552627734374999 0.5898996828125 0.8518508296875 0.591747875 0.852737453125 0.5942877156249999 0.8558279499999999 0.5965596 0.8596039921875 0.5975075859375 0.8630619234375001 0.59812598125 0.8660964359375001 0.599804509375 0.8688109546874999 0.5995540421875 0.8727352093749999 0.599849840625 0.87683975 0.59988365 0.87906096875 0.5988877671874999 0.8842144749999999 0.6005774140625 0.889101484375 0.6016720890625 0.8917050906249999 0.6012670578125 0.8928683328125 0.5998977375 0.8922434687499999 0.596870415625 0.891910278125 0.5962660609375 0.8905930015625 0.5929190421875 0.8838723406250001 0.59119979375 0.882732521875 0.5914894546875 0.8805108703125001 0.5916306328125 0.8773836218750001 0.5878557640625 0.8777297484375 0.5845364421875 0.8752955140625 0.5798609781249999 0.8757270046875 0.57609495625 0.8749913890625001 0.5745280859374999 0.8727121296875 0.57797643125 0.8705010890624999 0.57621895 0.8689917484375 0.5765035468749999 0.8635474578125001 0.5792631687500001 0.8610842359375 0.577121421875 0.8574851609374999 0.578985746875 0.8561246734375001 0.5829664359375 0.8569009812499999 0.584589878125
0 0.9149667359375 0.5956973390625 0.9116192703125 0.5957541671875 0.9093946453124999 0.5961423109374999 0.9090455546875 0.5987916890625 0.9091536609374999 0.6024615468750001 0.9099184125 0.6043572875 0.9126518703125001 0.60612198125 0.9147778875 0.60661860625 0.9195783625 0.6071885109374999 0.9209270359374999 0.605435290625 0.920828209375 0.60117316875 0.9208685921875001 0.5980747953125001 0.9184402625000001 0.5972343640625 0.9149667359375 0.5956973390625
0 0.8510810203125001 0.5297166671875 0.8494684765624999 0.5285704140624999 0.8460178375 0.527015890625 0.8433639093749999 0.5281386421875001 0.8415764421875 0.531618040625 0.8415701468749999 0.5363897546875 0.8449187625000001 0.5380184375 0.8496848218749999 0.5383669734375001 0.85176238125 0.5344396625 0.852307721875 0.530228203125 0.8510810203125001 0.5297166671875
0 0.8530927374999999 0.512504103125 0.849871771875 0.512769921875 0.8472120453124999 0.5112445390625 0.8464340625 0.5116430578125 0.842707565625 0.5077264375 0.8388373687499999 0.506530009375 0.833612490625 0.505499296875 0.8318442546875 0.5087303921874999 0.8312745843749999 0.51664106875 0.83471405625 0.5173162421875 0.8391650687500001 0.517869371875 0.8425599390625 0.5187618953124999 0.8489754875 0.5196319640625 0.85174633125 0.518597959375 0.8538086187499999 0.516192928125 0.8543668140625 0.5141454921874999 0.854279509375 0.5130231265625 0.8545027218750001 0.5127846359375 0.8530927374999999 0.512504103125
0 0.8254458187499999 0.5132584062500001 0.8240450046875001 0.509086940625 0.8222451749999999 0.5079951265625 0.820757740625 0.5083946015625 0.8194641109375 0.5104374703125 0.820288165625 0.5144064703125 0.8227967984375001 0.5155003859375 0.8254458187499999 0.5132584062500001
0 0.8121845750000001 0.5130609875000001 0.8124872703125 0.5109304890625 0.8123889828124999 0.50904063125 0.8088644374999999 0.5094495859375 0.8068853890625001 0.50972699375 0.8034177031249999 0.50829025 0.8004380984375 0.5083374109375 0.7968423515625 0.505879859375 0.7957383859375 0.5062713875 0.7914082453125 0.5117629796875 0.7891900265625 0.51556295 0.7863473140624999 0.5190017499999999 0.78544996875 0.5221863359375 0.7899960015625 0.523577534375 0.7919009828125 0.5204170375 0.7949720015625 0.5204132687499999 0.7984600875 0.5198000828125 0.8006449671875 0.5170888484375 0.8021153062499999 0.5138088093750001 0.8031788015625001 0.5128336124999999 0.8075456296875 0.5135573421874999 0.8099023546874999 0.5140582796875 0.8121845750000001 0.5130609875000001
0 0.8012549218749999 0.5435661328125 0.8035907640625 0.5416026234375 0.8053623109375 0.539317896875 0.8046703953125001 0.537252340625 0.8046599921875 0.5374290390625001 0.8046157578124999 0.53509700625 0.8041209 0.5345317671875 0.8002104593749999 0.533877890625 0.7972832140625 0.5347684296875 0.795487090625 0.537897753125 0.7955669578125 0.5401974234375 0.7980393296875 0.54305515625 0.8012549218749999 0.5435661328125
0 0.798155778125 0.5711703140625 0.7971205593749999 0.5693145265624999 0.794332315625 0.567086121875 0.7913644609375 0.5657252703125 0.7890712625 0.5672777250000001 0.7859006421875 0.5709966578125 0.783428559375 0.574119678125 0.782017253125 0.5781215140625 0.7821775921875 0.581042109375 0.782792953125 0.5814237015625 0.7876343968749999 0.5818234046875 0.79112426875 0.5828175890625 0.79377298125 0.5830946546875 0.7982859015625 0.582807928125 0.8000876484375 0.5812979734375 0.8024122453125001 0.579199490625 0.8056875796874999 0.5782870953125 0.806510871875 0.57519539375 0.8049722140625001 0.5742501453125 0.8017139890625 0.5735639781249999 0.7980143390625 0.5741353890625 0.798155778125 0.5711703140625
0 0.8097772578125 0.5864245859375 0.8121872234374999 0.5869831640625 0.813445459375 0.5855126312500001 0.812839834375 0.5821092171875 0.811448859375 0.5811154890625 0.8103515968749999 0.5812049359375 0.80826474375 0.5835376546875 0.8071749265625 0.5862148859375 0.8097772578125 0.5864245859375
0 0.9745800296875 0.6155616609375001 0.9747538421874999 0.6177199625 0.9792292953124999 0.6188645359375 0.9806060750000001 0.6163553281249999 0.9799950031250001 0.6154650734375 0.9784438281250001 0.6156609078125 0.9745800296875 0.6155616609375001
0 0.36188877656249996 0.504393571875 0.363578753125 0.5026729640625 0.3662496859375 0.5036496234375 0.37129368125 0.5029310640625 0.36987193125 0.5000905828125 0.36779740781250003 0.4998477078125 0.36308918437500004 0.49864087812499996 0.360480771875 0.49679893281250004 0.35277181875 0.4966555171875 0.3485621046875 0.4973645125 0.3482217875 0.5003032875 0.3546668625 0.5016732312500001 0.36188877656249996 0.504393571875
0 0.3458790546875 0.435413840625 0.345626225 0.43292085937499997 0.3420851171875 0.429056425 0.3391438765625 0.431185175 0.33769512968750004 0.437226928125 0.3395314359375 0.4389287171875 0.34249759375 0.4388020234375 0.3458790546875 0.435413840625
0 0.2789533078125 0.40724297031249995 0.275155353125 0.41508565 0.2758868015625 0.41743116875 0.283457565625 0.41663149375 0.2872505984375 0.41392982187499994 0.2895739953125 0.41037904062499997 0.28973694375000003 0.40603518281250006 0.28702486875 0.402088184375 0.2824712359375 0.404152159375 0.2789533078125 0.40724297031249995
0 0.2544786109375 0.443913546875 0.2531671421875 0.45008351874999997 0.254166428125 0.45436292187499994 0.2588189546875 0.4567336046875 0.2612834421875 0.45205309375 0.2611381859375 0.4468370359375 0.262224528125 0.4409370953125 0.26190251249999996 0.439303190625 0.257905171875 0.43955414375 0.2544786109375 0.443913546875
0 0.2814197 0.47926876093750004 0.2803937953125 0.47440064531250004 0.2743950125 0.4707582078125 0.2703991359375 0.47327938593749996 0.2642631515625 0.4726572359375 0.26146990468750003 0.47109867968749997 0.254886440625 0.46892937031250004 0.243072065625 0.46419455625 0.2408363234375 0.4631394765625 0.2379925734375 0.4592858921875 0.2387634859375 0.4536224125 0.23945043125 0.44516 0.237789325 0.441506678125 0.2363665390625 0.4338162484375 0.2371848640625 0.42508144843749995 0.2391154453125 0.4222890046875 0.249233084375 0.42195241250000004 0.2526579265625 0.4215014984375 0.2545915828125 0.41766500312500004 0.2530009984375 0.414619309375 0.24968625000000003 0.41096752187499996 0.2519332078125 0.4060027609375 0.2559782234375 0.4002668609375 0.25563281875 0.394850115625 0.250035503125 0.3925805234375 0.23678224375 0.3913385 0.2297061875 0.3922832625 0.2260315953125 0.4000866703125 0.2236743203125 0.4086892390625 0.21982964531250002 0.42272631718750003 0.2185222625 0.43954866875 0.21542297656249998 0.4563767109375 0.2139734984375 0.47062099531249996 0.21753840625 0.4752828015625 0.222066915625 0.4760424953125 0.2269903234375 0.4788221859375 0.2325399359375 0.4814139 0.2427447828125 0.48220763906249997 0.24901804218749998 0.48196601875 0.26089234375000003 0.4836082109375 0.26902800781249997 0.4846825625 0.2786652875 0.4848924140625 0.2814197 0.47926876093750004
0 0.2174228125 0.39252052656249997 0.215473903125 0.395053490625 0.21585791250000003 0.397417809375 0.21814676875 0.39772700781250003 0.220139728125 0.3935213390625 0.2174228125 0.39252052656249997
0 0.1805849515625 0.4348314125 0.1855970890625 0.43675777812499994 0.1887000546875 0.43455957187500005 0.18918374531249998 0.4285714703125 0.191535246875 0.42637647031250003 0.192894403125 0.4318186046875 0.1966019140625 0.4289406109375 0.19856176718750002 0.42504099531249995 0.19810350000000002 0.42192129375 0.1954270578125 0.4203843703125 0.18905140468749998 0.42014577031250006 0.1853661421875 0.4157570953125 0.1842417078125 0.4173646921875 0.18043560625 0.42819918125 0.1805849515625 0.4348314125
0 0.1834002953125 0.3835668125 0.174207721875 0.3790027078125 0.1657134421875 0.38220825937499997 0.16019509062499998 0.3858498828125 0.1543777875 0.3990970671875 0.1566690046875 0.40518938281250005 0.162290728125 0.41113181093750006 0.16634225 0.40767998906249997 0.16735589687500002 0.40817179843750007 0.17550099531250002 0.40861558125 0.1785913296875 0.40504890781249997 0.17558717031249998 0.4016644109375 0.1782183046875 0.39843941875 0.1795714734375 0.39801779531250003 0.1905318640625 0.40391450781250005 0.195634959375 0.40442094375000004 0.194944028125 0.3989914546875 0.192297871875 0.39346425625000003 0.189130728125 0.38872725468749997 0.1834002953125 0.3835668125
0 0.14175290625 0.392779465625 0.1455532671875 0.3927262546875 0.14625878125 0.388167059375 0.14449410468749999 0.3831898359375 0.1401585109375 0.38353661875 0.138916678125 0.38654574531249997 0.14175290625 0.392779465625
0 0.035651084374999996 0.35208667031249996 0.032343640624999996 0.355028934375 0.0333349921875 0.35978906875 0.037738446875 0.359761815625 0.04215539375 0.3607006671875 0.0483524828125 0.36362808593749996 0.055064182812499994 0.36784696875 0.0584532546875 0.3643102484375 0.059243415625 0.3644782015625 0.0669812328125 0.367161240625 0.070608228125 0.3662101765625 0.0731320921875 0.3654287796875 0.078873071875 0.3656171375 0.081482609375 0.3622006578125 0.079691709375 0.36169060000000003 0.070884465625 0.3612131 0.062479375000000004 0.3561231046875 0.0559973703125 0.3551223 0.0501342734375 0.35387765781249997 0.044887381250000004 0.35431827031249996 0.0422579171875 0.35419864843750004 0.036980465625 0.3520625375 0.035651084374999996 0.35208667031249996
0 0.10390039531249999 0.37262531875 0.10626746718749999 0.36974834218749997 0.10338737812500001 0.366291178125 0.0995291921875 0.3645046640625 0.097928853125 0.36341372031249997 0.09406987343749999 0.364975203125 0.09414388125 0.3678886296875 0.0968198265625 0.37084075156249996 0.10390039531249999 0.37262531875
0 0.0791596015625 0.44154050624999996 0.07470479375 0.44086995937499995 0.0712845234375 0.43735388437499995 0.06910140000000001 0.4379601109375 0.0669968265625 0.44013571249999994 0.06565109999999999 0.4421531296875 0.061100248437500004 0.44332474531250005 0.054541695312500006 0.44150417343750004 0.052277840625 0.43922110156249994 0.044516570312499996 0.437798225 0.038856475 0.437357096875 0.034663667187500004 0.43773103437499994 0.031470353125 0.43399643593750004 0.030631296875000002 0.43290117656250005 0.023990962499999997 0.43382513906250003 0.0166018625 0.437505215625 0.08269298124999999 0.45161880937500004 0.08642543281250001 0.45069016093750003 0.086574440625 0.44801263125 0.08215479375 0.441547775 0.0791596015625 0.44154050624999996
0 0.135742921875 0.4573902578125 0.1320822046875 0.45979258593749994 0.14340690625000002 0.4620815171875 0.14344021875 0.45972283750000004 0.135742921875 0.4573902578125
0 0.11543208281249999 0.4538797453125 0.114828421875 0.4562162328125 0.12035398125 0.4577261828125 0.11955035624999999 0.4539691875 0.11543208281249999 0.4538797453125
0 0.184368225 0.4666779859375 0.18259976718749998 0.4694441875 0.1958026609375 0.47184001562500005 0.1959083171875 0.4681564890625 0.189381725 0.46744811718749996 0.187350540625 0.46701637656250006 0.184368225 0.4666779859375
0 0.13710744531250002 0.726921678125 0.139422125 0.7206087250000001 0.142325153125 0.71358698125 0.14405746875 0.706519265625 0.14694678125 0.6998476328125001 0.14820212500000002 0.692867028125 0.1505926390625 0.68608458125 0.14952780000000002 0.68327843125 0.14796879999999998 0.6836914468749999 0.141756278125 0.6926806 0.1384199921875 0.70081629375 0.13539748437500002 0.7116767703125 0.1288262171875 0.7255927484375 0.125317796875 0.731990615625 0.1237613828125 0.7393129671875001 0.12220887031250001 0.7497207421875001 0.1208676828125 0.759299653125 0.1192567921875 0.766081684375 0.11877595625 0.7715528328125 0.11973924531249999 0.7748517640625 0.12458444375 0.77224275 0.1260243390625 0.7684370828125 0.1292648328125 0.75965484375 0.1302720328125 0.7557204640624999 0.130968146875 0.7469293375 0.1330047015625 0.7395876390625 0.1348032203125 0.7338167140625 0.13710744531250002 0.726921678125