0 0.5330036609375 0.2856598859375 0.5312053156250001 0.28076465 0.531864721875 0.27918639375 0.5319923484375 0.2732673546875 0.5301158515625 0.27205628125 0.52863784375 0.2734848578125 0.5287397546875 0.2790043203125 0.5303088921875 0.2824255859375 0.5288967453125 0.28533123437499996 0.529842815625 0.28899458437500003 0.5312764265625 0.293110725 0.5331294703125 0.29191645624999996 0.5330036609375 0.2856598859375
0 0.5479265171875001 0.3814457640625 0.5492086031250001 0.38043410624999996 0.5547188828125 0.3793104890625 0.5549121218749999 0.378200090625 0.5527883265625 0.374553965625 0.5491427203125 0.374485828125 0.54747110625 0.3636669515625 0.5450653187500001 0.36399929062499997 0.547261075 0.3786447109375 0.5479265171875001 0.3814457640625
0 0.6152824984375 0.28846023125000003 0.61914466875 0.2863915359375 0.6221307390625 0.2839264765625 0.6239507078125001 0.2794994359375 0.6238192421875 0.2744584671875 0.62572436875 0.2715668234375 0.6267772765624999 0.2678857890625 0.627665640625 0.264938696875 0.6301340375 0.25943375 0.6319360078125 0.2532354125 0.631117609375 0.24981943437499998 0.6292009390625 0.24510159687500002 0.6282511421875 0.24178756406250002 0.6269334109375 0.2391355875 0.6262552343750001 0.236932321875 0.6254886125 0.23402837031249998 0.6246110546875 0.231691953125 0.6206042078125 0.23291808593750002 0.6201846328125 0.23089058125 0.616645234375 0.23022240312500003 0.6100100484375 0.231512153125 0.6041854125 0.23358984375 0.602620821875 0.2338032390625 0.5996083750000001 0.2342901125 0.5947547328125 0.2345172796875 0.5893956765625 0.2353297625 0.589264378125 0.23654590937500003 0.5892099828124999 0.2391239671875 0.5871054640625 0.237919015625 0.5863069484375 0.23955137031249998 0.5857062453124999 0.24602556406249998 0.5851890421875 0.2505463734375 0.5851437765624999 0.256365040625 0.5869922578125 0.25935635625 0.589101690625 0.2637884109375 0.591900046875 0.263338378125 0.59378984375 0.270644840625 0.5959726875 0.27640446875 0.60021343125 0.28077083125 0.6054855890625 0.28384317812500004 0.6088291156250001 0.28548537500000004 0.612308409375 0.2880307609375 0.6152824984375 0.28846023125000003
0 0.6729156703125 0.3512974875 0.646168190625 0.355360165625 0.6347772859374999 0.3586583109375 0.6270289953125 0.35804581406249997 0.6224280531249999 0.35948293124999997 0.6127276375 0.3618396578125 0.6157109562499999 0.3666812421875 0.6602242046875 0.3560772640625 0.6737723875 0.35306811250000003 0.6729156703125 0.3512974875
0 0.7392288453125 0.3439658859375 0.7371097843750001 0.3415970109375 0.735830625 0.340764859375 0.7322170375 0.339649496875 0.7289173265625 0.345316034375 0.7392288453125 0.3439658859375
0 0.7622637859375 0.33226819218750003 0.76163223125 0.33266314218750004 0.7587913937499999 0.33524482031249997 0.758273296875 0.336985025 0.758418340625 0.3387793796875 0.7585866140624999 0.34041481875 0.7764138843749999 0.33694954843749997 0.7757858718749999 0.33515993593750004 0.7716382687500001 0.33413882500000003 0.769227503125 0.335051528125 0.767048865625 0.3336126703125 0.7650332671875 0.3323410890625 0.7622637859375 0.33226819218750003
0 0.8002556562500001 0.32831353124999996 0.7998684078125 0.328524103125 0.798249809375 0.33334018125 0.8107834687500001 0.32991859375 0.8050520390625 0.3280783921875 0.80335558125 0.327687090625 0.8002556562500001 0.32831353124999996
0 0.8516367046875001 0.3076343171875 0.850001534375 0.30826255156250004 0.8480840890625 0.309182825 0.846296209375 0.311416571875 0.8455929015624999 0.31397273281250004 0.8451705515624999 0.31755666875 0.8431861875 0.31963123125 0.8411610046875 0.3217742140625 0.8402334234375 0.3257396875 0.8618518765625 0.3210360859375 0.8617230796875001 0.3203734875 0.8611709125000001 0.3184417921875 0.8604607 0.31621292031250003 0.8596048906249999 0.3128583328125 0.858718371875 0.31076241875 0.8578652968749999 0.3086584109375 0.8565917203125 0.3071343578125 0.8547177109374999 0.30495342812500004 0.8525157203125 0.3063587828125 0.8516367046875001 0.3076343171875
0 0.8581684031249999 0.2532481578125 0.86423693125 0.2563312484375 0.866876640625 0.2584142765625 0.8685047359375 0.25988692812499997 0.87278929375 0.26329131875 0.87350648125 0.2643441296875 0.8764105859375 0.268647184375 0.8769559062500001 0.269012340625 0.876724278125 0.26532313125 0.8755731953125 0.2582057515625 0.8744752953124999 0.252246375 0.8711403531249999 0.24822444375 0.8678622828125 0.2449618609375 0.866238246875 0.2405293671875 0.8679729953124999 0.2328223875 0.863870046875 0.22898475937499999 0.8623853359375 0.2292733578125 0.8563540046875 0.2227130328125 0.8532608187499999 0.2190913875 0.8474129265625001 0.21487506562499997 0.8408863859375 0.2168138203125 0.84128644375 0.21820046249999997 0.843522965625 0.2233272828125 0.8425115171875 0.2262553234375 0.8384607187500001 0.2285819359375 0.8338980062499999 0.22980628749999998 0.8257646234375 0.23104503125 0.8249077515625001 0.2317957609375 0.8213965406250001 0.2362268296875 0.8189219171875 0.24186350937499998 0.818038640625 0.2514042109375 0.8169215281250001 0.2585136109375 0.8167121015625 0.265109125 0.8197170890625 0.273648896875 0.8256132484375 0.284124128125 0.8290155890625 0.2882061796875 0.8324660953125 0.2932975859375 0.83766295625 0.29799700625000003 0.84380994375 0.3006812359375 0.84759178125 0.30173683281249997 0.85204325 0.30057071562500004 0.85058660625 0.2961804953125 0.8474086140624999 0.2936211125 0.8454831109375001 0.29325523124999997 0.8426876203125 0.29215593906250004 0.8398914828124999 0.291176153125 0.8384964453125001 0.29023918593750003 0.8349419906250001 0.28708603906249996 0.8332384234375001 0.28455362968750003 0.8309692703125 0.282116834375 0.82857025 0.27842233437499997 0.826960571875 0.2746778671875 0.8257115625000001 0.27201094062500003 0.8248431421875001 0.26934484687500004 0.8243421812499999 0.265424659375 0.8240633296875 0.2620247765625 0.8238686718749999 0.25920543125 0.8238223265625001 0.2563302 0.8239421734375 0.252868734375 0.8255850953125 0.24882469999999998 0.82600696875 0.24538570625 0.8284087921875001 0.2423306625 0.8302311281250001 0.2388820828125 0.8309314562499999 0.237669934375 0.8344105531249999 0.235833284375 0.8386673890624999 0.2362617265625 0.84348595 0.2383844265625 0.848246690625 0.24196207812499998 0.8501813296874999 0.2440946125 0.8530901656250001 0.24837287031250002 0.85517600625 0.2526344203125 0.8581684031249999 0.2532481578125
0 0.7860619843750001 0.2262640625 0.7813476203125 0.22300688750000003 0.7752849984375 0.21951197812499998 0.7716323859374999 0.2183596328125 0.7685337 0.2168879125 0.7668576484375 0.213064025 0.7669498890625001 0.2096079265625 0.7680899234375 0.2080046921875 0.7699805671875 0.2057509703125 0.77094175 0.2040710796875 0.7677817078125 0.20544459218750002 0.7645105625 0.205943546875 0.7617479078125 0.20642165937499998 0.7599457015625 0.206771971875 0.7560278203124999 0.20718653125 0.7539128828125 0.20841738125 0.753298034375 0.20940598906250002 0.7531159328125 0.21230970937500002 0.753828284375 0.2136897671875 0.7553054046875001 0.21491798593749997 0.7575445640625 0.21666820312500001 0.7594196875 0.22011594375 0.757463015625 0.22290618437499998 0.758627065625 0.2249640703125 0.7617652109375 0.2276951484375 0.76353316875 0.2293141140625 0.7567613843750001 0.22934428593749998 0.7546869453125 0.23158598125 0.75483225 0.2360512328125 0.7581593953125 0.24077823125000003 0.7630698953125 0.24567498125 0.7717139140625 0.251043 0.77581335625 0.25303647812499996 0.77907681875 0.25276822656250003 0.7818412609375 0.24748428906250003 0.78394786875 0.241788621875 0.7865499703125 0.236775003125 0.7878324375 0.22957456718749997 0.7860619843750001 0.2262640625
0 0.774677146875 0.2086136671875 0.776077209375 0.20958467500000003 0.7774534484375 0.2092948765625 0.778180428125 0.20632821875000001 0.776808615625 0.2046099671875 0.776086853125 0.20451627656250002 0.774734128125 0.20487790781249998 0.7738115046875 0.2065105109375 0.774677146875 0.2086136671875
0 0.769074878125 0.29806357656250004 0.7702721640625 0.3034942765625 0.77465335 0.3096558875 0.7777444671875 0.311563625 0.780674240625 0.3107251296875 0.7839148375 0.3116248890625 0.78869045 0.31517259062499997 0.7876244296875 0.30972115 0.7863355609375 0.3033197796875 0.786222309375 0.292419240625 0.783777153125 0.2845076265625 0.779719871875 0.28004511718749997 0.778223328125 0.279462146875 0.77394398125 0.282742071875 0.7714031359375 0.28651495625 0.7691870078124999 0.29127049843749997 0.769074878125 0.29806357656250004
0 0.8375101046875001 0.196414503125 0.837369415625 0.195174821875 0.8360891640625001 0.1940913859375 0.8353736421875 0.1950534015625 0.8351444984375 0.19736299531249998 0.8367690218750001 0.198022959375 0.8375101046875001 0.196414503125
0 0.8795529390624999 0.2108927328125 0.8802171421875 0.20893789375 0.878588315625 0.2055043546875 0.8770565640625 0.202422821875 0.8743232093750001 0.1996369359375 0.8689916890625 0.1954157453125 0.868869371875 0.198823571875 0.8681944265625001 0.20157477968749998 0.8689090046875 0.20486608906249998 0.8703285375 0.20722290625 0.8730199000000001 0.20836790781249998 0.8748795984375001 0.2070195359375 0.8769154765625 0.21037713593750001 0.8795529390624999 0.2108927328125
0 0.87433791875 0.21187300312500001 0.875380928125 0.213930540625 0.8775256921875 0.2140405078125 0.8769849421875 0.210734509375 0.8757303640625 0.20994692499999998 0.8740383078124999 0.21004502500000002 0.87433791875 0.21187300312500001
0 0.8789840046874999 0.22933863125 0.88111891875 0.233705246875 0.8823909828125001 0.234885778125 0.8834616765625001 0.23641425 0.884585884375 0.2399458765625 0.88637090625 0.24260252656249998 0.8887608703125001 0.2459883953125 0.886729525 0.2340886109375 0.8862345234375001 0.22957672968749998 0.8848454640625001 0.224985546875 0.8844321734375 0.22536512968750003 0.8829111234375 0.2269898984375 0.8793368750000001 0.22562653593749998 0.8778159984375 0.225123109375 0.8780931781250001 0.2273024484375 0.8789840046874999 0.22933863125
0 0.8863002921875 0.264946840625 0.8862289390625 0.2675441125 0.8888333625 0.2759802859375 0.889850553125 0.2794117421875 0.8922891078124999 0.2831622265625 0.8934102671874999 0.28363192812500004 0.8939740890625 0.2831259890625 0.89168256875 0.264827028125 0.890757425 0.256898509375 0.8899729328125 0.2542956890625 0.8879857203125001 0.2514586796875 0.8876227140624999 0.25375927656249997 0.88678945625 0.256375715625 0.8837824124999999 0.2569968359375 0.8845000953125 0.2589775359375 0.8855732734374999 0.26027313125 0.8863002921875 0.264946840625
0 0.042601053124999996 0.29047310937500004 0.0450263296875 0.29259941093749997 0.049383890624999996 0.2915152171875 0.04941105 0.28706101093749997 0.048284478125 0.28453264218749996 0.0465992859375 0.2838717375 0.044195775 0.284576103125 0.0427669359375 0.28733855468749997 0.042601053124999996 0.29047310937500004
0 0.050535184375 0.31660812968749996 0.052519596875 0.31718699687499996 0.053351306249999994 0.312024065625 0.05209275 0.310102340625 0.049534646875 0.3104945296875 0.0474724609375 0.3116037046875 0.046173428125 0.31387931875 0.0466078546875 0.315483715625 0.050535184375 0.31660812968749996
0 0.168569625 0.24553019531250003 0.16864398125 0.24741946874999998 0.1680653859375 0.24776751406250003 0.166314203125 0.25046846718750004 0.167207515625 0.252951446875 0.1692290109375 0.2560221453125 0.1708645609375 0.2547571375 0.168569625 0.24553019531250003
0 0.43885267656250004 0.9386644609375001 0.44055655937499993 0.9478232421874999 0.44323231406249997 0.9443759093749999 0.44579571875 0.9360924109375001 0.4444021359375 0.9302414453125 0.4413585875 0.92933999375 0.44036166093749995 0.9247680921875 0.43885267656250004 0.9386644609375001
0 0.18939633125 0.3907604984375 0.1859533734375 0.39107159999999996 0.18587912499999998 0.397772953125 0.1922240609375 0.40034548281250004 0.1941787765625 0.39955962968750003 0.1959210078125 0.3962475953125 0.1971409515625 0.3880294546875 0.18939633125 0.3907604984375