0 0.5373018796875 0.3744904765625 0.5397542765625001 0.36865133125 0.536625034375 0.36849482031249997 0.5214152578125 0.37130078125 0.51090136875 0.3696088671875 0.49068591875 0.372473934375 0.489729115625 0.376683328125 0.4919356671875 0.377907065625 0.49689953750000004 0.377680565625 0.5020899890625 0.3768239 0.5085223578125 0.37334104218749997 0.5153680406250001 0.37462009687500003 0.527313225 0.37601969375 0.5373018796875 0.3744904765625
0 0.4805215109375 0.20895718125 0.4822949140625 0.209193871875 0.4798028125 0.210314340625 0.474854415625 0.2164908 0.47572218125 0.2228049859375 0.474239059375 0.2322687625 0.47566770781249995 0.237989575 0.4786377875 0.24124415312499997 0.48135714687500003 0.241035059375 0.48217452187500004 0.25020430625 0.4826886234375 0.25480791875 0.483551784375 0.2563787515625 0.4873109515625 0.2659330671875 0.49065994375 0.271128728125 0.49416650625 0.27438958750000003 0.4987405390625 0.27629674375 0.50543119375 0.2785536796875 0.5095878765624999 0.2770608296875 0.5121011890625 0.274085365625 0.5162367984375 0.2673775734375 0.5185399609375 0.2611152546875 0.5209228984375 0.2574955109375 0.5291655796875 0.2335026046875 0.5281005734375 0.2248532546875 0.5260372546875 0.21353868281250002 0.5216179249999999 0.212121740625 0.5175542156249999 0.2083972296875 0.51528791875 0.207477325 0.50296123125 0.20670392343750002 0.49969352499999997 0.207731090625 0.4973311609375 0.20741803281250001 0.493692871875 0.20633966250000002 0.4817659015625 0.2059541109375 0.4805215109375 0.20895718125
0 0.65351068125 0.36465541875 0.6520907484375 0.36728782656250003 0.6513314796875 0.36994563125 0.653825684375 0.37116870625 0.6614137671875 0.3712320484375 0.6617944375 0.368209109375 0.6606796015625 0.3652962421875 0.658315828125 0.3642265234375 0.6559540140625 0.36357105 0.65351068125 0.36465541875
0 0.6250174046875 0.3671810453125 0.6234234812499999 0.36818885 0.6216078421875 0.37332409218749996 0.6280011531249999 0.3722596953125 0.6273452265625 0.36731082187499997 0.6250174046875 0.3671810453125
0 0.67395283125 0.307885540625 0.6712388078125 0.315858553125 0.6703585015625 0.322482371875 0.670414625 0.32977548125 0.6718047046875 0.3344813984375 0.674573003125 0.3388077328125 0.6784870265625 0.33923076874999997 0.6801617656250001 0.3395522046875 0.68490248125 0.3438596921875 0.6854681874999999 0.33964363125 0.6861223421875 0.3300806015625 0.6873950765625 0.322203259375 0.6864830515625 0.313681459375 0.6823260062500001 0.30634394375 0.68198734375 0.3032273015625 0.67903208125 0.3039339953125 0.675928021875 0.3052149796875 0.67395283125 0.307885540625
0 0.684627228125 0.23385384843749998 0.6802470953124999 0.2273808953125 0.680229590625 0.2268796375 0.6802033609375 0.2261285328125 0.680457421875 0.22319600468749998 0.68097961875 0.2208232109375 0.6819998203125001 0.2193695328125 0.68369121875 0.21604910624999998 0.6822296796875 0.215027615625 0.6786955531250001 0.21572325312500001 0.6754626781249999 0.2163599046875 0.669096325 0.2152861203125 0.6667162281250001 0.21665908437499998 0.6664081625 0.2189853140625 0.6671792203125 0.22235108124999997 0.6695552734375 0.22601101250000002 0.6705606687500001 0.23120721406250003 0.66908265625 0.2354895296875 0.67009773125 0.23832145468750002 0.67293805625 0.2503515328125 0.67409080625 0.25573802031250004 0.6788665328125 0.262525484375 0.6840386281249999 0.2621728921875 0.6894855796875 0.259528059375 0.6937559078125 0.25649905781250004 0.6957927859375 0.252550565625 0.6969767515624999 0.24866781875 0.6959187796874999 0.24465229531250002 0.69319865625 0.2394221640625 0.6916724234375 0.2379808015625 0.688425221875 0.23713267343750002 0.686349571875 0.235538515625 0.684627228125 0.23385384843749998
0 0.688818178125 0.221209259375 0.6904443703124999 0.222199984375 0.691728140625 0.21911580156250002 0.6910929171875 0.217177415625 0.689439946875 0.2177479515625 0.688172684375 0.2194244484375 0.688818178125 0.221209259375
0 0.7467443984375 0.254259359375 0.7401911796875 0.2579528125 0.738063271875 0.261712178125 0.733600928125 0.26327198749999997 0.7311903234375 0.2650697109375 0.7305649203125 0.265516809375 0.72846766875 0.271900140625 0.726744959375 0.27602527499999996 0.7256649140625 0.2805110140625 0.7249323546875 0.2826800890625 0.7243836531250001 0.2949942390625 0.7256728546875 0.3086309921875 0.728420809375 0.3206127015625 0.731340646875 0.3287860921875 0.739407875 0.3411824140625 0.7470456390625 0.342802784375 0.74845825625 0.3441246015625 0.7492740796875 0.3496229171875 0.7427383515625 0.3558766953125 0.737096815625 0.359799409375 0.733169834375 0.3644674265625 0.7332606828125 0.3670689671875 0.76757883125 0.36649749531250003 0.7670536453125 0.3616660046875 0.76629281875 0.361010909375 0.7634617109375 0.3531846328125 0.7612092796875001 0.34863234374999996 0.7578852828125 0.344689696875 0.754880015625 0.33903957500000004 0.7513028546875 0.3347868265625 0.742521446875 0.3309956703125 0.7381105921875 0.3255681765625 0.73471719375 0.321026025 0.7318477375 0.316130996875 0.7297625546875001 0.3105925828125 0.7283680703125001 0.3027161390625 0.7290177484375 0.2948605546875 0.728890225 0.286463015625 0.731290140625 0.277464403125 0.7340632953124999 0.2722144234375 0.7380163671875 0.2674876453125 0.7457021187499999 0.269004715625 0.7465981937499999 0.269995921875 0.7497718109375 0.2749600640625 0.752596053125 0.281739065625 0.7535503875 0.28444334531250004 0.7608602828125 0.28607672812499996 0.76584510625 0.287838209375 0.7702629734374999 0.290959365625 0.7732976078125 0.2943164421875 0.7753086687499999 0.2953593921875 0.775032046875 0.290169009375 0.77326726875 0.28601556875 0.770687575 0.2812698953125 0.7693352328125 0.2718691765625 0.768813884375 0.26817731093749997 0.76766243125 0.26009694843750003 0.7664857578125 0.2563982609375 0.763542640625 0.25212493281250004 0.7559196765625 0.2466751515625 0.7516863640625 0.24803309375000002 0.748523684375 0.251082828125 0.7467443984375 0.254259359375
0 0.7804236390625 0.2365559984375 0.7805906109375 0.241337459375 0.7826375734375 0.244438221875 0.7842258640625 0.237448846875 0.7799906828125 0.23293296406250003 0.7804236390625 0.2365559984375
0 0.78761173125 0.267608428125 0.7856377265625001 0.264492609375 0.7839414687499999 0.2645846765625 0.7833272296875 0.26790344843749997 0.7859205609375 0.271696503125 0.7861664171875 0.272289846875 0.7894091000000001 0.2839775484375 0.791315140625 0.2860873140625 0.7909448046875001 0.27100511250000003 0.7897630343750001 0.2640264796875 0.78761173125 0.267608428125
0 0.7871369359375 0.3026338359375 0.7877986078125 0.3082844984375 0.790157521875 0.3135131703125 0.791169246875 0.3101601953125 0.7915749703125 0.3050788765625 0.791572015625 0.301278228125 0.79094958125 0.29558710781249997 0.7893497875000001 0.29597911718750003 0.7882750015625 0.297347146875 0.7871369359375 0.3026338359375