0 0.563673778125 0.47585482343749996 0.5673183578125001 0.474049165625 0.5699549875 0.45176329062500004 0.5691621703124999 0.45021917499999997 0.539210240625 0.450159465625 0.520074915625 0.4502203734375 0.5065453765625 0.44948653437499997 0.5006349812499999 0.45013591093749994 0.49963491875 0.4549277375 0.5018476984375 0.46085115625000006 0.496333759375 0.46638133281250005 0.495073859375 0.47040609531250005 0.497544034375 0.47212914531249994 0.5049239 0.46788365781249996 0.505381646875 0.4707565734375 0.503339134375 0.47588156093749995 0.50167384375 0.4789736390625 0.49868023125 0.4810648609375 0.49676795937499996 0.482725825 0.4932623171875 0.483048890625 0.4907214515625 0.48221055 0.48962267343750004 0.480216346875 0.487506084375 0.47685310625 0.4853291515625 0.476692321875 0.48250753749999997 0.48125339218749996 0.48512140156249994 0.4868939390625 0.4870043984375 0.488786925 0.492082384375 0.48696497499999997 0.49294266875000003 0.49340676875 0.48726116406250003 0.49540266875 0.4822983140625 0.4958664875 0.48233020781249997 0.48801640468749996 0.4782614625 0.483151234375 0.4770291734375 0.48074853749999996 0.47802376718749995 0.472672425 0.47924503593749995 0.46486958125 0.47952066406249994 0.4601353046875 0.47663454375000003 0.45847529218750005 0.4745453609375 0.4623156578125 0.4719966828125 0.46582163281250005 0.467086325 0.46546287656249996 0.46261795625 0.46950376250000003 0.46166631875 0.47518599375 0.463102021875 0.4795880203125 0.46685835625000005 0.48816931406249997 0.46481418124999996 0.4866260515625 0.461425103125 0.490307396875 0.46088357343749997 0.49929133593749997 0.46515266562499996 0.500912190625 0.467532503125 0.506836996875 0.466163471875 0.5114586296875 0.46204336250000005 0.515502703125 0.46347978437500004 0.5233350890625 0.45648466875000004 0.5221484453125 0.459069196875 0.5103937468749999 0.456558578125 0.4996175890625 0.45731901875 0.49527333125000006 0.45664940156249995 0.493099609375 0.4592625640625 0.48821418281250006 0.457747815625 0.4818934203125 0.458929015625 0.46666271249999997 0.4570606296875 0.464587171875 0.4551151390625 0.46242032499999997 0.45383489062500004 0.4612794828125 0.4495969390625 0.45585563906250004 0.445607371875 0.44956259374999996 0.4437366359375 0.450636121875 0.44021623906249996 0.454971178125 0.439301696875 0.45314803125 0.43558822656249996 0.448359615625 0.35353889375 0.44719800000000004 0.323916453125 0.446758578125 0.3226521953125 0.45450804375000003 0.3248235078125 0.45598870468749997 0.3265952515625 0.4579323234375 0.32715511875000003 0.46461433281250003 0.3273739375 0.470186515625 0.3260432546875 0.4771961 0.32999064218749996 0.48126317500000004 0.33066174375 0.475623565625 0.3331767609375 0.4632295328125 0.33760341875 0.45911493593749997 0.34332353125 0.4547561015625 0.34686370625 0.45776874218749997 0.34734899375 0.461871521875 0.35076705625 0.467841259375 0.35487441875000003 0.470152575 0.36257015 0.464490384375 0.3655439921875 0.4589471921875 0.3687949890625 0.46423075 0.3684383828125 0.46853078125 0.36903034218749997 0.476500096875 0.3715158796875 0.4830425 0.37351433749999996 0.4872238234375 0.371433628125 0.491778571875 0.36977368125 0.49518066093749996 0.36655494843750003 0.5023540734374999 0.366282890625 0.5058391890625 0.3676274890625 0.50894719375 0.37324964375 0.510786609375 0.38272371562499996 0.50851428125 0.385094646875 0.51197638125 0.3822586890625 0.5184919765625 0.382224028125 0.5238581265625 0.3823479453125 0.526075071875 0.3812451 0.5292966875 0.37777219375 0.5313852406249999 0.3761394390625 0.5311920625 0.373990240625 0.5267023843749999 0.369302559375 0.525051103125 0.3653966703125 0.5278740421875 0.3628540640625 0.5299671125 0.3610097984375 0.52985308125 0.3555292 0.5312839406250001 0.35276966249999997 0.5363239375 0.3547680796875 0.5370813078125 0.3568066765625 0.5416169796875 0.367150134375 0.540938975 0.36847647499999997 0.5398993859375001 0.37038208125 0.5391952421874999 0.3733655984375 0.5419024390625 0.38335279375 0.5426591281250001 0.3923581953125 0.5436991203125 0.3958390296875 0.54130715625 0.398805084375 0.53924361875 0.40541326718750004 0.54139833125 0.406433871875 0.5373809625 0.40568289999999996 0.5343153640625 0.40816721874999995 0.530784565625 0.410476634375 0.5291494359375 0.4140523734375 0.5266098671874999 0.4149166828125 0.5284985359375 0.4114851421875 0.5358613625 0.4153414421875 0.535041640625 0.418693115625 0.53337785 0.41952387968749993 0.5286679453125 0.41641404687500005 0.524243646875 0.412973084375 0.51792040625 0.41199644375 0.5086016078125 0.41362728437499996 0.504643178125 0.417584459375 0.501051140625 0.4198902875 0.49958749375 0.42436726093750005 0.49992005468749995 0.42635950468750006 0.5052570734375 0.4277620890625 0.50587548125 0.4305118890625 0.510268115625 0.43013998437499995 0.5158109234375 0.43034690312499996 0.5201317703125 0.43182210000000004 0.52149093125 0.43439682187499995 0.526242378125 0.43764771874999997 0.5294384203125 0.438755003125 0.5290481 0.4441740625 0.5280551234375 0.44433834218749996 0.5318934671875 0.4457818578125 0.534870209375 0.45181506718750003 0.5321569015625001 0.45621360781250003 0.5221797765625 0.46306485000000003 0.52335724375 0.4632937234375 0.526545121875 0.464068715625 0.5286090031249999 0.462444171875 0.53504870625 0.4603575078125 0.539219196875 0.4611528734375 0.5438326015625 0.47685921093749994 0.546614321875 0.49128595312499995 0.5485424640625001 0.50914340625 0.54916505 0.5172868140625 0.5479743046875 0.519868428125 0.5463222046875 0.526063 0.53964275625 0.53051835625 0.530844384375 0.533585846875 0.5260606796875 0.540265959375 0.5215511734375 0.5453483609374999 0.5187547296874999 0.5504160328125 0.5170622921875 0.5551610578124999 0.514578184375 0.5608125625 0.5105615703125 0.5612916140624999 0.5082195109375001 0.561931375 0.503667371875 0.5630178953125 0.49656509218749995 0.56108200625 0.4926907765625 0.5595888421875 0.4904265578125 0.5488739328125 0.48867295312500003 0.544586046875 0.48957718124999994 0.5382765578125001 0.4923589546875 0.5365295796875 0.4893521859375 0.5334340234375 0.48654403906250004 0.5327522765625 0.485354771875 0.5254040125 0.48230238593749997 0.525393021875 0.48038216875 0.52560115625 0.4748258109375 0.529182415625 0.466543625 0.535584459375 0.4612171546875 0.5389032296875 0.45956294062499997 0.54818709375 0.461203784375 0.5527789515625 0.462111053125 0.5576514125 0.46553498906249996 0.55880144375 0.46898328906250003 0.560098359375 0.472598971875 0.563673778125 0.47585482343749996
0 0.3453640859375 0.5404380046874999 0.3493060484375 0.539098584375 0.3521678578125 0.5335554265625 0.35332244375 0.5227579078125 0.3486958671875 0.5230070625 0.3464363734375 0.5249269109375 0.3434064109375 0.5286240140625 0.3411946828125 0.5348407640625 0.3405411640625 0.53761588125 0.3434358328125 0.53973151875 0.3453640859375 0.5404380046874999
0 0.350525790625 0.516902328125 0.3551432 0.5145628046875 0.35662459687500003 0.511353365625 0.356723215625 0.5087542968750001 0.35437794375 0.5080286484375 0.3520314859375 0.508726059375 0.3499235609375 0.5107350562499999 0.348788975 0.514575465625 0.350525790625 0.516902328125
0 0.32776764062499997 0.5146285015625 0.322967275 0.5121061859375 0.3211923359375 0.510409840625 0.31877058593749996 0.5154152609375 0.31851993125 0.519859565625 0.3209295015625 0.521946471875 0.3230842875 0.52383663125 0.323954878125 0.5265450890625 0.328085215625 0.5280754390625 0.3310190625 0.525646046875 0.33170495 0.5193174140625 0.32776764062499997 0.5146285015625
0 0.30493864375 0.49876885 0.30467364531249996 0.5042919703125001 0.3056080921875 0.5091395078125001 0.3111173109375 0.5108731140625 0.307282303125 0.519220621875 0.30764971406249997 0.5210410343749999 0.31091869375000003 0.521593553125 0.3108881265625 0.514749253125 0.3127627375 0.51226724375 0.3135675828125 0.5075284515625 0.3146338453125 0.501333746875 0.31540445625 0.4995218 0.316777384375 0.493502734375 0.31813053281250003 0.4888930703125 0.31959035 0.48493900781250004 0.3201823390625 0.4771565953125 0.3235270375 0.4738808328125 0.3237587484375 0.46810057812499994 0.32271921875 0.4633944796875 0.3204233703125 0.4627325796875 0.319965003125 0.464646790625 0.318394446875 0.47111775 0.3161115421875 0.477324496875 0.315225428125 0.480137928125 0.31197401875 0.48420941875 0.3103723171875 0.48912812343749995 0.30733974375 0.4954709234375 0.30493864375 0.49876885
0 0.5586670890625001 0.5512117078125 0.559101346875 0.543058421875 0.55566156875 0.5469882546875 0.5565728812499999 0.5498223531249999 0.5586670890625001 0.5512117078125
0 0.2094263125 0.45182865781250003 0.20686040625 0.44901289999999994 0.2038385328125 0.4479034140625 0.203535028125 0.4502875015625 0.20251469218749998 0.4534497109375 0.200492921875 0.4550589953125 0.19640278125 0.45021133124999996 0.1942212390625 0.45074573281249997 0.19138164375 0.4541997765625 0.19327714375 0.45965258281250004 0.1986239578125 0.4573997921875 0.20260552812500002 0.4596855390625 0.2031896953125 0.459941203125 0.2072835765625 0.45475896562499996 0.208873815625 0.461530559375 0.2069800453125 0.46297006874999996 0.202651753125 0.467002240625 0.2016787546875 0.4731059125 0.2016779828125 0.4775348453125 0.2014227453125 0.48035015937500003 0.203708215625 0.4844203453125 0.20236118906249997 0.49201775156250005 0.20174382500000002 0.49641051875000003 0.20060814218749998 0.5062876484375 0.19729721718749998 0.5104233546875 0.2005452875 0.5136395109375 0.1990233078125 0.5190238421875 0.2003034125 0.5216588921875001 0.2053375953125 0.524291384375 0.21138545 0.522675165625 0.2152436234375 0.5208316796875 0.21689404375 0.517418784375 0.217727090625 0.5131304890624999 0.2202688859375 0.5097071734374999 0.22272540468750002 0.50561075 0.2238207890625 0.502217678125 0.2267816328125 0.5005841625 0.23070964374999997 0.49981554375000004 0.232523884375 0.4964382953125 0.233480790625 0.492200540625 0.234227615625 0.491298828125 0.2388656890625 0.49767039375 0.241934340625 0.4999177765625 0.24451739374999998 0.4981207171875 0.24733172187500002 0.49434123906250005 0.247438428125 0.487811290625 0.23977002343749998 0.4876992140625 0.240997121875 0.48139299687500003 0.24704152031249998 0.4812721 0.2480653609375 0.4772204734375 0.25006855 0.466941415625 0.23282775625 0.46511954375000003 0.2336932734375 0.45936525 0.25551709218749996 0.459081021875 0.25660321875 0.455405790625 0.26461509843750003 0.45526319062500004 0.26887130937500003 0.46074797968750003 0.27154003125 0.45940791562500005 0.2748138703125 0.462294765625 0.27203441562499997 0.477928840625 0.2677310640625 0.48593755781250003 0.2640213078125 0.5065294703125 0.26308064999999997 0.518409484375 0.26067339375 0.5203590578124999 0.26353841093749997 0.53053336875 0.2661066671875 0.5313676703125 0.2705404984375 0.5104625421875 0.2732653953125 0.50019024375 0.27736266875000004 0.480444875 0.2810371875 0.46321357656249995 0.2851277609375 0.44518870625 0.2723787609375 0.445749534375 0.2534844203125 0.4463523796875 0.23509735781250002 0.44711803437500003 0.23250234375 0.4501678078125 0.22987367500000003 0.45435522031250003 0.22984771249999997 0.460243284375 0.2297427453125 0.46646895 0.22877885625 0.46753423281249995 0.22772945781249998 0.4627636328125 0.22550498437500002 0.46278393125 0.222763228125 0.466799240625 0.21980503593749998 0.4692110109375 0.213763371875 0.46761716406250003 0.212330946875 0.4642696046875 0.2151902640625 0.45723975625 0.21581157499999998 0.4538068796875 0.2154982203125 0.44990656093750003 0.2103308109375 0.44942331874999997 0.2094263125 0.45182865781250003
0 0.222952725 0.5271883171875 0.223860978125 0.5257554640625 0.22443313593749997 0.5225712921875 0.2213084625 0.5226086609375 0.21907632812500002 0.5244124359375 0.21799828125 0.5272667421875 0.2210041390625 0.52706435625 0.222952725 0.5271883171875
0 0.18848824687500002 0.50704260625 0.17919485 0.5041223578125 0.1754161828125 0.5032220828125 0.1702771171875 0.5034465484374999 0.1686320078125 0.50793313125 0.1682344953125 0.51163729375 0.168884540625 0.5157016921875 0.172887934375 0.51669824375 0.17585091875 0.5131858031250001 0.17743139218749998 0.5123476046875 0.178813753125 0.5116503953125 0.18163792343750002 0.5149300484375 0.183121275 0.519588071875 0.1902187703125 0.5198329234375 0.192842053125 0.5174577109375 0.1975075640625 0.51207021875 0.1950804796875 0.5089852234375 0.1886284078125 0.5071680203125 0.18848824687500002 0.50704260625
0 0.1805528203125 0.4829522 0.1790115984375 0.4813218359375 0.175721071875 0.48247195156249995 0.173782596875 0.486508640625 0.1748542515625 0.49057075625 0.176854215625 0.4919121515625 0.1781163640625 0.4911159984375 0.1795362875 0.48856850781250005 0.1807787578125 0.48426359375 0.1805528203125 0.4829522
0 0.185085675 0.4728614109375 0.18680380624999998 0.47172856718749995 0.1877944859375 0.4686426609375 0.1872527921875 0.4648065 0.18428187812500002 0.4639519 0.18181440468750001 0.465364428125 0.1788215265625 0.47050417031249997 0.17809525937499998 0.4729661140625 0.179943840625 0.47527239374999997 0.181606821875 0.4749585953125 0.185085675 0.4728614109375
0 0.194424778125 0.48063209999999995 0.194815065625 0.47783260937499994 0.1938490609375 0.4749498 0.1928073734375 0.4745477875 0.1912192390625 0.47716946406250005 0.1914387359375 0.4801209234375 0.19349573281250002 0.4811800078125 0.194424778125 0.48063209999999995
0 0.1827569671875 0.45928645625 0.183214675 0.4581516125 0.180593534375 0.45631267500000006 0.17896740312499998 0.4575767875 0.1778989828125 0.46048609375 0.17914282343750002 0.46194212187500006 0.18052055 0.46134524375 0.1827569671875 0.45928645625
0 0.1413139578125 0.45051143125 0.1434139109375 0.44859282968749997 0.143496403125 0.4468719375 0.14197145 0.44520441406250005 0.13972742968750002 0.4456669203125 0.1384665515625 0.4501365 0.14016575625 0.45049680312499996 0.1413139578125 0.45051143125
0 0.1347608046875 0.45896764218749997 0.1350451828125 0.45506928125 0.132139440625 0.45323452499999994 0.1303500234375 0.45479599375 0.129058784375 0.4572810984375 0.12903795 0.46085359062500003 0.1310327796875 0.4632419609375 0.1331492359375 0.46148661874999997 0.1347608046875 0.45896764218749997
0 0.12542920625 0.49936362812499996 0.12669385625000001 0.49606850312499995 0.1272521875 0.493218471875 0.126813378125 0.485450553125 0.12349659843750001 0.48515955312500003 0.11814198125 0.4880629015625 0.11693227343749998 0.49122531875000003 0.112599353125 0.502464484375 0.1101842359375 0.5078605671875 0.10742038281249999 0.5124597343749999 0.1044265609375 0.5117344546875 0.09792475 0.508351340625 0.09383407031249999 0.512511578125 0.09525338125 0.5154360046875001 0.0885197421875 0.51729508125 0.08199664375 0.52020461875 0.08217964062500001 0.5241118625000001 0.087711190625 0.5269215484374999 0.095925740625 0.52738019375 0.1164533703125 0.5281792390625 0.118150403125 0.5212574328125 0.11844966875 0.5129195015625 0.11527270625 0.5115326062500001 0.120550953125 0.5098350515625001 0.123022075 0.50691460625 0.12371058906250001 0.5016450828125001 0.12542920625 0.49936362812499996
0 0.1280383390625 0.5206321703125 0.1259819515625 0.5240258796874999 0.1262899203125 0.52565175 0.12818022812500002 0.5270660953124999 0.1296609890625 0.5272742015625 0.13441516250000002 0.524927075 0.1340291015625 0.5206346984375 0.13136535625 0.5195928999999999 0.1280383390625 0.5206321703125
0 0.142252709375 0.5204114046874999 0.14273220312499998 0.5222538812499999 0.1444547765625 0.5222009140625 0.1457773109375 0.5216262578124999 0.14660656875 0.5197562828125 0.146891665625 0.516369246875 0.14469450781249998 0.5160604578125 0.14257362812500002 0.5169378890624999 0.142252709375 0.5204114046874999
0 0.1537907640625 0.5156568578125 0.155816990625 0.5182484515625 0.1586609421875 0.518951090625 0.1596821390625 0.5183088390624999 0.161323853125 0.5142730453125 0.1610925546875 0.5115739625 0.1582049359375 0.5093520218750001 0.1552930296875 0.5101545734374999 0.1537907640625 0.5156568578125
0 0.079480421875 0.5056960453125 0.08139082812500001 0.5037003125 0.08203066406250001 0.5006408359375001 0.0788775390625 0.49778199531249995 0.0782986578125 0.5003403921875 0.07842530156250001 0.5027849328125 0.079480421875 0.5056960453125
0 0.084629953125 0.4946079375 0.08462709375000001 0.4904293734375 0.08072517812499999 0.488093284375 0.08040313906249999 0.49204631093750006 0.081150765625 0.49412528125 0.08366749375 0.495719178125 0.084629953125 0.4946079375
0 0.0790148328125 0.4576227765625 0.0837949609375 0.45337324843750004 0.0810311453125 0.44611641406249997 0.0748328453125 0.4445368421875 0.071400146875 0.4610242453125 0.0737133015625 0.46191105468749993 0.075889540625 0.4604039484375 0.0767507078125 0.454388696875 0.07756484375 0.4576335828125 0.0790148328125 0.4576227765625
0 0.0356078609375 0.48914944687500006 0.0334295640625 0.48653963750000007 0.031330871875 0.48911165 0.031956671874999995 0.4934945234375 0.031745403125 0.49591839687499994 0.031151642187500002 0.49951450781249995 0.0329003609375 0.49958986562499996 0.034883196875 0.4972808515625 0.036196775 0.49597281249999997 0.03914859375 0.4968846875 0.04157183125 0.4993458890625 0.0407630375 0.5028328875 0.038617751562500004 0.508823875 0.043718401562499995 0.5100740390625 0.0455418640625 0.515624015625 0.0463056234375 0.5233476640625 0.050778356250000004 0.5229806390625 0.05133564375000001 0.5162647140625001 0.052153678125000005 0.51373361875 0.054379715625000005 0.51070456875 0.0550023140625 0.5070604421875 0.0550708984375 0.504955753125 0.057351971875 0.4970667546875 0.0561349875 0.4935222640625 0.059882509375000004 0.48849173593749995 0.0628757828125 0.47817352812499997 0.063023503125 0.4750117546875 0.059353807812500006 0.47480684999999995 0.055470207812500005 0.47674143437499994 0.054079015625000004 0.47676050312499996 0.05273461875 0.47403279062500003 0.05429808125 0.47066605624999996 0.05734075625 0.4675072109375 0.0606584390625 0.4614821828125 0.0620273953125 0.45565979062500006 0.0631236421875 0.44865670625 0.06306655156249999 0.4456049984375 0.0549742640625 0.44400696875 0.048631523437500004 0.46746975468749996 0.045303884375 0.47884231406250005 0.0452736890625 0.4841317765625 0.0454043484375 0.48454933593750005 0.0459593828125 0.48657283749999997 0.0449717984375 0.48936727500000005 0.042147409375 0.49105152500000004 0.0356078609375 0.48914944687500006
0 0.0634173359375 0.5054976265625 0.063367921875 0.5087457984375 0.06436629375 0.510118415625 0.065012528125 0.5104601171875001 0.0660809125 0.5103578109375 0.06673372968749999 0.5087328515625 0.0668678421875 0.50677938125 0.0664967609375 0.5052882249999999 0.06509318124999999 0.50403695625 0.0634173359375 0.5054976265625
0 0.089650196875 0.4516905140625 0.08941075937500001 0.4546516328125 0.09214697656250001 0.4553012625 0.09263620624999999 0.45471678750000005 0.092836753125 0.452144665625 0.09143295625 0.4508949453125 0.089650196875 0.4516905140625
0 0.11834819218749999 0.47942156718750006 0.1164197203125 0.4795923375 0.1137330078125 0.4803081984375 0.11355080312500002 0.48161587812500006 0.115032834375 0.4825783796875 0.117664346875 0.48178375781250005 0.11893260937500001 0.480371521875 0.11834819218749999 0.47942156718750006
0 0.1417264640625 0.10911514687499999 0.142500053125 0.1055979546875 0.14463375625 0.1024849265625 0.144980634375 0.099253315625 0.145160540625 0.09498683125 0.1449844671875 0.092961365625 0.146495421875 0.09050714062500001 0.14737446875 0.0890575609375 0.147648440625 0.087096921875 0.14736574687499998 0.0832703375 0.146175075 0.08129004375 0.1449833421875 0.0813718578125 0.1429506984375 0.08510183125000001 0.1426562421875 0.08874631875 0.14340591875 0.0927978953125 0.14293769843749998 0.0945576703125 0.141893625 0.0980684046875 0.1424900015625 0.10039277499999999 0.14225886875 0.10292430625 0.14134484375 0.1047350328125 0.139220978125 0.1057572078125 0.13651985312499998 0.1099549484375 0.1396184375 0.11283136875 0.1413113359375 0.1120689296875 0.1417264640625 0.10911514687499999
0 0.139088446875 0.0126514140625 0.1320483125 0.0354292265625 0.13429602812500002 0.0355242234375 0.1365489484375 0.031001567187500002 0.13803691875 0.026892096875 0.1404270203125 0.0236162921875 0.14095776875 0.0199071859375 0.14245997500000002 0.014865626562500001 0.139088446875 0.0126514140625
0 0.142757784375 0 0.1407836140625 0.0074381640625 0.142974121875 0.0080300328125 0.143875275 0.0046380640625 0.14282041406249998 0.0036898406250000003 0.1445584359375 0.0010008703125000001 0.1451963828125 0 0.142757784375 0
0 0.1634585328125 0.0203523953125 0.1609934015625 0.0223096125 0.1618141171875 0.0270906765625 0.1637557796875 0.0238733421875 0.16416205 0.02139798125 0.1634585328125 0.0203523953125
0 0.6939149140625 0.0863654015625 0.6912728625 0.0889415203125 0.6924335828125 0.093593646875 0.6933803937499999 0.0918190859375 0.69499791875 0.08793294375 0.6939149140625 0.0863654015625
0 0.8316316125000001 0.5679719484375 0.8473023625 0.5684134421875 0.8591087749999999 0.5669138578124999 0.8647403734375001 0.5642514015625 0.869723675 0.5561536359375 0.8706678953125 0.5446748984374999 0.868773165625 0.534209353125 0.8643961499999999 0.524082890625 0.8582517046874999 0.520335025 0.8531528859374999 0.522226628125 0.8426747625000001 0.521112196875 0.83729753125 0.5224250453125 0.8298149828125 0.528939259375 0.8295475828125 0.535546028125 0.826957421875 0.5376182140625 0.8226088562499999 0.5400207671875 0.818583965625 0.545127496875 0.8183214015625 0.551722321875 0.817133746875 0.559050221875 0.8148548218749999 0.569247925 0.8168376 0.5682753468749999 0.8316316125000001 0.5679719484375
0 0.80282645625 0.49324360624999997 0.8031566390625 0.5006617515625 0.8052120625000001 0.508423346875 0.812084253125 0.5170749046875 0.8099344515625001 0.5164067078125 0.8127747046874999 0.5183032640625 0.821212609375 0.518643403125 0.8270105890625 0.513056896875 0.8277398937499999 0.5034666265625 0.8245142078125 0.4899644203125 0.8216036671875001 0.4821236703125 0.8122876515625 0.4822833734375 0.8058334703125001 0.48625187187499996 0.80282645625 0.49324360624999997
0 0.970891528125 0.5645479859375 0.969372665625 0.555831459375 0.9664416484375 0.552402671875 0.9632746875 0.559409796875 0.9611550187500001 0.5623780578125 0.95821509375 0.5623246296875 0.9527981750000001 0.5646496171875001 0.948614909375 0.5712425171875 0.9468357890625001 0.5707210875000001 0.9480919906249999 0.57139308125 0.9490275421875 0.5752672390625 0.9578658609374999 0.5774624078125 0.9681251046874999 0.5790115453125 0.976409584375 0.576401621875 0.9779145 0.574304721875 0.970891528125 0.5645479859375
0 0.9828997015625 0.5570209484374999 0.9787054968750001 0.5611319234375001 0.9781471078124999 0.56123174375 0.9810906875000001 0.564548690625 0.9842454609375 0.5659924265625 0.9857939421875 0.565662534375 0.9885114515625 0.5613818921875 0.9860199328125001 0.5567794125 0.9828997015625 0.5570209484374999
0 1 0.4672126421875 0.9995855609375001 0.4672381609375 0.99670403125 0.47139476875 0.99660595625 0.477054953125 0.99946368125 0.48061229218749996 1 0.4809735796875 1 0.4672126421875
0 0.94922059375 0.49446240625 0.9519709515624999 0.50153431875 0.9628905375000001 0.5100273093750001 0.9717477000000001 0.506800459375 0.976990225 0.5037740625 0.9828390062500001 0.5011941984375 0.9849599703124999 0.497239959375 0.9837167593749999 0.489638271875 0.9778693609375001 0.48582012656250007 0.9686761687500001 0.4872278171875 0.9666762109375 0.4886145359375 0.9611429796875001 0.4885674375 0.960223603125 0.4847129109375 0.9532776593750001 0.48435524062499996 0.9501459859375 0.48773194531249997 0.94922059375 0.49446240625
0 0.9402701796875 0.5096583859375 0.940603325 0.50495270625 0.9379878046875 0.5029615046875 0.9343156671875 0.5042110390625 0.933720090625 0.5101216109375 0.9347333921875001 0.5131057390625 0.9375990890624999 0.5127779390625 0.9402701796875 0.5096583859375
0 0.91249944375 0.466774540625 0.9144233984374999 0.4713288140625 0.916460925 0.472863253125 0.9251911249999999 0.47269537812499995 0.9299217359374999 0.4769040859375 0.9397479125 0.48197251406249997 0.940792803125 0.4848553640625 0.9469632875 0.48274831249999994 0.9508841140625 0.4769674140625 0.951671746875 0.471363115625 0.949989715625 0.46406581718749995 0.9458650921875 0.45619644687500005 0.9162440328124999 0.455197078125 0.9119899671875 0.4610699953125 0.91249944375 0.466774540625
0 0.8952808953125 0.5329424359375 0.8984192500000001 0.5364003640624999 0.9007030140625 0.5368002187500001 0.903539253125 0.5369290125 0.9064294328125 0.5323965125 0.9076552328125 0.5305791109375 0.908526771875 0.5233898156250001 0.90757140625 0.5184778015625 0.9029948484375 0.5096139796875 0.8956947843749999 0.5038497234375 0.8899242125000001 0.51050986875 0.88905003125 0.5167299890625 0.8889486171875 0.52617498125 0.8952808953125 0.5329424359375
0 0.8545547921875001 0.46542362031250006 0.858801478125 0.46651905468750005 0.8638637125 0.46866004375000003 0.8648388921875 0.47344230156249995 0.8652227859374999 0.47989445937499997 0.86986494375 0.48183597968749997 0.87793061875 0.482029134375 0.881552625 0.4794298 0.882645409375 0.47236153437499995 0.8821592109375 0.46017054062499996 0.866662278125 0.456381596875 0.8410081953124999 0.4557172734375 0.841390634375 0.45890148750000004 0.8471987234375 0.462437984375 0.8545547921875001 0.46542362031250006
0 0.755578509375 0.5126821374999999 0.755599721875 0.50723205 0.755309525 0.5050643171875 0.7522779500000001 0.50795333125 0.7526410515624999 0.511477221875 0.7530712578125 0.513412175 0.755578509375 0.5126821374999999
0 0.74881805625 0.48784328437499996 0.750150109375 0.4830918046875 0.7468060421875 0.47380003593750003 0.74315171875 0.473845015625 0.74038045 0.49580901875 0.7436504 0.499026671875 0.7439331375 0.4966444 0.7430643375 0.48927520781249995 0.747124846875 0.4877883515625 0.74881805625 0.48784328437499996
0 0.7622714109375 0.4788689171875 0.7639050609375 0.476147921875 0.7642321937500001 0.4715187109375 0.7618820140625 0.469604246875 0.7569574953125 0.46962692031250003 0.755030528125 0.472212021875 0.75572573125 0.4759214375 0.7593586593749999 0.47764538281249996 0.7622714109375 0.4788689171875
0 0.7445640015625 0.45606067812499995 0.7453278625 0.45886616562500004 0.747658478125 0.4630641921875 0.7488855 0.46197908749999994 0.7522983296875 0.4563997640625 0.7505260765624999 0.45413419062499993 0.7445640015625 0.45606067812499995
0 0.777365778125 0.4626303640625 0.776011434375 0.46885400625000007 0.7780011953125 0.4684267703125 0.7805430234374999 0.4656992921875 0.784972025 0.4603779671875 0.7799155515625 0.4586338296875 0.777365778125 0.4626303640625
0 0.857455984375 0.49970318125 0.8571541625 0.494362325 0.8536128843749999 0.49261496875 0.8514183937500001 0.495621628125 0.8528333890625 0.4981052265625 0.8539745390625001 0.49851806249999997 0.857455984375 0.49970318125
0 0.8702771578125 0.5136056546875001 0.8704819687500001 0.5172903296875 0.871868125 0.52011385 0.8740191828125001 0.520166859375 0.8763529953125 0.518279546875 0.8770044984375 0.5165628859375 0.8749976921875 0.513765746875 0.8702771578125 0.5136056546875001