0 0.5498774984375 0.5947375140625 0.554379275 0.5952986890624999 0.554685775 0.5944814890625 0.554097753125 0.58637766875 0.5506915375 0.58134900625 0.5468618625 0.5804963812499999 0.5433519375 0.5837696640625001 0.545557184375 0.5936398015625 0.5432822078124999 0.5853177921875 0.5449442734375001 0.59397 0.5498774984375 0.5947375140625
0 0.5256458328125 0.3556886078125 0.5316406406249999 0.3905776640625 0.5407662203125 0.391591234375 0.546106875 0.389540496875 0.5486545953124999 0.385975175 0.5440174125 0.3762958625 0.5553471921875001 0.371301021875 0.5562040203125 0.3749815890625 0.5539072421875 0.3763258421875 0.5555104421875 0.389107253125 0.5605855109375 0.387853809375 0.55505008125 0.363839253125 0.560421934375 0.3567915578125 0.5572552 0.34733529375 0.5623630890625 0.3398343625 0.5672102453125001 0.334031059375 0.56591065625 0.3242852328125 0.5751435921875 0.3187541703125 0.5840681640625001 0.3189606984375 0.5853469765625 0.305661590625 0.569129053125 0.302703171875 0.5606950046875 0.2970632953125 0.515889803125 0.2983078578125 0.51898073125 0.31786194375 0.5256458328125 0.3556886078125
0 0.65451234375 0.3545421953125 0.65134409375 0.3494683984375 0.6448206046875 0.3457287515625 0.638719846875 0.3449894046875 0.638202225 0.35131285624999997 0.6488526859375 0.362045221875 0.6415130046875 0.3618019859375 0.6352444328125 0.358482265625 0.6334046640625 0.35585875625 0.6331867671875 0.34829734375 0.6283606093749999 0.3424052578125 0.6201461453125 0.3393604265625 0.617786003125 0.3452852734375 0.6152230203125 0.3505636453125 0.6100359281250001 0.3541961234375 0.6057104859375 0.3528803640625 0.6025053328125 0.35085459375 0.5979003671875 0.34967221249999997 0.5893135468749999 0.3517320921875 0.58895468125 0.35613949218749996 0.590472040625 0.36396203437499997 0.5941775875 0.3741705390625 0.5860334 0.3728109828125 0.579989109375 0.37346265 0.5839975140625 0.38301325625 0.58824641875 0.3918582546875 0.6041526890625 0.39103363125 0.60504093125 0.3875229296875 0.60525481875 0.380997590625 0.607475696875 0.37870999843750003 0.6156216062500001 0.3794044640625 0.614526809375 0.373195559375 0.614446259375 0.3646944578125 0.615608415625 0.3597408328125 0.6194572984375 0.35916371406250003 0.626694128125 0.36350265625 0.6320148062500001 0.3710115578125 0.6403710796875 0.3768222203125 0.6463968109375 0.3846494640625 0.6500029859375 0.3889225515625 0.67193025625 0.38764710625 0.674037465625 0.3839500265625 0.670888134375 0.376266103125 0.67124488125 0.3734123625 0.6737549671874999 0.37035345625 0.6711233125 0.3637428203125 0.6644474546875 0.3635031171875 0.6630941171875 0.358185459375 0.6572174390625001 0.354415853125 0.65451234375 0.3545421953125
0 0.679025590625 0.36746464687499997 0.677796346875 0.372550684375 0.6790138578125 0.375028471875 0.6849168999999999 0.3721090671875 0.6874985921875 0.365074196875 0.6922978734375 0.37677957968750003 0.6976447296875 0.37763440625 0.7018928984375 0.37747714375 0.7012829015625 0.3724790109375 0.696547103125 0.3644449421875 0.6930097171875 0.35627889218750003 0.697273565625 0.357272325 0.69831025 0.354414515625 0.69708876875 0.347955053125 0.698160321875 0.3462397953125 0.701823534375 0.3452035671875 0.6987578453125 0.34005456875 0.694486365625 0.337974071875 0.6906293359375 0.33270123125 0.6836845515625 0.32994658125 0.68299229375 0.3365483359375 0.68708440625 0.3397171390625 0.6901070953125 0.34751065625 0.6901015015625 0.3545244328125 0.689449346875 0.355873803125 0.6829416765625 0.3548872984375 0.6805458390625 0.35780230468749996 0.6829421671875 0.362412475 0.684666759375 0.36729816406250004 0.679025590625 0.36746464687499997
0 0.619163834375 0.32031034062499997 0.618667471875 0.3130772703125 0.6153846 0.30627366093749997 0.6098391046875 0.3057949796875 0.6095624453124999 0.3120093046875 0.612869484375 0.320758590625 0.6171500296875 0.3227375328125 0.619163834375 0.32031034062499997
0 0.6050640796875 0.29670162968749997 0.6031554953125 0.2994736015625 0.60518646875 0.3030915171875 0.6083302421875 0.3026006484375 0.6087320218750001 0.3000562875 0.6050640796875 0.29670162968749997
0 0.623283221875 0.3109195359375 0.6218738953125 0.317017846875 0.62068520625 0.322072934375 0.6210406500000001 0.32663521093750003 0.622415975 0.3293961453125 0.6257946375000001 0.3282038328125 0.6288223578125 0.323914471875 0.6286898921875 0.320337825 0.631926284375 0.319013525 0.6359345750000001 0.3254861390625 0.6404401703125 0.32982117187500004 0.642539365625 0.3290750015625 0.6443575796875 0.3272391953125 0.6429979640625 0.322155875 0.64022381875 0.3176615078125 0.6445893109374999 0.3173598015625 0.6496676031249999 0.315710725 0.6485371046874999 0.31303355 0.6472602953125 0.3112992296875 0.6403393171875 0.308535621875 0.6399857 0.312297934375 0.6380303953124999 0.31192556250000003 0.6352079109375001 0.310711296875 0.6361354984375 0.3158549296875 0.63316235 0.3130393734375 0.63145411875 0.3115667578125 0.6303285375 0.31387541093750004 0.6286675578125 0.31497428125 0.623283221875 0.3109195359375
0 0.6482172125 0.3027611625 0.6509111171875 0.3017435359375 0.6514661328125 0.297926671875 0.64904643125 0.2973680484375 0.6427692828125 0.2977878796875 0.6444093359374999 0.3020141703125 0.6445701749999999 0.301387659375 0.6482172125 0.3027611625
0 0.669297803125 0.314626125 0.67166168125 0.3163258390625 0.6737250703125001 0.3140088984375 0.67737649375 0.3163970546875 0.67934335 0.3137576015625 0.6789029890625 0.311260190625 0.6734104046875 0.30911100468749997 0.6702088609375 0.30976913281249996 0.669297803125 0.314626125
0 0.6529114218750001 0.329959221875 0.6521285390625 0.3269589625 0.6486085734375 0.328888575 0.6476649234375 0.3305463734375 0.6499152890625 0.33296103593750004 0.6529114218750001 0.329959221875
0 0.6563643390625 0.34346798125 0.6594092578125 0.34826524375 0.6598468468750001 0.345321090625 0.659873034375 0.341213515625 0.6563643390625 0.34346798125
0 0.671921278125 0.34097714375 0.6740686984375001 0.341017359375 0.6748412 0.339927596875 0.6720730140625 0.3355210296875 0.670935853125 0.3397435828125 0.671921278125 0.34097714375
0 0.6269140515625 0.3038868953125 0.6294721140624999 0.3001372890625 0.6267748359375 0.297428578125 0.6219985265625 0.2982168265625 0.6205515515625 0.30104226562499997 0.619268965625 0.30244250625 0.6182125765625 0.3038028640625 0.618343846875 0.30621198125000004 0.620817128125 0.3068135140625 0.6269140515625 0.3038868953125
0 0.48087976250000003 0.32943200781250004 0.47513271875 0.2982246109375 0.470565478125 0.3030329421875 0.46940788125 0.3090472015625 0.469165975 0.314639796875 0.47022126562500005 0.321812390625 0.473427025 0.32792673125 0.47504529218749997 0.32870917187500004 0.48087976250000003 0.32943200781250004
0 0.470698525 0.383015578125 0.472356275 0.3869103203125 0.473527921875 0.39049571250000004 0.47517878125 0.391220046875 0.4754242296875 0.39139730625 0.47774977500000004 0.39016221562500003 0.47921664531249997 0.3881154640625 0.48036087812500006 0.383168171875 0.47980384843749996 0.38000909374999997 0.47618563593749996 0.37702645156250003 0.473210871875 0.3747775984375 0.4700050453125 0.3736928046875 0.4701031875 0.378703446875 0.470698525 0.383015578125
0 0.4359131109375 0.320097003125 0.4363427203125 0.31660370625 0.4424071359375 0.3144285234375 0.44589539843750003 0.31656620625 0.4551593625 0.31571015625 0.45839311406250005 0.30800023906249996 0.4518653296875 0.29871140937499996 0.44208226249999993 0.2983421109375 0.43641777812500004 0.29889825000000003 0.4319422828125 0.3039569515625 0.425451021875 0.2969178328125 0.4176511546875 0.29745701874999997 0.4154704578125 0.304327571875 0.41647144999999997 0.31403561406249997 0.41650222187499997 0.320544784375 0.41344154218750007 0.3216778546875 0.4097534203125 0.326082075 0.4125338703125 0.3334105921875 0.40928906718749997 0.33142989218749996 0.40243609375 0.3278102203125 0.39725284843750003 0.323312259375 0.392183140625 0.3211678390625 0.3890148109375 0.32706225 0.3820707953125 0.3246358921875 0.3807847703125 0.31693756562500003 0.383252746875 0.32116225 0.3873149421875 0.317529796875 0.38563600937500003 0.30976271718750004 0.3781516984375 0.3100939484375 0.37230942031250003 0.3160393984375 0.366920453125 0.32183828124999997 0.37094558125 0.330241996875 0.375111803125 0.33550474218750004 0.3781386453125 0.33752704843750003 0.3823065859375 0.34020808593749996 0.38329088125 0.3495605 0.385256140625 0.3538405078125 0.38976372187499997 0.3582227890625 0.3931553828125 0.3605234734375 0.402199371875 0.361821153125 0.41371101718750003 0.3572908515625 0.41717910312499995 0.3580723734375 0.42020227343750005 0.36435694375 0.422870946875 0.37228428125 0.42547725 0.38610256875000004 0.42764270781249997 0.38855758906250004 0.4294640828125 0.39067186875000004 0.43464906562500005 0.39179640312499997 0.4413377859375 0.3900125046875 0.44427085312500003 0.38360267812500004 0.44531115000000004 0.3730000171875 0.4526694359375 0.3741855875 0.453660053125 0.37454877343750004 0.45695219062500003 0.36616218906250003 0.45029031249999996 0.359775103125 0.4478309625 0.3572909875 0.44510552031249995 0.3533877703125 0.44152097812499996 0.35172083125000003 0.43842029531250004 0.353463865625 0.43298271875000005 0.35019594375 0.43186002031250004 0.34544846093750003 0.4268320390625 0.336801125 0.41925848749999994 0.3299496703125 0.42048757812500004 0.3259695234375 0.4237431140625 0.3262744625 0.430760628125 0.326733165625 0.43462539843750003 0.325166378125 0.4359131109375 0.320097003125
0 0.45002020624999994 0.3514407 0.4513511890625 0.35478697812500004 0.45251250625 0.35584831562499997 0.4568241125 0.35642874375 0.458175303125 0.354400803125 0.4572082734375 0.349105465625 0.4541472390625 0.3462863671875 0.4508767734375 0.347237478125 0.45002020624999994 0.3514407
0 0.45670013750000005 0.32827251562500004 0.4539916078125 0.3270746484375 0.4517703953125 0.32784867968750003 0.45218222499999994 0.33179493125000004 0.45517234531249995 0.33297011875 0.45595169062499996 0.3327739953125 0.4575040671875 0.3302853703125 0.45670013750000005 0.32827251562500004
0 0.3773819484375 0.3915161625 0.379398140625 0.3927377390625 0.385740134375 0.39139893593749997 0.388354215625 0.38836294374999997 0.389316846875 0.37974929999999996 0.38532553125 0.37097946249999997 0.38176084375 0.3690742078125 0.3724803859375 0.3713753890625 0.37204527187499997 0.3754043421875 0.374138696875 0.3809960859375 0.3728222859375 0.38610066718749997 0.3773819484375 0.3915161625
0 0.3905359 0.39908924218749997 0.3939565875 0.40095166562499995 0.400820603125 0.40002694375000003 0.4061882609375 0.397103571875 0.4081743078125 0.3951128296875 0.40362929062499997 0.3911211078125 0.395730509375 0.39283595625 0.3921764421875 0.3946081625 0.3905359 0.39908924218749997
0 0.4032270875 0.3837111890625 0.4040986453125 0.384964828125 0.4058820703125 0.3846503625 0.40813465468750004 0.3815257984375 0.40742364531249997 0.379778975 0.405001871875 0.37979348281249997 0.4032270875 0.3837111890625
0 0.3631835609375 0.398265475 0.3623970265625 0.39353487343750004 0.359410446875 0.390328209375 0.35406908125 0.39098920625 0.352333078125 0.3939481125 0.35267099375 0.3976281546875 0.3551735796875 0.399682609375 0.36025036250000003 0.40041846562499994 0.3631835609375 0.398265475
0 0.32669733125 0.39630901875 0.32648743125 0.40085039843750003 0.32983114687500004 0.402312290625 0.33256475 0.40286950781249997 0.33726261874999997 0.4031390765625 0.3399605234375 0.40134330937499996 0.34014913125 0.3982558390625 0.337973953125 0.3934511875 0.333697259375 0.3930597546875 0.32669733125 0.39630901875
0 0.319330675 0.399323078125 0.3152394796875 0.3947737671875 0.309527759375 0.39199367343749997 0.3071134453125 0.3904488203125 0.2957237171875 0.392395259375 0.2924689109375 0.3966024921875 0.29024055937500004 0.405101371875 0.3077075265625 0.4050836203125 0.3138894609375 0.40527555312499997 0.31899560781249997 0.4044323203125 0.3201749203125 0.40237439531249997 0.319330675 0.399323078125
0 0.35303093125 0.3341814421875 0.35786650625 0.3335493375 0.360999496875 0.33054084375000004 0.3593257609375 0.3263934765625 0.3518671296875 0.3243148890625 0.350131403125 0.32659150625 0.35042316093750003 0.3295958609375 0.3519401671875 0.33280938125000004 0.35303093125 0.3341814421875
0 0.32080135625 0.328975521875 0.3213897609375 0.33432810156250004 0.3160256984375 0.3328718125 0.3105840625 0.33015674375000004 0.3032901 0.333088175 0.303381046875 0.3403705171875 0.3059210859375 0.34321325625 0.310302128125 0.3462930359375 0.3115692609375 0.34666775625 0.3232128546875 0.3422918875 0.328161634375 0.33795572812499997 0.3346103859375 0.331103690625 0.3366821296875 0.3272954546875 0.33545451875 0.321961975 0.3326616140625 0.3163174546875 0.321806159375 0.319764225 0.3171786515625 0.325760440625 0.32080135625 0.328975521875
0 0.34137675624999997 0.308605678125 0.3461890390625 0.3088312734375 0.348040634375 0.306473934375 0.34725727812499996 0.29907093125 0.3372758328125 0.29655979062500004 0.32725721406249997 0.29775199375 0.33018436875 0.30584953125 0.3364740140625 0.309936625 0.340074628125 0.3164366984375 0.341902109375 0.3136996515625 0.34137675624999997 0.308605678125
0 0.2978284953125 0.316474803125 0.3013115546875 0.3150197453125 0.302741775 0.3122702453125 0.3055517640625 0.310921175 0.3120625390625 0.311061471875 0.31264726875000004 0.31095836875 0.3203659875 0.3081773390625 0.319834328125 0.29701888906249996 0.27823180625 0.296603975 0.2780376328125 0.303915965625 0.2787718234375 0.314045490625 0.281786475 0.3197508671875 0.2869615703125 0.315825396875 0.290858415625 0.31466546875 0.2933918125 0.314501178125 0.2978284953125 0.316474803125
0 0.25361984843749996 0.3392967078125 0.2566414796875 0.341037515625 0.2596301921875 0.341268921875 0.26853521874999997 0.3407887234375 0.27208853906249997 0.3385263875 0.27053664843749997 0.3316777625 0.26726977500000004 0.3276463015625 0.2625551859375 0.327839796875 0.26186735781250003 0.33447567500000003 0.26130879687499997 0.337750546875 0.2603862328125 0.3368375015625 0.2568702625 0.3341287671875 0.2521069125 0.33610626875 0.25361984843749996 0.3392967078125
0 0.2633862890625 0.297217759375 0.2461052296875 0.2972820609375 0.24881708906250002 0.305130384375 0.252788228125 0.309943615625 0.2542296984375 0.3102542765625 0.2616625578125 0.3115028546875 0.2633063140625 0.307993796875 0.263494246875 0.3032468578125 0.2633862890625 0.297217759375
0 0.218997959375 0.303246996875 0.221128240625 0.2989699109375 0.22009977187500002 0.2961335375 0.21284891875 0.29563823437500003 0.2073846859375 0.298535796875 0.212354325 0.30430579999999996 0.2145642515625 0.3039716625 0.218997959375 0.303246996875
0 0.192543575 0.3669570890625 0.182228653125 0.35877552343749997 0.18002775625 0.35407694843750004 0.1782102015625 0.3472783390625 0.17511702812500002 0.3360527328125 0.1834193953125 0.3331354734375 0.188002903125 0.3428163171875 0.1894352046875 0.340069621875 0.196867496875 0.333045746875 0.20237599843749998 0.3385335140625 0.2065194546875 0.3350469796875 0.20265551718750002 0.326738596875 0.19358698593749998 0.318391203125 0.18270614999999998 0.31560233437499996 0.183222478125 0.323758459375 0.180847390625 0.32910365625 0.174621778125 0.3305805984375 0.1708333921875 0.332868515625 0.1684812546875 0.3268083296875 0.168563425 0.3178263546875 0.16644049375 0.303780040625 0.1618625984375 0.30449681093750003 0.16374465 0.31091436875 0.15978876250000001 0.3122703390625 0.1578333171875 0.3116092296875 0.15160854375 0.311615240625 0.1415895046875 0.3125711140625 0.14070613437499999 0.3194477296875 0.143103934375 0.325829878125 0.1468018109375 0.33262060312499997 0.1499487625 0.3418027 0.1470174546875 0.34467726249999997 0.143346565625 0.34557998125 0.1345736265625 0.3439029078125 0.134432246875 0.345836521875 0.1382274453125 0.37977750781249997 0.139213634375 0.3755355625 0.148977234375 0.3772521484375 0.15363986406250002 0.3731917421875 0.15673359375 0.36482268906250004 0.1554897234375 0.3520905671875 0.1559504359375 0.3436447546875 0.1655930765625 0.33715295312500004 0.169221290625 0.3476067359375 0.1689112609375 0.3640065984375 0.1712229078125 0.36703874999999997 0.1731205453125 0.3733377375 0.16921999999999998 0.378318859375 0.167971971875 0.3857008515625 0.17283266875 0.3977095515625 0.17914486406250002 0.40170857968749996 0.1861738578125 0.386035840625 0.18496509375 0.37534742187500003 0.18144253906250002 0.3692270625 0.177082575 0.364917121875 0.1799127765625 0.3607673046875 0.18526363437499999 0.3660448796875 0.18928570312499998 0.37042709218750003 0.192543575 0.3669570890625
0 0.206459 0.386335096875 0.20381913749999997 0.3847078453125 0.196611728125 0.38292925312500004 0.198141171875 0.3904244109375 0.20138978281250003 0.39431629687499997 0.206413996875 0.39361126562500004 0.20766507500000003 0.39227528437500003 0.206459 0.386335096875
0 0.2692225734375 0.37395765000000003 0.269360396875 0.378707440625 0.27177661249999996 0.3796062109375 0.2732524203125 0.37771812968749996 0.273210503125 0.3751948875 0.2709420921875 0.3730198109375 0.2692225734375 0.37395765000000003
0 0.2689806515625 0.39720439218750003 0.2628725578125 0.3958475640625 0.2601356921875 0.398583125 0.26537384999999997 0.4045802625 0.26595857968750003 0.404477159375 0.269769571875 0.403010290625 0.2689806515625 0.39720439218750003
0 0.0287788640625 0.3240711234375 0.031667521875 0.3278202203125 0.0391734328125 0.3212228546875 0.0371999765625 0.3153576859375 0.0446376234375 0.3121343703125 0.0475208296875 0.3205855375 0.04876645 0.33049319375 0.04901233125 0.339257078125 0.0491210890625 0.349285865625 0.0466527546875 0.35736853125 0.042758434375 0.3624929359375 0.0383579046875 0.373897528125 0.0382221453125 0.38811840000000003 0.0364100171875 0.4047545640625 0.0466001453125 0.4166644421875 0.0678568578125 0.4078518703125 0.053705903124999996 0.4048193359375 0.0543337359375 0.400686590625 0.060531240625 0.4002109921875 0.06655983125 0.3972567578125 0.069491246875 0.3890559453125 0.0685320265625 0.3809795015625 0.06921959375 0.372974428125 0.076003021875 0.3618747453125 0.0831293515625 0.36415630781249997 0.0817063265625 0.3542323328125 0.077262765625 0.317172171875 0.07512250781249999 0.2942994609375 0.06880464375 0.2952532234375 0.0602333671875 0.29489079218750003 0.0528475484375 0.295123740625 0.048184875 0.2936500796875 0.045665775 0.29254573906250003 0.0413180546875 0.291319584375 0.0373040953125 0.290456615625 0.032282387499999995 0.29071695625 0.027435665625 0.29144780937500003 0.018678634375 0.29253338125 0.0140031875 0.29569327031250003 0.0035168875000000004 0.29558283125 0.0038597437499999997 0.301486421875 0.006440712499999999 0.308745396875 0.010768196875 0.32593635625 0.013645579687500001 0.339816321875 0.01975011875 0.3419988109375 0.025974470312499998 0.329438075 0.0287788640625 0.3240711234375
0 0.0134371984375 0.4114469875 0.015137528124999999 0.40791684687499996 0.012638740625 0.4039403453125 0.0071861765625 0.403646775 0.0063287734375 0.40669351093749995 0.0083851421875 0.411238284375 0.0134371984375 0.4114469875