0 0.46746115312500003 0.45551200312500006 0.4714549078125 0.46007901718750005 0.4750171765625 0.4613055390625 0.4767055453125 0.46202887812500004 0.4837237390625 0.46078191874999996 0.48407976875000003 0.45827429999999997 0.4789003671875 0.45349449531249997 0.47017768125000003 0.45237230625 0.46746115312500003 0.45551200312500006
0 0.5865858609375 0.45430485468750004 0.587968715625 0.45837974375 0.5952993265625001 0.45759939687499995 0.5967996656250001 0.45398328125000004 0.595726978125 0.4493914796875 0.59190664375 0.4500954453125 0.5865858609375 0.45430485468750004
0 0.5998145187499999 0.44049386874999996 0.6004823859374999 0.4371425875 0.5997373046875001 0.43465336875 0.595117925 0.4313306359375 0.5934762796874999 0.43438494062500005 0.5917128734375 0.4407867125 0.5961673515625 0.4429135765625 0.5998145187499999 0.44049386874999996
0 0.46574766093750003 0.5277258234375 0.44425055156250004 0.52850050625 0.44099116250000003 0.5357628109375 0.43132308906250005 0.5350750265625 0.43461247500000005 0.5413524296875 0.4360869515625 0.5437662953125 0.4389298515625 0.544302359375 0.44400812343749996 0.5409766734375 0.453477275 0.5485621203125 0.46501528125 0.5545838171875 0.47264177968750004 0.55693946875 0.47719838281250004 0.5577974078125 0.4803388625 0.5621497890625 0.483472946875 0.563529221875 0.4906216859375 0.5626684 0.49534543593749997 0.560781078125 0.500910284375 0.5640510828124999 0.5053665656249999 0.5656908671875 0.5176525109375001 0.5649721203125 0.525106909375 0.564204315625 0.5374617671874999 0.566708678125 0.5572976171875 0.5820691484375 0.5568168328125 0.5936051 0.5548483156249999 0.5954983015625 0.5240903515625 0.5879450515625 0.49994637812500003 0.578360371875 0.490029440625 0.5801119390625 0.46840555781250004 0.578969915625 0.44996192187500006 0.5790143265625 0.43574765312499997 0.578861328125 0.4214700859375 0.5805522875 0.4050030859375 0.582044065625 0.403368153125 0.5884658765624999 0.40707172187499996 0.5915322765625 0.41399947812500004 0.591802290625 0.42027651875 0.58987588125 0.42107614687500006 0.5864331468749999 0.4311163921875 0.5910587015625001 0.434395790625 0.593934165625 0.43616866875 0.5964169218750001 0.4319764640625 0.6049343703125001 0.4376909875 0.6094175749999999 0.441667234375 0.6096219609375 0.4449324859375 0.60102841875 0.45399506250000005 0.6043875234375 0.46587072812499997 0.6077241734375 0.4725947453125 0.6075638890625 0.4916214484375 0.6129956828124999 0.5176294546875 0.622139953125 0.530297996875 0.629078528125 0.53647074375 0.6328063890625 0.540043778125 0.6303743765625 0.5369338875 0.6245280890625 0.5409710734375001 0.6230723859375 0.5442761625 0.6242459484375 0.548073209375 0.628352215625 0.5480744718749999 0.6323615078125 0.5448022765625 0.6350810640625 0.544888796875 0.6378736625 0.5446689359375 0.6420002828125 0.543527778125 0.6469501296875 0.5426561828125 0.6497668812499999 0.5400637875000001 0.6567309578125 0.5380916640625 0.6633491375 0.54026701875 0.6700412546875001 0.536214909375 0.675784746875 0.5325060859375 0.6812707359375 0.528591228125 0.6858223671875 0.530713003125 0.6894055625 0.53486641875 0.6911277671875 0.5379406859375 0.6897031265625 0.533607959375 0.6993154625 0.5376794578124999 0.699107265625 0.5426358171875 0.698240615625 0.5470174765625 0.6951052921875001 0.5454636328125 0.6923058796875 0.546586103125 0.683074915625 0.5512136359375 0.660697028125 0.5599406250000001 0.6222642046875 0.563531003125 0.6072543515625 0.5653914078125 0.599321084375 0.5652987375 0.59218611875 0.5696026453125 0.585171375 0.57014235 0.5797427078124999 0.5746196 0.5563904156249999 0.577999434375 0.5448278015625 0.5875747765625 0.5004073531250001 0.578479096875 0.49911566562500004 0.5751274171875 0.500186009375 0.5738184125 0.5053697171875 0.57303465625 0.5093966203125 0.5708622906249999 0.5157568953125 0.57025671875 0.5179631546875 0.5713653812499999 0.521086346875 0.56893316875 0.5233904593750001 0.5653020703125 0.528039675 0.5669358734375 0.53117345625 0.566405371875 0.5346173875 0.56478935625 0.54162406875 0.5646444046875 0.5462250078124999 0.5647853921875 0.5526575265625 0.562949340625 0.55692898125 0.5581520890625 0.55833589375 0.5506800421875 0.5549639390625 0.5404137203125 0.547101440625 0.5253481828125001 0.5428214875 0.5097898125 0.5399816421875 0.4977995453125 0.5398225296875 0.49273521249999996 0.5393717484375 0.479077921875 0.5306798796875001 0.46574766093750003 0.5277258234375
0 0.5698501375 0.5998180671875 0.5736637109375 0.5888078046875 0.575126596875 0.5824713546875 0.573072653125 0.578656865625 0.5718015375000001 0.5831693953125 0.5699611203125 0.5940306390625001 0.5683231640625 0.6014588125 0.5698501375 0.5998180671875
0 0.51682895625 0.6797232359375001 0.5182828828125 0.6802256765625 0.5239050953125 0.67501625625 0.525663075 0.671520559375 0.5274617484374999 0.6649521375 0.5323720890625 0.6602631062500001 0.5357304609375 0.6577606890625 0.5362633734375 0.6535700375 0.5310166 0.652881496875 0.5277067078125001 0.6529512203125 0.5205855171875 0.6522757390625 0.5158611046875 0.6512555796874999 0.514715875 0.6534029984374999 0.5111587890625 0.6556061703125 0.506379303125 0.6561512390625001 0.5023615 0.658238425 0.499354828125 0.661933334375 0.5012784359375 0.6668611 0.501558165625 0.6687056765625 0.50676404375 0.6733777390625 0.5102151671875 0.6758983640625 0.5142460515625 0.6791654125 0.51682895625 0.6797232359375001
0 0.50018265625 0.6737120671875 0.5017010359375 0.67253919375 0.5025741828125 0.6706673203125 0.49612745937499997 0.6661882625 0.4934872875 0.6681220406249999 0.494611946875 0.6704952328125 0.4962900671875 0.67310364375 0.50018265625 0.6737120671875
0 0.45548746093750003 0.682809759375 0.4615571 0.685782575 0.4636184734375 0.685313959375 0.4707977328125 0.679958878125 0.47593945 0.6757193546875 0.4800693625 0.6720560546875001 0.4810010625 0.6689789640625 0.481195865625 0.6647872265625 0.4709213359375 0.6620030390625 0.47021856093750003 0.6604697125000001 0.4650206484375 0.6570134140625 0.45816802812499996 0.6572931421875 0.447612053125 0.6584577890625 0.4434330078125 0.6602848484375 0.44230185000000005 0.6635035125 0.4424560140625 0.6693024421875 0.43682287343750004 0.6711626265625 0.4317191203125 0.6702088359375 0.4246725953125 0.668862646875 0.413899525 0.6734056703125 0.42439214375 0.6834275437499999 0.42857088593750003 0.6860680453125 0.43430982343749996 0.6849859796875 0.43618998593749997 0.67990526875 0.4376215109375 0.6807617421875001 0.4411982296875 0.6815089171875 0.4502600046875 0.682183409375 0.45548746093750003 0.682809759375
0 0.408105565625 0.659292146875 0.410657728125 0.6604554499999999 0.4134725125 0.6598352421875 0.41438209375 0.6578194390625 0.41413913124999996 0.65605871875 0.4123040640625 0.6560888796875 0.41014858906249996 0.65592319375 0.4075881625 0.6579491484375 0.408105565625 0.659292146875
0 0.41828537812500005 0.661764215625 0.41792288125 0.6645638 0.4205045546875 0.6645087640625 0.4217928015625 0.663374165625 0.42138438906250003 0.6625037328125 0.4202936796875 0.6615046453125 0.41828537812500005 0.661764215625
0 0.3198649640625 0.6592057421875 0.3140813203125 0.6549663625 0.3093730234375 0.6643925687500001 0.30826689687500003 0.6691837296875 0.3102422171875 0.673429075 0.3155861953125 0.6741272265625 0.319512825 0.6726572265625 0.3230007171875 0.6689964421875 0.3213192984375 0.665346534375 0.3198649640625 0.6592057421875
0 0.32168079843749997 0.608345034375 0.32028795 0.613419584375 0.3192752625 0.61715309375 0.3226864921875 0.6217010796875 0.3245362734375 0.6221281359375 0.3266767484375 0.6211293515625 0.330270053125 0.6173662203125 0.3287494109375 0.611436228125 0.32372293124999996 0.608237596875 0.32168079843749997 0.608345034375
0 0.42304274062499997 0.5401983515625 0.4283748390625 0.5389614234375 0.42592571250000005 0.5355528140625 0.418505271875 0.5338813640625 0.41435462031250003 0.5339045140625001 0.40858018124999995 0.5339039718749999 0.3997027921875 0.5339728203125 0.3954517515625 0.5354865921874999 0.3980650125 0.5382676015625 0.4028792359375 0.54071164375 0.4093725734375 0.5414185703125 0.41522246406249996 0.541106190625 0.42304274062499997 0.5401983515625
0 0.48652050156250004 0.6494753796875 0.48395130000000003 0.6464271203124999 0.478177228125 0.646258284375 0.4729182578125 0.649484525 0.4728137125 0.65281993125 0.476137184375 0.6553030671875 0.48049574531249994 0.6574286328125 0.48453273281250003 0.6568211890625 0.486709615625 0.6547339484375 0.48652050156250004 0.6494753796875
0 0.4571691765625 0.6508950921875 0.457801175 0.6491230953125 0.45690564062499994 0.6474522578124999 0.44965645781249997 0.6466365781250001 0.4479227734375 0.64956860625 0.45186086875000003 0.6519595140625001 0.4545798796875 0.652309825 0.4571691765625 0.6508950921875
0 0.4787428875 0.6300898859374999 0.4788716734375 0.6255172859375 0.47845980781249997 0.62275861875 0.4701978875 0.6224676328125 0.46656537187499997 0.6235180421875001 0.462244646875 0.62503496875 0.46000288593749994 0.6283339859375 0.46738528593749995 0.632281784375 0.46965984531249994 0.6326401328125 0.4764825484375 0.6329275875 0.4787428875 0.6300898859374999
0 0.3598570546875 0.6317001640625 0.3564057890625 0.6319585453125 0.357310778125 0.6351998859375 0.35914851406250003 0.6354221078125 0.361729765625 0.6336254640625001 0.3598570546875 0.6317001640625
0 0.3958941921875 0.6279031890625 0.398890315625 0.6280464671875 0.401417434375 0.6265259750000001 0.40044197031250006 0.6242289203125 0.39616300781249997 0.6225226312500001 0.39317899375 0.6231326328125 0.393737371875 0.627118203125 0.3958941921875 0.6279031890625
0 0.37104835468749997 0.70430026875 0.3690229703125 0.7018971265625 0.3656007984375 0.705356596875 0.36945101875 0.706933434375 0.370761190625 0.7055441124999999 0.37104835468749997 0.70430026875
0 0.3001671375 0.7615926140625 0.2934141875 0.759315159375 0.29088829375 0.762768271875 0.290518178125 0.764371415625 0.2910691015625 0.767923896875 0.294362640625 0.7698837625 0.29723864375 0.7683524109375 0.2992226015625 0.7654268484375 0.3001073703125 0.763254578125 0.3001671375 0.7615926140625
0 0.4965733890625 0.9109492843749999 0.4986111984375 0.904505025 0.5036537671875 0.8985139296875 0.5108520750000001 0.8911106390624999 0.5165440921875 0.8833483671875 0.519254853125 0.8792612156249999 0.5209073796875 0.873812040625 0.5202166984375001 0.8644607484375 0.5152470124999999 0.8451237687500001 0.5120146515624999 0.833952515625 0.5115623406250001 0.8278891125 0.5118302265625 0.823672553125 0.511075153125 0.8203166890625001 0.5124648140625 0.81676321875 0.5134917265625 0.8124540937500001 0.5103398546875 0.8071994640625 0.5123578203125 0.8037862390624999 0.5072826109374999 0.7969506187500001 0.5018299328125 0.7939518624999999 0.49609236875 0.7878805843750001 0.48096482968750004 0.7816395468749999 0.47609561093749997 0.7824204765625 0.47223532968750004 0.7832210578125001 0.46716581562500004 0.7868213796875 0.465796075 0.7890035578125 0.460475246875 0.7912196812500001 0.4576668828125 0.79579905625 0.45410151406250004 0.843770271875 0.457776640625 0.847925365625 0.45959875781250004 0.8523550343749999 0.4579357359375 0.8610586984375 0.459026728125 0.8702666796875 0.45755413593750005 0.87895818125 0.453721690625 0.8901196359375 0.445569740625 0.897312384375 0.4432824828125 0.9062054796875 0.44714169375 0.909306209375 0.4217947546875 0.9467259546875001 0.42985975156249995 0.9575664640625 0.43656126874999995 0.9612961296875 0.44395405937500004 0.9618370734375 0.44722854375 0.9609413390625001 0.44914475156250006 0.9586287453125 0.4573080703125 0.9525884046875 0.49066337187500003 0.9130085359375 0.4837358390625 0.9290744468750001 0.4875857640625 0.9325418624999999 0.490688065625 0.9244110234375 0.493918046875 0.918519421875 0.49539898750000005 0.9157166640625001 0.4965733890625 0.9109492843749999
0 0.4655765984375 1 0.46814830937499996 0.9959941000000001 0.47171424375 0.9943638531250001 0.4726283265625 0.9918006578125 0.4699589515625 0.989186296875 0.465867025 0.989920571875 0.46216275937500007 0.9930182484375001 0.4613033125 0.9986649515625 0.4606719609375 1 0.4655765984375 1
0 0.5392099625 0.7670844296875 0.5354757734375 0.7795289984375 0.5380584515625 0.778754178125 0.54026506875 0.766827696875 0.5392099625 0.7670844296875
0 0.4913623078125 0.7011370718750001 0.4828972421875 0.7040737390625 0.4859651140625 0.70715694375 0.49172694375 0.7067328296875 0.49474752187500004 0.705860259375 0.49296467968749996 0.69974625625 0.4913623078125 0.7011370718750001
0 0.46539385 0.70482431875 0.4629109640625 0.7104666546875 0.468530028125 0.7125849609375 0.4697747703125 0.70954806875 0.4711943328125 0.7043578125 0.467690703125 0.7022660546874999 0.46539385 0.70482431875
0 0.507640703125 0.6353647359375 0.5149380703124999 0.6418827171875 0.5157530968749999 0.646562565625 0.51840754375 0.6485192093750001 0.5267395125000001 0.6486595921875 0.5302234546875 0.6433975046875 0.5284789328125 0.6370341671875 0.5197930484375 0.63186978125 0.507640703125 0.6353647359375
0 0.6187129296875 0.3367838796875 0.61412739375 0.339732621875 0.6105880328125 0.3489716734375 0.6065491890625 0.36684785937500003 0.6182987515625 0.37484271874999997 0.6201010218749999 0.3711343453125 0.6252958921875 0.3545994625 0.6269115578125 0.347594303125 0.6251918140625 0.341741821875 0.6187129296875 0.3367838796875
0 0.6359543671875 0.290852325 0.6387048625 0.2876627390625 0.6400152015625 0.28697423125 0.6424013265624999 0.27661100781250003 0.6277316125 0.28130638281250003 0.627585353125 0.2923518890625 0.633386265625 0.2922863828125 0.6359543671875 0.290852325
0 0.3999576640625 0.3254834609375 0.40044755781249997 0.32044419375 0.3990018609375 0.3183432625 0.39573252187499997 0.316841196875 0.3887753953125 0.339988190625 0.39393879374999996 0.3393361140625 0.396058115625 0.336623009375 0.3963389921875 0.3337324203125 0.3988767921875 0.329470634375 0.3999576640625 0.3254834609375
0 0.4154933015625 0.267387665625 0.42331983749999996 0.25595042968750004 0.42351514687499997 0.253861128125 0.4227275625 0.2525215 0.42181165624999994 0.24953581875 0.4223565640625 0.2485647578125 0.4252620109375 0.2465238453125 0.42876470468749994 0.2361377734375 0.4307847609375 0.2316666546875 0.4306255484375 0.2247713 0.422864221875 0.22273570937499998 0.4241082234375 0.22009794375 0.424180290625 0.214673565625 0.42492192656250005 0.2114611890625 0.42662639999999996 0.2090516046875 0.42831491406250005 0.204502340625 0.4286936203125 0.199958575 0.42801882031250005 0.1985680125 0.42514840937500004 0.19542135 0.40708512968750005 0.264354434375 0.41150227656249994 0.2674139921875 0.4154933015625 0.267387665625
0 0.4498078921875 0.2451990125 0.4482708921875 0.2426183703125 0.44674371874999996 0.241398246875 0.44370934218749997 0.240816371875 0.44113543125000004 0.2417615953125 0.43986757499999996 0.24276620000000002 0.4383095328125 0.2447637890625 0.4376531640625 0.2466343953125 0.44335255625 0.24764070781249997 0.44895070625000005 0.2467378140625 0.4498078921875 0.2451990125
0 0.6424812531249999 0.2174325609375 0.6416535046875 0.2210179375 0.6413388609374999 0.22430483906249998 0.6428280187500001 0.22876668281249998 0.6432365890625 0.23169938124999997 0.642705871875 0.23496365937500002 0.64332845 0.23996309375 0.6447847234374999 0.2454147859375 0.649089265625 0.2453501921875 0.6521702890625 0.23310922343749998 0.65785250625 0.20999021875 0.6571010421875 0.21060569999999998 0.65191988125 0.2120987734375 0.6473739234375 0.2126047484375 0.6456126203125 0.21407272812499997 0.6424812531249999 0.2174325609375
0 0.45594640468750003 0.1022376609375 0.45543539062500005 0.0964702015625 0.4559532203125 0.09326869531250001 0.4568748421875 0.090242196875 0.4568438453125 0.0860977515625 0.4560702640625 0.0840445484375 0.4522088 0.084968334375 0.4517728015625 0.088523884375 0.44808422812500004 0.1028407640625 0.4498257546875 0.104952265625 0.452596696875 0.1085089359375 0.45594640468750003 0.1022376609375
0 0.46822677968750004 0.054859278125 0.46420006718750007 0.052053425 0.4607094921875 0.05185693125 0.45401844062499996 0.077602246875 0.45755153593750003 0.076461534375 0.45927946875 0.074908878125 0.461130575 0.0736909453125 0.46500104843749995 0.0728462125 0.46650885937500003 0.0719900140625 0.470520253125 0.06831218125 0.47138546562499994 0.06487015625 0.4705074390625 0.0625955953125 0.4698544046875 0.05890889218749999 0.46822677968750004 0.054859278125
0 0.47614392499999997 0.026366223437500003 0.4762087984375 0.0239597640625 0.47118505 0.0228400296875 0.46695291250000004 0.0288354171875 0.4659423375 0.042492492187499994 0.468967615625 0.037709828125 0.47000390156250005 0.035846753125000005 0.4718109828125 0.032027239062500004 0.47374024062500003 0.0291788484375 0.47614392499999997 0.026366223437500003
0 0.25189826718749997 0.1055770953125 0.25322523124999996 0.1074421484375 0.25601860468750004 0.1090957140625 0.258543534375 0.1096754328125 0.26068233125 0.10908678281249999 0.261076390625 0.1069214921875 0.2590540953125 0.105296809375 0.2543551890625 0.1032979296875 0.25189826718749997 0.1055770953125
0 0.190708259375 0.32991683906249997 0.19552458749999999 0.329899840625 0.1965874171875 0.3272202484375 0.1966477453125 0.32458342500000004 0.1926061734375 0.324120209375 0.185872946875 0.3250705453125 0.1873552546875 0.328902196875 0.190708259375 0.32991683906249997
0 0.1676252625 0.4233710828125 0.1694005375 0.4252738890625 0.1748203921875 0.42735903437499995 0.1783568015625 0.42709304843749996 0.1809995234375 0.425446903125 0.1808558484375 0.422700440625 0.17713575937499998 0.4197055953125 0.172127475 0.4172824984375 0.1685182140625 0.4163706578125 0.1651595421875 0.41833259375000004 0.16581126562499998 0.4210247609375 0.1676252625 0.4233710828125
0 0.1352055609375 0.6576708250000001 0.13346965 0.6469011796874999 0.11643001875 0.6565064671874999 0.11010340625 0.6600298421875 0.10636165 0.6582888203125 0.10192504843750001 0.6566054703125 0.0978499578125 0.6588991234375 0.0881394 0.6566588671875 0.088155059375 0.6545280906250001 0.08229376875 0.649034409375 0.07430471562499999 0.651340109375 0.07904391250000001 0.6570542109375 0.088945390625 0.6627878875000001 0.10007066406250001 0.666547834375 0.1087529125 0.6692690984375 0.1181228 0.6701093375 0.11519735625000001 0.6693473515624999 0.12792940625 0.6696969625 0.1313410515625 0.6660955484375 0.1332443921875 0.66112281875 0.1352055609375 0.6576708250000001
0 0.0374771734375 0.6538930203125 0.01843885625 0.6486573921875001 0.0201328796875 0.6527736515625 0.0229073421875 0.6550161828125 0.027635570312500003 0.6565616000000001 0.03277650625 0.6569097953124999 0.0374771734375 0.6538930203125
0 0.028200707812499996 0.5736448265625 0.046316996875 0.5774841312500001 0.0498962 0.574219671875 0.0431920375 0.5687302437499999 0.028200707812499996 0.5736448265625