0 0.6464983140625 0.0284261125 0.6397681015625001 0.0240057703125 0.63242164375 0.021386250000000002 0.6279783234375 0.021316096875000003 0.623737234375 0.0222656921875 0.619041315625 0.025804153125 0.6176926390624999 0.029095575000000002 0.6164625578125 0.030959559375 0.6141293531249999 0.031320087499999996 0.6139755015625 0.0341757484375 0.6165844859375 0.038787453124999996 0.619811959375 0.040939009375 0.6249975734375 0.042617865625 0.6349548 0.041962396875 0.64285318125 0.042702359375 0.6496216234375 0.0423495953125 0.6515928 0.035860199999999995 0.651041003125 0.0324692390625 0.6464983140625 0.0284261125
0 0.565348465625 0.0158457875 0.5652175734375 0.012347509375 0.56122415625 0.0083183015625 0.5577816046875 0.0074312109375 0.554056884375 0.00788063125 0.5507873140624999 0.009174628125 0.5516592046875 0.0110227859375 0.5532430359375 0.012560078124999999 0.5517357015625 0.014194815625000001 0.5500521 0.015162473437499999 0.5492711156250001 0.0172280046875 0.552050690625 0.019283634375 0.555320353125 0.0209633765625 0.5633238296874999 0.0200396828125 0.565348465625 0.0158457875
0 0.435847678125 0.0349072546875 0.4404232890625 0.030322898437500002 0.4399783046875 0.026677432812500002 0.44021888281250005 0.0220000125 0.437568409375 0.018713440625 0.4336913328125 0.019595959375 0.431907775 0.02209566875 0.4310938765625 0.0379427265625 0.435847678125 0.0349072546875
0 0.6452490734375 0.0817305671875 0.64832310625 0.0770673140625 0.6490642109375 0.07040327187499999 0.647814778125 0.06828364218750001 0.6449927171875001 0.0680740953125 0.6387437109375 0.06888891875 0.6344344421875 0.0699450609375 0.63406575 0.07497354687499999 0.63429459375 0.078597196875 0.636573965625 0.08243168906250001 0.638994921875 0.08365144531249999 0.6452490734375 0.0817305671875
0 0.5428781859375 0.06257598125 0.5445075140625 0.061870853125 0.5494032140625 0.060449078125 0.5521999484375 0.05962124375 0.5538124078125 0.0589124703125 0.5544027953125 0.056629906249999994 0.552686953125 0.0540137984375 0.551492540625 0.052151228125000004 0.5474841734375 0.0512182765625 0.544343365625 0.051925153125 0.544361653125 0.0545327546875 0.5436086625 0.055216396875 0.5419458015624999 0.052899601562499995 0.540426728125 0.0527067859375 0.5385089437499999 0.053555959375 0.5385892812499999 0.0556453859375 0.5375467406250001 0.0561486453125 0.5362826562499999 0.054597090625 0.5338586390625 0.055261315624999995 0.531012221875 0.0560578625 0.5303423421875 0.053795296874999995 0.5275434765625 0.054268667187499994 0.5237292499999999 0.05633170625 0.5233897875 0.056814246874999995 0.5208458968749999 0.05521102343749999 0.5181523484375 0.0541215171875 0.51588858125 0.05583969062500001 0.5152054265625 0.058685459375000006 0.5152868078124999 0.06125358125 0.5160260359375 0.0644770734375 0.5174011953125001 0.066572784375 0.519215271875 0.0674016046875 0.520923053125 0.0672114390625 0.52402656875 0.06575694531250001 0.528217159375 0.0660007171875 0.5293423078124999 0.066940153125 0.5297488546875 0.06478299374999999 0.5323574046874999 0.0633338453125 0.5334798703125 0.06473105312500001 0.5346216171875 0.0658173578125 0.5388472281250001 0.06621183281250001 0.5396785921875 0.063787265625 0.540979865625 0.0614203953125 0.5428781859375 0.06257598125
0 0.43317570937500005 0.06475882031249999 0.43557781562500003 0.0649781984375 0.43776100781249994 0.063993171875 0.43920450468750005 0.06196805625 0.43819386875 0.059506228125000005 0.4324654921875 0.0582219796875 0.431736509375 0.06058198125000001 0.43239787031250004 0.062670334375 0.43317570937500005 0.06475882031249999
0 0.6256406921875 0.1289868984375 0.62242184375 0.1292780390625 0.6187654734375 0.1287220453125 0.6164770468749999 0.1275768078125 0.613571184375 0.12724205156249999 0.6064288 0.12408873437500001 0.6047275937500001 0.1213406140625 0.6016271515625 0.1215392453125 0.59854881875 0.12245529375 0.5957473109375 0.12153986562500001 0.5932737 0.11874885312500001 0.5949647984374999 0.11597646875 0.594587434375 0.11143412187499999 0.594380903125 0.1103981046875 0.589850540625 0.10889573125 0.5847020406250001 0.106106875 0.582990846875 0.1057094328125 0.579584240625 0.10868362812500001 0.575810928125 0.111734015625 0.5737055343749999 0.11817544531249999 0.5740646093749999 0.12117437187499999 0.57017389375 0.11918066406250001 0.56615898125 0.120044684375 0.5641875328125 0.12036934531250001 0.56206475 0.120529021875 0.558298440625 0.12279157656249999 0.5588338703125 0.125520921875 0.5598605703125 0.12841606249999998 0.5630068140625 0.129934246875 0.5624149 0.13338313125 0.5602618140625 0.13502044062500002 0.556525840625 0.1372410671875 0.5552100703125 0.1336744421875 0.552570025 0.134456971875 0.54492208125 0.135690365625 0.5416847671875 0.14013206875 0.540343575 0.1422342890625 0.5372526125 0.14420195 0.535594575 0.1471153515625 0.53929145 0.14980310937500002 0.5422148578125 0.151161696875 0.547798484375 0.15103497500000002 0.5562305078125 0.1499545265625 0.5576567984375 0.1499029640625 0.56070133125 0.1534803515625 0.564070971875 0.148576328125 0.5682017453125 0.150627846875 0.5724165953125 0.151686903125 0.5760784796875 0.15059535 0.5795539265625 0.15030423125 0.5822850265625 0.1503058296875 0.5843596640625 0.15073058125 0.58789666875 0.15227155625 0.5909987640625001 0.1530082234375 0.59331993125 0.15343805625 0.595605190625 0.15535270625 0.5957234406249999 0.15803082968749999 0.596648196875 0.16234600625 0.596919334375 0.162881478125 0.6008104609375 0.161243478125 0.6001813312500001 0.15749511562500002 0.6018963187499999 0.153502484375 0.603558403125 0.1502227828125 0.6060645578125 0.149453725 0.6105176609375 0.147700540625 0.61187493125 0.14674948593749998 0.612228171875 0.1443213109375 0.6161501953124999 0.1434317171875 0.618464475 0.1436355890625 0.6200072828125001 0.145378790625 0.62230806875 0.146859284375 0.6254339328125 0.1471203015625 0.62857829375 0.1459101078125 0.62882095625 0.143254259375 0.6281893640625 0.14006444843750002 0.628688075 0.1360027640625 0.62922639375 0.1327724140625 0.6325247875 0.130743640625 0.6300045390625 0.12905044062499998 0.6267740749999999 0.129525915625 0.6256406921875 0.1289868984375
0 0.5231886484375 0.1260196421875 0.523350390625 0.12811276875 0.5251544234375001 0.130023428125 0.5280444906249999 0.13084583125 0.529289425 0.12886088125 0.5321206187499999 0.1262395015625 0.5292068828125001 0.125494478125 0.52702053125 0.1251205546875 0.524821421875 0.1248505375 0.5231886484375 0.1260196421875
0 0.5873571625 0.17929473437500001 0.589377184375 0.174407609375 0.5902965328125 0.16922791718750002 0.5883778093750001 0.1668922984375 0.5839219546875001 0.16596265 0.5789328609375 0.1666834421875 0.577353203125 0.1681251140625 0.5760757015625 0.17010606718750002 0.574418571875 0.1722812640625 0.570152384375 0.17265318125 0.5685670375 0.1714872234375 0.5668087796875 0.1726141578125 0.566129475 0.17358233750000002 0.563081365625 0.1743163375 0.5602018171875 0.1717415296875 0.55644091875 0.17142142968750002 0.5538455640625 0.1741221421875 0.5525383359375 0.176601625 0.5515868578124999 0.1807352296875 0.550114078125 0.1848835390625 0.5494823281250001 0.18686192031249999 0.5503602875 0.1899812296875 0.54920299375 0.19216270156249998 0.5457299609375 0.19089562499999999 0.545545625 0.194435484375 0.5449993906249999 0.1977687609375 0.54814923125 0.20315527968749997 0.55022684375 0.20645337343749998 0.5539032374999999 0.2094361453125 0.5552950484375 0.21401174531249997 0.5561434921874999 0.2173714375 0.5557566015625001 0.22009930781249998 0.5553029 0.22453803906249997 0.55202613125 0.229993428125 0.5517565453125 0.234432725 0.553993346875 0.23758821874999997 0.557446928125 0.23775723906250001 0.5607610796875 0.240818325 0.5663499609375 0.24087958125000003 0.5709161390624999 0.2379233984375 0.5750524125 0.24018654062499997 0.578941271875 0.2369771765625 0.584613090625 0.23126015781249998 0.5850141343749999 0.227558 0.588377421875 0.22560331250000001 0.5877682984375 0.2222305 0.5865889640625 0.21937329062500002 0.590188103125 0.21563876718750002 0.5909302640625 0.2112354546875 0.5900151671875 0.2093930109375 0.5872949703125 0.20657172343750002 0.5833423796874999 0.21308230312499998 0.580705315625 0.21576372500000002 0.578396296875 0.21965822968749998 0.5757950046875 0.2257664296875 0.5732205671874999 0.23068150781250002 0.5716354015625 0.23155263124999997 0.5707288515625 0.2249224171875 0.57131846875 0.22104348593749998 0.57285074375 0.217692746875 0.571283334375 0.21568835000000003 0.568341703125 0.2145935703125 0.5678526765624999 0.21003751249999997 0.571672971875 0.204360775 0.5760030015625001 0.19958411874999998 0.5809075984375001 0.1957564328125 0.5838985296875 0.19306493593750002 0.58757228125 0.19217162031249999 0.5896967359375 0.1864724203125 0.5886438765625 0.1817133234375 0.5873571625 0.17929473437500001
0 0.5061835640625 0.1877164984375 0.5034620000000001 0.189509121875 0.5003725890624999 0.19272061875 0.5008053859375 0.19522169375 0.506054346875 0.19848728437500002 0.5102511562500001 0.20184722812500003 0.5124850125 0.2022317078125 0.5128023296875 0.19941658281250002 0.5155480765625 0.196093625 0.5184253953125 0.19258374375 0.5153209234375 0.1889816796875 0.5142717875 0.1865513328125 0.5110463328125 0.1871014109375 0.5061835640625 0.1877164984375
0 0.519051878125 0.2563179703125 0.517406421875 0.25362864531249996 0.5144042609375 0.2528601703125 0.5104844640625 0.2535264953125 0.5102270078125 0.254110409375 0.507124259375 0.2594690984375 0.5085099843750001 0.26320960625 0.5126576421875 0.2659826234375 0.516932059375 0.26742838281250003 0.521174903125 0.2633746140625 0.522427809375 0.2614016609375 0.519051878125 0.2563179703125
0 0.6660778625 0.04549731875 0.6664366937499999 0.049805978125 0.664668878125 0.05543404843750001 0.6633511249999999 0.061884031250000006 0.6628017421875 0.0679482171875 0.6616147859375 0.0735893625 0.6600697796875 0.0757232296875 0.6598639203125 0.0791691390625 0.6612985109375 0.085409234375 0.6600526140625 0.0881071953125 0.6584101390625 0.091047696875 0.6592312890625001 0.095488684375 0.6597311265625 0.09922589375 0.6573958281250001 0.10333441562500001 0.6547911390625 0.1083292140625 0.65152850625 0.1132463765625 0.650972753125 0.1155032828125 0.6545651625 0.12120861406250001 0.6542020296875 0.12416609062499999 0.6525011968750001 0.129671725 0.6518907125 0.13118202031249998 0.6518061281249999 0.1350505484375 0.6518911984375 0.139575896875 0.6497894765625001 0.143525765625 0.6441403078125 0.147365928125 0.6474304984375 0.1484169234375 0.6501948609375 0.147852734375 0.65041899375 0.15127115468750002 0.6469866515625 0.1543523875 0.6486865140625 0.1554190609375 0.6502566265625 0.159106646875 0.6479706546874999 0.16183904843750002 0.6458947968750001 0.16653985468750002 0.6444816109375 0.171087465625 0.640459846875 0.1745843375 0.63555341875 0.1743754625 0.6303259140625 0.1768584609375 0.6277668750000001 0.18048140937499998 0.6234635703125 0.183027509375 0.6183336109375001 0.18322882499999998 0.6196214437500001 0.169817053125 0.6147709046875 0.1673324015625 0.6071222859375001 0.16639169375 0.6011938171875 0.16728837968750002 0.5961712218749999 0.16882051250000002 0.5953107296875 0.1717515546875 0.599109115625 0.174330559375 0.6070065421875 0.178629746875 0.6068853359374999 0.180104090625 0.605502546875 0.1836605171875 0.60695325625 0.1878718296875 0.6117280921875 0.18985760000000002 0.615846865625 0.191827359375 0.61469758125 0.19821302031250002 0.6126754546875001 0.2001812546875 0.61332394375 0.20587459843749997 0.6164493125 0.2083064234375 0.6232916734375 0.20772345312499998 0.62700595625 0.21012841093749998 0.631917275 0.213733509375 0.6311968296875 0.21707530625000002 0.6291935390625001 0.2206594453125 0.62808248125 0.22697738437499998 0.629160915625 0.23164359218750002 0.629469734375 0.23576979687500002 0.62729704375 0.239259146875 0.626877853125 0.24175006406250002 0.6223246390625 0.244074996875 0.6182342296875001 0.2439127921875 0.6209834828125 0.24663847187500001 0.6225775953125 0.24924593125 0.621866234375 0.2536420046875 0.6229033546875 0.25776003125 0.6240975859375 0.26131645468750003 0.6290928874999999 0.263263178125 0.6298957953125 0.2646731 0.6296515390625 0.2678419515625 0.630171134375 0.2718413359375 0.63357676875 0.27659336093750003 0.632892303125 0.2791933890625 0.626473609375 0.2815568890625 0.6218626453125 0.28574964375 0.6148240109375 0.2914184796875 0.60527653125 0.2955576625 0.602310315625 0.29989412031249996 0.5974914171875 0.304716225 0.599748903125 0.31060083125000004 0.6002832984375 0.320672278125 0.60314611875 0.32712709375000004 0.607698325 0.33340050468750004 0.6096062796874999 0.3420805375 0.610177325 0.34478906875000004 0.6112968609375 0.349107696875 0.61364429375 0.353669971875 0.6161573140625001 0.360665878125 0.6120660453125 0.3671263703125 0.608684103125 0.365771303125 0.602269309375 0.361218096875 0.595870784375 0.3603017953125 0.590899021875 0.3622148375 0.5859908625 0.3612123359375 0.5806885937499999 0.36504786562499997 0.5796589125 0.3675362390625 0.578394484375 0.37266726562499997 0.578625025 0.3767130171875 0.5805202890625 0.383662984375 0.5835927375 0.38724379999999997 0.5815624296874999 0.3908812921875 0.5748533671875 0.3991739140625 0.578369453125 0.40089808125 0.5849948078125 0.40300559218750004 0.5908267171875 0.4070621859375 0.5962359171875 0.4083560453125 0.601672728125 0.40942503124999996 0.6033395578125 0.41897906875 0.5982082265625001 0.42237118906250004 0.5982096953125 0.426064521875 0.597686553125 0.43020979062500003 0.5978613015625001 0.4335560296875 0.5962041734375 0.43946216250000003 0.59745001875 0.4430469625 0.60012498125 0.4488521671875 0.604467165625 0.45364362343750003 0.6073142953125 0.45921336718749994 0.60542125625 0.4642971203125 0.605304515625 0.4695942515625 0.6031432375 0.47858065468750005 0.5995945578125 0.48545567500000003 0.597960975 0.4906059171875 0.5974732046875 0.49488619062500006 0.5961768765625 0.4994308328125 0.5959669375 0.5042048953125 0.5927362328125 0.5097210375000001 0.59071558125 0.51325424375 0.5876846234374999 0.5157204328125 0.58283511875 0.518150665625 0.5836286078125 0.5218168828125 0.5849857703125 0.5257900203125 0.589913384375 0.5279803078125 0.5941682890625 0.52927726875 0.59216250625 0.5345612734375 0.5922292296875 0.5424028546875 0.59211720625 0.546930765625 0.5933122281250001 0.5504935843750001 0.592290003125 0.5567547375 0.5912731859375 0.5614974203124999 0.5843795921875 0.5645362031250001 0.5828823609375 0.5690246937500001 0.584466915625 0.5737357296875001 0.586170725 0.5773216640625 0.5866097375 0.5828491796875 0.5851626296875 0.5851729546875 0.5864048125 0.5892106859374999 0.5835362171875 0.5934316171875 0.5818343984375 0.5962656546875 0.5803222140625001 0.600029734375 0.581397565625 0.605592878125 0.5788114015625 0.6104624390625 0.5795710625 0.6149682921874999 0.5828438203124999 0.618776778125 0.5859839734375 0.614305828125 0.5838647703125 0.6114874921875 0.585342265625 0.607723875 0.5866109046875 0.60603306875 0.5885536609375001 0.608724265625 0.589654653125 0.6086296124999999 0.590759603125 0.6017331796875001 0.5895990203125 0.60036435 0.5909908515625 0.5984651265625 0.5918865984374999 0.5939263968749999 0.59234725 0.5912516625 0.592824565625 0.5903515609375 0.590837625 0.5889946109374999 0.590184078125 0.584714309375 0.5916937796874999 0.5806114640625 0.5931802609375 0.5771464796875 0.5944033125 0.5760577296875 0.5953793468749999 0.567723934375 0.5934334515625 0.5683020359375 0.5921181796874999 0.568782828125 0.5903670875 0.5678641390625 0.591864025 0.5660832953125 0.59500656875 0.56270830625 0.5946606171875 0.5600384328125 0.5968588640625 0.5569819859375 0.5976529765625 0.5543607890625 0.5968480625 0.5520312671875 0.5953317328125001 0.5505211546875 0.5948423843749999 0.5498140609375 0.5960972265625 0.548017659375 0.59780489375 0.5452000828125 0.5996234921875 0.543838125 0.6157193765625 0.438146284375 0.6197949671874999 0.40922269375000003 0.6209505859375 0.4014776734375 0.6389148953125 0.2899024953125 0.656100809375 0.1743843125 0.6674386546875 0.095455853125 0.678317765625 0.0284305234375 0.679858759375 0.018328965625 0.6736367359375001 0.0175649984375 0.6728225390625 0.0174650265625 0.6703335078125 0.0224409671875 0.6682746828125 0.0258876265625 0.665598984375 0.0286272734375 0.66322316875 0.031219556250000002 0.662242490625 0.0326293 0.6625820078125 0.035813159375 0.6646490171874999 0.039492489062500004 0.6660778625 0.04549731875
0 0.5119396234375 0.3507315125 0.5105197421875001 0.35265405156249996 0.5103248312499999 0.35543383125 0.5120903078125 0.3571713140625 0.514849359375 0.35763759687499996 0.5177595968750001 0.35642384374999997 0.5180429734375 0.355462146875 0.5178378968749999 0.3537604078125 0.5175995484375 0.3521757984375 0.51541379375 0.350566175 0.514041384375 0.3498199203125 0.5119396234375 0.3507315125
0 0.5911482296874999 0.32702981875 0.5913758421875001 0.32538120625 0.5894112234375 0.325727171875 0.5874804640625 0.3266692046875 0.58653208125 0.3268030625 0.583652596875 0.32585601875000003 0.5813489859375001 0.3270781390625 0.5790998296875001 0.329985078125 0.5772411421875 0.330827340625 0.5787617078125 0.3319696015625 0.5784520015625 0.333299584375 0.5786678703125 0.33577245 0.5788314875 0.3365040921875 0.5808033296875 0.3368044515625 0.5821565234375 0.33602763593749996 0.5865086796875 0.3377505609375 0.588634921875 0.3365113859375 0.5909517265625001 0.3352971828125 0.590078715625 0.3332017328125 0.5918373640625 0.331276709375 0.5918917265625 0.32892360625 0.5911482296874999 0.32702981875
0 0.5683987171875 0.2988126484375 0.5670814421875 0.2973993921875 0.5643356500000001 0.2973251484375 0.562490396875 0.297929775 0.5614941390625 0.2985048359375 0.5618108 0.3004516890625 0.5632094484375 0.301676584375 0.5631613468750001 0.3042351046875 0.565397675 0.3056636046875 0.5680623375 0.304616478125 0.5692534421875 0.30203143125 0.5683987171875 0.2988126484375
0 0.5408131609375 0.30362260625 0.5388444406249999 0.300578740625 0.5351082578125 0.29950604375 0.53350806875 0.30015335468750004 0.531982234375 0.2994386375 0.5285581703125 0.30160625625000004 0.52729371875 0.3031732125 0.524907671875 0.304451328125 0.5237639390625 0.3059197640625 0.5237656187499999 0.3092652171875 0.523631190625 0.312052421875 0.525550896875 0.3132389703125 0.5288085265625 0.313401246875 0.5314480421875001 0.31202044375 0.5342490234375 0.31260679375 0.5379337140625 0.31050895624999997 0.540181009375 0.308347975 0.5408131609375 0.30362260625
0 0.5284694156249999 0.31377835625 0.5253835484375 0.31355058593749996 0.523017571875 0.314524190625 0.5210568624999999 0.316928159375 0.5205439984375 0.3171690140625 0.5194184374999999 0.31843817812499997 0.519484696875 0.3212704890625 0.5208839375000001 0.3234777796875 0.522051140625 0.32521579218749996 0.5228491109375 0.3260505125 0.5273846703125 0.3250489171875 0.5298101078124999 0.323437178125 0.5306574515625 0.3189208421875 0.5302660265625 0.3159289625 0.5284694156249999 0.31377835625
0 0.5259305140625 0.279376578125 0.523839109375 0.2786396453125 0.5210879859374999 0.27869855625 0.5180106359375001 0.2797989109375 0.5187387218749999 0.2812027953125 0.5178385265625 0.2826365875 0.5176664875 0.2848839359375 0.5193951921875 0.2860234171875 0.520015825 0.2857894984375 0.5223351015625 0.28677322968749996 0.5246659078125 0.28629119062499997 0.525306996875 0.28459574375 0.5257431718750001 0.2823383234375 0.5260897609375 0.28059255 0.5259305140625 0.279376578125
0 0.5786816640625 0.275477828125 0.576174484375 0.27551159375 0.5734022249999999 0.27574265 0.570921096875 0.2763463390625 0.5702859421875 0.27694212500000004 0.5696269328125 0.28028359375 0.5692453609375 0.28233991875000003 0.569497125 0.2840332234375 0.5718320796875 0.28651755 0.5727822437500001 0.28702305156249996 0.5752317984374999 0.2858944140625 0.576936165625 0.2839627265625 0.5790201390624999 0.2808497453125 0.579785865625 0.277831503125 0.5786816640625 0.275477828125
0 0.5027557484375 0.2908424375 0.50417775625 0.29273610156249996 0.5064257109375 0.29336474375 0.509079765625 0.2911860140625 0.5097644625 0.2892251546875 0.51043530625 0.28580013125 0.5089261656249999 0.28456481718750004 0.5071503374999999 0.2846553234375 0.5038846796875001 0.285699496875 0.5023158765625 0.28829641562499997 0.5027557484375 0.2908424375
0 0.50876239375 0.26697468125 0.506693959375 0.2665506921875 0.504019725 0.2665859859375 0.5035694375 0.267971121875 0.5029531296875 0.268144178125 0.5053918578125 0.27084747187499997 0.5069262359375 0.2728131796875 0.5102828546875 0.2744642421875 0.511285984375 0.273397290625 0.5117058859375 0.2710544375 0.5104171859375 0.268613565625 0.50876239375 0.26697468125
0 0.47662551718749996 0.2969157328125 0.4779811875 0.2974521328125 0.4817136421875 0.2972602625 0.4831701171875 0.29647566406250003 0.4859317140625 0.29384416562500004 0.4870769109375 0.28976110781250003 0.48690107187500004 0.2887571953125 0.48542825 0.28729020625 0.4834288625 0.2865346609375 0.4824422015625 0.2855571296875 0.481132834375 0.2836820203125 0.479786784375 0.285157096875 0.478797415625 0.28595811875 0.47670148125 0.285899125 0.47475943281250005 0.28566381875 0.47383029531250004 0.2874230734375 0.47320096093749997 0.2891766359375 0.4722822125 0.289479425 0.4710110046875 0.2918578578125 0.47134958125 0.294433946875 0.47281770625 0.2950801828125 0.47282047968749996 0.29626277343749996 0.4732001078125 0.2985558171875 0.4762698515625 0.29920979999999997 0.47662551718749996 0.2969157328125
0 0.532810021875 0.41324090937499997 0.5305721125 0.412953534375 0.5282750218750001 0.4136994625 0.5263229140625 0.4150717890625 0.52604759375 0.41732692031249996 0.5351908937500001 0.415364078125 0.534312790625 0.41431014531250004 0.532810021875 0.41324090937499997
0 0.578954778125 0.49693053750000005 0.5795158359375 0.49346369687499997 0.5773644171875 0.49053593125 0.5748643671875 0.49055010781249997 0.57417075625 0.4905578234375 0.57104658125 0.491603628125 0.5707751578125 0.4929808140625 0.5716014203124999 0.49603395624999996 0.5740726578124999 0.498536590625 0.578316346875 0.49824534531250003 0.578954778125 0.49693053750000005
0 0.5790056031249999 0.50805559375 0.576268221875 0.506951259375 0.5715969984375 0.50768589375 0.5663366890625 0.5080128859374999 0.5664180453125 0.508260584375 0.564635321875 0.5103432234375 0.5648213906249999 0.5137254859375 0.566135715625 0.5171628453125 0.5689301437500001 0.519097509375 0.5768393203125 0.51830076875 0.577666671875 0.51767820625 0.5826354921875 0.5119299703125 0.580739753125 0.5105354171875 0.5790056031249999 0.50805559375
0 0.5633150671875 0.510672278125 0.5608433875000001 0.509122 0.559819825 0.508996321875 0.557951346875 0.51130299375 0.5581195109375 0.5109206375 0.55661141875 0.512741040625 0.55715854375 0.5153238453125 0.5602609578125 0.516916934375 0.5619667296874999 0.5157174375 0.563665484375 0.51343400625 0.5633150671875 0.510672278125
0 0.5198572875 0.492474840625 0.5224541515625 0.49037724687499995 0.5239482203125 0.48808127656250005 0.5240738265625 0.48622493437500003 0.5228073 0.48506506250000003 0.51918141875 0.48524797968750005 0.5139828296875 0.486149275 0.512579634375 0.4884359375 0.516863225 0.4913326921875 0.5198572875 0.492474840625
0 0.44047304218749994 0.574686565625 0.4414327546875 0.5713961875 0.4399170578125 0.567688521875 0.4354815328125 0.56701639375 0.4321204359375 0.5707738499999999 0.4343428625 0.5747131203125 0.43717124218750003 0.5764866578125 0.44047304218749994 0.574686565625
0 0.377669496875 0.5941575609374999 0.38304537656250004 0.5959022828125 0.3882940515625 0.596016221875 0.3887680203125 0.5938484515625 0.3885539203125 0.5913868234375 0.38803256875000003 0.5879145921875 0.386052603125 0.587000859375 0.382797646875 0.588419440625 0.37871444374999996 0.5892498890625 0.3765448078125 0.59182970625 0.377669496875 0.5941575609374999
0 0.42450930624999994 0.5966957546875 0.42580921250000003 0.5940579484375 0.42210132656250005 0.5917419328125 0.4188432515625 0.5911986359375 0.4170084140625 0.591513309375 0.41462592656249997 0.5938906765625 0.41584438593749995 0.5967369484375 0.41948184218750006 0.5995496453125 0.42286375156249995 0.5993792765625 0.42450930624999994 0.5966957546875
0 0.4600162484375 0.59206658125 0.4550108421875 0.590817578125 0.449887684375 0.5910276015625 0.44609857656249996 0.59092443125 0.4449365390625 0.59146496875 0.4409563296875 0.594110559375 0.438328690625 0.5960485265625 0.4406498671875 0.5993245765624999 0.4468409078125 0.6016101734375 0.452927496875 0.6026566171875001 0.4559363171875 0.601857971875 0.46244786875 0.601815275 0.4641420625 0.5975304312499999 0.46285705000000005 0.59331585 0.4600162484375 0.59206658125
0 0.49199482968749997 0.5977624968749999 0.49027987812499996 0.5947545140625 0.4851886921875 0.5938964078125 0.4796960671875 0.59353841875 0.477016496875 0.59468131875 0.4729541640625 0.5969059515625 0.47309044843750003 0.5993218171875 0.4751929796875 0.6012502390625001 0.48095549374999996 0.602192346875 0.48514341562499996 0.6023680984374999 0.48995994375 0.601078284375 0.49199482968749997 0.5977624968749999
0 0.5643273515625 0.6343314437500001 0.564837190625 0.6314612453125 0.5609418374999999 0.6301848203125 0.5558119734375 0.629808403125 0.5545384015625 0.6298598265625001 0.552379253125 0.6342261140625001 0.5520313375 0.637495584375 0.5537845625 0.6401021140625 0.5597664453125 0.6382831890625 0.5643273515625 0.6343314437500001
0 0.5829393296875 0.6327944671875 0.58430178125 0.6311088812500001 0.5818924796875 0.6291018640625 0.579568503125 0.6283615609375001 0.5796166015625001 0.6282005984375 0.5785180828125001 0.6293392718749999 0.578306534375 0.6327545734375 0.5787592390625 0.634875553125 0.5813287515625001 0.6348982421875 0.5829393296875 0.6327944671875
0 0.57969150625 0.647873553125 0.5798390296875 0.645582265625 0.5806041203125 0.64333846875 0.58067029375 0.6398250328125 0.579450221875 0.6378380953125 0.5766869203125 0.6395988328125 0.5753979546875 0.64121158125 0.5748419703125001 0.6428293203125001 0.5762772890625001 0.645050484375 0.5764645921875 0.647666246875 0.576160471875 0.6493353749999999 0.5789373234374999 0.6488105 0.57969150625 0.647873553125
0 0.5768881890625 0.6992445140625 0.58152041875 0.668736325 0.588076015625 0.619332628125 0.5865807359375 0.619830675 0.585224315625 0.638314078125 0.5840342546875 0.6412880890625 0.5828497015625 0.64607629375 0.5809168390624999 0.6490740203125 0.5769048640625 0.6523501281249999 0.5764834046875 0.656821153125 0.57711796875 0.659063640625 0.5777175640625 0.659757509375 0.5767193078124999 0.6622591875 0.5739358 0.6631972671875 0.5722806703125001 0.664779225 0.569552371875 0.668370371875 0.5679647515624999 0.671492346875 0.56969688125 0.673668096875 0.571859178125 0.6751866828125 0.5739552703124999 0.677449625 0.57216500625 0.686735034375 0.5715854 0.693071 0.5704835828125 0.697672584375 0.5688113484375 0.699586178125 0.5694110375 0.70334351875 0.568823753125 0.71060104375 0.5704133359375 0.712553065625 0.5661059875000001 0.7156449281249999 0.5609642312500001 0.7225195484375 0.5648710546875 0.7232794593749999 0.5669571734375001 0.71999515 0.569547515625 0.720681575 0.5709880421875 0.7184498703125 0.572985640625 0.719540509375 0.5758053203125 0.7056021218749999 0.5768881890625 0.6992445140625
0 0.567448678125 0.731992915625 0.569132909375 0.7299816171875 0.5686988984375 0.7279007140625 0.5674287671875 0.7273086984375 0.5655887828124999 0.72748578125 0.565870934375 0.731380446875 0.567448678125 0.731992915625
0 0.564815059375 0.747800725 0.566336946875 0.74350889375 0.566651778125 0.740265271875 0.566323028125 0.7379296734375 0.5653413890625 0.7364112234375 0.5578035578125 0.7389915125 0.5537144421875 0.7395111109375 0.5538307828125 0.7419355484375 0.55616485625 0.7452604078125 0.555995175 0.7483219234375 0.555737271875 0.7495890015625 0.553400540625 0.7478884234375001 0.5510830234374999 0.7452236265625001 0.5466737140625 0.7427994484375 0.5434814109375 0.7413999718750001 0.53983583125 0.7416151046875 0.538661784375 0.74286886875 0.539824871875 0.7455635109375 0.5434848390625 0.7463466375000001 0.544251128125 0.7466060203125 0.5461157859375 0.7500102015625 0.5461628937499999 0.7517035640625 0.5482465828125 0.754234178125 0.5498825296875001 0.755052146875 0.5535997593750001 0.756676646875 0.5540982671875 0.7593605296875 0.557134625 0.7623890796875 0.5605312421875001 0.764163121875 0.5642287140625 0.7630381578125001 0.5660352843750001 0.7603381984375 0.5630268046875 0.7580954640625001 0.5639578984375 0.757410078125 0.56510084375 0.753627421875 0.564815059375 0.747800725
0 0.565049746875 0.7794165484375 0.5672115828125001 0.7673998140625 0.5661137 0.7641228390625 0.5609298875000001 0.7639806578125 0.5593353640625 0.7661588187499999 0.5557847453125 0.7715239109375001 0.55154276875 0.77419875625 0.5467126078125 0.7753688296875 0.544883140625 0.7774347109375 0.5497322578125 0.7807771453125001 0.5538498078125 0.7828081499999999 0.553595575 0.7839812234375 0.554432871875 0.7877394015625 0.5546937437499999 0.7890764734375 0.5540550953125 0.79411116875 0.55426341875 0.7962352015625 0.554082 0.7988025421875 0.55450251875 0.8034934421875001 0.5540370484375 0.8060022921875 0.5529273406249999 0.8106296687500001 0.5512285328125001 0.815464928125 0.55287903125 0.820997940625 0.550678571875 0.8236621296875001 0.5536131875 0.826160265625 0.55677483125 0.8227451171875 0.5590297171875 0.8205992359375 0.5600641953125 0.8184436140625 0.5600513890625 0.8139066734375 0.5602437140625 0.8123403109374999 0.5625389703125 0.8000062218749999 0.5637118296875 0.7894155281249999 0.565049746875 0.7794165484375
0 0.4914934625 0.8470879546875001 0.48757014062500004 0.84462899375 0.48487649218750006 0.8427838421875 0.4818548296875 0.8423152249999999 0.48000325312500003 0.84242004375 0.47631971249999994 0.8422904796875 0.474734028125 0.8431017187500001 0.47368790625 0.8453393453125001 0.474157896875 0.8478323921875001 0.47595568593750004 0.8515888625000001 0.47963748281249996 0.8540276140625 0.48358297187500004 0.854921359375 0.489548534375 0.8545046484375 0.4921000875 0.8518914375 0.4923038875 0.8488341109374999 0.4914934625 0.8470879546875001
0 0.55242360625 0.8250019703125 0.5501529265625 0.8266610484375001 0.5510613234374999 0.8294298921875001 0.549788571875 0.8309234156249999 0.5493233078124999 0.8317510078125 0.5460970046875 0.8357312390624999 0.5463693703125 0.8401158640625 0.5447478171875 0.84296290625 0.542147403125 0.8457432812500001 0.541356365625 0.8483522625000001 0.542301890625 0.8531265171875001 0.54195630625 0.8560436453125 0.538717575 0.86036868125 0.5349245781249999 0.8627460265625 0.5279478265625 0.8653338140625 0.5242285890625 0.8676745625000001 0.518272903125 0.8681774953125 0.509695803125 0.8666316249999999 0.5068927859375 0.8675106375 0.5085130796875 0.8704818109374999 0.51677880625 0.872948159375 0.5259479484375 0.874390409375 0.53245673125 0.8745882296874999 0.537796553125 0.8747291031250001 0.536301809375 0.8785819078125 0.5312645390624999 0.8808489796875 0.5290202078124999 0.8854346453125 0.5293364140625 0.8901930234375 0.5356063921875001 0.8965026109374999 0.5266623609375001 0.8947526890624999 0.525233 0.8949959312500001 0.5195724562499999 0.8962875875 0.5156766625 0.89596351875 0.5188486859375 0.8993487625000001 0.5255344078124999 0.901054384375 0.531839975 0.9025354421875 0.5331958343750001 0.9053781187500001 0.5377088031249999 0.9065477671875 0.5374121921875 0.90943785 0.5388181671875001 0.912244175 0.5360613921875 0.9162852046875001 0.5330099875000001 0.9218154921874999 0.5330890671875 0.9249280171875001 0.5328618984375 0.92935520625 0.5333145640625 0.9334124906250001 0.5308128078125 0.937530484375 0.5318771453125 0.9396447046875 0.5318603562499999 0.943230321875 0.5325115031250001 0.9460557375 0.530315246875 0.9493139296875001 0.5297346015625 0.9529531046875 0.5322572296875 0.95396023125 0.5363393859375 0.952471625 0.538315534375 0.9518138031250001 0.5397440953125 0.9511155078125 0.5412296984375 0.9399650062499999 0.5451744656249999 0.9119273890624999 0.557150271875 0.8313802375 0.5568098546875 0.8255625734375001 0.5558353046875 0.8247171921875 0.55242360625 0.8250019703125
0 0.44895051874999997 0.8940328828125 0.4578842984375 0.8960586109375 0.4655889578125 0.8966582921875 0.477941290625 0.897099765625 0.4842915296875 0.89720413125 0.49296162031249996 0.8984670375 0.49319374375 0.8990638375 0.49577686718749997 0.8981294890625 0.49739382499999996 0.896640446875 0.4997896078125 0.8962702859375 0.5029921578125001 0.8983684046875 0.5069732640625 0.8981771546875 0.508602303125 0.8967179328125001 0.506002071875 0.8954068968750001 0.5063221359375001 0.893761765625 0.503663484375 0.8922341828125001 0.5020188515624999 0.8923203328125 0.5009905031249999 0.89479785 0.4984781515625 0.8946814296875001 0.4974905640625 0.8936345187500001 0.49391256875 0.8913376 0.490829925 0.8893014296875 0.4886165328125 0.8879040828125 0.4825321265625 0.889545125 0.48118926249999994 0.8899044609375 0.47909371093750003 0.8886884515625001 0.4730086421875 0.8874501374999999 0.46921417343750005 0.8872880625 0.46357588437499997 0.8860778453125 0.46053831875 0.88622595 0.45663533906250003 0.887050190625 0.45241859531250006 0.8853013890625 0.45391246875 0.8827377750000001 0.43928588281250003 0.880984359375 0.437466865625 0.8818881640624999 0.43243371562500005 0.8835575328124999 0.42915656249999995 0.8839517125 0.4234571359375 0.8850984875 0.420824603125 0.8871917015624999 0.42295634375 0.889805353125 0.4292240875 0.8923380765625 0.43627632656250004 0.8940587921875001 0.44895051874999997 0.8940328828125
0 0.340573728125 0.955665725 0.3413427109375 0.9497875 0.3409651171875 0.9435418046875 0.3415247640625 0.9389838453125 0.3409752703125 0.9338945703125001 0.3382896703125 0.93058636875 0.33743031874999996 0.9297771703125 0.3441373875 0.9248342765625001 0.3451740921875 0.9213014734374999 0.3455506828125 0.9166958515625 0.34650656562500004 0.9124494421874999 0.3473128984375 0.9100107812499999 0.34698773906249997 0.9063894749999999 0.34492703750000003 0.9037357453125001 0.3477524984375 0.902750865625 0.3492662953125 0.8967940750000001 0.3530342015625 0.8941082484375 0.3499637515625 0.8910881046875 0.3482048390625 0.8896048796875 0.3541775875 0.8892835031249999 0.3584005296875 0.8908536046875 0.364282978125 0.8894727015624999 0.3663217390625 0.887933125 0.36724426875 0.8899842796874999 0.3688910515625 0.89239355625 0.3752093234375 0.8925915984374999 0.3750482125 0.8895445640625 0.373307009375 0.8891607531249999 0.3762193421875 0.8855323828125 0.37606800625000003 0.8840340203125001 0.38353268906250004 0.8882548859374999 0.38475068281249997 0.889733090625 0.38934864375 0.889351534375 0.3865454390625 0.8855267124999999 0.3804388265625 0.883297134375 0.3740549 0.8817875656249999 0.373703375 0.8842915140625 0.36653045 0.8841947578125 0.364503115625 0.883243725 0.36004926406250004 0.8855415015625001 0.3569937890625 0.88787401875 0.35178975625 0.8862810578125 0.3478351046875 0.888115909375 0.34435676718749997 0.8893024125 0.3431288375 0.8912642640625 0.3410759046875 0.8917268984375 0.338403859375 0.900937096875 0.336638278125 0.9154063406249999 0.33517368593749997 0.9243728109375 0.33562355781250003 0.9288374781250001 0.334252128125 0.934224559375 0.334282259375 0.9371972640624999 0.3323293640625 0.9411402203125 0.33248343125 0.9443343671875001 0.3311598484375 0.9491779156250001 0.33072904375 0.9518531671874999 0.3313254734375 0.9570473828124999 0.3317947796875 0.9606486078125 0.33008242499999996 0.964337734375 0.3303238828125 0.9674355640625001 0.32984819375 0.9705020109375001 0.328644209375 0.9726021875 0.32893118593750004 0.9757780203124999 0.3280732890625 0.9791879484375 0.32735425937499996 0.98255668125 0.3361615546875 0.98363808125 0.3364723859375 0.9790936515625001 0.335962253125 0.9772993578125 0.337033440625 0.9742037031249999 0.338274025 0.97235675 0.338693140625 0.9689433218750001 0.33766676093750003 0.9645070453125 0.33818972187499996 0.9607222546875 0.340573728125 0.955665725
0 0.3468667078125 0.8591806500000001 0.35003852812499997 0.85829811875 0.349493940625 0.8560792734374999 0.3506218015625 0.8541759765625001 0.35586997187499997 0.8548581515624999 0.36172844375 0.8531468640625001 0.361731321875 0.8528670046875 0.36220645 0.8514975124999999 0.3611697984375 0.8500809296874999 0.360715428125 0.8489735515625 0.35843614687500003 0.84917698125 0.35744664843749996 0.8502739437500001 0.3544889625 0.8503484218749999 0.352264615625 0.8493480109375 0.35093565937500004 0.848709415625 0.348201459375 0.8487971671875 0.34605626875 0.8494342328125001 0.344509925 0.8513994921875 0.3432671734375 0.8524307265625 0.3432697984375 0.8554992312499999 0.34445001875000003 0.8577851015625001 0.3468667078125 0.8591806500000001
0 0.5319538484375 1 0.5336337796875 0.9893795000000001 0.5352974500000001 0.9790993734375 0.5370704515625 0.9680313859374999 0.53760534375 0.9636750390625 0.53887935625 0.9552093890625001 0.5373474171875 0.9527622640625 0.533131165625 0.9535480390625001 0.53166400625 0.9596506625 0.530551278125 0.9617384296875 0.5313304859375 0.9667646062499999 0.5307536578125001 0.9682444015625 0.5295307328125001 0.9725886828125001 0.528818015625 0.976008565625 0.525863825 0.9802599171875 0.52756376875 0.9825182968749999 0.5273587046875 0.9899707296875 0.5310681484375 0.988914928125 0.5290885656250001 0.9954599625 0.52908628125 1 0.5319538484375 1
0 0.461665590625 0.9806908953125 0.46073842656249997 0.978203109375 0.45479201874999997 0.9774509421875001 0.454207734375 0.977645246875 0.45363730625 0.9794831796875 0.4574316515625 0.9826079468750001 0.45964188437500003 0.9826463437499999 0.461665590625 0.9806908953125
0 0.26762882656250003 0.9112118125 0.278433146875 0.9132090406250001 0.2893980046875 0.9156809328125 0.29461663125 0.9153472484374999 0.298270625 0.9166790484374999 0.29827202656249996 0.9135905734374999 0.2995927328125 0.9102705296875 0.2938305921875 0.9102100375 0.28547335937499996 0.90870690625 0.2799675265625 0.9078923421875 0.2715418953125 0.9064847109375 0.26890920937499996 0.905399528125 0.2652993375 0.9035930046875 0.261989971875 0.9028135734375 0.254631034375 0.9018470390625 0.2520980078125 0.9018477218750001 0.2414927125 0.9022425796875 0.2386704640625 0.9009704015625 0.2353562265625 0.8988459750000001 0.2272319203125 0.8985741562499999 0.21493591250000002 0.8971226437500001 0.2073814484375 0.8968767156249999 0.198255421875 0.8962756781250001 0.19420086406249998 0.8956676437500001 0.1909250546875 0.894102065625 0.187689765625 0.8952963734375 0.18472955 0.8966094640625 0.17890381718749998 0.8937846796875 0.1678910703125 0.892369515625 0.1604971546875 0.891892996875 0.1559191375 0.8910223374999999 0.15375218906250002 0.89820869375 0.1590042171875 0.898615853125 0.160229115625 0.8986403125000001 0.1722494375 0.8993369765624999 0.181221871875 0.90104788125 0.1870846640625 0.90158355625 0.19679332031250002 0.9022089046874999 0.213062778125 0.904134128125 0.22308975625 0.9043593515625 0.2260337140625 0.9048325937499999 0.23176566875 0.9055363906249999 0.2402843765625 0.9068783125 0.24654775468749998 0.9088311812500001 0.255808540625 0.9106168484375001 0.2640156453125 0.911086165625 0.26762882656250003 0.9112118125
0 0.060911784375 0.88631029375 0.0747977921875 0.8877744234374999 0.0938177828125 0.8899917171875 0.10579016249999999 0.8918993765625001 0.1120904140625 0.892898065625 0.11318235000000001 0.8868768843750001 0.112606434375 0.8853106468749999 0.11251975624999999 0.8831574718749999 0.1050153328125 0.883106596875 0.10270435468750001 0.8845938578125001 0.09924481406249999 0.8843579874999999 0.0985663859375 0.8819086125 0.09686497968749999 0.881200675 0.0923700125 0.88330764375 0.086782434375 0.8831332015625 0.080820096875 0.882985159375 0.077064203125 0.885047490625 0.07193102031250001 0.8834160015625001 0.07573060468750001 0.8811260484375 0.0665677796875 0.8799144125 0.061725871875000005 0.88023138125 0.0580565578125 0.8824476000000001 0.054574625 0.8797657687499999 0.05108700468750001 0.8807842640624999 0.0511751984375 0.88256610625 0.046963743749999995 0.8800434296875 0.0443634796875 0.8772966890625 0.040402689062500004 0.8783609859375 0.03821293125 0.8790020249999999 0.0339745296875 0.8784296640625 0.030430371875 0.8757417671875001 0.0275975921875 0.8755938734375001 0.02419470625 0.8757427765625 0.02249185625 0.8773928625 0.020997875 0.8812394640625 0.0448933078125 0.8850975296874999 0.060911784375 0.88631029375
0 0.17713909375 0.6014121890624999 0.17683567656250002 0.599139521875 0.176857846875 0.5977537703125 0.17815115625 0.595733828125 0.1763149296875 0.5947905171875 0.1740640234375 0.5948526015625 0.1728887609375 0.5965265375000001 0.172575709375 0.599076140625 0.1727041203125 0.6010817390625001 0.17239678125 0.603584815625 0.173027415625 0.6065131859374999 0.17392615625000002 0.606899028125 0.176079175 0.60594178125 0.1763022140625 0.6041509265625 0.17713909375 0.6014121890624999
0 0.227665821875 0.430826453125 0.2281631578125 0.42728881875 0.22890574218749998 0.42476676874999997 0.2285306296875 0.42001375 0.22880349843749997 0.4138809796875 0.2284671671875 0.41073529375 0.22707566875000001 0.4117215015625 0.22622263125000003 0.41345074375 0.22587281718750002 0.41585100468749997 0.2252548125 0.418089246875 0.22465711093750002 0.42181605937500005 0.22500272500000001 0.423886109375 0.22459257500000002 0.4267905859375 0.224155503125 0.43023486875000005 0.22438620937499998 0.43444593593749997 0.22551874375 0.437171459375 0.2267532890625 0.44028417812500004 0.22765841875 0.43933585468749997 0.22815795625000002 0.43689573125000003 0.2275558609375 0.4339016 0.227665821875 0.430826453125
0 0.18407229218750001 0.24738073749999998 0.1841327328125 0.243016509375 0.1811106421875 0.24048716875 0.179011375 0.24094253906250002 0.1795890109375 0.2427640125 0.1802795890625 0.245896521875 0.1796460109375 0.24890265312499998 0.1796947578125 0.2521468375 0.17987003906250001 0.2561810828125 0.1799433921875 0.25871201250000003 0.18076566562500002 0.2622463796875 0.1800978609375 0.26528766406250004 0.17835253125 0.2678093828125 0.179417171875 0.270062171875 0.18315138749999998 0.2744971921875 0.18524850312500002 0.2750978671875 0.18552900156250002 0.269531184375 0.18663605 0.2652844453125 0.18537215625 0.2588464890625 0.1851844984375 0.25615669531249996 0.184880203125 0.252327003125 0.18407229218750001 0.24738073749999998
0 0.352338734375 0.24815238437499998 0.35507771250000003 0.2451922421875 0.3556817046875 0.24168344687499999 0.3547909609375 0.2411427375 0.3523570140625 0.241875009375 0.34789953906250004 0.246420346875 0.34690343437500004 0.25266109531250003 0.347671771875 0.25821173124999997 0.350665934375 0.26268654375 0.35440065781249996 0.2642455 0.357687071875 0.26063472499999996 0.3577164921875 0.2560872265625 0.3557910453125 0.25484487499999997 0.35245773593749996 0.2528629359375 0.352338734375 0.24815238437499998
0 0.21211688281250002 0.234537153125 0.2118760765625 0.2325366453125 0.21112725000000002 0.23077601250000002 0.2090278828125 0.2304757390625 0.2066275375 0.231152315625 0.20707737499999998 0.23897639375000002 0.21085476875000003 0.2409058125 0.21461543593750002 0.238189184375 0.215057571875 0.2360883453125 0.21211688281250002 0.234537153125
0 0.10215362187499999 0.1999831296875 0.0995161953125 0.198590390625 0.0960631640625 0.1974296703125 0.09242653749999999 0.197751375 0.0912214515625 0.199168196875 0.0920159984375 0.20269758593749998 0.0938042671875 0.20280066406250002 0.09500287187499999 0.2023212890625 0.0994718484375 0.2035799890625 0.1020660140625 0.2037096046875 0.10307320625000001 0.20299420625 0.10215362187499999 0.1999831296875
0 0.1038225125 0.207994671875 0.10541306718750001 0.20959260937500002 0.1076075 0.2087852765625 0.1068095453125 0.20618111875 0.105809753125 0.20566952343749997 0.1038225125 0.207994671875
0 0.0972257296875 0.21711653125 0.09902991562499999 0.217320740625 0.0986024609375 0.2152249 0.0963990125 0.2143876265625 0.09415143125 0.21348668750000002 0.09151267187499999 0.21459209218750003 0.0916603328125 0.2160049953125 0.0937154890625 0.2176269203125 0.0972257296875 0.21711653125
0 0.0885568046875 0.231665375 0.08808917968749999 0.2291017765625 0.0836619875 0.2262975859375 0.082299209375 0.225524178125 0.0812397984375 0.22469041562499997 0.07810009999999999 0.227593484375 0.08135896718749999 0.22956628281250002 0.086191246875 0.2318534875 0.0885568046875 0.231665375
0 0.06454403125 0.19614607343749998 0.06753043125 0.19777371875 0.0699852046875 0.19761545 0.07307607187500001 0.19755889843750002 0.07481495 0.1973206 0.073739496875 0.195796928125 0.0727009796875 0.194857109375 0.07024068125 0.194970621875 0.06842792656249999 0.1948362 0.0666541640625 0.1948970484375 0.06454403125 0.19614607343749998
0 0.060668521875000006 0.2149782015625 0.0595045765625 0.21535478437500002 0.05839598593749999 0.21631905625 0.058949046875 0.21904584531250001 0.061410760937499996 0.2190490015625 0.061831859375 0.21547839375 0.060668521875000006 0.2149782015625
0 0.052971126562500005 0.22170432343750002 0.053851953125 0.21921026562499998 0.052782415625 0.2181769078125 0.0511296734375 0.218188071875 0.050866096875 0.218809015625 0.0495062453125 0.22115295000000001 0.051526046874999995 0.2222935421875 0.052971126562500005 0.22170432343750002
0 0.10050100625 0.0298699796875 0.100488565625 0.031984221875 0.10436514687500001 0.03336224375 0.1111234234375 0.0346564546875 0.12162033593749999 0.036105884375 0.12357467343749999 0.0322024625 0.12304591875 0.031111139062499998 0.1206667171875 0.030730853125000002 0.11803453593749999 0.030321079687500002 0.11248355000000002 0.0299512015625 0.10976534062500001 0.02972921875 0.10706729374999999 0.0295097109375 0.1031071296875 0.029350904687500002 0.10050100625 0.0298699796875
0 0.158942084375 0.087353440625 0.1668167578125 0.082734946875 0.16889216875 0.0799609484375 0.1690883078125 0.07374791562500001 0.16877479687500002 0.069070153125 0.1694214265625 0.060765179687500004 0.1695567296875 0.0594452671875 0.1656672125 0.0588008265625 0.15351875937499998 0.061288846875000004 0.1543882078125 0.064682603125 0.154025075 0.0676400796875 0.1523700453125 0.0749522625 0.16249478906249998 0.08036871875 0.154078928125 0.07784300625 0.15050218124999998 0.07913864375 0.144244409375 0.07975561249999999 0.1346187796875 0.0822747578125 0.13284148906249998 0.08391570468750001 0.133137459375 0.0865054515625 0.12404813750000002 0.0871824765625 0.11406377812499999 0.08508442656250001 0.107256084375 0.0858338 0.10437308281249999 0.089492534375 0.10344136718750001 0.0964653359375 0.10779140625000001 0.0997055625 0.11506060468749998 0.09542832343749999 0.1251237765625 0.100871853125 0.1276832640625 0.102783965625 0.1354921 0.1032531828125 0.1423502203125 0.10420860000000001 0.15176300625 0.10548713437499999 0.1514812203125 0.1033588046875 0.150257190625 0.09831421875 0.15248213125 0.0929248875 0.158942084375 0.087353440625
0 0.1176293265625 0.0695075359375 0.12117310156250001 0.0733524484375 0.12338440312500001 0.071305115625 0.1307168046875 0.0706799875 0.1304249984375 0.0668896109375 0.1236263578125 0.056333946875 0.1190029390625 0.057038243749999995 0.1166460546875 0.058181407812499995 0.11324097500000001 0.0588353703125 0.1160677265625 0.0619940328125 0.11393029375 0.064055159375 0.10975629843750001 0.06493270625 0.1067431109375 0.06390785156249999 0.1031882 0.063397375 0.10043000625000001 0.0660780921875 0.1008815921875 0.06928515625000001 0.10583605 0.069833665625 0.1105040890625 0.069060859375 0.11540921562499999 0.06822900625 0.1176293265625 0.0695075359375
0 0.056931598437499994 0.05253225 0.051592610937500005 0.0556155109375 0.0516898125 0.058772765625 0.054438578125000005 0.060386974999999996 0.058370992187500005 0.060617937499999996 0.061093235937500004 0.05878131875 0.061725401562500004 0.05708162812499999 0.0604783953125 0.0551858375 0.058763384375000005 0.0532168421875 0.056931598437499994 0.05253225
0 0.0672499234375 0.02462705 0.06365897968749999 0.024922878125 0.0614913109375 0.025384018749999997 0.0608954421875 0.0258649859375 0.060735871875 0.02610041875 0.0649239140625 0.029172775 0.06931179062500001 0.029502165625 0.0720031796875 0.0288912359375 0.0711412015625 0.026167446875 0.069687865625 0.024926390625 0.0672499234375 0.02462705
0 0.0922407234375 0.028743973437499997 0.085367778125 0.026678476562499998 0.08274780937500001 0.0260923140625 0.080308453125 0.02700968125 0.079380190625 0.0277489390625 0.080726759375 0.030064681250000003 0.0881560125 0.0315483265625 0.08943736249999999 0.031330987500000004 0.0922272140625 0.0305463875 0.0922407234375 0.028743973437499997
0 0.414827615625 0.2050890640625 0.416935684375 0.2039594265625 0.41672282968749996 0.20117995624999999 0.41718184062499997 0.19935195781249998 0.41461877031250005 0.197840834375 0.41315378125 0.19996406093750002 0.412961296875 0.202877946875 0.41245992343750004 0.20598689375 0.41214192031249997 0.20857681874999998 0.4113756640625 0.214637990625 0.410540084375 0.222148390625 0.409996075 0.22756622499999998 0.406936640625 0.25384235781250003 0.408986796875 0.253351046875 0.41020066718750003 0.25169601875000003 0.4125746078125 0.2503754859375 0.41434437968750004 0.247064928125 0.415898421875 0.2450754265625 0.4201821703125 0.24520155 0.421588096875 0.2470979625 0.42663284375000005 0.2506549 0.429466921875 0.251753790625 0.43289425000000004 0.2495724046875 0.4369740125 0.2481417515625 0.4347337015625 0.24497638125 0.4301049078125 0.2438397390625 0.4261852140625 0.24179996875 0.42139885 0.2402157875 0.41949661093749996 0.237707453125 0.419840846875 0.232929415625 0.4223236640625 0.2287477 0.4210094875 0.2246680703125 0.4193999828125 0.221134646875 0.41920892812500005 0.2161775375 0.420115753125 0.2094330921875 0.4205469953125 0.20811331093750002 0.41740062812499995 0.2071602609375 0.414827615625 0.2050890640625
0 0.41512527343750005 0.26556518125 0.41516480624999996 0.2605891578125 0.4134015515625 0.25844894375 0.4107730765625 0.25707304531249997 0.4069261 0.2558513609375 0.40528397343749994 0.2720075984375 0.4077032171875 0.27084375625 0.4080801125 0.2701076375 0.4101717359375 0.27094535 0.4142267125 0.2682806015625 0.41512527343750005 0.26556518125
0 0.4696108921875 0.2318729203125 0.46821275625 0.23407991875 0.46769898750000005 0.2388796453125 0.470872603125 0.2404185078125 0.47248075 0.23791142812500002 0.47401229375 0.2322716640625 0.47274350781249996 0.23105326874999998 0.47164126562500003 0.2311965703125 0.4696108921875 0.2318729203125
0 0.4386854609375 0.2981291734375 0.4328045140625 0.2961130625 0.4302400609375 0.296010709375 0.4270786484375 0.2975777359375 0.428051696875 0.2981789265625 0.42571270937500005 0.305215071875 0.43213441093749994 0.31204546875 0.4358606015625 0.31280209062500003 0.4410750640625 0.311181746875 0.44424687343749997 0.311004471875 0.4466423796875 0.3067774015625 0.44587670937499996 0.30253843125 0.443323090625 0.30145036406250003 0.440944121875 0.3017989765625 0.4386854609375 0.2981291734375
0 0.4074460578125 0.29216981406250003 0.41008284531249994 0.291759978125 0.41075441875 0.29053424843750003 0.41014880781249996 0.288504690625 0.4075919453125 0.2884174359375 0.4062596125 0.2901397796875 0.4074460578125 0.29216981406250003
0 0.4003770609375 0.41600165625 0.396680003125 0.414918021875 0.3936122765625 0.415632296875 0.39129106875 0.41713876718750004 0.3912311984375 0.4190110515625 0.388874121875 0.420066034375 0.38870693125 0.422581596875 0.38924399374999996 0.42410528125 0.388401209375 0.4256484484375 0.388033803125 0.4272688765625 0.388376334375 0.428992215625 0.3888553265625 0.4313478359375 0.3876043375 0.43268975625 0.3877111609375 0.43537119999999996 0.386993425 0.4419090234375 0.3898591859375 0.44109596250000005 0.3925741625 0.44161350468749994 0.394871884375 0.43867002343749995 0.396298575 0.43702538437499994 0.3984253578125 0.4344355828125 0.3965974796875 0.43083441562499997 0.399293340625 0.42694332968750004 0.40216847656250004 0.423143521875 0.4028076078125 0.42028447656249995 0.4003770609375 0.41600165625
0 0.398658559375 0.4677687125 0.40230552656249996 0.466324275 0.401913725 0.46227131562499996 0.40114023125 0.45977563593750004 0.39830858281250003 0.4603236921875 0.396399153125 0.4624254078125 0.396340225 0.46508492500000004 0.3971916859375 0.4670738296875 0.398658559375 0.4677687125