0 0.64168761875 0.6275067546875001 0.64409080625 0.6316159359375 0.649536390625 0.6339304828125 0.6657985484375 0.64617384375 0.690817434375 0.6595164390625 0.6958183640625 0.660272015625 0.704734159375 0.6565595906249999 0.7062021296875 0.654411103125 0.7048620671875 0.6506174171875 0.6990721703125 0.64635018125 0.6958506671875 0.6376000937499999 0.6916407687499999 0.6365796953125 0.6904929015625 0.6357746015625 0.6914807296875 0.63471826875 0.6949338171874999 0.633354171875 0.6971083484375 0.6304528031250001 0.7097049140625 0.6257137484374999 0.716721875 0.6217062578125 0.72356654375 0.616721653125 0.7336289625 0.6071396984375 0.74214478125 0.602112696875 0.7490938265625 0.599627628125 0.7546917984375 0.6009078125 0.76057771875 0.5981072484375 0.764658465625 0.598395196875 0.771491853125 0.600967990625 0.7749571937499999 0.59871958125 0.7738557984375001 0.594380859375 0.76820884375 0.589961490625 0.7572086984374999 0.5866129609375 0.7517398765625 0.5860652281250001 0.7452128015625 0.5814234359375 0.732737034375 0.57732760625 0.7118577703125 0.5769792093749999 0.7029113578125 0.579564196875 0.6920058453125 0.5862723296875 0.6879003234375001 0.58775146875 0.6639274390625001 0.5793872453125 0.6611747984375 0.5771023984375 0.65427349375 0.576052028125 0.652565315625 0.578745825 0.66208036875 0.5889057171875 0.663420159375 0.5926978640625 0.6623769390625001 0.5943938453125 0.6536518015625 0.6010951312499999 0.6467024859375 0.6035786609375 0.6362094734375 0.6107186 0.6158786734375 0.6211020671874999 0.6122040156249999 0.625024759375 0.6008015328125 0.6308130281250001 0.600807375 0.6337075515625 0.6036169484375 0.6353524765625 0.608500978125 0.634491290625 0.6163842671875 0.63159080625 0.626312665625 0.6250549640624999 0.631241375 0.6244381703124999 0.6380995390625 0.625243878125 0.64168761875 0.6275067546875001
0 0.152007871875 0.0836101125 0.13957444531250002 0.088104625 0.118014409375 0.097662440625 0.11122950625000001 0.10050252343749999 0.1149715125 0.10173076562500001 0.1299406484375 0.09997345468749999 0.139568575 0.0984011328125 0.1496463 0.0946107578125 0.150965215625 0.0897183421875 0.156594371875 0.0854526046875 0.1564698203125 0.0809400515625 0.152007871875 0.0836101125
0 0.38655280625 0.309842225 0.381225090625 0.3158175265625 0.38000470937499997 0.32031495625 0.377068496875 0.32461039375 0.3785731984375 0.326485403125 0.381449146875 0.326608178125 0.3896892703125 0.3247776109375 0.4019409828125 0.3180827890625 0.40669586406249997 0.3164891515625 0.4157484625 0.3164049671875 0.4182856703125 0.3174680359375 0.417738178125 0.3134092578125 0.40128173437500003 0.308630221875 0.40153265468750005 0.3072008734375 0.4097112734375 0.30311389375000003 0.42981536093750006 0.299066046875 0.43180661562499995 0.296070065625 0.43063730624999996 0.293253765625 0.425247384375 0.2903011078125 0.4148317578125 0.28835995937500003 0.402026440625 0.2880999421875 0.39227617656249997 0.2985074203125 0.38655280625 0.309842225
0 0.5847855796875 0.312411625 0.5876676421875 0.3154304609375 0.6085800328125 0.3235791078125 0.607947503125 0.3257056265625 0.6001884937499999 0.333117125 0.6039197875 0.3352294078125 0.6118768343750001 0.3337010234375 0.632312009375 0.32581709375 0.6507562265625 0.3142542484375 0.65405665625 0.3139229765625 0.6618240171875 0.316078815625 0.6640600546875 0.315433859375 0.665289628125 0.313831946875 0.658983828125 0.313306453125 0.6572514421875 0.31109397968749997 0.6425644109374999 0.3058760203125 0.6383361468750001 0.30284387343749997 0.6352325140625 0.30238363437500004 0.595415665625 0.30890146406249996 0.58599551875 0.3087997734375 0.5847855796875 0.312411625
0 0.2348794625 0.4523068828125 0.25392169375 0.4479417296875 0.2618662171875 0.44729611875 0.2658055625 0.447735928125 0.2695304453125 0.453627046875 0.277102278125 0.4565725859375 0.2812185140625 0.45420940625000006 0.2928994734375 0.4518990546875 0.3135745859375 0.44346827656250004 0.3158167609375 0.439042946875 0.3108880515625 0.43965974062499996 0.3068272078125 0.4413832703125 0.3039083890625 0.441017371875 0.3052778265625 0.43926387031249997 0.304890375 0.4370665171875 0.31232930312499996 0.4259321671875 0.31473151875 0.4233682640625 0.32081450624999996 0.41977772812499997 0.323836728125 0.415970078125 0.327897571875 0.41424654843750003 0.338970503125 0.412294090625 0.3432715546875 0.410025253125 0.35067345625 0.40154230156250004 0.3489643078125 0.3975630125 0.3414246296875 0.3957446375 0.33074556093749996 0.3961156125 0.32648765 0.3986291140625 0.32164035 0.4035137984375 0.303953090625 0.3936620515625 0.304241309375 0.3895828421875 0.308031328125 0.38727718437499997 0.3100225828125 0.38428120312499997 0.296620221875 0.3834965796875 0.289215809375 0.3853067171875 0.2834159 0.38859506875 0.270628946875 0.3903468 0.265768153125 0.389441171875 0.259580790625 0.3905321703125 0.24780894999999997 0.396133296875 0.24522803437500001 0.401498921875 0.23992690468750003 0.40570840468749997 0.2383121171875 0.411784240625 0.23651792968750002 0.41399025 0.22358443125 0.4196708671875 0.22264531562499998 0.42386484687500003 0.2284770859375 0.42837855625000004 0.23092468125 0.432730590625 0.2334621609375 0.4337951984375 0.22236696406249998 0.4441875546875 0.21474224843749998 0.448554478125 0.21370487031250002 0.4531449828125 0.21922394218750002 0.456830090625 0.223217140625 0.45663052187500003 0.2348794625 0.4523068828125
0 0.2011266109375 0.592239203125 0.1851345640625 0.6110504140625 0.179084975 0.6224427390625 0.17162768125 0.631565340625 0.1727645625 0.6332529359375 0.1753142953125 0.63343323125 0.184966996875 0.630093825 0.1939430546875 0.6219631875 0.2003938609375 0.618560065625 0.20819086874999998 0.61517025625 0.21527060312500002 0.61341736875 0.224761996875 0.6082183453125001 0.23108616249999997 0.6107555859375 0.23890404531249998 0.6160503390625001 0.25335727812500003 0.618034771875 0.2564767671875 0.613833946875 0.2522511609375 0.5936755265625 0.26689495937499996 0.58695080625 0.2556723875 0.58450936875 0.258005715625 0.5767948015625 0.2512892265625 0.575838771875 0.24004400312500002 0.5768141140624999 0.235466284375 0.5756063015625 0.22992981875 0.5765825312499999 0.2011266109375 0.592239203125
0 0.133247325 0.6890787781250001 0.10878635156250001 0.7265090937500001 0.10835672968750001 0.7307401640625 0.1096832984375 0.7287435375 0.1132655359375 0.7281118921874999 0.11844002499999999 0.729842771875 0.1285300015625 0.725168084375 0.14786505 0.712943621875 0.15344311875 0.712212328125 0.174453071875 0.7132929046875 0.180578928125 0.70994549375 0.180922540625 0.7052266359375 0.177240796875 0.69958018125 0.17102003593749998 0.6928693906250001 0.16546520468749998 0.6918338703125 0.1626298859375 0.6852829453125 0.15340069218750002 0.6814952203125 0.1481028953125 0.6819264125 0.1377004921875 0.6857740375 0.133247325 0.6890787781250001
0 0.367573540625 0.7706590953125 0.37725713125000004 0.7684486640625 0.3802744828125 0.7684195765624999 0.386684659375 0.77144460625 0.3978506859375 0.7795490828125 0.40366535781249996 0.782049234375 0.4052505 0.781519046875 0.40476327031250003 0.77304205625 0.395248490625 0.762883703125 0.39152360625 0.7569925859375 0.3838719015625 0.7497788859375001 0.382291903125 0.746532046875 0.37580796875 0.7421349187499999 0.369870284375 0.7351219437500001 0.36922425937500003 0.7314581515625 0.3720992359375 0.724907840625 0.3855468265625 0.7154842125 0.3858546796875 0.7134149421875 0.38091858749999996 0.7111374859375 0.37142719375 0.716336509375 0.368883575 0.719052275 0.35020429218750004 0.7273834031249999 0.3375181125 0.735411425 0.33154464375 0.737724471875 0.3231151046875 0.7432408015624999 0.313900378125 0.751916475 0.308948703125 0.7543016234375 0.30353373437500003 0.7531145125 0.298722490625 0.7486747125 0.2970993515625 0.7451832125 0.290560025 0.74142573125 0.285416153125 0.7408222875 0.2814719375 0.7441610421875 0.28073016093750003 0.7475665890625 0.2820270828125 0.7511156109375 0.292192759375 0.76115919375 0.295462275 0.76637538125 0.307969903125 0.7782732734375 0.314380078125 0.7812983015625 0.3253924765625 0.7837625187499999 0.3243119578125 0.788108359375 0.3304316765625 0.788541321875 0.3359681421875 0.78756509375 0.34531355937499997 0.7796215984375 0.3561215078125 0.7799815359375 0.367573540625 0.7706590953125
0 0.2036727890625 0.7485610046875 0.2132161125 0.7585033078125 0.206296846875 0.74344004375 0.2221523484375 0.7581461203125001 0.2216212328125 0.774281925 0.23499054218749998 0.7829593859374999 0.2366438515625 0.7641537796875 0.23819713125000003 0.7558215328125 0.246496546875 0.7428996671875 0.25534783125 0.743563365625 0.26921227812500004 0.7364318609375 0.281781034375 0.7299064328125 0.2834030765625 0.7217841859374999 0.294131425 0.7178775015625 0.3035748078125 0.716212378125 0.3100072484375 0.7107975078125001 0.315783921875 0.7092759703125 0.33793875 0.7111986609375001 0.3276436203125 0.694149246875 0.318714878125 0.6881333109375001 0.30907983125 0.683636540625 0.30374530312500003 0.6800442343750001 0.3030561375 0.676135778125 0.3152955984375 0.67032526875 0.3254216546875 0.6645954734374999 0.314801690625 0.6610545671875 0.3095488421875 0.6663026953125 0.3052061890625 0.6683266 0.29860659843750004 0.66898733125 0.283482565625 0.6651061921875 0.2657644 0.6581475140624999 0.2538092765625 0.66630841875 0.238062875 0.6741224031249999 0.23323853906249997 0.6772387328125 0.23137797343750002 0.68096689375 0.2336042703125 0.6878790625 0.2383243609375 0.6956081000000001 0.23854717499999997 0.699724128125 0.2285782109375 0.6992273609375 0.22309483437500002 0.706353425 0.2167113765625 0.71490748125 0.196707065625 0.725234965625 0.178199228125 0.721122275 0.15908214375000002 0.7462803796874999 0.16947589999999998 0.7453710828125 0.1684571921875 0.7478449390625 0.1622881953125 0.7509476859374999 0.156004809375 0.7591064859375 0.1477830515625 0.7629488015625 0.146143759375 0.7707932625 0.1472882953125 0.7753766468750001 0.1497716484375 0.7770790937500001 0.1531999609375 0.7774820828125 0.159865928125 0.7752992 0.1750379734375 0.775646440625 0.1872651828125 0.7707202421875 0.19461323125000002 0.7628766687499999 0.206809821875 0.756823034375 0.2036727890625 0.7485610046875
0 0.317645459375 0.7122208953125 0.313345946875 0.7144894625 0.3111591640625 0.71827514375 0.3122590203125 0.7226141375 0.3104293421875 0.7274712734375 0.3148544015625 0.7297119109375 0.329373040625 0.7235011078125 0.3333849 0.7186383921874999 0.32638993437499997 0.71420444375 0.317645459375 0.7122208953125
0 0.1265188953125 0.919440621875 0.13155198125 0.9213233625000001 0.13863044687499998 0.9195722843749999 0.147159490625 0.9203340546875 0.1477381671875 0.9188469140625 0.14082851093749998 0.90822920625 0.13806083593750001 0.90015431875 0.1305449640625 0.8898957734374999 0.1301804765625 0.8859300687499999 0.13341813125 0.8833441953125 0.13427096562500002 0.8786608906250001 0.1329174078125 0.86907689375 0.1312697640625 0.867354015625 0.1271596671875 0.865936821875 0.11313061875 0.8701732390625001 0.1111779296875 0.87051755 0.10947462187500001 0.8694327843749999 0.1163749546875 0.8638100703125 0.1206806046875 0.8577611296875001 0.1356472296875 0.8493310046874999 0.1406359328125 0.8442944593749999 0.137881096875 0.8363283718750001 0.117872634375 0.8413684375000001 0.11307691093750001 0.8470135296875 0.11033525468750001 0.84384618125 0.1066483703125 0.8419767515625001 0.1093015046875 0.8379834984375 0.1071813953125 0.8335721328125001 0.106497371875 0.8258866515625 0.1073698390625 0.8232132859375 0.11116653750000001 0.8171303312499999 0.1213532375 0.8120593906250001 0.1400090921875 0.8016698078125 0.1308252953125 0.798175534375 0.13558658437499999 0.7928030625 0.1356887453125 0.7819548890625 0.1445310234375 0.775144096875 0.139218934375 0.7683587593750001 0.132200125 0.76354664375 0.1217051140625 0.762289040625 0.10926632343750001 0.769551534375 0.0868294640625 0.77926554375 0.07807800937500001 0.78190341875 0.06898673749999999 0.789308665625 0.0725927796875 0.78023685 0.0791161015625 0.771531203125 0.0806645109375 0.76697751875 0.08084654531249999 0.76039750625 0.076495540625 0.752854075 0.06890507031250001 0.747895246875 0.0683659359375 0.736460459375 0.0622618015625 0.729421303125 0.05186410625 0.74170883125 0.0474091296875 0.7450123046875 0.03657640625 0.746419453125 0.036386720312499995 0.750103675 0.046378545312500005 0.8067701296875001 0.0495272609375 0.820821203125 0.049651542187499995 0.8253322171875 0.0507713015625 0.8316826875000001 0.059040209375 0.8785780015625001 0.0611554484375 0.88676793125 0.061538301562499995 0.892745384375 0.06842887812500001 0.9318237875 0.0693334765625 0.9369540203125 0.0706551734375 0.9387359562500001 0.08573815625 0.9319195171875 0.0956619546875 0.9291637765624999 0.10261740781249999 0.922899875 0.11471546562499998 0.9172412265625001 0.11712352343750002 0.9175718453125 0.1205717390625 0.9199863109375 0.1265188953125 0.919440621875
0 0.5112854078125 0.7343093703125 0.49243605781250005 0.7458421093750001 0.4967732734375 0.7484123828125 0.5157438156249999 0.7388716750000001 0.5112854078125 0.7343093703125
0 0.48710766562499996 0.7755325 0.4945452515625 0.77599805 0.49271268749999997 0.770392040625 0.4893593015625 0.7681734578125 0.4864818671875 0.76896006875 0.48502650625 0.7722058515625 0.48710766562499996 0.7755325
0 0.48884135781250004 0.809308646875 0.50642835 0.8034119890625 0.5145889640625 0.7986110375 0.5200806484375 0.78903061875 0.48884135781250004 0.809308646875
0 0.49416358593750004 0.7985332484375001 0.5057593781249999 0.7935803515625001 0.5112491265625 0.790746515625 0.5190170125 0.7878394078125 0.520518025 0.7830529171875 0.49416358593750004 0.7985332484375001
0 0.45579765937500005 0.8414886359375 0.4689971046875 0.8493107234374999 0.47850420781249997 0.8457034671875 0.467190809375 0.8344597 0.4640323046875 0.836747615625 0.45579765937500005 0.8414886359375
0 0.18080646250000001 0.930375115625 0.12945421562499998 0.9624880203125 0.1381003625 0.960152715625 0.1838967546875 0.9323973390625 0.18080646250000001 0.930375115625
0 0.40394418125 1 0.3969229125 0.9895664500000001 0.3930639953125 0.9894028078125 0.39031878125 0.9916321281249999 0.3959928640625 1 0.40394418125 1