0 0.40264426249999996 0.464214909375 0.4040329 0.46711670312500003 0.41803310624999995 0.46413160937500003 0.43644480625000004 0.458073603125 0.44418336875 0.45437267031250006 0.45318548593749997 0.4524544203125 0.457446678125 0.4535960171875 0.462621584375 0.45700213125 0.4780612140625 0.469701828125 0.4817657515625 0.467845609375 0.4899673203125 0.469869009375 0.5098650578125 0.46857983281250004 0.5124237796875 0.471150384375 0.5150501953125 0.47173771562500005 0.5175586359375 0.47095759531250003 0.517197825 0.4670973390625 0.5267810468749999 0.46743199375 0.5465483875 0.46043009843749994 0.5536350859375 0.45645781249999995 0.5670455734375001 0.4514665421875 0.5718195640625 0.4474150578125 0.5885202484375001 0.4381954125 0.5874367031250001 0.4360484765625 0.583489271875 0.4354134515625 0.573105446875 0.439022009375 0.5681215749999999 0.43959217187500005 0.558373890625 0.4439671484375 0.5520327609375 0.44548270624999997 0.549714684375 0.44081146093749995 0.54697040625 0.4388535578125 0.53633501875 0.44021915624999997 0.524628003125 0.4343507625 0.5118893546875001 0.424848840625 0.50426989375 0.41564763125 0.4989149234375 0.41260733125 0.490234571875 0.40535622499999996 0.4803982265625 0.4027785578125 0.4689876328125 0.3979133078125 0.454862521875 0.39493885 0.43967819218750004 0.39391142343749996 0.4441557609375 0.38885679687499997 0.45482577500000004 0.3864996140625 0.460261915625 0.3824696890625 0.47051584999999996 0.3825807390625 0.4742409765625 0.37538917656250004 0.4834059953125 0.36876124374999997 0.4832307953125 0.364286778125 0.470854575 0.358643603125 0.4660318640625 0.3593444703125 0.449291184375 0.364963653125 0.42403735 0.3774821203125 0.4039025921875 0.390304425 0.39674513437500003 0.3962582609375 0.39426801718750004 0.4008871296875 0.3917406734375 0.4021637671875 0.37519903125 0.40208329843749996 0.370277303125 0.4009186359375 0.361493125 0.396640715625 0.35535970156249996 0.3922083375 0.3446010265625 0.387612878125 0.3343903359375 0.3862635203125 0.32881188125 0.389667784375 0.3325131703125 0.3926503375 0.3446118171875 0.3967954109375 0.35554574687499996 0.4058637734375 0.3857348328125 0.42255252499999996 0.395755103125 0.4293548078125 0.4068621671875 0.43346525468749997 0.41641618437499994 0.439381978125 0.42372350000000003 0.44807510781250004 0.40336538125 0.4625030953125 0.40264426249999996 0.464214909375
0 0.31845749843750004 0.7477839515625 0.3165403390625 0.7505703031250001 0.320571115625 0.7535643624999999 0.32679969531249997 0.7552718390625001 0.3294920609375 0.7587163375 0.30183205 0.7690416812499999 0.30127214687500004 0.7708826375 0.3036767078125 0.7730772671875 0.31981804999999996 0.7751293421875001 0.3257156359375 0.776823696875 0.3336726953125 0.7763573609375001 0.3478670046875 0.7773502140625 0.35212819687499997 0.7784918109375 0.361399271875 0.7783183859375 0.3740870796875 0.7750388734375 0.377649303125 0.7725569937500001 0.3792527015625 0.7692640703125 0.38407541093750003 0.7685632046875 0.375355621875 0.767142396875 0.3679287015625 0.7619190828125 0.35423852031249997 0.755981434375 0.3385305453125 0.7509661171875 0.3216194203125 0.747273678125 0.31845749843750004 0.7477839515625
0 0.0468202828125 0.7660916640625001 0.0386879140625 0.762086659375 0.0219191578125 0.75901831875 0.017860862499999998 0.7567675031250001 0.0164359125 0.75969611875 0.020307034374999998 0.7625610890625001 0.0342941953125 0.7789326453125 0.0487509125 0.791349428125 0.0531700734375 0.7974589390625 0.05784404375 0.8009726359375 0.06345382499999999 0.8014171234375 0.068524290625 0.798367221875 0.0761259078125 0.7986326765625 0.08579566875 0.796489153125 0.09282328906250001 0.7942533640625 0.0970791140625 0.7908029125 0.09744478906250001 0.789822890625 0.0924122515625 0.787040875 0.076244953125 0.785732096875 0.06972145937499999 0.78302309375 0.0640597125 0.7840667609375 0.053758675 0.7806035890625 0.0573452390625 0.77737991875 0.074685925 0.773517121875 0.0761556796875 0.769350253125 0.06652759999999999 0.7702554140625 0.057951740625000005 0.7694587609375 0.0468202828125 0.7660916640625001
0 0.48641410937499996 0.35241876875 0.5226239453125 0.3756919640625 0.53569579375 0.37560748906249997 0.536828878125 0.37270932968750003 0.5187156984375 0.36032433125 0.48595031093749996 0.34703055 0.48641410937499996 0.35241876875
0 0.5389303453125 0.4030589703125 0.5489909015625 0.396798453125 0.5399915109375 0.3971611625 0.5623813515625 0.38566524062499996 0.56724279375 0.3770499671875 0.5234328781250001 0.40280546250000004 0.5292747828125 0.4017962265625 0.5389303453125 0.4030589703125
0 0.50482721875 0.4814853140625 0.4951173 0.4726457453125 0.47596063906249997 0.46918914375 0.47459851249999996 0.4706768875 0.4891376015625 0.47943650625 0.50482721875 0.4814853140625
0 0.364271284375 0.46245745312500003 0.39499939687499996 0.48009684531249996 0.40135897343750004 0.4781426 0.3753483265625 0.46133866718750005 0.364271284375 0.46245745312500003
0 0.7256134421875 0.4970610671875 0.7209495671874999 0.5048092703125 0.732337453125 0.508533971875 0.732339846875 0.5056447953125 0.7256134421875 0.4970610671875
0 0.202128371875 0.22647843281250002 0.1910201640625 0.218953365625 0.174148146875 0.2119024328125 0.169546471875 0.2188992234375 0.1884436421875 0.23318930624999998 0.200867115625 0.23224105156250002 0.199819446875 0.2296935609375 0.202128371875 0.22647843281250002
0 0.1539195109375 0.174314190625 0.15482210000000002 0.1798521890625 0.1650740890625 0.180466603125 0.1725390640625 0.1760040953125 0.170637084375 0.1679687609375 0.16446084375 0.1645386234375 0.1539195109375 0.174314190625
0 0.17155212656250002 0.1313784046875 0.17964144531249998 0.14319760625 0.208512396875 0.1580548625 0.2145721703125 0.159626678125 0.21663833124999998 0.15682676874999998 0.1967491765625 0.1460057421875 0.180535196875 0.13631835625 0.17155212656250002 0.1313784046875
0 0.1724701546875 0.116640528125 0.161506728125 0.11665479375000001 0.203604715625 0.1458323921875 0.2064671578125 0.139123515625 0.198181515625 0.1303743328125 0.1724701546875 0.116640528125
0 0.11764053593749998 0.0429727515625 0.10745229375000001 0.05763549375 0.12126392500000001 0.061796609375 0.13554207812500002 0.0531802859375 0.1347226125 0.0457096359375 0.11764053593749998 0.0429727515625
0 0 0.7075874843750001 0.008519365625 0.7095298999999999 0.0051192109375 0.7042814765625 0 0.7058676375 0 0.7075874843750001
0 0.203759259375 0.914116740625 0.2068437828125 0.91488266875 0.2152739125 0.9111667999999999 0.216478834375 0.9066592296874999 0.20400637656249998 0.9064582 0.195655475 0.9085320828125001 0.19391467499999998 0.9104318625 0.203759259375 0.914116740625