0 1 0.66838019375 0.9918600218750001 0.6640595953124999 0.9822102656249999 0.6607556296875 0.959877146875 0.65072668125 0.9525686234374999 0.648869575 0.93822495625 0.6419266609375 0.9332431484375 0.6407743671875 0.9286401265625001 0.642342440625 0.9268411249999999 0.6434896375 0.9278980890625 0.6471920671875 0.9397343328125001 0.6525675640624999 0.9436197140625 0.65733641875 0.949434475 0.6588476671875 0.95197653125 0.66239915625 0.9596638671875001 0.666978190625 0.954425996875 0.670046634375 0.9531850046875 0.6747815140625 0.9492876593749999 0.6788173343749999 0.9339469593749999 0.6904962203125 0.9291772265624999 0.7014936374999999 0.924286309375 0.7055483640625 0.9220678234375 0.71104416875 0.9123351359375 0.721879740625 0.909136059375 0.7281380875 0.9052084171875 0.730438234375 0.9052733453125 0.73415798125 0.9030316453125 0.7384133765625001 0.9034450890624999 0.7431193781250001 0.9092453078125 0.7438870171875 0.91351435625 0.7420762984375 0.9281725953125 0.7291700734375001 0.935059003125 0.7258243796875 0.9400191843749999 0.7257378 0.94210885625 0.7223523765625 0.9452224234375001 0.720685284375 0.9611453921875001 0.7233843625 0.9769232734375001 0.7367516625 0.9872728359374999 0.742276565625 0.99291394375 0.7434189140624999 0.9979303828124999 0.74655528125 1 0.7471278421875 1 0.66838019375
0 0.5204329203125 0.49579900625000006 0.529916625 0.48967943593749996 0.535743321875 0.482384446875 0.5352313609375 0.4815245015625 0.529945878125 0.4818652359375 0.5063175984375 0.4924479671875 0.48921579375 0.49795508593750004 0.486239684375 0.49800703437499994 0.48158040625 0.4963521609375 0.46590208437499997 0.4886886796875 0.4572616796875 0.486359434375 0.44666472500000004 0.48555206562500003 0.434465284375 0.4877496859375 0.425211628125 0.4881581203125 0.4183425359375 0.4924958515625 0.4130208578125 0.4908525390625 0.405803221875 0.49420245312500005 0.39822998906249996 0.4960708453125 0.3959580203125 0.49859213125 0.3913506625 0.4999118046875 0.3769414078125 0.5081020281249999 0.366336825 0.516347734375 0.365215975 0.51847543125 0.3587966609375 0.5202002265625 0.361325765625 0.523009640625 0.36952242968750004 0.5188972125 0.3823827078125 0.5166880593750001 0.3869597421875 0.5136311499999999 0.39157574375 0.5128067140625 0.392735534375 0.5129099265625 0.393439675 0.5153792640625 0.3976102078125 0.5174146000000001 0.4025428671875 0.5158407734375 0.4081638859375 0.5157426593750001 0.4281935 0.526307203125 0.43438981875 0.5307872453125 0.43844020937500006 0.5354297625 0.449960978125 0.5418015421875 0.45632941406249994 0.546652075 0.46728942656249994 0.5491893078125 0.47163482187500005 0.5518419984375 0.4772645125 0.5522406828124999 0.4812787078125 0.5548991562500001 0.4875924234375 0.5565251515625 0.48842968593749997 0.55713094375 0.48044248906250003 0.5638432375 0.4727317984375 0.567326775 0.46983359843750006 0.57184210625 0.46265926718749995 0.5776728906249999 0.4613895140625 0.5806705078125 0.4627631359375 0.583623546875 0.4662582875 0.584926809375 0.4689465015625 0.5873615140624999 0.472430209375 0.58791955 0.48279448125 0.58488664375 0.513607325 0.5689698984375 0.539927084375 0.5515188359375001 0.5435077453125 0.5482308437500001 0.5470364875 0.5419683046875 0.549491990625 0.5405611734375 0.566671703125 0.5395174375 0.584678278125 0.547884140625 0.5966504171875 0.5516445203125 0.6025967359375 0.5512922515625001 0.607989409375 0.5476022625 0.6076381203125 0.5463675796875 0.603458915625 0.54383544375 0.5951583828125 0.541997215625 0.585458240625 0.5357171125 0.56446255 0.5266571578125 0.5464272140624999 0.5165531921875 0.527480525 0.5111783515625 0.5222978671875 0.5079198671875 0.5172294796875 0.5018073921874999 0.5185051031250001 0.49905658593749996 0.5204329203125 0.49579900625000006
0 0.5388190328125 0.47183385 0.5672132171875 0.4822648921875 0.5698524859375 0.4809108109375 0.54344214375 0.46873081718750004 0.5388190328125 0.47183385
0 0.4412105859375 0.47802110625000005 0.4614934203125 0.48554483125000003 0.4679204828125 0.48327919374999995 0.44793381718749997 0.47517521250000005 0.4412105859375 0.47802110625000005
0 0.41457976875 0.5844599015624999 0.431232153125 0.58677900625 0.4585566359375 0.602984284375 0.458009178125 0.59785243125 0.451540584375 0.5909345828125 0.43798038593750005 0.5807993859375 0.4143155140625 0.5744239234374999 0.4137459921875 0.5748323625 0.41076051874999997 0.5775708203125001 0.41457976875 0.5844599015624999
0 0.41846311875 0.5488242015625 0.411120403125 0.54805223125 0.40060610937499996 0.5525176609375 0.3971161921875 0.5576918562500001 0.40579166874999995 0.5588968828125 0.3961426296875 0.564497384375 0.3827228921875 0.5704668749999999 0.3771449953125 0.5750946156250001 0.38207730624999997 0.5780668 0.4223881359375 0.55264065625 0.41846311875 0.5488242015625
0 0.7334597875 0.7526968640625 0.7313631984375 0.7515676578125 0.7294282296875 0.7551316578125 0.7340985124999999 0.7606400515625 0.7434070625 0.7578256046875 0.7402151796875 0.7565279874999999 0.7334597875 0.7526968640625
0 0.780026221875 0.7270896421875 0.7772577484375 0.7250704640625 0.770916725 0.72572966875 0.7633837437500001 0.7369769125000001 0.7664515984375 0.7402113640625 0.7765674687499999 0.7390627671875001 0.781008728125 0.7337782015625 0.780026221875 0.7270896421875
0 0.7540627875 0.6970913234375 0.7605945203125 0.6994792546874999 0.765751203125 0.6939977984375 0.7397158890625 0.6793093156250001 0.73643245 0.6855691359375 0.7389889828125 0.68968139375 0.7540627875 0.6970913234375
0 0.818638753125 0.8342789625 0.8156436734374999 0.828499103125 0.8099210749999999 0.829581953125 0.8069780156249999 0.8321540203125 0.8033571187499999 0.8376133578125 0.8027641921875001 0.84294795625 0.8085691374999999 0.8460455546875 0.8151493015625 0.8471793265625 0.8185098406250001 0.8427403124999999 0.8238977125 0.8372532578125 0.82476429375 0.8336297703125 0.818638753125 0.8342789625
0 0.7363777421875 0.7377639765625 0.7359859375 0.7415495171875001 0.7526104250000001 0.7401216625 0.7376118609375 0.7338887234375 0.7363777421875 0.7377639765625
0 0.9391583375 0.42269416875 0.9455334078125001 0.42568648906249995 0.9518384015624999 0.421799296875 0.9474777062499999 0.42015015 0.9437329359375 0.42021395312500004 0.940464684375 0.42027099999999995 0.9391583375 0.42269416875
0 0.9487234796875 0.38068333593750003 0.9450738375000001 0.38019851875 0.9417397328125 0.3807802328125 0.9411661812500001 0.38212169687499997 0.94746874375 0.3852574921875 0.95275758125 0.3851089171875 0.9521692828124999 0.38247190781249996 0.9487234796875 0.38068333593750003
0 0.619774475 0.4054561859375 0.6187438281250001 0.40353012968749996 0.615077446875 0.40298153281250004 0.6109719609375001 0.40395645625 0.60928455 0.4071098234375 0.61080865 0.40811931562500003 0.6212815265625 0.4092492109375 0.619774475 0.4054561859375
0 0.9383977171875 0.25279250468750003 0.94217343125 0.2595151328125 0.94653076875 0.263478753125 0.9562976578125 0.2687481625 0.9738426296875 0.273051990625 0.9885856140625 0.27619204375 0.9962831390625 0.28269775625000004 0.9959645234375 0.26444428750000004 0.9956943656250001 0.24896695625 0.9956203015625 0.244723853125 0.992825240625 0.24458354999999998 0.9784875796874999 0.2536523453125 0.9682542484375001 0.24511714218749997 0.960914784375 0.2478440859375 0.9488275171874999 0.2473362109375 0.9448906078125001 0.24874732187499998 0.9385440031250001 0.248370528125 0.9383977171875 0.25279250468750003
0 0.9882612421875001 0.29530061406249997 0.9892925578125 0.298339328125 0.99571100625 0.2992508875 0.9964697156250001 0.293386753125 0.9940161515625 0.29302483125 0.992420321875 0.2932777203125 0.9882612421875001 0.29530061406249997
0 0.9211206125 0.224620990625 0.9180615515625 0.224844725 0.9152002156249999 0.2250259390625 0.9084372125 0.22666765781249998 0.9101984671875 0.22837155468749998 0.9021446781250001 0.23314877812499998 0.9070543515624999 0.23455549375 0.9211206125 0.224620990625
0 0.8545344265624999 0.1708436390625 0.8600625171875 0.1733897359375 0.8812300640625 0.1795821921875 0.8909699921875 0.1798153671875 0.8936371359375 0.1762979703125 0.85790193125 0.140750596875 0.8540186750000001 0.1395056796875 0.847818028125 0.1414923234375 0.8444035671875 0.1429318203125 0.8362625484375 0.144502265625 0.830584 0.1467657765625 0.8240194625000001 0.14804928906249998 0.8221002125 0.1526928671875 0.8262219749999999 0.157306009375 0.840011915625 0.1556244609375 0.8401960984375 0.156238528125 0.8460152953125 0.158720159375 0.8485724250000001 0.1570471515625 0.8527667921875001 0.1579412734375 0.8659051874999999 0.16029514843749998 0.8583989046875 0.1628656046875 0.8530622343750001 0.16430271093749999 0.8459158828125 0.1655588734375 0.8387877406250001 0.16821649375 0.83752366875 0.17359875 0.8455936421875 0.1727030859375 0.8545344265624999 0.1708436390625
0 0.8074661750000001 0.14245451874999998 0.7998142828125 0.1415176078125 0.7977357421875 0.14178048593749998 0.7964131140624999 0.1445243 0.8018594796875 0.14605916875 0.8125733109375 0.1473848890625 0.8203170640625 0.1459745265625 0.8074661750000001 0.14245451874999998
0 0.6077829875 0.20407073125 0.597078225 0.20093676562499999 0.5955623921875 0.19601403281250002 0.6052267312499999 0.19128995937499998 0.6209186328125 0.183974359375 0.6154320640625001 0.1830012140625 0.6233665625 0.179895078125 0.609642359375 0.1811347875 0.603268690625 0.1790285140625 0.59384879375 0.1783287453125 0.5871546875 0.178187740625 0.5832915234375 0.17970539218749998 0.577063315625 0.18279893593750002 0.5708054390624999 0.182939421875 0.563549 0.1800374984375 0.5558732671875 0.18059966875 0.5489783015625 0.1824702875 0.5401900421875 0.18742754374999998 0.5367091859374999 0.1936579921875 0.5496358125 0.1878190015625 0.550484165625 0.1891497109375 0.551183703125 0.19377258125000002 0.5599275687499999 0.19800031093749998 0.5851705875000001 0.20293082343750002 0.59893193125 0.20784765312500003 0.6077829875 0.20407073125
0 0.7141303296875 0.035481225 0.70562915625 0.037189225 0.7033218890625 0.0387625453125 0.7038741703125 0.040500045312499997 0.7092019656249999 0.042404228125 0.7192162046874999 0.041879375 0.7230478140625001 0.038912053125 0.72261495 0.03685366875 0.7199801984375 0.0357807390625 0.7141303296875 0.035481225
0 0.7322419250000001 0.767978259375 0.7622553734374999 0.7864822703125001 0.768911921875 0.780532378125 0.736549753125 0.763107021875 0.7322419250000001 0.767978259375