0 0.5944791453125 0.5043823203125 0.5900745234375 0.4951221171875 0.58861716875 0.48408564062500004 0.5851705109374999 0.4789355921875 0.581607446875 0.482924284375 0.5789264937499999 0.492329590625 0.57652005 0.5031477546875001 0.584703890625 0.516150753125 0.585500790625 0.524449384375 0.5766619421875 0.5274374421875 0.5740903515625 0.526926228125 0.5616098078125 0.51747645 0.5521907125000001 0.520224115625 0.54777410625 0.5274794 0.5543520984375 0.5311142390625 0.5663313624999999 0.529001971875 0.5718981125 0.5308969171875 0.5811879078125 0.5323828984375 0.5907643546875 0.5449515375 0.596638496875 0.5545825078125 0.5985048828124999 0.5376511875000001 0.5962166140625 0.5227391828125 0.5944791453125 0.5043823203125
0 0.6246170765625 0.6445835843750001 0.621273053125 0.6550783953125 0.6123944671875 0.6359847578125 0.6057960796875 0.6280141515625 0.59440416875 0.6183406859375 0.6012033765625 0.6635594921875 0.5960406453125 0.6742496484375 0.5952807078125 0.6774172328125 0.60267824375 0.688588315625 0.6094825296875 0.6973397171875 0.6194176546875 0.700991859375 0.62671941875 0.6979337125 0.6294093937499999 0.7049830734375 0.6303313640625 0.7153587296875 0.626948621875 0.7218097671875 0.6195683468750001 0.725124509375 0.6070658765625 0.7346892890625 0.5996258140624999 0.7455112765624999 0.59971744375 0.7537422874999999 0.6048775734375 0.7578302203125 0.61383809375 0.7462371812499999 0.618819128125 0.7397264453125 0.6259185421875 0.7448337359375 0.6282703203125 0.7450251375 0.6337630875 0.7419654703125 0.639978903125 0.7425925062500001 0.65147619375 0.75210776875 0.657095303125 0.7582408203125001 0.6595453703125 0.766934953125 0.6675290125 0.7648735421875 0.6731211265625 0.7744257250000001 0.68137191875 0.778522415625 0.71009295625 0.795251715625 0.706276290625 0.8088698000000001 0.701925290625 0.8181887937500001 0.6873985578124999 0.8292306484375 0.6814762046875 0.8395089546875001 0.7476112578125 0.824872678125 0.7495111109375 0.8230589671875 0.7489766328125 0.8152408156250001 0.719211378125 0.612402934375 0.7155312015625 0.6059105437500001 0.7007537796875 0.604364059375 0.6938980625 0.6035452265625 0.6766000437499999 0.6103428937500001 0.6627491109375 0.617272103125 0.6414992500000001 0.628238075 0.6246170765625 0.6445835843750001
0 0.588535990625 0.7634565078125 0.5884559781250001 0.758899609375 0.5855473531250001 0.7516270125 0.5795999593750001 0.750641671875 0.579249059375 0.7505052203125 0.5768607296875 0.7579978406250001 0.5790892546874999 0.7651476078125 0.5847234953125 0.7672813359374999 0.588535990625 0.7634565078125
0 0.633631965625 0.7768272421875 0.634193571875 0.772480878125 0.6319765578125 0.7652164328125 0.6268442734375 0.7587579625 0.621584771875 0.7552222375000001 0.6181153687500001 0.7587073265625001 0.6218102437499999 0.766245871875 0.6235065703125 0.7706653234374999 0.62258245625 0.776977946875 0.629629075 0.7842332890625 0.633631965625 0.7768272421875
0 0.5011079671875 0.747648059375 0.496282721875 0.745603328125 0.4863323390625 0.7442671437499999 0.48425864531249996 0.7471285203125 0.48249275 0.7489551015625 0.4829691484375 0.7546082609375 0.4845156421875 0.75666629375 0.48200445 0.761824471875 0.4838182546875 0.7675940359375 0.48831666562500003 0.7695758140625 0.49300641718750005 0.774838271875 0.49581486718749995 0.7832343953125 0.50547841875 0.7845275453125 0.507991453125 0.7778411421875 0.5083817500000001 0.7667644640625 0.5078018625 0.7600474890625 0.5066915109375 0.7537413703125 0.5011079671875 0.747648059375
0 0.5474539953125 0.7995384875 0.5467196249999999 0.788760075 0.5352226250000001 0.763508821875 0.5277299421875 0.7674098015624999 0.5199589296875 0.7765258421875 0.516331965625 0.787638546875 0.5143788578125 0.7922905625000001 0.5135778875 0.80022836875 0.5179892625 0.8090859703125 0.5223685203125 0.8113457890625 0.5260371375 0.8150462078125 0.5297793453125 0.8232760984375 0.5326601875 0.840262025 0.53316338125 0.8471829156249999 0.5298119453125001 0.8563129671875 0.5272164734375 0.8641515015625 0.5200175234375 0.8685845593750001 0.527553559375 0.8711921171875 0.657307253125 0.8455634546875 0.641655484375 0.8380865140625 0.631184625 0.8369388875 0.6209746265625 0.838377440625 0.609571034375 0.8410910671874999 0.5999950734375 0.8445327640625001 0.58462763125 0.8479453250000001 0.5731349 0.8511792093749999 0.5673099781250001 0.8507894625000001 0.5630924875 0.84969900625 0.5600619328125 0.8392334484375 0.5638388062499999 0.8312294390625 0.5623413046875 0.821198015625 0.5576780703125 0.814655253125 0.5503408203125 0.8223081171875 0.5449489265625 0.8133695515625 0.54042325 0.806347178125 0.5474539953125 0.7995384875
0 0.5119596671875 0.8459032734375 0.5126569640625 0.8408237703125 0.5131251031249999 0.829090790625 0.508456825 0.82042286875 0.49813994843750004 0.827580934375 0.49679715625 0.8355952390624999 0.498570715625 0.8437280062499999 0.5036797625 0.8532669984375 0.511661546875 0.8528417015624999 0.5119596671875 0.8459032734375
0 0.49202777343750004 0.8295392421875001 0.49474786562500006 0.8263576296874999 0.49699308750000004 0.82020395 0.495143415625 0.814608890625 0.490851275 0.813994884375 0.48684189375000003 0.8192585734375 0.4862698328125 0.8284855906249999 0.49202777343750004 0.8295392421875001
0 0.47975668125000004 0.8408481515625 0.468682696875 0.8406081078125001 0.46556291875 0.839741371875 0.47131480000000003 0.8264627093750001 0.476143353125 0.8184033640624999 0.472507178125 0.8072655703124999 0.4671461484375 0.8041888234375 0.4492541 0.8063758453125001 0.43000480156250004 0.801459384375 0.41712056718749996 0.7959108500000001 0.41250959531250003 0.8001652343749999 0.4122294046875 0.8135310062500001 0.4118053671875 0.8225177312499999 0.40084214687499997 0.8328487390625 0.3881167484375 0.8293617546875 0.379723871875 0.8198972515625 0.377381590625 0.810014784375 0.37082903749999996 0.8056963921875001 0.360082565625 0.8090953859375001 0.3557435375 0.80329351875 0.35433630312500003 0.790480728125 0.347054303125 0.78291625 0.33192102343749996 0.7804313656249999 0.3166114515625 0.788149284375 0.2932299828125 0.8025120109375001 0.2994205453125 0.807044959375 0.3112028203125 0.8097002671875 0.31772096250000004 0.8206440390624999 0.30964092499999996 0.8350440156250001 0.3109083703125 0.8357804265625 0.2937536921875 0.8415104187500001 0.288413071875 0.8348602140624999 0.277765703125 0.8272767109375 0.2681993625 0.8233945359374999 0.253316290625 0.8265487484375 0.239282203125 0.814317103125 0.231442425 0.8187060828125 0.23171024375 0.8317784874999999 0.2253599671875 0.8360396890624999 0.2143510703125 0.8396420296875 0.19611155625 0.8436736625 0.1929238203125 0.8303370937500001 0.18016106875 0.82859085625 0.16981556250000002 0.8307545812500001 0.153302365625 0.8363793968750001 0.148641359375 0.8443901609375001 0.1434780953125 0.8647412437499999 0.1358319171875 0.8704891234375 0.12945383125 0.8736208062499999 0.12443340624999999 0.860769225 0.118956884375 0.8563626421875 0.10593417499999999 0.8553016421875 0.10011745937500001 0.8525289562499999 0.07991385 0.8543207484374999 0.068497865625 0.8595735390625 0.06846313750000001 0.876265978125 0.0625869734375 0.8986927 0.0766448796875 0.9784190421875 0.16407654375 0.95768894375 0.282326615625 0.9309583109374999 0.500681475 0.8795256359374999 0.5008285703124999 0.8736022906249999 0.4912487671875 0.8714883796875 0.4977321234375 0.8566353421875 0.492914921875 0.8462230296875 0.47975668125000004 0.8408481515625
0 0.0340167375 0.5959688765625 0.0100680859375 0.59817985625 0.0158767 0.6337855703125 0.0339689640625 0.62963869375 0.0346685734375 0.6216029390625 0.0340167375 0.5959688765625
0 0.163106634375 0.5818363843750001 0.1619073765625 0.5750350562500001 0.15760974375 0.5735620796875 0.068129646875 0.5879928078125001 0.050249378125 0.5900936640625 0.046046340625 0.5996039328125 0.046042468749999996 0.6085530625 0.0479989953125 0.6196490765625 0.0500176515625 0.62658040625 0.06899526875 0.6247192015625 0.1409407203125 0.6114160875 0.1747462046875 0.6056916734375 0.165231159375 0.5889902109375 0.163106634375 0.5818363843750001
0 0.297196521875 0.549855115625 0.2694732140625 0.55455785 0.20312681718749998 0.5659169765625001 0.1786865171875 0.5679941093750001 0.174609709375 0.56996003125 0.175588928125 0.5865181078124999 0.18357833750000002 0.598292453125 0.1905270625 0.604587709375 0.19879241406249998 0.6016404828125 0.3084474828125 0.5824211578125 0.3038702828125 0.5710034578125 0.3005549421875 0.56142425625 0.297196521875 0.549855115625
0 0.37076084531250003 0.30163319375 0.4118491140625 0.5123051203125 0.40885349218749995 0.529184871875 0.37557900312500003 0.5345824265625 0.3051734359375 0.5480074953125 0.3180407984375 0.58110245 0.32417383125 0.5801622375 0.3278607234375 0.5780905421875 0.44207688593750005 0.5559536171875 0.451910728125 0.5595982328125 0.45071773437499996 0.546812715625 0.450597471875 0.537501515625 0.43563183437499997 0.52389195 0.443123546875 0.5198055078125 0.44032142187499995 0.5088808078125 0.4140094171875 0.3834489359375 0.40529011875 0.33717565625 0.4009401890625 0.346608696875 0.40093883124999996 0.3648041125 0.3698994296875 0.2346971171875 0.3808809453125 0.22689034531250002 0.3795164453125 0.21529170312499998 0.35494620781249997 0.2281314703125 0.37076084531250003 0.30163319375
0 0.3149736515625 0.02491183125 0.35144442656249997 0.21127724531249997 0.3615170640625 0.20891570937499998 0.37349327187500003 0.2020981140625 0.359205471875 0.16909971875000002 0.34761762812499997 0.10723297031250001 0.35806006562500003 0.08758681562500001 0.34257750468750003 0.0200445265625 0.3149736515625 0.02491183125
0 1 0.64662235625 0.8908323250000001 0.6614130312500001 0.8812133828125001 0.5841771437500001 0.8815930375000001 0.558526209375 0.8767825031250001 0.491805728125 0.8744423953125 0.48385218906249994 0.86466723125 0.4858852015625 0.8586561296875 0.48739095624999995 0.8500787187500001 0.495325959375 0.8045564140625 0.49893725 0.8067488953125 0.48283851718750004 0.8033528750000001 0.47933436875 0.799653465625 0.4816050109375 0.7937692875 0.4874927984375 0.7753826562499999 0.4859211015625 0.7722365796874999 0.473711609375 0.76575935 0.472519825 0.76034431875 0.4763352890625 0.761024309375 0.4895857 0.767274909375 0.48806151406250003 0.770671096875 0.50921184375 0.7702127359375 0.5267770421875 0.7612316406249999 0.5041236875 0.7540949046875001 0.4842818390625 0.743689221875 0.45123673750000004 0.7541811203125001 0.5372385875 0.752657140625 0.5418498406250001 0.7581851203125 0.576457878125 0.7820524171875001 0.743750225 0.78259710625 0.7614431875000001 0.787989615625 0.7776467046875 0.8054187421875 0.82382643125 0.812768178125 0.8326641671875 0.8197217703125 0.8384651312500001 0.8255793421875 0.8383921781250001 0.8308245671875 0.8716395828125 0.8378456609375 0.88214244375 0.8459970765625 0.8823012531250001 0.85327606875 0.8802657203124999 0.8463963546875 0.8346803250000001 0.9943032640625 0.8202412609374999 1 0.8199587125000001 1 0.64662235625