0 0.5380713593750001 0.11154710625 0.542838353125 0.11045654687499999 0.54527421875 0.10807615156249999 0.5466873390625 0.105953453125 0.54638715625 0.1030416078125 0.5442591046875 0.1020513390625 0.5380145625 0.1040323765625 0.533002271875 0.10475357968750001 0.5236135546875 0.10710065312499999 0.5118249640625 0.10993331718749999 0.5023676 0.11245131718750001 0.4976415890625 0.11287652031249999 0.4945742015625 0.1130398046875 0.48930300625 0.1150576703125 0.48956596562500004 0.11641047499999999 0.493434090625 0.1207187453125 0.5022052203125 0.1188466765625 0.5029746281249999 0.1194229546875 0.5070167062500001 0.1223905890625 0.5137303203125 0.12399371249999999 0.5179478890625 0.12210742968749999 0.52359000625 0.11587256093750001 0.5316156296875 0.1113853203125 0.5332848984375 0.111194553125 0.5380713593750001 0.11154710625
0 0.3735727109375 0.1573483 0.38197756250000003 0.1472783140625 0.3871956484375 0.1408027453125 0.3885198671875 0.13913983125 0.396842740625 0.1353875 0.3862171890625 0.131797428125 0.38165619687499996 0.1334400734375 0.3774797015625 0.1304524078125 0.373627409375 0.12435034687499999 0.36715417499999997 0.1240821328125 0.36014403281249996 0.1259159234375 0.35768273281249996 0.1296558375 0.3542762921875 0.1305806203125 0.3517328296875 0.12294120312500001 0.3491989953125 0.12150931093749999 0.34679816093750004 0.1223420875 0.346230284375 0.126430240625 0.3454377859375 0.12927274375 0.34514746406249996 0.1315623953125 0.34460073125 0.1340642453125 0.3469811140625 0.13876835 0.348724834375 0.143055015625 0.345639590625 0.14606621875 0.3416204203125 0.1453782859375 0.3364531171875 0.14637475 0.3359833203125 0.146946775 0.330282390625 0.14932513593750002 0.32494446875 0.1521789046875 0.3292017546875 0.1556395328125 0.328897109375 0.160803475 0.3328011171875 0.1663526984375 0.33763957499999997 0.1732945171875 0.3430297703125 0.18083105 0.349082096875 0.1833967875 0.350144275 0.179304871875 0.353238715625 0.1757268109375 0.356182309375 0.173919440625 0.359298321875 0.17218838593750002 0.36312731249999997 0.169965375 0.367781284375 0.16875193593749999 0.3684163625 0.162380890625 0.3735727109375 0.1573483
0 0.3562819421875 0.202519646875 0.3586203609375 0.201668759375 0.35820207187499997 0.1995168484375 0.35602029218750003 0.19792261093750002 0.35239834062500003 0.19563416718749999 0.350701165625 0.1930527625 0.349721609375 0.18730914375000002 0.34880161875 0.187718775 0.347660278125 0.1911495875 0.34795059375 0.1958859 0.3467035609375 0.20327682343750003 0.344862971875 0.2042649296875 0.3402900265625 0.2069843265625 0.3390424953125 0.20936931093750002 0.34072159687500003 0.21002344062499997 0.3461571546875 0.20877745781249998 0.34784613593749997 0.2067555359375 0.35119168749999996 0.20456760156249998 0.3562819421875 0.202519646875
0 0.3799672609375 0.1823022609375 0.37859143125 0.17804118124999999 0.3752291609375 0.1743126671875 0.37319023906250004 0.1726508671875 0.3702182078125 0.1720108875 0.3720432984375 0.1763804234375 0.3740864203125 0.178342246875 0.374711971875 0.1806432875 0.3747002046875 0.183555284375 0.3759915171875 0.1869557421875 0.3770315671875 0.1886541203125 0.3766585859375 0.193081634375 0.37747869375 0.1957284671875 0.3795772328125 0.1985486109375 0.3821963703125 0.1991664578125 0.3833847890625 0.1984754390625 0.38361211562499997 0.1966150703125 0.3815556109375 0.19542784375 0.3805387234375 0.1939796421875 0.3798172 0.1920856421875 0.3805549078125 0.1892315046875 0.38092399062500004 0.1872242015625 0.3799672609375 0.1823022609375
0 0.4106633859375 0.206070925 0.4104067578125 0.202924584375 0.4098399953125 0.20000884531250002 0.4062530265625 0.19765470624999998 0.404570990625 0.1996959703125 0.40706504531250004 0.20502581874999998 0.40552494843750003 0.20739604374999998 0.4044386984375 0.21078272031249998 0.4035882609375 0.213572815625 0.40352933281250003 0.21574267656249999 0.403036459375 0.21814491875000003 0.40459992343750006 0.22029230000000002 0.406270334375 0.2223265703125 0.4093982921875 0.220313046875 0.41168194375 0.21910670312499997 0.41426589375 0.2168821671875 0.409096178125 0.216228459375 0.4077574640625 0.2153028296875 0.4087280890625 0.2118208390625 0.409511115625 0.2091998375 0.4106633859375 0.206070925
0 0.2447700203125 0.14647205937500002 0.24374411718750003 0.1468035890625 0.23857321874999998 0.148068165625 0.23783990781250003 0.1438779765625 0.23086584375000002 0.1465197265625 0.2273549875 0.15213180312500002 0.2257086234375 0.15601892343749998 0.224816028125 0.15918172343749998 0.22494530625000003 0.1651367796875 0.2267044984375 0.1706986078125 0.2286862234375 0.173417303125 0.234646634375 0.176263546875 0.24006015 0.1801122484375 0.2424378859375 0.18213318437499998 0.25173621874999996 0.1773476171875 0.2604883546875 0.1725854484375 0.269621803125 0.1678605828125 0.27772521562499997 0.1648544609375 0.2788405671875 0.1627721328125 0.2733437046875 0.16118876875000002 0.2681287140625 0.1582549328125 0.262994459375 0.1546145859375 0.260812703125 0.152619225 0.2695967796875 0.15430218906249998 0.2762559875 0.15451992812499998 0.27648724687500004 0.1524423171875 0.26812688125 0.149982990625 0.267269609375 0.149617984375 0.26377994375 0.1453077796875 0.258418125 0.1460077859375 0.2519066484375 0.1482205765625 0.24833055625 0.1463482140625 0.2447700203125 0.14647205937500002
0 0.2808847046875 0.3585684859375 0.2803587875 0.3558628765625 0.27960582968750003 0.3531520546875 0.2752788625 0.3520925890625 0.272506428125 0.35432192812499996 0.2717304390625 0.35683173125 0.2717350140625 0.3593282890625 0.2730917296875 0.3626475890625 0.2749654953125 0.36464710624999996 0.278355653125 0.36316360312499996 0.27987393125 0.3615982671875 0.2808847046875 0.3585684859375
0 0.49143718906249995 0.8268770125 0.4836823609375 0.8293426296874999 0.4804589265625 0.82787605625 0.47810732343750006 0.8228368671874999 0.4781857453125 0.819612665625 0.477257465625 0.8114141609375001 0.47310451093749994 0.8142715796875001 0.47077083750000004 0.8155481328124999 0.466492225 0.8172759624999999 0.4642056296875 0.8157976046875 0.46359700156250006 0.81127438125 0.461842890625 0.81445979375 0.4593972953125 0.820565171875 0.45619904375000003 0.8266226578125 0.45676859218750004 0.8354814296875 0.4571979203125 0.839614509375 0.4630903734375 0.84182453125 0.4785594234375 0.8404348640625001 0.488028490625 0.8388123328124999 0.5027665015625 0.8357581375 0.508402728125 0.83316155 0.5080701296875 0.8266682125000001 0.5065103671875 0.8232132890624999 0.499307759375 0.8239750453125 0.49143718906249995 0.8268770125
0 0.4485463453125 0.826239890625 0.44744925 0.8238140312500001 0.4444571625 0.8209335890625 0.44182744375 0.8212521531249999 0.43885836093749997 0.8232395703125001 0.437567621875 0.825738009375 0.439062875 0.829278690625 0.4485463453125 0.826239890625
0 0.451867040625 0.832612415625 0.450342840625 0.831420409375 0.44449602343750005 0.8325569156249999 0.4383026890625 0.833908809375 0.4320134453125 0.8332769328125 0.42687426874999995 0.8320760953124999 0.42429096250000004 0.8362774546875 0.42707145156250004 0.8395269265625 0.432887784375 0.8407966968749999 0.44499401875 0.841047578125 0.45146804218750003 0.8368078171875 0.451867040625 0.832612415625
0 0.562953246875 0.7998485796875 0.5613815390625 0.8056265078125 0.5583960625 0.8081519374999999 0.5515035265625 0.8103942296875 0.5497552406249999 0.8117098015625 0.547445384375 0.8150414421875001 0.5462743546875 0.8218079546875 0.547458125 0.8267351078124999 0.5531215234375 0.8318611593749999 0.5665862749999999 0.832492628125 0.5890081703125001 0.82156353125 0.5830957828125001 0.8123887249999999 0.5782319453125 0.806626546875 0.5735203046875 0.7978805062500001 0.562953246875 0.7998485796875
0 0.6274813140625 0.8064176734374999 0.6251720234375 0.8109477890625 0.6200950734374999 0.8128021484374999 0.6144860750000001 0.8160301406249999 0.6150964734375 0.8188100593750001 0.618202478125 0.82249765625 0.6210672765624999 0.8258533046875 0.6338231390625 0.828316184375 0.6492561953125 0.8261026234375001 0.65841034375 0.8201003390625001 0.6621798390625 0.8161300140625001 0.6607058109375 0.8096850468750001 0.653660784375 0.80516500625 0.6485355421875 0.80116158125 0.64270320625 0.798941465625 0.6352510375 0.7987059546874999 0.6287277796875 0.801283953125 0.6274813140625 0.8064176734374999
0 0.7419956203125 0.7456126546874999 0.73574046875 0.689676934375 0.7322499921875 0.6902185249999999 0.72812410625 0.6935100046875 0.7261042984375 0.6962456640625 0.7193197640625 0.699199165625 0.7208393953125001 0.7046913640625 0.71686991875 0.7140774750000001 0.7165934921875 0.7148745515625 0.716900165625 0.7203255609375 0.719215215625 0.72742043125 0.71934416875 0.731056378125 0.7191916328125 0.738124725 0.7189233500000001 0.740871696875 0.7179327468750001 0.7463472515625 0.716764765625 0.7493216359375 0.7132390953125001 0.751950478125 0.7150639296875 0.7577271671875 0.7161687859375 0.75934131875 0.7164358749999999 0.7641792421875 0.7175448359375001 0.7676406124999999 0.7203074328125 0.7722147109375 0.72323445 0.7773808125 0.72450950625 0.78186045 0.7265940265624999 0.788178790625 0.7270442859374999 0.792804425 0.7303880796875 0.7997789156249999 0.7323753109375 0.80368875625 0.741154725 0.81529715625 0.7454616953125 0.8214127078125 0.7364585046875 0.82590691875 0.732077828125 0.8253163156250001 0.73118783125 0.8360425812500001 0.73286981875 0.8458502749999999 0.7334161515625001 0.8525424203125 0.7261663328125 0.8547809421875 0.7266605234375 0.8600092671875 0.728470296875 0.8668139671875 0.7280518640625 0.87528220625 0.7321945390625 0.8808964593749999 0.737753190625 0.8815939453125001 0.74331433125 0.87373054375 0.7451470437500001 0.8685338046875 0.7433017203125 0.862012978125 0.74863880625 0.8589174281249999 0.7526913937499999 0.8614150468749999 0.7555107125 0.8637178406249999 0.7575629265625 0.86331893125 0.7570345265625 0.8594295453124999 0.7568541953125 0.8536786062499999 0.7573984765625 0.8508366 0.7558185515625 0.8461806453125 0.7554285515625 0.8426511515625 0.75315825625 0.8414449968750001 0.7518398578125 0.8275299625000001 0.749627409375 0.8010149625 0.7471919109375 0.7884854125 0.7419956203125 0.7456126546874999
0 0.72114361875 0.5760542640625 0.7186565421875 0.5619000171875 0.7157308437500001 0.532641009375 0.71148485 0.4967288765625 0.7102371671875 0.4988019078125 0.7073127203125 0.502394678125 0.7039640359375 0.505614671875 0.702408271875 0.511220775 0.7016384015625 0.514015903125 0.7023949093749999 0.5185629078125 0.7063373140625 0.52256545 0.7052952390625 0.526736228125 0.702544446875 0.5317628328125 0.701016453125 0.5375036125 0.701597525 0.5446283265625 0.701366396875 0.5487210609375001 0.702531525 0.5547151218749999 0.7035851609375 0.5592266546875 0.7053506265625 0.5646487828125 0.7086463734375 0.567985925 0.713010009375 0.5713303765625 0.7181556390625 0.5749637359374999 0.72114361875 0.5760542640625
0 0.642122071875 0.0454794453125 0.646668271875 0.039830068749999996 0.6499083625 0.033742165625 0.6441282687500001 0.0279256953125 0.638036196875 0.026645853125 0.6264359374999999 0.0208910546875 0.6287054000000001 0.018342446875 0.627153375 0.016515965625 0.6219525531250001 0.0194035703125 0.6196187906249999 0.0262480640625 0.620751765625 0.0361465578125 0.6222000750000001 0.043720295312500004 0.626764803125 0.043652751562499995 0.6277846421875 0.046991371875 0.6298412640625 0.054558287500000004 0.6357817781249999 0.0567207640625 0.6397385046874999 0.053033987500000004 0.642122071875 0.0454794453125
0 0.6612914671875 0.06978391874999999 0.661055325 0.06607966875 0.6614280406249999 0.0631739140625 0.66017010625 0.060174456249999994 0.6565641796875 0.0584925359375 0.6565431234375 0.06346128125 0.657398484375 0.06786173125 0.6595420437499999 0.070913478125 0.6612914671875 0.06978391874999999
0 0.37458243593749996 0.8931000296875 0.36632923906250003 0.8517383203125 0.36021240468750004 0.849938015625 0.3551990171875 0.8491058890625001 0.350906965625 0.8449341406249999 0.3439765953125 0.8437472109374999 0.3299809453125 0.8445034765624999 0.305353571875 0.8526109328125001 0.3012439078125 0.859531621875 0.2956119390625 0.867006078125 0.29356778437500003 0.8741858468749999 0.2918357921875 0.882799584375 0.300723153125 0.8898043687499999 0.31357447656250004 0.8904818562499999 0.330812503125 0.8783431 0.3376482625 0.8744739375 0.3437993328125 0.8841642343749999 0.34828841875 0.89337853125 0.3573576796875 0.9000662187499999 0.370136746875 0.8986359546875 0.3725503328125 0.8975985484375 0.37458243593749996 0.8931000296875
0 0.3882960671875 0.8546901468750001 0.390088559375 0.8522835953125 0.3935351125 0.8475690296874999 0.3877275578125 0.846942209375 0.3854727140625 0.8466753640625001 0.380177959375 0.8493663421875001 0.3821510015625 0.852613590625 0.3841152375 0.853579990625 0.383202034375 0.8572099937500001 0.3849060671875 0.8598266750000001 0.3882960671875 0.8546901468750001
0 0.2992370640625 0.794497815625 0.29626775 0.7919392546874999 0.29113145625 0.7916785796875 0.2881238765625 0.792681821875 0.285812296875 0.79423581875 0.288071515625 0.800945196875 0.2899202421875 0.8054772734375 0.294186715625 0.8099023046875 0.29918546562500004 0.811117703125 0.3013025828125 0.80631136875 0.3011636578125 0.8013466625 0.2992370640625 0.794497815625
0 0.2915633609375 0.7851385078125 0.2954863515625 0.7854790359375 0.2950592421875 0.7819551625 0.2936401 0.7746543109374999 0.2890641859375 0.77509013125 0.2878619703125 0.7798045796874999 0.2915633609375 0.7851385078125