0 0.57428840625 0.096713821875 0.5741122328125 0.10185796093749999 0.5750724453125 0.1069078703125 0.5811583921875 0.11002202187500001 0.5934420953124999 0.11005934843750001 0.5939224249999999 0.0986580359375 0.5953296078125 0.097033728125 0.596187246875 0.09625819062499999 0.598632803125 0.0958757875 0.6010229765624999 0.093314725 0.6001900109375 0.0918524578125 0.5951024234375 0.0893145703125 0.589650121875 0.088124065625 0.5847256046875 0.08709900937500001 0.5805077796875 0.08600211875 0.575081265625 0.0854930421875 0.5722882390625 0.0866103359375 0.5704769671875 0.088820615625 0.5692495906249999 0.09227687812499999 0.57428840625 0.096713821875
0 0.6194578890625 0.12143637656249999 0.618559984375 0.1230733625 0.6071070390625 0.1239811765625 0.59724209375 0.124773096875 0.598648659375 0.1265030375 0.6077618328125001 0.1272581984375 0.6146456406249999 0.1275496609375 0.6193032296875 0.12869277343750002 0.626236553125 0.1297388578125 0.62949818125 0.13053100625 0.6315720953125 0.1321598375 0.6226913046875 0.13421624375000002 0.6185451640624999 0.13441048125 0.6120244703125 0.1345656703125 0.6060012312499999 0.13547385781250001 0.603138784375 0.1366985484375 0.5914792953125 0.13632776875 0.5855343671875 0.1359527375 0.5773824703125 0.1360967328125 0.5663352796875001 0.135565640625 0.56077053125 0.1354599484375 0.5526969796875 0.13505286562500002 0.54418664375 0.1327475390625 0.5359500640625 0.131619465625 0.529855828125 0.1319624484375 0.5253408687500001 0.128714903125 0.527981775 0.12604036406250002 0.5428636703125 0.1248110875 0.552788965625 0.12450626875 0.5570366296875 0.1276063140625 0.5656264531249999 0.1288265046875 0.5663212609375 0.123904984375 0.5677306 0.11779067968750001 0.5691365609375 0.11203737656249999 0.558497759375 0.1127778125 0.5487959703125 0.1145735359375 0.5359950171875 0.1153019625 0.522326534375 0.11580880625000001 0.513473103125 0.1176198546875 0.5082840171874999 0.1192315890625 0.5079817015625 0.12210793281250001 0.50752428125 0.1299279578125 0.5080096046875 0.136252396875 0.5083389828125 0.14008438125 0.510141265625 0.1405157578125 0.5131668828125 0.1377983859375 0.5179745687499999 0.1375134265625 0.5201086484374999 0.13948165625 0.523080553125 0.1410571859375 0.5304772953125 0.1406987046875 0.5342963953125001 0.1416578515625 0.5369100828125 0.143756615625 0.53916768125 0.147434621875 0.5444664140625 0.1482476328125 0.5480915859375 0.14546130156249998 0.550274059375 0.14363568124999998 0.55820829375 0.1458914546875 0.5672390390625 0.14723654375 0.570592740625 0.1468836046875 0.5849127125 0.14683015625 0.58902124375 0.14410876875 0.593096184375 0.144128575 0.594099909375 0.1455506578125 0.5941988031250001 0.14825707187499998 0.59706765 0.1508131375 0.601783025 0.1517203734375 0.6055877640625 0.14976675 0.6146603796875 0.14276109374999998 0.6259492984375 0.14206856406249999 0.6350651265625 0.139928453125 0.6363530140625 0.13797424375 0.642959190625 0.14001030625 0.6452826578125 0.139728190625 0.6520943140625 0.1342036890625 0.652937171875 0.1304446375 0.6508023359374999 0.1267795328125 0.64689996875 0.1242059640625 0.636735259375 0.11964346875000001 0.6305496453125 0.11776158750000001 0.625003628125 0.11819518281250001 0.6194578890625 0.12143637656249999
0 0.5278053765624999 0.16200959374999999 0.53344530625 0.16068248125 0.533142334375 0.1552240359375 0.5318927296875 0.15150743125 0.529555559375 0.14994676875 0.5265907375000001 0.14816931093750002 0.523938296875 0.1477098515625 0.52149039375 0.149295475 0.5195573359375001 0.1504073171875 0.5220329296874999 0.15485137031250001 0.5210228734375 0.1558214171875 0.5203860984374999 0.159996478125 0.5278053765624999 0.16200959374999999
0 0.5333406375 0.1899302015625 0.530195609375 0.1858462703125 0.5234622953125 0.1835250453125 0.521205440625 0.18302389375 0.5199501375 0.1836366609375 0.5185045984375 0.1873449375 0.5177180140625001 0.190613434375 0.5178174453125 0.1946600578125 0.5188003234375 0.19820880000000002 0.51989134375 0.20451048906249997 0.5212248046875 0.20787769531250003 0.5212758140625 0.2123999875 0.5250523515625 0.2131362765625 0.5280388640625 0.21034252343749998 0.5289907234375 0.20387219843749999 0.5296267140625 0.1978211546875 0.5310843953125 0.1948792828125 0.5333406375 0.1899302015625
0 0.6364521375 0.335167978125 0.638444825 0.3294229234375 0.6386906296875 0.3270842421875 0.63422505 0.32267926875 0.6258599312500001 0.3212046109375 0.623969 0.3254882328125 0.6231888062500001 0.33247778281249996 0.6221526265625 0.33738856093749997 0.6254074171874999 0.3420276296875 0.6297808500000001 0.344514025 0.6338369921875 0.34305344375 0.6349254765625 0.33997692968750004 0.6364521375 0.335167978125
0 0.573179075 0.34646760468750004 0.5672443921875 0.3420637609375 0.5614649078125 0.34060791562500004 0.55853476875 0.3404287765625 0.5554084390625 0.34187710781249997 0.5537642859374999 0.3474152734375 0.5555981140624999 0.35394428906250003 0.55916998125 0.3564784078125 0.5655368359375 0.35424418593749996 0.5682099593750001 0.355164584375 0.5732079875 0.3561030984375 0.574115321875 0.35201460625 0.573179075 0.34646760468750004
0 0.5412962765625 0.7274375625 0.5839479765625 0.732705990625 0.6293389015625 0.73433455625 0.630234846875 0.7108621234375 0.6074157171875 0.703750415625 0.6249990390625 0.700885178125 0.6341546640625 0.6735675515625 0.641228834375 0.4119362609375 0.6678044546875 0.3833073375 0.6668198078125 0.362779459375 0.677202721875 0.338733040625 0.67020764375 0.323072315625 0.647183184375 0.310440153125 0.6519663265625 0.3023017953125 0.672615525 0.2926888125 0.675312746875 0.28197455625 0.667827690625 0.27097565156250003 0.647421134375 0.2633319625 0.6522275125 0.14286191875 0.6453957609375001 0.1256472515625 0.6208593640625 0.119926159375 0.5820948625 0.12999180625 0.57534711875 0.1269259296875 0.5726872109375 0.1148630625 0.5349026625 0.11560506562499999 0.508201028125 0.1230108046875 0.51116904375 0.274148996875 0.49272708749999994 0.27770954375 0.48213884374999993 0.29623550781249997 0.5082711843750001 0.3091943203125 0.5092138265624999 0.322647803125 0.48754266875 0.3345100328125 0.48219023281249995 0.36301294375 0.42649101875 0.339876546875 0.4137748484375 0.348752215625 0.4240411328125 0.363185653125 0.51806156875 0.4178441390625 0.5255421578125 0.6605808109375 0.536013771875 0.6805347015625001 0.5288227484375 0.7190565624999999 0.5412962765625 0.7274375625
0 0.5826256359374999 0.4478353421875 0.5806078625 0.4448801140625 0.5766700765625 0.441223471875 0.5722639515625 0.44200782812500006 0.5676521203125 0.44476429843750004 0.5656191734375 0.44829143125000004 0.5647971468749999 0.45294349062499994 0.5688921375 0.455119390625 0.578436175 0.4528813171875 0.5826256359374999 0.4478353421875
0 0.5782670859375 0.4703201109375 0.5777880984375 0.459047353125 0.5707344062499999 0.4565604796875 0.5696882109375 0.460191325 0.5674813140625 0.46220448281250004 0.5673700968750001 0.4664316390625 0.5696120390625 0.47040808125 0.5687992375 0.471818346875 0.5661851609374999 0.4745365546875 0.5694916 0.4778770328125 0.57957405 0.4737002421875 0.5782670859375 0.4703201109375
0 0.58109451875 0.45291091406249995 0.5802984625 0.45731589687499996 0.5829292828125 0.45759240781250005 0.5836734031249999 0.453681578125 0.58109451875 0.45291091406249995
0 0.5804997875 0.46806143125000005 0.5829308546874999 0.4670694875 0.5831900531249999 0.464603384375 0.5818053453124999 0.461962928125 0.5791745234375 0.46168641875 0.5804997875 0.46806143125000005
0 0.5281152375 0.47926431249999996 0.5308757390625 0.4783069953125 0.5315422796875 0.47513428593749996 0.530796425 0.4695695890625 0.5296264828125 0.461716778125 0.5252128359375 0.45626462187500005 0.5219933812499999 0.458419590625 0.5235260687500001 0.4628210984375 0.5238647453125 0.469090846875 0.52443665 0.4731415671875 0.5281152375 0.47926431249999996
0 0.5387136375 0.511300771875 0.5373287671875 0.50866186875 0.5330096078125 0.5054647546875 0.5308103796875 0.5042359546874999 0.5287071953125 0.505262359375 0.529938134375 0.5093807765625 0.5307676828125001 0.5109652296875 0.5325857 0.5126520046875 0.5372418 0.5126433390625 0.5387136375 0.511300771875
0 0.5314331828125 0.5584166125000001 0.530845940625 0.5608498078124999 0.53197911875 0.5627144093750001 0.53371939375 0.565140859375 0.537544228125 0.5635491312500001 0.5344452140625 0.5582351484375 0.5314331828125 0.5584166125000001
0 0.5524515 0.48182215624999997 0.553205021875 0.4841448953125 0.554919165625 0.4868199765625 0.556789121875 0.4880125984375 0.5593939734375 0.48853618593750003 0.558150634375 0.4497515671875 0.5560474484375 0.45077797343750003 0.5551476796875 0.45616970781250005 0.556023215625 0.4605005765625 0.554543871875 0.46508354843750005 0.5553232015625 0.467160765625 0.554656825 0.47033191875 0.5536883718750001 0.4732230890625 0.553706671875 0.47621797031249996 0.5544601953125 0.478540709375 0.5526071484374999 0.4803412515625 0.5524515 0.48182215624999997
0 0.5810047625 0.48856403125 0.5806052515625 0.48602712343750004 0.578407578125 0.48479848593749997 0.57456428125 0.4833968859375 0.5706096031250001 0.486223996875 0.5681785374999999 0.48721594062499995 0.5658238234375 0.48746649062499997 0.566292015625 0.4925039640625 0.56754720625 0.49637669375 0.5737697953125 0.49727895 0.57880726875 0.49681075625000004 0.579603325 0.4924057734375 0.5810047625 0.48856403125
0 0.578834809375 0.5060407609375 0.579682640625 0.501143178125 0.5766263406250001 0.49857683750000004 0.56951320625 0.49982452187500004 0.567963625 0.501906765625 0.56512538125 0.5036037609374999 0.5674192609375 0.5070860500000001 0.5644514984375 0.5100153187500001 0.5692036421875 0.512261859375 0.5738339359375 0.5124987171875001 0.5781607640625 0.5124538734375 0.5802637859375 0.511429021875 0.578834809375 0.5060407609375
0 0.583286790625 0.5269582078124999 0.5848865921875 0.5243832015625001 0.581233809375 0.5180149328125 0.5769848875 0.517318546875 0.57695891875 0.5175656234375 0.5739803625000001 0.51425960625 0.5665118234375 0.51571974375 0.567187603125 0.5187821578125 0.5667467875 0.5229762421874999 0.56363104375 0.524144459375 0.5631734828125 0.525343825 0.564688034375 0.5267488984375001 0.566350403125 0.5299165796875001 0.5652691796875 0.5370347421874999 0.567503453125 0.54425314375 0.5747386 0.5450135875 0.5810037234375 0.539188121875 0.5842308468749999 0.5337911953125001 0.5818851921875 0.5308015046875 0.583286790625 0.5269582078124999
0 0.579051825 0.5609281859374999 0.581066471875 0.554406171875 0.5780192328125 0.5485995890625001 0.5698750765625 0.5469957562500001 0.5664054828125 0.5483765875 0.5617661296875001 0.5513799703125 0.560764203125 0.5577586218749999 0.5642948109375 0.5621203140625 0.5620804078125 0.567373875 0.5612081609375 0.572518696875 0.5620819796875 0.57685095625 0.5692134140625 0.578598153125 0.5790183671875 0.573892584375 0.5820730953125001 0.5669818453125 0.579051825 0.5609281859374999
0 0.5798771734375 0.5847056515625 0.5756800265625001 0.5835166671875001 0.5751766421875 0.581968065625 0.572018184375 0.5803886406250001 0.565942021875 0.5812472750000001 0.5613042218750001 0.5842508203125 0.5613134625 0.59048594375 0.5592988140624999 0.5970079593750001 0.5627516796875 0.6021093265624999 0.5641213765625 0.6112305921875001 0.56174069375 0.6117282187499999 0.5628159828125 0.6173275406250001 0.5630676921875 0.627578759375 0.5612679734375 0.628886865625 0.5626971140625 0.634273571875 0.5690675203125 0.636938434375 0.5761546859375 0.6359378265625 0.5838566171874999 0.632257109375 0.58415084375 0.6263036875 0.5807223953125 0.6209550796875 0.5802282328125 0.6161646843749999 0.57690333125 0.6098308765625 0.5776216453125 0.6061655703125 0.5796805625 0.602391359375 0.581341359375 0.596081959375 0.5771442125 0.5948929749999999 0.5782163765624999 0.591015053125 0.580854703125 0.588051159375 0.5798771734375 0.5847056515625
0 0.6207483984375 0.5628173265624999 0.6241752765624999 0.5586888546875 0.626571296875 0.5517073109374999 0.624484840625 0.5462515171875 0.62032116875 0.5415750515625 0.614696615625 0.5444748859375 0.6151724781250001 0.5462704015625001 0.6147133625000001 0.5474696046874999 0.6139783015625 0.54814019375 0.6127063828125 0.5507496625 0.6135819171875 0.5550805296875 0.61520001875 0.5555004046875001 0.614283503125 0.557897421875 0.6138426875 0.5620915078125 0.6207483984375 0.5628173265624999
0 0.6228791234375 0.5710209265625 0.6241770109375 0.56816438125 0.6215277265625 0.56489454375 0.6167771390625 0.562648165625 0.613505746875 0.5652972859375 0.6139999078125 0.5700876828125 0.6118449484374999 0.5716066875 0.6125723390625 0.57417805625 0.616154884375 0.5780455953125 0.6201796359375 0.5777207671875 0.6242563265625 0.5769017859375001 0.6254764703125 0.5747849171875 0.6228791234375 0.5710209265625
0 0.6208217796875 0.5842722171875 0.6228547265625 0.5807450828125 0.6216941890625 0.5791258406249999 0.6191670796875 0.577862578125 0.6146847656250001 0.5793867734375 0.613309134375 0.58298299375 0.618061440625 0.58522798125 0.6208217796875 0.5842722171875
0 0.6235930921875 0.5990271015624999 0.6239819718749999 0.5953271703125 0.6223973453125 0.5914198140625 0.61755055 0.586919784375 0.613249690625 0.5867175515625 0.6105838421875001 0.5899283578125 0.61194274375 0.5928143375 0.6146696078125 0.595346053125 0.612714403125 0.5981335109375 0.6113647421875 0.6014826546875 0.6120145531250001 0.604792146875 0.61448221875 0.609789965625 0.6188013781249999 0.61298708125 0.62307626875 0.6134363890625 0.624953565625 0.6113901609375 0.6248834921875 0.608887878125 0.624840778125 0.6061402375 0.625453825 0.60346151875 0.624372421875 0.60110431875 0.6235930921875 0.5990271015624999
0 0.6219171375 0.6212957828125 0.6219338671875 0.6148135828125 0.6190346078125 0.6107680531249999 0.615815153125 0.612923021875 0.6145767078125 0.612045009375 0.6135047078125 0.6159213765625 0.6121106140625 0.6165242703125 0.6119291578125 0.618250696875 0.61268268125 0.6205734359374999 0.6136617640625001 0.62391910625 0.6163887921875 0.62644926875 0.615677984375 0.626874171875 0.6164832812500001 0.6287043109375 0.6180511609375 0.6296169484374999 0.6219188734375 0.630771309375 0.6238923765625 0.6309787328125 0.6236239390625 0.6272097140625 0.621657940625 0.6237618859375 0.6219171375 0.6212957828125
0 0.5609191828125 0.66700453125 0.5613858031250001 0.6625649234375001 0.5646830015625001 0.6596702796875 0.5642407765625 0.65438573125 0.5627781625 0.6524865046875 0.5558098828125 0.6460179984375001 0.54974294375 0.6436348375 0.544048153125 0.64403394375 0.5404915953125 0.6493962453125001 0.5375496375 0.652079990625 0.53465961875 0.6542695843749999 0.535881334375 0.6616297953125 0.536703378125 0.666454653125 0.5436716578125 0.672923159375 0.5521527546875 0.6713212125 0.5565055515624999 0.6710292921875001 0.5612393953125 0.6702809515625 0.5609191828125 0.66700453125
0 0.546778340625 0.674995184375 0.54440671875 0.672252571875 0.5421572703125 0.6715165328125 0.5406854328125 0.6728591015625 0.5407373703125 0.6723649484374999 0.5394914203125001 0.6747273390624999 0.5413352437500001 0.6761685921875 0.546778340625 0.674995184375
0 0.560385465625 0.687897571875 0.5561959875 0.6834666296874999 0.5509862828125 0.68241945625 0.5470392734375 0.6820046078125 0.544356515625 0.6822222515624999 0.5496624265625 0.6855230765625 0.5553237421875 0.6886114515624999 0.560385465625 0.687897571875
0 0.6166091312499999 0.7097662203125 0.6207025671874999 0.71194195625 0.6259915687500001 0.71224961875 0.6282746546875 0.709496621875 0.6308200640625 0.713754765625 0.6321606484375 0.7041689453125 0.629857709375 0.703926896875 0.6265619015625 0.7068232578125 0.6163574390625 0.70899191875 0.6166091312499999 0.7097662203125
0 0.55454755625 0.705488396875 0.5538979078125 0.7021773515625 0.5510931375 0.700386865625 0.548514090625 0.6996177546875 0.5463851 0.7008896828125 0.548956478125 0.70490075 0.55454755625 0.705488396875
0 0.53880534375 0.706576975 0.5405698703125 0.7087577406250001 0.5443873609375001 0.7104048625 0.5440152109375 0.7076225953125 0.544654065625 0.7046983546875001 0.5392979343750001 0.701890290625 0.5358602609374999 0.699783478125 0.5356711375 0.7047518640625 0.5368058703125 0.706616628125 0.538120503125 0.7067548015625 0.53880534375 0.706576975
0 0.620091090625 0.7240977562500001 0.621535240625 0.7230036546874999 0.623386734375 0.7212029484375 0.6244771984375 0.7203199078125 0.624105046875 0.717537640625 0.61447404375 0.7237571859374999 0.6173550031249999 0.724807834375 0.620091090625 0.7240977562500001
0 0.46831686093749997 0 0.3215908875 0.02088905 0.2642558296875 0.028578653125 0.26367243125 0.0341293296875 0.486673575 0 0.46831686093749997 0
0 0.32393096250000003 0 0.3164215453125 0.0008624359375 0.1643165375 0.017139803125 0.10624045468750001 0.023972253125000002 0.0465454609375 0.030945628125000003 0.0457369765625 0.0400579109375 0.09801030937500001 0.0330821859375 0.1860841515625 0.021609937500000002 0.282278959375 0.00989931875 0.3658943640625 0 0.32393096250000003 0
0 0.1935286671875 0.0410964125 0.21110236875 0.039981946875 0.219264996875 0.0394368765625 0.23138135 0.03883916875 0.2497176515625 0.036403428125 0.24626476406250003 0.0316759796875 0.23694143125 0.0331894046875 0.199534909375 0.037674239062499996 0.177526996875 0.0414397265625 0.1576544046875 0.044650375 0.15409475156250002 0.044899970312499995 0.151569378125 0.0432315453125 0.148355125 0.044141171875 0.1454732109375 0.0458649984375 0.11682107500000001 0.049555878125 0.044883540625 0.059762584375000004 0.042867203124999996 0.0659419203125 0.0546954296875 0.06328720156249999 0.12211991250000001 0.054164692187499995 0.16807980625000002 0.047928396875 0.1844212328125 0.0466844140625 0.18388918125 0.043824067187499996 0.1935286671875 0.0410964125
0 0.55433418125 0.4240132046875 0.5528222453125 0.4309242734375 0.561081925 0.42707908124999994 0.55433418125 0.4240132046875