0 0.4044575859375 0.11137557812500001 0.4051521921875 0.1062823359375 0.40470703593749996 0.101154465625 0.409506734375 0.0964598921875 0.40810015312500003 0.0930726015625 0.40617568593750003 0.09096014687500001 0.4033280125 0.089990559375 0.39793557812499997 0.0907829390625 0.393780940625 0.09209907187500001 0.3889168203125 0.0933804515625 0.383534296875 0.09485467656249999 0.37858650312500003 0.09765535 0.377831209375 0.09915920624999999 0.3803521421875 0.10159166875 0.3828143609375 0.10184555625 0.38371141249999996 0.1025751453125 0.38520167656250004 0.10412358125000001 0.386278046875 0.11548412968749999 0.3985429609375 0.11480397499999999 0.4044575859375 0.11137557812500001
0 0.387521490625 0.1536691078125 0.38747860625 0.15096122812499999 0.3884065296875 0.1494885625 0.39247484843749997 0.14925551718750002 0.3967201765625 0.1517581515625 0.41102332031250005 0.15106207656249998 0.41439089687499997 0.1512390125 0.42333887031249995 0.14942313437500002 0.4311441734375 0.1467552078125 0.4334192 0.1484641046875 0.43718522968749995 0.1510568890625 0.44243414999999997 0.1499676796875 0.4444961625 0.14617655937500001 0.44699642656250005 0.14394388125 0.450760096875 0.1427861734375 0.45816546249999995 0.142757046875 0.46105083750000003 0.1410281390625 0.46307898437499995 0.13895091875 0.46789499375 0.138983871875 0.47105868125 0.141539171875 0.47283591718749995 0.1410140609375 0.47296429218749997 0.13717009062500002 0.47311795625 0.13082891875 0.47225189375000004 0.12304355 0.47179945625 0.1201869703125 0.46653312968750005 0.1188490203125 0.45759705000000006 0.1175038078125 0.44392077343749997 0.1177130109375 0.43109924062499994 0.11765553437500001 0.421316765625 0.1163700234375 0.4106537921875 0.11618739375 0.41235893125 0.12185923125 0.4140863375 0.1278913953125 0.415037765625 0.132769809375 0.42355195781250005 0.131101734375 0.42763155625 0.1277836296875 0.437559203125 0.12756858124999998 0.45248503749999996 0.12801731562500002 0.45526229999999995 0.130549975 0.450923490625 0.1340293640625 0.44481965625 0.1340057984375 0.43665340312499995 0.13556339687500002 0.42827538125000003 0.138310959375 0.4202342 0.13914002187500002 0.41468260937499996 0.13953680468750002 0.403678353125 0.1406453359375 0.39553009375000003 0.1409281734375 0.389612940625 0.141613825 0.377988834375 0.14259430625 0.37506621562500003 0.1415211046875 0.3690037 0.14092939375 0.362483821875 0.1411156828125 0.358333196875 0.1411387046875 0.349356953125 0.1395499 0.351342778125 0.1378147609375 0.3545584796875 0.136853 0.361427553125 0.1354454859375 0.3660189328125 0.1340601796875 0.3728780515625 0.1334088453125 0.381939215625 0.13217777343749998 0.38325331406249996 0.130376590625 0.37336044375 0.130102046875 0.3618756828125 0.1297948765625 0.360893334375 0.1282071265625 0.3551855640625 0.12526061718749998 0.3496244546875 0.125117871875 0.343545809375 0.1273209046875 0.3336338125 0.13240912656249998 0.329871484375 0.135183403125 0.3279313890625 0.1389552125 0.328969825 0.1426650015625 0.336061278125 0.1478254375 0.338396325 0.147985565625 0.3448868890625 0.14560655312499998 0.34627528750000003 0.14749068125 0.3554906265625 0.1491507734375 0.3668003171875 0.1492515375 0.3762271484375 0.15577276874999998 0.38012891875 0.157524590625 0.38479034843750004 0.1563718140625 0.387521490625 0.1536691078125
0 0.4601846015625 0.1509008234375 0.45765706718750004 0.1494454859375 0.45503230781250004 0.150043134375 0.452164575 0.1519733234375 0.4499122875 0.153654165625 0.44885890625 0.157431075 0.4488420234375 0.162897896875 0.45454367968750004 0.16392801875000002 0.46184743125 0.1615293671875 0.46099302187499996 0.1573933546875 0.45993358281249996 0.1564774984375 0.46217319999999995 0.151909975 0.4601846015625 0.1509008234375
0 0.45047725468750005 0.1921000546875 0.4529894203125 0.196924271875 0.45459907031249996 0.1997858234375 0.45555087656250004 0.20579528906250003 0.4568400625 0.2122069296875 0.45996869531250006 0.21484055156249998 0.463701521875 0.2139076234375 0.4635157828125 0.209388859375 0.464671190625 0.20595647968750003 0.4654309109375 0.1996063265625 0.46622671406249994 0.196011009375 0.4661142265625 0.191964728125 0.465157659375 0.18874187656250002 0.46352002499999995 0.18511433593749999 0.46223437343749996 0.18456810625 0.460006840625 0.18518668437500002 0.45340423750000003 0.1878571234375 0.45047725468750005 0.1921000546875
0 0.3695043546875 0.3440043890625 0.36821258437500004 0.33915457031249996 0.36706765625000004 0.33221543124999997 0.364955128125 0.32803664375 0.3566786515625 0.329947078125 0.3524497296875 0.334579725 0.35281759375 0.33690233593749996 0.355108225 0.3425352265625 0.35688447343749996 0.3472576890625 0.35813247812500004 0.3502730203125 0.3622595015625 0.3515193171875 0.366496815625 0.34880744375 0.3695043546875 0.3440043890625
0 0.4333997703125 0.3597718171875 0.43683411562499996 0.357054234375 0.438323728125 0.350438190625 0.436391984375 0.34499366249999996 0.4331941375 0.3437109359375 0.430277390625 0.34404318125 0.4245820203125 0.3457995078125 0.41888594843750004 0.3505079125 0.41824129374999997 0.3560963109375 0.419361359375 0.3601317140625 0.4243034203125 0.358932909375 0.426924709375 0.3578738734375 0.4333997703125 0.3597718171875
0 0.4072558953125 0.11919503281249999 0.40523095312499996 0.13138057812499998 0.39865291406250003 0.134795403125 0.359414740625 0.126772328125 0.335211390625 0.133769715625 0.329289946875 0.1513183359375 0.340394653125 0.271371734375 0.320416103125 0.28007294374999997 0.31351694375 0.29144851250000003 0.31677120937500003 0.30200692500000004 0.3378952125 0.31052603749999996 0.3430977296875 0.3184029109375 0.3207659390625 0.33222276875 0.3146000671875 0.348228125 0.32622724375 0.371698190625 0.32631829375 0.3922494671875 0.354355815625 0.4194482953125 0.37511301406249997 0.680350796875 0.38568578593749997 0.707151815625 0.403394965625 0.7090928875 0.38097930625 0.717389109375 0.3831024765625 0.7407824828125 0.4283459625 0.7367805734374999 0.47066348125 0.7292871484375001 0.4826812875 0.72026481875 0.47348403906250003 0.6821721015625 0.4828969984375 0.6616975140625 0.47766347812500004 0.4189020015625 0.5686944578124999 0.359397771875 0.5781912859375 0.3444468203125 0.5650280249999999 0.3362488265625 0.5106160109375 0.3622685875 0.5037791828125 0.334084865625 0.481516903125 0.3233730734375 0.481754153125 0.30988869375 0.50717246875 0.2955799796875 0.4956291609375 0.27763355 0.4770261359375 0.2750430609375 0.47208012187500004 0.12395666406250001 0.44502749374999995 0.11795852968750001 0.4072558953125 0.11919503281249999
0 0.41661785625 0.44917434375000004 0.41475751250000004 0.45223112343749994 0.4192053171875 0.4570509234375 0.42885340781250003 0.458786434375 0.43282890781249994 0.45639920156249997 0.4317645375 0.4517965390625 0.42954978125 0.44838063437500003 0.4248000078125 0.44586930625 0.42035887031249997 0.44531662499999997 0.41661785625 0.44917434375000004
0 0.43096539843750004 0.470003521875 0.4306331015625 0.4657879796875 0.42832386875 0.46389308125 0.4270890828125 0.46032196562500005 0.4201752109375 0.463174590625 0.4202868515625 0.47445696875000004 0.4191585796875 0.4779008703125 0.42944580937500004 0.4815442609375 0.4325728890625 0.47803531406250005 0.42982013593749996 0.4754576421875 0.4289346390625 0.47409185000000004 0.43096539843750004 0.470003521875
0 0.41401715 0.4581241828125 0.41496492656250006 0.46199070937500003 0.4175776703125 0.46157689062499996 0.416552165625 0.4572196078125 0.41401715 0.4581241828125
0 0.416316059375 0.46629641718750003 0.41507144062499995 0.469005725 0.41545935 0.47145488437500005 0.4179389984375 0.47231823593750005 0.41892880468750004 0.46588260000000004 0.416316059375 0.46629641718750003
0 0.467653175 0.471223053125 0.46719957812499996 0.476819159375 0.46803125 0.47995263593750004 0.470838071875 0.48076416875000005 0.474191178125 0.474457290625 0.4745503015625 0.470382190625 0.4745603796875 0.4641033109375 0.475860609375 0.45962761875 0.47253278437499996 0.457644096875 0.46841052968749997 0.463319775 0.467653175 0.471223053125
0 0.46317571874999997 0.510603634375 0.46193085468749995 0.5133114 0.4634709390625 0.5145750984374999 0.4681211109375 0.5143400687499999 0.46984835937499997 0.5125604578125 0.47059384687500005 0.5109347609375 0.4716075578125 0.506757565625 0.4694535375 0.5058426390624999 0.467321634375 0.5071848546875 0.46317571874999997 0.510603634375
0 0.47238096562500004 0.5623807671875001 0.47166718437500005 0.559981640625 0.468649784375 0.5599580625 0.46583312968749996 0.565426953125 0.4697360265625 0.5668163234375 0.471346925 0.5643021187499999 0.47238096562500004 0.5623807671875001
0 0.44643608749999997 0.4831214390625 0.44449134843750004 0.4814203453125 0.445122275 0.479061353125 0.44498381093750006 0.47606961875 0.44386537343750004 0.4732330953125 0.44303394531249995 0.47010116249999995 0.4437034921875 0.46798600625000003 0.441986321875 0.46348673749999997 0.442633996875 0.4591159828125 0.44145327968750003 0.4537787265625 0.439299259375 0.4528638 0.44008745468750005 0.49166033750000004 0.442661334375 0.491001140625 0.4444663109375 0.4897122875 0.4460381015625 0.4869511609375 0.446669028125 0.48459216875 0.44643608749999997 0.4831214390625
0 0.433406521875 0.49598369218749994 0.4336104328125 0.4909286203125 0.43124583281250006 0.49080165 0.42876618437499997 0.489938296875 0.4246689671875 0.4873220328125 0.42090429062499995 0.48892285468749996 0.41877393124999995 0.490264825 0.41850774062499996 0.492819165625 0.4201083171875 0.49658229687500005 0.421133821875 0.50093958125 0.42618889375 0.5011434921875 0.4323557359375 0.4999168078125 0.433406521875 0.49598369218749994
0 0.436160990625 0.5133747234375 0.433043990625 0.510604790625 0.435152478125 0.5070072203125 0.432229309375 0.5054610937499999 0.4305728765625 0.5034628031249999 0.423404190625 0.5025891 0.4204863921875 0.5053118796875 0.42158938125 0.5101583765625 0.42044436249999995 0.5156140406249999 0.4225981390625 0.5165274234375 0.4269213828125 0.5163457578124999 0.43153293593750003 0.5158668937499999 0.436160990625 0.5133747234375
0 0.4198203484375 0.5222416937500001 0.4165058609375 0.52879240625 0.41823823437499996 0.53128015625 0.41983905468750005 0.5350448328125 0.41765308437500004 0.5381531875000001 0.4211582375 0.543373821875 0.42771965625 0.5488634140624999 0.43490508906249997 0.5477253531249999 0.43675851874999994 0.5403999125000001 0.435306240625 0.5333480921875 0.4368005484375 0.53009775 0.4382394875 0.5286153375 0.4377197828125 0.5274415609374999 0.4345471703125 0.5264380109375 0.4338874578125 0.5222727453125 0.43440203750000006 0.5191791593749999 0.426867315625 0.518111896875 0.4240658640625 0.52156926875 0.424027 0.521323890625 0.4198203484375 0.5222416937500001
0 0.43499495 0.5821127875000001 0.44202517031250005 0.5799947546875 0.44267105781250005 0.5756227015625 0.441530746875 0.5705305796875 0.43904442968749996 0.5654001109375 0.442341925 0.56085961875 0.4410075390625 0.5545421453125 0.4362173578125 0.551785684375 0.432680253125 0.5505883296875 0.42463119687499995 0.5526161968750001 0.421892025 0.5585743015625 0.4242452484375 0.5649819390624999 0.42154494218750005 0.5711854234375 0.42495716406249995 0.57792681875 0.43499495 0.5821127875000001
0 0.443410553125 0.62045428125 0.4441913234375 0.6148063578125 0.44178785937500004 0.6144340078125 0.442678309375 0.605253559375 0.44585945625 0.5999784734375 0.44350623437500003 0.593570834375 0.44318914062500003 0.5873437734375 0.438400503125 0.5845870671875 0.4322877296875 0.5840476109375 0.42921626249999995 0.5857901734375 0.4287946140625 0.587362996875 0.424665446875 0.5887700140625001 0.423864346875 0.5921620953125 0.4266541765625 0.5949838484375001 0.427927825 0.59880034375 0.4237986578125 0.6002073609374999 0.42578738749999995 0.6064211937499999 0.42804100937499995 0.6100824765625 0.428950165625 0.6137051671875 0.42596130624999995 0.6202043046875 0.4257185328125 0.6250139984375 0.42257470625 0.6305347078125 0.42318010624999997 0.636464571875 0.4310641171875 0.63973715625 0.4381939390625 0.6403654796875 0.444416146875 0.6373708687499999 0.44556140937500005 0.6319167484375 0.443695696875 0.630704625 0.443410553125 0.62045428125
0 0.38786252656250003 0.561453446875 0.389456434375 0.5609494625 0.390104109375 0.5565787078125 0.3886973640625 0.5540393828125 0.387928215625 0.5534081828125 0.3874069671875 0.5522346515625001 0.3877882078125 0.5504166921875 0.3820195984375 0.5478151984374999 0.378106378125 0.5527031640625 0.376308315625 0.558260678125 0.3790664390625 0.5651072546875 0.38270468750000003 0.5690507203124999 0.3895629484375 0.5679644796875001 0.38890323437499996 0.5637992125 0.38786252656250003 0.561453446875
0 0.391464115625 0.5799679796875 0.3920559359375 0.577362065625 0.38982443125 0.575957925 0.3900672046875 0.57114823125 0.3866616515625 0.5686739515625 0.382035140625 0.5711658765625 0.3795606171875 0.5745698875 0.38100622500000003 0.5773545906249999 0.37860943125 0.5812493578125 0.379938690625 0.58329946875 0.38405265625 0.5839039703125 0.3880888921875 0.5840177140625 0.391464115625 0.5799679796875
0 0.3896271890625 0.5852801140625 0.38507124843749996 0.58399259375 0.382613715625 0.585386384375 0.3815395125 0.5870641453125 0.3837542703125 0.5904800484375 0.38656084687500003 0.5912900375000001 0.391189146875 0.5887994109375 0.3896271890625 0.5852801140625
0 0.3825549390625 0.5977003078124999 0.38117697968750003 0.6016852421875 0.381758965625 0.6053597515625 0.38108941875 0.6074749078125 0.3801328625 0.6098854734375 0.3808852625 0.6125284375 0.3809864078125 0.6152745484375 0.3810473890625 0.6177770687499999 0.38302920625 0.61972224375 0.387274721875 0.61904981875 0.3914206375 0.6156310390625 0.39362335625 0.610510921875 0.39409907187500004 0.6071719578125 0.392575978125 0.6038980390625001 0.39047756875 0.601216728125 0.393068196875 0.59854576875 0.394274196875 0.5955926265625 0.391443959375 0.5925257390625001 0.387159578125 0.592952784375 0.3825549390625 0.5977003078124999
0 0.38424211875 0.6210377609375 0.3845980765625 0.6275102 0.384985984375 0.629959359375 0.383203125 0.6335053546875 0.383132309375 0.63728325625 0.3850922546875 0.6369728328125001 0.3888942515625 0.635617634375 0.39041221875 0.6346241906250001 0.3911206296875 0.6327544125 0.39038855781250004 0.63236729375 0.3929794296875 0.6296978765625 0.393782071875 0.62630555 0.394413 0.623946559375 0.3941414390625 0.62223199375 0.392717703125 0.6217028874999999 0.3914442984375 0.6178879375 0.3902535015625 0.6188295609375001 0.386925678125 0.6168460390625 0.38424211875 0.6210377609375
0 0.447904646875 0.669963921875 0.44775634843749995 0.673252609375 0.45252286875000003 0.673752175 0.456884978125 0.6738158875 0.46543829062500003 0.6749717734375 0.4720584859375 0.6681474390625 0.47262688906249994 0.663286171875 0.4734617265625 0.6558721078125 0.4704610734375 0.6538367671875001 0.46738269218750006 0.65131066875 0.4635503671875 0.6461418531249999 0.45784249375 0.6460413359375 0.45190859375 0.6487387484375 0.44528840000000003 0.6555630828125001 0.44392718750000004 0.657536253125 0.44376214062499997 0.6628367046875 0.4472063140625 0.66555481875 0.447904646875 0.669963921875
0 0.46833934375 0.67426075625 0.468417071875 0.6747515140625 0.46687698749999995 0.6734878156249999 0.46466914218750005 0.6743405734375 0.4624443078125 0.67720355 0.46794135625 0.678090478125 0.4697072234375 0.676554703125 0.46833934375 0.67426075625
0 0.46524105000000004 0.6842939625 0.46255057656250004 0.6842170234375 0.4586306890625 0.684837871875 0.453482928125 0.686156265625 0.44953108906250006 0.6908003968750001 0.45462323906249996 0.6912483875000001 0.4601151625 0.6878679546875001 0.46524105000000004 0.6842939625
0 0.3905550375 0.71796858125 0.39452899375 0.7155815921875 0.3947398171875 0.71479518125 0.3844358390625 0.7131635515625 0.380992965625 0.71044365 0.37870585 0.71080589375 0.38054628125 0.720308415625 0.38286534687499996 0.715922890625 0.3852893859375 0.7185526265625 0.3905550375 0.71796858125
0 0.4567571015625 0.7047210734375 0.45628163125 0.7080615796874999 0.46183429218749994 0.707182125 0.46419222343750005 0.7030419796875 0.4619995828125 0.7018832171875 0.45946432187499997 0.7027862500000001 0.4567571015625 0.7047210734375
0 0.4669112375 0.7096416343749999 0.466685209375 0.712439565625 0.470411265625 0.7105949078125 0.47205924218749995 0.708324784375 0.47275245000000005 0.708466525 0.47405805 0.7082597374999999 0.47509363281250006 0.7063381421875 0.47464474375 0.7013864625 0.47132204375000003 0.703670303125 0.466120215625 0.7067548359375 0.4669112375 0.7096416343749999
0 0.387450075 0.7237346703124999 0.387224046875 0.7265326 0.38835923125 0.7273573609375 0.390302428125 0.7290586984375 0.39180186093749997 0.73007571875 0.3945713609375 0.7306416296875 0.3973933859375 0.72944164375 0.387450075 0.7237346703124999
0 0.487262578125 0 0.711621903125 0.022399359375 0.710748803125 0.0168868234375 0.6530898796875 0.01220844375 0.51636763125 0 0.487262578125 0
0 0.7037286375 0 0.7884486359375 0.00583646875 0.8770021874999999 0.012683565625 0.9295689625 0.01691395625 0.9282846859375 0.0078564734375 0.8683065437499999 0.004016850000000001 0.80995246875 0.00023323125 0.8056573671875 0 0.7037286375 0
0 0.728877315625 0.0190383265625 0.7256765749999999 0.0239400046875 0.744115225 0.025412759375 0.7562462531249999 0.0253755265625 0.764426221875 0.025492653124999997 0.7820341671875 0.0256858546875 0.791803196875 0.027905278125 0.7914215718750001 0.03078955 0.807805709375 0.031176584375 0.8540289984375 0.034998978125 0.9218385140625 0.0405802609375 0.93378946875 0.0426123 0.9314524921875 0.036546959375 0.8590793671875 0.0301191609375 0.8302733328125 0.027932876562499997 0.8273051499999999 0.026362239062499997 0.824047696875 0.0256220796875 0.8216131015625001 0.027420387499999997 0.8180452656250001 0.0273574328125 0.7980318734375 0.025191234375 0.775857053125 0.022582712499999998 0.7382670765625 0.02006173125 0.728877315625 0.0190383265625
0 0.4436350015625 0.4337834421875 0.44176344062500006 0.4269609734375 0.43518540000000006 0.4303757984375 0.4436350015625 0.4337834421875