0 0.26591212343750004 0.85057249375 0.27358581718749997 0.8576379671875 0.27104841875 0.8741221953125 0.2639235125 0.8849237578125001 0.262047303125 0.898289815625 0.25559158125 0.9150290125 0.2516482125 0.9290419171875 0.254688725 0.9420026109374999 0.24984012656250001 0.957997175 0.2600052203125 0.9601578328124999 0.275716715625 0.9634974140624999 0.2854202453125 0.9655599625000001 0.3260238078125 0.8177101062500001 0.3139554109375 0.8176799750000001 0.3095082453125 0.8272392500000001 0.302978778125 0.8443253828125 0.29715900624999997 0.8467096734374999 0.28612325 0.8418288671875 0.2744442015625 0.8422441046875001 0.26591212343750004 0.85057249375
0 0.491761590625 1 0.4928313078125 0.9940702281249999 0.4746089875 0.9934572609375 0.47348393125 1 0.491761590625 1
0 0.5070887546875 0.9065453265625001 0.5059024890625 0.9030328687500001 0.49578985937500003 0.8983482781250001 0.4775554859375 0.9795950765624999 0.48053554218750005 0.9860239 0.48678416406249997 0.9884383218749999 0.4911637265625 0.988282990625 0.4961325875 0.9853552203125 0.4974978515625 0.9834713453124999 0.49913954374999997 0.9780249046874999 0.49839508906249996 0.9724338843749999 0.49838895 0.963376878125 0.49702962968750003 0.9493230875 0.498074353125 0.937591753125 0.5000091671875 0.93075876875 0.5015771140624999 0.9256592640625 0.49889203281250005 0.9178426937499999 0.50576266875 0.9127840734375001 0.5070887546875 0.9065453265625001
0 0.8167022859375 0.058517403125 0.803975959375 0.0829107546875 0.79569459375 0.11449157968749998 0.7901894828125 0.14039109375 0.7820360171875 0.15125197968749998 0.7749967734375 0.1642282515625 0.775510103125 0.184937525 0.7628317640625 0.2016575484375 0.743465253125 0.19770240781249998 0.7570663343749999 0.1925584484375 0.761584515625 0.1797491671875 0.75847268125 0.1689953078125 0.7570829203125 0.16108187031250001 0.74726214375 0.149493021875 0.7384988234375001 0.1468699546875 0.7383645249999999 0.14003166250000001 0.7232149421875 0.12316646718749999 0.704725253125 0.1101487125 0.6838357562499999 0.09809527031250001 0.7021970171875 0.0318080046875 0.6868280578125 0.030764823437499998 0.651730728125 0.172264471875 0.6280596671875001 0.24813371874999998 0.624223096875 0.2818525765625 0.6144855625 0.300932471875 0.6076153109375 0.3161874234375 0.5981590812500001 0.3690324015625 0.585174015625 0.41434790781249997 0.5793758078125 0.4425732453125 0.576895928125 0.476086878125 0.5686860015625 0.4867249046875 0.562560890625 0.495580884375 0.5673837421875 0.51337559375 0.563968675 0.519604809375 0.5548038671875 0.5244393609375 0.555884721875 0.535940409375 0.5504503 0.6108522187500001 0.5419519734375 0.6539074265625 0.53402751875 0.675294384375 0.5391666625 0.690338496875 0.5474713375 0.6774059671875 0.5565208234375 0.6458638140625 0.5739123859374999 0.5944419703125 0.5972911625 0.579325484375 0.609544596875 0.554451434375 0.6170061734375001 0.5106598953125 0.62268124375 0.4811576140625 0.6380007375 0.45684422187499996 0.6633576296875 0.4445810484375 0.6884639515625001 0.422284015625 0.7141809203125 0.42002047343750004 0.754416096875 0.42343386406250005 0.7692015046875 0.357744325 0.7583477609375 0.346122809375 0.74852891875 0.342235471875 0.7610633671875 0.3342562265625 0.7875310921875001 0.346474615625 0.8338321921875 0.3551309421875 0.8098331296874999 0.367348871875 0.8242298078125 0.37734012968749997 0.8344794656250001 0.3821992109375 0.847842134375 0.37219478281249996 0.8267171093749999 0.36058807187499997 0.8562435359375 0.36245206875 0.8888938109375 0.36491296875 0.913903659375 0.3742879875 0.9130305249999999 0.42009015312500003 0.9014364734375 0.40426345 0.8933632515625 0.38538489062500003 0.891819590625 0.3709884109375 0.8659395265625 0.370051225 0.8509063203125 0.367466028125 0.8461577328125 0.39055037812500004 0.84563685 0.3939779171875 0.8422941625 0.39435045 0.8272455953125 0.3967299234375 0.81912953125 0.39496965781250004 0.8034541171875 0.39140771875 0.7889496984375 0.394661625 0.7777707453125 0.412534196875 0.7850548500000001 0.42184588125 0.8038443828125 0.4306798625 0.8157598484375 0.42890436562499995 0.8281520671875 0.42756885625 0.834282284375 0.43057790625000003 0.84268231875 0.45247314687499995 0.8483160359375 0.47965725 0.8340590015625 0.5083736953125 0.8155943109375 0.6078011484375 0.8155979015625 0.6427675578125001 0.81876730625 0.6597587484375 0.8266080812500001 0.6655722265625 0.8309767375 0.661462590625 0.8397779578125 0.676179696875 0.8473847703124999 0.6824626 0.8537331578125 0.682776871875 0.8645870140625 0.6831175218750001 0.8912337765625 0.6786139703125 0.920928965625 0.47905044218750004 0.9351104156250001 0.373155178125 0.9369163531250001 0.3545810140625 0.9121912062499999 0.3451291328125 0.8654960515625 0.3375375828125 0.7912110671875 0.326418640625 0.77871725625 0.322347696875 0.7769654109374999 0.3150329984375 0.7815595984375 0.2763219421875 0.8264523296874999 0.05821928750000001 0.8167022859375 0.058517403125
0 0.95780713125 0.7510539609375 0.8857228765625 0.7366456968749999 0.9006443796875001 0.75120208125 0.9539163296875 0.7648496109375 0.95780713125 0.7510539609375
0 0.54913405625 0.3935423140625 0.5514312828125 0.38498927968749996 0.5460095109374999 0.377610153125 0.5381296015625 0.37934569218749997 0.5341765281249999 0.384521275 0.5342982859375 0.390110925 0.5403577765625001 0.3945649703125 0.54462088125 0.3943337671875 0.54913405625 0.3935423140625
0 0.5537696015625 0.3718540328125 0.563774990625 0.3307644890625 0.5549300609375 0.32802184218749997 0.5468275625000001 0.338620403125 0.5447791390625001 0.34465769218750003 0.542941228125 0.3524777046875 0.544417309375 0.36065389375 0.5502465921875 0.368573303125 0.5537696015625 0.3718540328125
0 0.5635452046875 0.3285463671875 0.5669173984375 0.3209406578125 0.5637804671875 0.3160615203125 0.556102334375 0.31898209375 0.5536358453125 0.32324365625 0.554505175 0.3251584296875 0.5634018828125 0.329581375 0.5635452046875 0.3285463671875
0 0.567667915625 0.312645109375 0.56990689375 0.3061547265625 0.565151915625 0.30366482499999997 0.5569085140625 0.30448765624999996 0.5553873406250001 0.311606640625 0.5593323796874999 0.3140441890625 0.5676607375 0.313979015625 0.567667915625 0.312645109375
0 0.1499005015625 0.5715774859375 0.14088999375 0.573040759375 0.1357006515625 0.57799030625 0.15817 0.5834979265625 0.171344921875 0.5848830406250001 0.1616272328125 0.5775588171875 0.15694469375 0.573074775 0.1499005015625 0.5715774859375
0 0.0817366546875 0.2264606703125 0.047404956250000005 0.2244251015625 0.04449061875 0.2381359796875 0.0428218015625 0.2459871421875 0.1550440390625 0.2660772234375 0.14521088437500002 0.255185409375 0.129087246875 0.240851128125 0.1194327515625 0.237490725 0.10391952499999998 0.2433112875 0.0986333015625 0.2451093234375 0.09420028750000001 0.2300347953125 0.0817366546875 0.2264606703125