0 0.5213040921875 0.5018696031250001 0.5227725234375 0.50492380625 0.524260184375 0.5069568875 0.5263612546875 0.5061318546875 0.527122171875 0.5039196109375 0.5266944812500001 0.4965519890625 0.5212105203124999 0.49815802343750004 0.5213040921875 0.5018696031250001
0 0.507027440625 0.5061839124999999 0.5045730234375 0.504374025 0.503049484375 0.5043874015625 0.5022866921875 0.506598475 0.5022504609375 0.5086434109375 0.50661951875 0.51102955625 0.508255325 0.5092936515625001 0.507027440625 0.5061839124999999
0 0.58019928125 0.5408770765625001 0.578898584375 0.5418556890625 0.5783782140625 0.5440123984375 0.5796602140625 0.5484678921875 0.586389946875 0.5533622874999999 0.586297896875 0.5496503578125 0.5838431187500001 0.53901754375 0.5833589781249999 0.5391293171875 0.5824667359375 0.5396752703125001 0.58019928125 0.5408770765625001
0 0.36980653281250003 0.57553563125 0.374657675 0.5733973703124999 0.37090291249999996 0.5725676171875 0.36539972187499997 0.5751947734375 0.3604551875 0.57803291875 0.366069303125 0.578095046875 0.368802021875 0.5778041125 0.36835563437499996 0.575870596875 0.36980653281250003 0.57553563125
0 0.619896828125 0.434987825 0.612850871875 0.43864947968749995 0.6056030031249999 0.44473589062499996 0.6000998140625 0.44736304687499995 0.59515563125 0.45020271406249995 0.5974055609375 0.45443314062500006 0.597442503125 0.4612126515625 0.6017921515625 0.46020845625 0.6036703796875 0.45841818749999996 0.604710940625 0.44969330625000004 0.60736914375 0.44907961093750004 0.6157709140625001 0.450193165625 0.6207539125 0.4541341796875 0.6269625624999999 0.45236083593750004 0.6301226109375 0.45061460000000003 0.6335600765625 0.44235303125 0.6343591 0.438097021875 0.6341180203125 0.433739571875 0.6309943734375 0.4290309328125 0.62742505 0.43121322500000003 0.619896828125 0.434987825
0 0.6711138734375 0.4638884671875 0.6813197062499999 0.46289051406250004 0.6805188015625 0.45832395156250005 0.67053598125 0.45587720000000004 0.6711138734375 0.4638884671875
0 0.668412825 0.4136041625 0.6653465187500001 0.4146520390625 0.666164778125 0.418196309375 0.6688231625000001 0.421994078125 0.67207643125 0.423957896875 0.678117165625 0.413740275 0.676221403125 0.4121413734375 0.668412825 0.4136041625
0 0.710856228125 0.439780496875 0.709052515625 0.44189352656249997 0.7112097562499999 0.44682688125 0.7121382296875 0.444235990625 0.7120461796875001 0.4405240609375 0.710856228125 0.439780496875
0 0.7220899109375 0.5016709671874999 0.7200818796874999 0.50179459375 0.72058390625 0.5050735140625 0.7223326921875 0.510439528125 0.72443394375 0.5140259578124999 0.7264782046875 0.51185739375 0.7257157640624999 0.5140699890625 0.72694346875 0.5127682640625 0.7276491 0.5092121390625 0.727797246875 0.5054431515625 0.7285962687499999 0.5011871421875 0.726606934375 0.4958766625 0.724598903125 0.49600029062499995 0.72208973125 0.4972595046875 0.7220899109375 0.5016709671874999
0 0.717361809375 0.23532532499999997 0.70873720625 0.24206793750000002 0.693456225 0.25306219375 0.6923981296874999 0.2583979046875 0.6922879171874999 0.264533065625 0.6966183375 0.26454999218749997 0.703942775 0.263198975 0.7117498296875 0.2617365375 0.7177162296875 0.25560761875 0.7190179171875 0.25021567031249997 0.7184032625000001 0.23983635312499998 0.717361809375 0.23532532499999997
0 0.6668370046875001 0.052861265625 0.664531796875 0.05610835937500001 0.6652951296875 0.0671316734375 0.667526534375 0.07238626718749999 0.6701663921875001 0.0772082015625 0.6700173625 0.07656268125 0.6784939984375 0.0780005171875 0.67498059375 0.0682904296875 0.671707915625 0.0629362703125 0.6668370046875001 0.052861265625
0 0.6740158 0.09939690625 0.6918071984374999 0.10038086875 0.69399960625 0.0944433171875 0.6775107796875 0.0924819140625 0.6764327437500001 0.0900142984375 0.689314315625 0.09179182031250001 0.6930883078125001 0.09160045312500001 0.6885149328125 0.08722490625 0.678551340625 0.08375703281249999 0.6711523875000001 0.0847852890625 0.6662446156249999 0.08999148125 0.667583425 0.09579050624999999 0.6740158 0.09939690625
0 0.6524358234375 0.11286368437500001 0.6479188 0.1186579890625 0.648847984375 0.12489154531249999 0.6507450890625 0.1220786328125 0.65788203125 0.1133029375 0.6560781375 0.1110045046875 0.6524358234375 0.11286368437500001
0 0.46180073125 0.8231470796875 0.459476515625 0.8222692921875 0.46034433437500005 0.826028228125 0.46207974375000005 0.829870703125 0.4667434328125 0.8344499046875 0.4677044625 0.8330974953125001 0.4668985046875 0.829606509375 0.46497715937499995 0.82495865625 0.4642787265625 0.8228572234374999 0.46180073125 0.8231470796875
0 0.4432421921875 0.8254528125 0.4468370984375 0.8263194734375 0.451004259375 0.8250735703125001 0.450585553125 0.8223430890625 0.44956208281250004 0.819750625 0.44697504062500004 0.8186512828125 0.4456586890625 0.8175408109375001 0.440298896875 0.8182121453125 0.439043815625 0.8210484203125 0.4432421921875 0.8254528125
0 0.4339795859375 0.8275912546875 0.43881208125000004 0.8301510359375 0.4396956421875 0.8257055281250001 0.43896657499999997 0.8216307203125 0.43320310468749995 0.8187198 0.4339795859375 0.8275912546875