0 0 0.13391045 0.013286343749999999 0.13325649687500002 0.019355925 0.131174909375 0.026647453124999998 0.11989035156250001 0.028682832812499996 0.11344986875 0.0274565234375 0.10657491562500002 0.02411225 0.09785884375000001 0.02248995 0.0959830640625 0.020923490625 0.0878052265625 0.0041043203125 0.0659424046875 0 0.0639173046875 0 0.13391045
0 0.3838460453125 0.835308346875 0.38634653124999996 0.8372887468749999 0.38839145625 0.84874745 0.3905770734375 0.8515784468750001 0.39119396093750003 0.8568388546874999 0.389785203125 0.8615783578125 0.390530875 0.86334940625 0.39856279687499996 0.8644449218749999 0.40165333125 0.8695323546875 0.404280428125 0.86620035625 0.40310612968750004 0.8636306984375001 0.40049250000000003 0.861824240625 0.39951391406250003 0.8549303968749999 0.397234528125 0.8507808546875 0.3994485296875 0.8433332703125 0.401068640625 0.8309541656249999 0.40162553125 0.8140099812500001 0.4042048546875 0.8100172046875 0.4089460734375 0.8067018359375 0.4127748140625 0.8099144578124999 0.41722210937500004 0.8183889359375 0.4344334265625 0.8334280953125001 0.4435839171875 0.8433968843749999 0.451081534375 0.8475135921874999 0.45893639531249997 0.8496161000000001 0.46282253281249996 0.8465265531249999 0.46393724531249997 0.84114349375 0.470037384375 0.8306063640625 0.48308155937499997 0.8162693375 0.48540496875 0.8068248828125 0.49130338125 0.7969644109375 0.49458382968750003 0.794083246875 0.4995214984375 0.80070024375 0.5063232828124999 0.8055281609374999 0.5107437390625 0.811849265625 0.5170037546875 0.8160525156249999 0.5208362281250001 0.8210880671874999 0.5274995890625 0.8239364437500001 0.5319892562499999 0.83124731875 0.5365808671875001 0.8329154624999999 0.54103405625 0.8326040656249999 0.5422910328125 0.8310250375000001 0.54088599375 0.8251556250000001 0.5374166687499999 0.8217518421875001 0.5358792218749999 0.817550415625 0.5308090375 0.8125998484375 0.527533975 0.8048735468749999 0.52165648125 0.8008095765625001 0.5175299625 0.7951304703125001 0.5123714109375 0.790685734375 0.5096863953125 0.7860664671875 0.506443971875 0.7841379500000001 0.5049757359375 0.7809262953125 0.5073935296875 0.774623534375 0.5090560265625 0.7735126718750001 0.5126594265625 0.7752499187499999 0.5185272796875 0.7738449875 0.5241429531249999 0.768811309375 0.525957340625 0.7645415296875 0.523674221875 0.75856905625 0.5203432125 0.7571432546875 0.5081504796874999 0.75700124375 0.5032783984375 0.7495526453125 0.5042198906250001 0.7470010671875 0.5089573765625001 0.74186276875 0.5097164046875 0.7384938015625 0.5089090828125 0.72694855625 0.5073716359375 0.72274713125 0.503967790625 0.7185101875 0.49626844531250003 0.7150701374999999 0.4929069703125 0.7096695921875 0.489149615625 0.7092697796875 0.48665876875 0.71275828125 0.48050288593749996 0.7171671828124999 0.46384941875 0.7385528390625 0.459217609375 0.7398713375 0.45489693750000004 0.73851630625 0.45279823906249994 0.7351811421875001 0.4507607796875 0.7273683 0.446634259375 0.7216891921874999 0.44711872656249996 0.7161857406250001 0.4420792234375 0.715213034375 0.4350005921875 0.7064260359375 0.4301113109375 0.7022929640625 0.423230675 0.6910063765625 0.412240625 0.6831554421875 0.4079124875 0.67815455 0.40002861406249995 0.67207563125 0.3913663375 0.670858165625 0.3895713234375 0.6736354578125 0.3928635859375 0.6780462328125 0.3932557484375 0.6836544124999999 0.4010532109375 0.6920590875 0.4075283265625 0.702877509375 0.4059639453125 0.708952996875 0.4056892875 0.7192488 0.3997373046875 0.7248040828125 0.3927605375 0.7352364828125 0.3817308109375 0.7446256250000001 0.37601319375000003 0.7553020359375 0.3705106640625 0.7601617734375 0.367399209375 0.76899878125 0.3633150765625 0.774587915625 0.3590828953125 0.7851604546875001 0.35628692812499996 0.7949700125 0.3559371515625 0.8006300734374999 0.357209565625 0.8081643546875 0.3622797515625 0.8131149234375 0.363886409375 0.81830611875 0.3671555640625 0.8223864515624999 0.3700101890625 0.8347847125 0.3717686296875 0.836815434375 0.3838460453125 0.835308346875
0 0.5763832796874999 0.1648209171875 0.5779862046875001 0.1681891828125 0.579938921875 0.17832923125 0.57789235625 0.19173276718750001 0.5713061921875 0.20777345781249998 0.5668663765625 0.21537668437500002 0.5669876 0.2206717515625 0.5689477671875001 0.22202581562499998 0.5728361875 0.22076086718750002 0.5775892203125 0.2247374359375 0.5813235765625 0.2248083640625 0.5864665828125 0.2201382296875 0.5895625046874999 0.214618196875 0.6035716890625 0.21231191093750001 0.6079884125 0.2168100859375 0.6339408718749999 0.251957225 0.6429990437499999 0.2606058015625 0.6484018046875 0.263211834375 0.657713715625 0.27548905 0.6620150140625001 0.27833656875 0.6632355249999999 0.28156711093750003 0.6631565796875 0.28753872812500003 0.6675271984375 0.291377575 0.6751900656250001 0.287195353125 0.6800756125 0.28950549375 0.6828833953125 0.286987875 0.6889411625 0.2776143484375 0.6940611703124999 0.2726153296875 0.6980647984374999 0.27299792031250003 0.706259809375 0.27640331093750004 0.7107129984375 0.2760919125 0.7140610984375 0.27420062968750003 0.7184584484375 0.28019129062500003 0.7224159718750001 0.27991455468750004 0.7246396125000001 0.2779358703125 0.726221084375 0.2685432984375 0.729434496875 0.26649540312500003 0.736551765625 0.2722958703125 0.7445160359375 0.2724015046875 0.7489521328125 0.2754071921875 0.7509085671875 0.2749383265625 0.761680821875 0.260097615625 0.7657589390624999 0.250860953125 0.7657514734374999 0.24721509375 0.7604292171875 0.23863733437499998 0.759564496875 0.23339425781249998 0.7604560421875 0.2283588625 0.7602559546875 0.20417328124999998 0.7616915515625 0.2015871515625 0.76778413125 0.19983444687500002 0.7710303828125 0.191155609375 0.7706151140624999 0.1852169859375 0.765454278125 0.178947653125 0.764906603125 0.1746770171875 0.7660906359374999 0.1702852875 0.765784775 0.1623497921875 0.76485084375 0.1561169453125 0.7636110671874999 0.15438044687500002 0.7610452109375 0.1532347671875 0.7596058796875 0.153997965625 0.7533190390625 0.1600731875 0.7499537375 0.165279996875 0.7409937906249999 0.1615976046875 0.7373629359375 0.1558838359375 0.7335422765625 0.1581402234375 0.6931252609375 0.109917103125 0.6907841296874999 0.1084236484375 0.6754642890625 0.10800221875 0.6748705078125 0.1030722546875 0.6773880859375 0.10173556875 0.6911107999999999 0.10243314375000001 0.6998787531249999 0.0998308078125 0.709999734375 0.0987925875 0.7136149328125 0.095389928125 0.71389705625 0.08873998749999999 0.7123074890625001 0.08023170625 0.7082658234375 0.0722269515625 0.7023301671875 0.05158446875 0.6907411953125 0.058038282812499994 0.686189890625 0.05338505624999999 0.6827457375 0.052133195312500005 0.6748834265625 0.0588166734375 0.6674378203125 0.0590052625 0.6613258671875 0.06225045312500001 0.6559994015624999 0.0707928171875 0.6626444953124999 0.0704456203125 0.6630999625 0.0733976015625 0.6624159421875 0.08140075 0.65473433125 0.1013304515625 0.6451091234375 0.102335571875 0.6482083359375 0.09677301875 0.643665925 0.0887750859375 0.632088040625 0.10457119687500001 0.5914429109375 0.1064187703125 0.57642085 0.1084638265625 0.5725711765625 0.1067438015625 0.5814118328125 0.0841705578125 0.575825875 0.06812581875 0.5523355890625 0.102393203125 0.5515568265625 0.1173292234375 0.5471750375 0.132885275 0.548735590625 0.13741714375 0.56625059375 0.1585687578125 0.5694489796875 0.161659428125 0.5763832796874999 0.1648209171875
0 0.1804811109375 0.0638855328125 0.1819262390625 0.06676674375 0.1848285140625 0.067392378125 0.1862544859375 0.07176919375 0.18899896249999998 0.071907775 0.1949032953125 0.07812511718750001 0.20102488749999997 0.080348825 0.2018226796875 0.08642672968750001 0.1968254390625 0.08428886249999999 0.19540330781249998 0.081736534375 0.19051775937499998 0.07942639375 0.1836869609375 0.0706220640625 0.18062533125 0.069509484375 0.179721971875 0.06725294062500001 0.1767311125 0.06713002343749999 0.173214125 0.0630670203125 0.168282471875 0.0600975515625 0.165857103125 0.06275289375000001 0.1618727546875 0.0733081015625 0.159134075 0.0768139328125 0.1569200734375 0.084261515625 0.15211337656249999 0.08841004375 0.14370329375 0.10325317187500001 0.140153465625 0.1058211125 0.1362115828125 0.10278243281249999 0.1323001640625 0.10371849687500001 0.12657508125 0.110749046875 0.122068228125 0.1191855421875 0.121699078125 0.1263380921875 0.12581813125000002 0.1283713390625 0.1369979859375 0.12825211875 0.1920155578125 0.125731584375 0.20555530156250001 0.12379018281250001 0.211278825 0.1167597421875 0.215695534375 0.108826071875 0.21942398437500002 0.1052510296875 0.2231218625 0.097699684375 0.2346224796875 0.0879439890625 0.23895071250000002 0.0805145953125 0.23887559375 0.0758788546875 0.235314059375 0.0711564171875 0.23375350625000002 0.0666245484375 0.23371483906249998 0.044747390625 0.2312755921875 0.0382893125 0.22678965624999997 0.0328013671875 0.225010284375 0.0322632421875 0.2202244109375 0.034917615624999995 0.215206346875 0.034273903125 0.2134724640625 0.03257195625 0.2092231625 0.021597890624999998 0.20546363437499998 0.019375040625 0.20105654999999997 0.0203457640625 0.19748963125000002 0.026230790625 0.1922312 0.029250268750000002 0.18998829374999998 0.0327229984375 0.18679041406250002 0.0314539171875 0.1855872109375 0.02490940625 0.1832653453125 0.02192190625 0.176515571875 0.021399285937500002 0.1664962890625 0.0220999015625 0.1569711109375 0.0227659671875 0.1487857390625 0.0248294765625 0.149850628125 0.029396004687499998 0.15603180781249998 0.0395724296875 0.1623394859375 0.044434898437499995 0.1634735859375 0.049991196875 0.1678381890625 0.050182515625 0.1707941421875 0.055114896875 0.1804811109375 0.0638855328125
0 0.9475171375 0.0964372234375 0.9502133359375 0.0940934375 0.9513318906249999 0.0905348671875 0.9530174953125 0.089754446875 0.9595194359375 0.090294396875 0.9724503734375001 0.08856159687500001 0.96918066875 0.045364140625 0.9559578734375 0.06070826875 0.9492542187499999 0.073276821875 0.947914671875 0.07900609374999999 0.9447973125000001 0.08419713281249999 0.9471689062499999 0.08966533125000001 0.9442286078125001 0.09384937812500001 0.944284353125 0.09997760624999999 0.9460160609375 0.09985651250000001 0.9475171375 0.0964372234375
0 0.554768596875 0.23453443749999997 0.54964663125 0.241364615625 0.554992975 0.24410459843750001 0.5660008296875 0.2499478375 0.5742387296875 0.2543025484375 0.57450024375 0.2534729109375 0.5745631625 0.24884004843750002 0.5713759109375001 0.24053276875 0.5637251515624999 0.23556999531249997 0.554768596875 0.23453443749999997
0 0.46222083124999996 0.8773670890625 0.4702414046875 0.865644671875 0.47891557812499996 0.8586773078125001 0.48495523125 0.852337434375 0.4847291 0.8458780984375001 0.4821245765625 0.8395427859375 0.4733109546875 0.8444711609375 0.46754099687500006 0.8517335312500001 0.463917315625 0.8592483625 0.46231505000000006 0.8641548953125 0.4591139828125 0.877982184375 0.46222083124999996 0.8773670890625
0 0.49452709375000004 0.8413633140625001 0.4998097453125 0.8351734875 0.4996679984375 0.8227531203125 0.49288348437499996 0.8228312609374999 0.48756729062500004 0.8303109453124999 0.4882734859375 0.8377892750000001 0.49271816875 0.842127296875 0.49452709375000004 0.8413633140625001
0 0.37902451875 0.8846931031249999 0.37493520468749997 0.8982943046875 0.3755153234375 0.9009681625000001 0.3766991734375 0.902957615625 0.3833410796875 0.9003473156249999 0.3944485296875 0.8855066609375 0.39412638437499997 0.8713352359375 0.3887275453125 0.875863496875 0.37902451875 0.8846931031249999
0 0.348673921875 0.81778476875 0.339582375 0.8123995953125001 0.3319835953125 0.807888984375 0.326757146875 0.8068635640625 0.3341556953125 0.82103198125 0.3457313203125 0.8266397296875001 0.348126415625 0.8248730406250001 0.34842990937499996 0.8199398531250001 0.348673921875 0.81778476875
0 0.3345476140625 0.7067105359375 0.3340176140625 0.7069261578125 0.34169943593749996 0.7194113390625 0.35035663281249996 0.7279031296875 0.3567177390625 0.7341120250000001 0.3605971640625 0.740356621875 0.3604533859375 0.7363741375 0.35783833125000003 0.730157034375 0.3503243796875 0.7178997609375 0.3345476140625 0.7067105359375
0 0.3468708734375 0.7943519 0.3504064671875 0.7950522875 0.35593505468750003 0.7883252453125 0.35187115 0.7776953359375 0.3461122953125 0.77953904375 0.3442702546875 0.790693146875 0.3436815015625 0.79141253125 0.3468708734375 0.7943519
0 0.7505447484375 0.029547195312500003 0.7778668171875001 0.0588125921875 0.778082096875 0.0501091875 0.7710506171875 0.0387485671875 0.766652328125 0.043742540625 0.7550686578125 0.02854480625 0.7505447484375 0.029547195312500003
0 0.64717155 0.3871151 0.6431494359375 0.396794246875 0.64742765 0.4019771890625 0.655400996875 0.392804903125 0.65257248125 0.38595427187500003 0.64717155 0.3871151
0 0.7117540531250001 0.3027169625 0.7039605843750001 0.303261934375 0.7103424656249999 0.3161293515625 0.7117540531250001 0.3027169625
0 0.795378546875 0.289037790625 0.7915744218749999 0.301834325 0.7988610296875 0.305240584375 0.8032810109374999 0.2900515125 0.795378546875 0.289037790625
0 0.9026228015625 0.411542725 0.8983826984375 0.418104484375 0.9061052843749999 0.42774551875 0.907407878125 0.41277443593749996 0.9026228015625 0.411542725
0 0.9023499515625 0.5196375718749999 0.903439896875 0.5352245109375 0.9091678109375 0.5387397640625 0.908584728125 0.51920159375 0.9023499515625 0.5196375718749999
0 0.733182515625 0.5643595359375 0.7252800515625 0.563345815625 0.7298852499999999 0.5732048390625 0.733182515625 0.5643595359375
0 0.8665213578125 0.65684608125 0.861845275 0.657173065625 0.8648917812500001 0.6671410828125001 0.8665213578125 0.65684608125
0 0.8689405984375 0.8258389828125001 0.858792703125 0.8375128000000001 0.8631799140625 0.8442544359375 0.8726029593750001 0.8334144625000001 0.8689405984375 0.8258389828125001