0 0.814746709375 0.5304528000000001 0.8169468125 0.5271490046875 0.8171653640625 0.5239159703125 0.8157734781249999 0.521978990625 0.8124173296875 0.520607784375 0.8065299765624999 0.5225503703125 0.8034146 0.5281187375 0.797813434375 0.5288099484375001 0.7939265890625 0.5311798546875 0.7918547078125 0.5382001875 0.79361070625 0.54111724375 0.793506265625 0.547573259375 0.7913132187499999 0.5511238328125 0.7928176546875 0.5562838484375 0.7958702734374999 0.5584098578125001 0.8008612546875 0.5592283609375001 0.8022358531249999 0.5606703296875 0.8032274359375 0.560635703125 0.80441866875 0.5568715234375 0.8063844937500001 0.5563056984375 0.8075600015625 0.552046453125 0.810403353125 0.5482245812500001 0.81176273125 0.5397391578125 0.8136750828125001 0.5376867921875 0.814746709375 0.5304528000000001
0 0.7590198984375001 0.6686427562499999 0.7627682921875001 0.6623080796874999 0.763612696875 0.658058834375 0.7686939546875 0.651926203125 0.7702254640625 0.6389679859374999 0.7656158828125 0.6396245703125001 0.759414821875 0.6420752890625 0.75816300625 0.6441045875 0.7497256 0.6488660125 0.7448709515624999 0.6614430984374999 0.738877596875 0.6698417546875 0.7414239671875 0.676453790625 0.7523011296875 0.694189675 0.754476890625 0.690144090625 0.7542172171875 0.6827079984375 0.7590198984375001 0.6686427562499999
0 0.74492004375 0.47333148124999996 0.7443725640625 0.46714525625 0.7402244812500001 0.4620791234375 0.7324686328125 0.4578831796875 0.721476240625 0.45578584375000003 0.71222250625 0.4561089921875 0.7056557156250001 0.4575781265625 0.698853140625 0.46178684687500005 0.6954256187500001 0.4678632921875 0.6782949125 0.564749853125 0.6794942015625 0.5706631640625 0.6998740359375 0.6046960875 0.705144096875 0.6040148750000001 0.7123281265625 0.6012828046875 0.7228963796875 0.5912344187499999 0.7224528359375 0.5880245046875 0.7204192640625 0.5866055484375 0.72059295625 0.5821327000000001 0.74492004375 0.47333148124999996
0 0.640028815625 0.66287165625 0.6369350203125 0.6500749578125 0.628751296875 0.6431626046875001 0.615680528125 0.638408059375 0.6023927703124999 0.63688649375 0.59283394375 0.6379644984375 0.5869379734375 0.6396603609375 0.5807714859375 0.6431011015625 0.574046834375 0.649541275 0.5695924890625 0.664089965625 0.5657511390625001 0.6962373609375 0.56115621875 0.7162521015625 0.5581852859375 0.744895109375 0.55076000625 0.7880868078125001 0.5546982078125 0.7966342609375 0.5570974546875 0.799033240625 0.5648548640625 0.8032291296875 0.5762216015625 0.8065547750000001 0.5914146031249999 0.805775634375 0.6038616390625 0.802115571875 0.6080362359375 0.7984942375 0.6142654296875001 0.78735755625 0.613666090625 0.7796863 0.6235527078125 0.74062684375 0.640028815625 0.66287165625
0 0.186152440625 0.5521552062499999 0.182969984375 0.54631115 0.180248359375 0.5441720171875 0.1708647875 0.54077711875 0.163882025 0.53978114375 0.151984590625 0.5401966125000001 0.1460696640625 0.54139439375 0.1365903234375 0.544703796875 0.1320499953125 0.5473435484375 0.1288307921875 0.549938728125 0.1263342140625 0.5542441046875 0.12542861249999998 0.5661876718750001 0.12793168593749998 0.5715598390625 0.139525165625 0.6192999390625 0.1488346296875 0.6490025125 0.16215971406250002 0.6989163171875 0.16262054374999999 0.7026212421875 0.1586694328125 0.712687140625 0.158911765625 0.7196266609374999 0.16373772343749998 0.7251662999999999 0.16912900625 0.7279564078125 0.17614795781249998 0.7299439109375 0.185731178125 0.7296092578125 0.19754207343750002 0.7267156140625 0.2108940984375 0.7205411859375 0.21355514062499997 0.7209454375 0.21437146875000002 0.7253837140625 0.21667701250000002 0.7250546140624999 0.220877621875 0.7221781375 0.22215539374999999 0.7208921359375 0.2220515671875 0.7179189484374999 0.21900045625 0.715791321875 0.2186001546875 0.713819715625 0.22339360625000002 0.708936953125 0.2237252671875 0.6994961890625 0.2219086859375 0.6948442531250001 0.21543060937499997 0.6893623078125 0.21283943437500003 0.68151201875 0.1991010578125 0.6102715203125 0.1949637125 0.59602129375 0.186152440625 0.5521552062499999
0 0.34013470625000003 0.69003404375 0.33406990625 0.6907007968750001 0.335518553125 0.698068790625 0.34537649843749996 0.6987063921875001 0.346120909375 0.692489125 0.3613686453125 0.6987842578125 0.3679912546875 0.697883834375 0.3709238078125 0.697332715625 0.3721390390625 0.6904501749999999 0.3528653296875 0.6859435109375001 0.344594884375 0.68980011875 0.34013470625000003 0.69003404375
0 0.6283955953125 0.49364800156250005 0.6230611890625 0.4895316625 0.621679990625 0.486915771875 0.62234033125 0.4791864546875 0.6177771859375001 0.48050119531249996 0.6123103453125001 0.48494938281250005 0.6256285687500001 0.5010881640625 0.63005270625 0.49798656250000006 0.6283955953125 0.49364800156250005
0 0.6460323906250001 0.5337037625 0.6437177296875001 0.5271008328125 0.6426498031250001 0.5224868546875 0.6359507609375 0.515333478125 0.6334433265625 0.5167312125 0.6444867703125 0.534841209375 0.6460323906250001 0.5337037625
0 0.6464802093750001 0.5380657906249999 0.649462528125 0.5433274140625 0.6505105109375 0.5418633859375 0.6516025578125 0.5388406203125 0.6464802093750001 0.5380657906249999
0 0.6572440171875 0.5568984859375 0.658428925 0.5539381421875 0.65645546875 0.550479909375 0.6570621671875 0.5470347609374999 0.6522859078125001 0.5464104453124999 0.6572440171875 0.5568984859375
0 0.6963179312500001 0.6184176140625001 0.695389678125 0.6153856640625001 0.694759734375 0.6123448578125 0.6923601140625 0.6092188875 0.6886858765625 0.6096630109375 0.693228321875 0.6186349484375 0.6963179312500001 0.6184176140625001
0 0.6309227078124999 0.7977966484375 0.6369372375 0.81158420625 0.64224820625 0.8079106796875 0.6391724609375 0.8000632421875 0.63779759375 0.794808021875 0.6309227078124999 0.7977966484375