0 0.20621424375 0.5635354828125 0.1966927125 0.5595196625 0.18027093125 0.5592693921875 0.176613225 0.556218328125 0.17362911718750001 0.551083021875 0.170603971875 0.5485151562499999 0.1693198453125 0.548835325 0.167645084375 0.54963615 0.166651971875 0.5518016671875 0.16959315 0.559503278125 0.17247832968750001 0.5628725593749999 0.1791747859375 0.5637601562500001 0.18405863281249998 0.577877684375 0.1913923546875 0.586785278125 0.188501621875 0.591596265625 0.190082915625 0.5965692484375 0.193820484375 0.5985778374999999 0.1975298640625 0.5984195031249999 0.204328596875 0.596978821875 0.21411288593750002 0.5965844484375 0.22452130937499998 0.5932228187499999 0.2277041265625 0.5861666640625 0.23419505156249998 0.5800747875 0.2406166859375 0.570294809375 0.2487717328125 0.5640440640625 0.24933576249999997 0.5608357484375001 0.24725312968750002 0.555221246875 0.24167150781250002 0.55264986875 0.23629648906249998 0.5529674499999999 0.222115996875 0.5603372484375 0.20621424375 0.5635354828125
0 0.34338320312500004 0.53138054375 0.3392508953125 0.53394388125 0.33289340156249997 0.5357850265625 0.3179033828125 0.5378605921874999 0.3045163140625 0.543626746875 0.29424785625 0.5461869609375001 0.28233434218750003 0.55171454375 0.2736486953125 0.5592473609375 0.261572046875 0.56685913125 0.25857212343749997 0.570547565625 0.25818953906250003 0.574477159375 0.2688123015625 0.58154053125 0.275879253125 0.5832294874999999 0.288211590625 0.579388171875 0.295393284375 0.5740194125 0.303593759375 0.5768315703125 0.31747153125 0.5723488921875 0.32114056875 0.57066596875 0.3225863125 0.568261990625 0.33502282031249997 0.5620935359375 0.34459094375 0.55536164375 0.35073113125 0.547184875 0.3566287 0.5421362843749999 0.359911584375 0.5368442625000001 0.3592116265625 0.5326741 0.3543314140625 0.5301838859375 0.35088220312499996 0.5300229187500001 0.34338320312500004 0.53138054375
0 0.537925803125 0.5161048640625 0.5557746390625 0.5111441734375 0.563957496875 0.5070588328125 0.56953220625 0.5061793781249999 0.5748258453124999 0.50690465 0.5795778031250001 0.5054638109375 0.58126616875 0.4999316546875 0.5875943359375 0.49592548125 0.5867756890625 0.4912728265625 0.5797275171875 0.4766707515625 0.56886434375 0.46864315 0.564975034375 0.46807982656249997 0.553691809375 0.4740879515625 0.53506208125 0.48001147031249997 0.5212828609375 0.4862586578125 0.5121185984375 0.48777704687499995 0.49537654687500005 0.48760501874999995 0.4845869890625 0.49080724375000007 0.47638247656250005 0.4961749765625 0.460579275 0.50113771875 0.45655653437500004 0.5048251265625 0.454224278125 0.514608071875 0.4523175359375 0.51789511875 0.45469878750000003 0.524713771875 0.46168587656250004 0.527445203125 0.47983447031250004 0.52368676875 0.49096557656249995 0.5191223921875 0.49531626093750003 0.5188041625 0.49735125937499997 0.5194481703125 0.49871228125 0.5221749046874999 0.5037633015625 0.526028353125 0.5110101828125 0.5284389671875 0.5154810734375 0.5286028546875 0.5204346140625 0.526601278125 0.5320696484375 0.5185875296875 0.537925803125 0.5161048640625
0 0.418825665625 0.529823740625 0.4165216890625 0.52605350625 0.40809333593749997 0.5216363 0.40157718906250006 0.5214718765625 0.39535053750000004 0.5231531828125 0.39052594531249996 0.5249937796874999 0.3889501140625 0.5275606296875 0.3887884953125 0.5296444390625 0.3923127703125 0.536946234375 0.3894235515625 0.5417568453125 0.3909645046875 0.5452052375 0.3979930078125 0.5453707421875 0.4112895765625 0.5412890171875 0.41884283906249997 0.5326311031250001 0.418825665625 0.529823740625
0 0.47780365468749997 0.5385991546875 0.4721323296875 0.540046990625 0.465476059375 0.535542228125 0.46243579375 0.5335143734375001 0.4584041375 0.5363199328125 0.45603710625 0.5393690796875 0.454665203125 0.5388657078125 0.45051226718750004 0.5398930984375 0.451330225 0.5456345125000001 0.465650796875 0.54267591875 0.4921947390625 0.5373959578124999 0.5153950546875 0.5333860578125 0.5276867796875 0.531442178125 0.5507512765625 0.52766904375 0.5737265593750001 0.520554165625 0.5734487609375 0.5283723546875 0.5801917999999999 0.526307865625 0.589753090625 0.52618165625 0.5984636937500001 0.5241290234375 0.600848121875 0.5229322546875 0.6043317921875 0.518342196875 0.6042874953124999 0.508689628125 0.6023897640625 0.5025249890625 0.6005309546875 0.5013281890625 0.5983114890625 0.5065386484375 0.5961827390625001 0.5103238906249999 0.58968853125 0.5126178078125 0.5799546734375001 0.5117677031250001 0.5715744765624999 0.5126976796875 0.5632357625 0.5175465296875 0.558168596875 0.518846953125 0.5554694609374999 0.5173153765625 0.5498320875 0.5172136593750001 0.546292309375 0.5200415078125 0.54891494375 0.522092971875 0.5430192453125 0.5223890015625 0.5271789328125001 0.5255107234375 0.5157478 0.528103171875 0.5014336671875 0.5310682109375 0.49073516093749997 0.5335118109375 0.4811424953125 0.5365090171875 0.47780365468749997 0.5385991546875
0 0.5817178609375 0.4796093453125 0.5834239703125 0.48196984218749994 0.5869996546875 0.48648099375 0.5889286890625 0.4868937671875 0.593463009375 0.488629628125 0.594586934375 0.489946853125 0.5987518546875 0.4903432296875 0.595842340625 0.47931321562500007 0.5939432375 0.47711517187499997 0.5919722328125 0.4741572640625 0.5892375984375 0.47123032656249997 0.5837046484374999 0.46840204375 0.5804148796875 0.47259431406249996 0.5805414828125001 0.4755434765625 0.5817178609375 0.4796093453125
0 0.58554768125 0.4603900578125 0.586662521875 0.4551023484375 0.5859930984374999 0.44819344843750003 0.58349591875 0.4449142265625 0.5832857234375 0.44171375937499996 0.578565540625 0.43725607499999997 0.5740692000000001 0.441382021875 0.5723681546875 0.44659205156250004 0.57255240625 0.451264390625 0.5749972296875 0.45463718281250004 0.5751313125 0.45714485937499993 0.57420284375 0.45776122187499996 0.5713101093749999 0.458546875 0.5670906609374999 0.46167784375 0.5681973546875 0.4638753859375 0.5705696703124999 0.4650520484375 0.574404625 0.4658753046875 0.5773501078125001 0.4685693140625 0.5807976578125 0.46955679687499996 0.5833740640625 0.46621067656250004 0.58554768125 0.4603900578125
0 0.17538387187499999 0.6119348171875 0.177400284375 0.6138024796875 0.17871448125 0.6126728671875 0.1794112453125 0.6105071609375 0.17688344843749998 0.6071051359374999 0.17411295 0.6057588265625 0.17538387187499999 0.6119348171875
0 0.177730253125 0.5924042203125001 0.1699204390625 0.588472096875 0.172434375 0.5976119765625 0.17606933281249998 0.5976847640625 0.1773231171875 0.5968037125000001 0.177730253125 0.5924042203125001
0 0.1710063265625 0.576234965625 0.1716350984375 0.5749203640625 0.17102587656249998 0.5716889484375 0.168327484375 0.57017973125 0.167878815625 0.5737409328124999 0.168585978125 0.5761057234375 0.1700903203125 0.5775213406249999 0.1710063265625 0.576234965625
0 0.257929640625 0.5995278984375 0.2520239609375 0.6012241875 0.244604028125 0.6027955953124999 0.23370316562500001 0.6040271484375 0.22699394218750002 0.6065502015625001 0.2153305078125 0.6103358546875 0.2124420828125 0.6108998171875 0.2033718546875 0.61293744375 0.1960764453125 0.6159512609375 0.190044221875 0.6181992375 0.18143723125 0.6194079859375 0.20899000625 0.6236576625 0.213203059375 0.6210500375 0.21733910937499998 0.619160496875 0.21825609375 0.6163279578124999 0.21514728593750002 0.6148196171875 0.21779068750000002 0.6122007671875 0.2249478328125 0.6102922937499999 0.236076959375 0.6082582453125001 0.244311628125 0.60673813125 0.2521173375 0.6057774734375 0.2586713640625 0.6029742703125 0.26671890781249996 0.5989274984375 0.2735724296875 0.5977388609375 0.2848643875 0.5952986671875 0.292253825 0.5928105296874999 0.299828096875 0.5916772984375 0.31386375 0.583829915625 0.3112692734375 0.582795603125 0.306333771875 0.5838361421875 0.2944935265625 0.5861634375 0.2837085828125 0.5892614515625 0.2777542125 0.59124685625 0.2697176109375 0.5947691500000001 0.257929640625 0.5995278984375