0 0.37800384375 0.14575683281250001 0.37351096093749997 0.1430408546875 0.3665443765625 0.1344651046875 0.3612531046875 0.13234117031249998 0.359696721875 0.13021305 0.34276966875000003 0.12591201875 0.3385345390625 0.127367190625 0.3333788640625 0.1322269609375 0.329874528125 0.1295959015625 0.3285808828125 0.130147753125 0.321126234375 0.139950965625 0.3202869078125 0.1438614453125 0.3182559 0.1699085484375 0.3193224390625 0.17763559375 0.3234065625 0.1864579328125 0.32622616249999997 0.18836405625 0.328518209375 0.1920512890625 0.329321875 0.1970999203125 0.3278723546875 0.2022839375 0.322163953125 0.2077603828125 0.318376328125 0.21406833593750002 0.3164657 0.22452284531250002 0.31554835312499996 0.24070917500000003 0.31402773906250003 0.2495383671875 0.31308510625 0.27169678125 0.31447368125 0.28144395625 0.322359003125 0.293753046875 0.322932115625 0.301436925 0.3220216953125 0.308992578125 0.31643364531249996 0.3187944078125 0.31832744375 0.325599421875 0.3182003015625 0.32990315468750003 0.3160385953125 0.33469391718749997 0.3105200828125 0.3408504375 0.3091874640625 0.344716190625 0.306769890625 0.3780322625 0.307412403125 0.382072384375 0.30967585 0.3860864953125 0.3208248296875 0.3995108390625 0.3209436234375 0.4038360890625 0.319029409375 0.40864850312499995 0.319370275 0.41896904687500003 0.316472790625 0.42933721875 0.3187345453125 0.43335274999999995 0.3229356859375 0.43372030156249997 0.3272624109375 0.42978398437500004 0.3311126453125 0.42846139687499996 0.334881546875 0.4337694515625 0.3429517515625 0.4411148296875 0.3460323328125 0.44005585312499995 0.3498945 0.4357463765625 0.3540379 0.43677390781250003 0.35842236562499996 0.43217761093749996 0.3624336171875 0.43186508906250004 0.36979177343749997 0.4388156546875 0.373411453125 0.44012831406249997 0.38120521093750004 0.435000571875 0.3848164375 0.4250257921875 0.38505892343750003 0.41940365625 0.38351433749999997 0.4142902046875 0.38242754687499997 0.39826105 0.3854113921875 0.39404098906249996 0.3895075625 0.3927399171875 0.3915029953125 0.38843338125 0.39045352968749997 0.3833616765625 0.383900825 0.3671868328125 0.3786805109375 0.36141928125 0.37683764062499997 0.35544844375 0.373034884375 0.3519615546875 0.37045621562500003 0.3444331609375 0.3669348046875 0.339146759375 0.3664091953125 0.333788371875 0.37125296093750004 0.3310595234375 0.38216974375 0.33433752031249997 0.39062807187500004 0.334414065625 0.394875134375 0.32997200625 0.39546838906250004 0.32604156875 0.39422903593749997 0.3202897890625 0.39901700625 0.311081421875 0.40094457187500004 0.3032838109375 0.40130240468749995 0.296343275 0.39056694687500004 0.2625414921875 0.39307274531249997 0.26093502343749997 0.39749095 0.26165408125 0.40535769374999997 0.2585246796875 0.4027162984375 0.25314744375 0.3978045296875 0.252386771875 0.3947647515625 0.250128871875 0.39108568906249996 0.23669459843750001 0.39185189375 0.23078733593749998 0.3952783734375 0.22577471093749998 0.3973773328125 0.216000140625 0.40324160937500003 0.2058915296875 0.40522536093749995 0.197433803125 0.405365990625 0.1901433171875 0.4031788921875 0.1809897421875 0.3974874578125 0.16920510625000001 0.3872165515625 0.1628294265625 0.38240844531249996 0.15659916406250002 0.379410890625 0.151026078125 0.37800384375 0.14575683281250001
0 0.7565432578125 0.5456814875 0.7506551453125 0.5418458968750001 0.746948990625 0.54152165 0.7448974875000001 0.5393517796875 0.74216961875 0.5349629546875 0.7400859328125 0.5274778671875 0.736396715625 0.52981051875 0.731434240625 0.5409955734375 0.7243830953125 0.5461867171875 0.72280796875 0.5485396390624999 0.7238287 0.5539397765625 0.723367590625 0.55921026875 0.72865374375 0.5628269375 0.7315886875000001 0.5634146578125 0.7465862609375 0.562734821875 0.7524013859375 0.564572071875 0.7593627140625 0.5746421109375001 0.7620499171875 0.5823462578124999 0.769023178125 0.5894294078125 0.7747434828124999 0.6008840546875 0.7725005578124999 0.6051689375 0.768909746875 0.603526290625 0.7622399125 0.6029427546874999 0.751240103125 0.606296821875 0.743107259375 0.6138840562500001 0.7357864281250001 0.6178909390625 0.7334859 0.6228342453125 0.7269857875 0.6274101359375 0.723226896875 0.63338965625 0.7188529421875 0.634997371875 0.7168827953125 0.6333318234374999 0.7154246843750001 0.6272299593749999 0.7122085078125 0.62130523125 0.7092194359375 0.6071016046875 0.70441800625 0.59937874375 0.7032584515625 0.5941311515625001 0.69923181875 0.5917869109375 0.6867619953124999 0.5721080234375 0.66810051875 0.54923045 0.6575009015625 0.5423272390625 0.65530545625 0.541802646875 0.654093165625 0.5428588203125 0.65180431875 0.5519533156249999 0.64929184375 0.5550523828125 0.648205025 0.5589412078125 0.6495019828124999 0.5640345640625 0.65695161875 0.5756405078125 0.6574331140624999 0.578670565625 0.65649048125 0.600828978125 0.655098565625 0.6053545734375 0.6403147171875 0.6206586890625 0.6372681484375 0.6270299078125 0.6251577921875 0.6402450203125001 0.6187305515625 0.653955771875 0.61274734375 0.659740690625 0.6102518078125 0.6654966546875001 0.6068830671875001 0.6698493015625 0.6054961578125 0.680018684375 0.60105253125 0.6852732671874999 0.599796346875 0.6967810109375 0.6010813734375 0.70486125625 0.6056641796875 0.7122324734375 0.606845928125 0.718642675 0.612347475 0.7297472359375 0.6138225234375 0.7385059984375 0.62327771875 0.7499564578125 0.6149227749999999 0.771466378125 0.6110879203125 0.7754457296874999 0.60990283125 0.7833082984375 0.610682746875 0.787194184375 0.6181203421875 0.78187059375 0.6241898875 0.7750988203125 0.6314531140625 0.7717503609375 0.6355390453124999 0.7734347578125 0.6399522453125 0.768510028125 0.644168765625 0.77153434375 0.6470067234375 0.7760990578125 0.6587796359375 0.77812503125 0.6707593734375 0.7834879796875 0.6790805484375 0.776580684375 0.6868963625 0.77261710625 0.69061945625 0.775598253125 0.694629153125 0.77528559375 0.703911425 0.768794896875 0.7072225609375 0.765100675 0.7112033859375 0.7651180046875 0.712915665625 0.7697489234375 0.71371596875 0.7819353609374999 0.7218081453125 0.777663446875 0.7264688375 0.7727603703125 0.734215115625 0.7724421046875001 0.7372414046875 0.7776867578125 0.746403434375 0.7867870984375 0.7404049374999999 0.8015313390625 0.7484275671875 0.8084882796875 0.75484493125 0.8041231671875 0.7491203890625 0.8292714999999999 0.781458971875 0.865128 0.786754971875 0.851762153125 0.7665771765625 0.8094644625 0.770657965625 0.805506628125 0.7739860390625 0.8044693046875 0.7856437421875 0.8078121234375001 0.788970121875 0.8067762187499999 0.7990814609375 0.7922255484375 0.8049781921875001 0.7874290421875 0.8062089546875001 0.7818949390625 0.808279065625 0.779585321875 0.8138653093749999 0.7769214343749999 0.85116855 0.7413309421875 0.868635025 0.712664475 0.861815796875 0.68239715 0.840794078125 0.66437453125 0.8302881703124999 0.6753318265625 0.8483018046874999 0.7098989812500001 0.8429919437500001 0.7192640203125 0.8383869078125 0.7301462640625 0.8156455984375001 0.7579889265624999 0.810462721875 0.756042303125 0.812910915625 0.75509425625 0.8157558015624999 0.7510282953125 0.8198535281250001 0.749727359375 0.8217337515625 0.7467376671875 0.822004971875 0.7407871 0.8191312453125 0.725265071875 0.8381519640624999 0.69534491875 0.8305639984375001 0.6950010265625 0.8144637703125 0.711744325 0.8061223234374999 0.7032145484375001 0.804532065625 0.6957726296875 0.8018854140625 0.6918896828125 0.8008343921875 0.68681784375 0.8052491484375001 0.68189325 0.806203684375 0.6766659265625 0.81327513125 0.6669938765625 0.8184581203124999 0.6618039796875 0.8192125296875 0.65888205 0.8237002718750001 0.655955796875 0.8282423046874999 0.6467259140625 0.833092884375 0.6425029125 0.8350085187499999 0.6376921890625 0.8411747999999999 0.6340815015625 0.846532296875 0.6269149171875 0.8512166015625 0.623176140625 0.85315955 0.6180352921875001 0.8528968125 0.6153553203125 0.8491957765624999 0.613538340625 0.8428464203124999 0.6149747984375 0.83758733125 0.6181660828125 0.8292239328125 0.6283885640625 0.8175881734375 0.63334643125 0.8135023796875 0.6316604781249999 0.80796670625 0.6223801984375 0.8037859828125 0.6103952171875 0.7913975140625 0.5912206515625 0.7877608953124999 0.5872510937500001 0.7826389890625001 0.5775082406250001 0.77282095625 0.5673545296875 0.7685433828125 0.5593449859375 0.76525766875 0.55706556875 0.7565432578125 0.5456814875
0 0.7040150515625 0.8948790296875 0.701490071875 0.9019216999999999 0.7172264484374999 0.891470634375 0.72383758125 0.8850520953125001 0.7214757390625001 0.8826825421875 0.7250361453124999 0.8780753203125 0.7235095874999999 0.8739390328125 0.7102674109375 0.8843683375 0.7040150515625 0.8948790296875
0 0.6112257859375 0.8889835406250001 0.61505849375 0.8931678812499999 0.6221709140625 0.8902344187500001 0.632856971875 0.8809648718749999 0.6338693 0.876134721875 0.6348652515625 0.8684798953125 0.6296434328125 0.8656875968750001 0.6156352625 0.879960078125 0.6112257859375 0.8889835406250001
0 0.8105062203125 0.5288675625 0.796094871875 0.55251715 0.7949173484375 0.5584825343750001 0.797866271875 0.561563775 0.8035096734374999 0.5548582375 0.8283965828125 0.5329862328125 0.8354268890625001 0.5225294859375 0.83702655 0.5131911828125 0.8232222296874999 0.5205441625 0.8105062203125 0.5288675625
0 0.7055913578124999 0.542492665625 0.7034171578125 0.55569089375 0.7076727765624999 0.5560632125 0.716280684375 0.55048596875 0.727060928125 0.5442094562500001 0.7367826109375 0.5252204359375 0.738539228125 0.5156119718750001 0.728532771875 0.5205916125 0.7082326546875 0.53575190625 0.7055913578124999 0.542492665625
0 0.6211345515625 0.5399768828125 0.6189128859374999 0.548859240625 0.6251255062500001 0.5497745015625 0.63251064375 0.5475424765625 0.6290350828125 0.5482218343749999 0.6347792640625001 0.5391990765625 0.6356564875 0.5313236875 0.6274184671875 0.5309699765625 0.6211345515625 0.5399768828125
0 0.6165821578124999 0.6453278828125 0.6212854171875 0.64171310625 0.6218763468749999 0.6334707453124999 0.6237449390625 0.627387015625 0.6264733125 0.6246707234375 0.618361734375 0.5994223625 0.6063501828125 0.5799733515625001 0.585322625 0.5653161546875001 0.5828112062499999 0.56539130625 0.5872245687500001 0.5818165843750001 0.5907670281249999 0.5937645453125 0.5807358453125 0.6042975390625 0.579140715625 0.611845046875 0.5772312 0.61570738125 0.5692227765625 0.6209402515625 0.569895159375 0.632240290625 0.573928153125 0.644838165625 0.5799230546875 0.6529211015625 0.58953661875 0.6550138171875 0.5987782578124999 0.651138909375 0.6098966921875 0.64755838125 0.6165821578124999 0.6453278828125
0 0.5694418546875 0.7794625703125 0.5843641421875 0.8232971250000001 0.5940585281249999 0.832031534375 0.600684353125 0.8291919562500001 0.5985382 0.8259347 0.595017671875 0.8143635218749999 0.583178540625 0.79599145 0.575595253125 0.7876879875 0.584159465625 0.7705269171875 0.5988940281249999 0.7533300546875 0.6001020640625 0.751228909375 0.582846934375 0.7404590421874999 0.571688796875 0.7259202859375 0.5652259015625 0.717951684375 0.5500159 0.74294929375 0.5512960437500001 0.7564277796875001 0.56871915625 0.7698850125 0.5694418546875 0.7794625703125
0 0.4528281625 0.9597569671875 0.44399349531250004 0.9714219890625 0.43200358124999994 0.99545125 0.44419991249999996 0.995649359375 0.448019734375 0.9906586000000001 0.46142116875 0.966630490625 0.47117762343749997 0.9547198734375 0.467664215625 0.9429956078125 0.4528281625 0.9597569671875
0 0.41504914531250003 0.9213839125 0.4218870671875 0.9339401578125001 0.43539369062500005 0.955249990625 0.4413874875 0.9535032375 0.43849196562500004 0.9410629109374999 0.43346504843749994 0.9227943312500001 0.4240890640625 0.906297196875 0.4178893453125 0.9037644046875 0.41504914531250003 0.9213839125
0 0.3653014453125 0.990125321875 0.3670743453125 0.9854401375 0.37340886875 0.9747970390624999 0.37405702500000004 0.9703287140624999 0.36415704843749996 0.9642489890625001 0.3506463421875 0.9759189859375 0.34316413125 0.9881885578125 0.356231403125 0.9893317968750001 0.3653014453125 0.990125321875
0 0.3287411 0.98692670625 0.33217791874999997 0.9842520046875001 0.325240875 0.97266738125 0.3153489203125 0.982666728125 0.301307134375 0.9681909453124999 0.296510740625 0.9723324218749999 0.288789021875 0.9834313531250001 0.3224806390625 0.9863789875 0.3287411 0.98692670625
0 0.329169121875 0.9167955781250001 0.31950721875 0.9244701921875 0.3122562078125 0.9327525546875 0.310705121875 0.9395635984374999 0.315535171875 0.942047140625 0.32755418281250004 0.9276351375 0.329169121875 0.9167955781250001
0 0.3071570421875 0.8379160015625 0.3112558796875 0.8350247359375 0.3132720140625 0.8411126828125 0.3197485125 0.8388325328124999 0.3214150953125 0.8354163484375 0.31726175 0.8184930874999999 0.3052104328125 0.8306389640624999 0.3071570421875 0.8379160015625
0 0.35632255 0.799959746875 0.3415649390625 0.7728877078124999 0.339225340625 0.7882453625 0.3490730046875 0.8000862015625 0.35632255 0.799959746875
0 0.5342785921875 0.4752810125 0.5296026328125001 0.4703908046875 0.5254115328125 0.4613928484375 0.521688440625 0.458411703125 0.5105292 0.4408378625 0.5006195734375 0.4331652984375 0.49606227187499996 0.43260189687499995 0.49207463437500004 0.4340787203125 0.493878509375 0.4362284953125 0.49480096875 0.445602375 0.500221296875 0.45620105625 0.5046511828125 0.4610713046875 0.5070266125 0.47090481874999995 0.5065077640625 0.47683529062499996 0.5035527890625 0.48072536250000003 0.49797322343749995 0.481896653125 0.487197178125 0.49124459375 0.4829721734375 0.49685081875000003 0.478513165625 0.49944863906250003 0.4696141171875 0.5129431359375001 0.466680978125 0.505217471875 0.467172628125 0.4924806046875 0.4634953421875 0.49182636874999996 0.461752521875 0.494661825 0.46024181249999996 0.4948621703125 0.45524882499999997 0.49359562031250004 0.45494027812500004 0.48858873750000004 0.455998228125 0.4850299015625 0.46055539218749997 0.485594859375 0.46204404375 0.48423035 0.460521515625 0.4802810625 0.45687310156249994 0.4792968359375 0.45586930781249996 0.4765535984375 0.449486075 0.472676259375 0.44101584374999997 0.45566862343750003 0.4372638796875 0.45301746718749997 0.430049803125 0.44442006562499997 0.427418534375 0.44319388125000003 0.4254639046875 0.444183540625 0.42577245 0.449190421875 0.4248179140625 0.4544177453125 0.42657942968749996 0.45988426093749996 0.42925650624999995 0.46343735312499995 0.43136906249999996 0.470592453125 0.4294717875 0.47806176718750004 0.411274946875 0.495391753125 0.405254659375 0.5101340875 0.39989716249999996 0.517300671875 0.39593516875 0.52558375625 0.38858891562500003 0.5355642796875 0.3880259515625 0.539166421875 0.38442165156249997 0.540510525 0.38826676718750003 0.540680671875 0.389238240625 0.538110246875 0.39651826875 0.53742024375 0.4003159046875 0.542399865625 0.40775552968750006 0.5427182328125 0.4112887359375 0.545019303125 0.4176618140625 0.56466356875 0.423054828125 0.575592375 0.4284428359375 0.5808773953124999 0.4280105984375 0.5858178984375 0.418687521875 0.595625471875 0.4144847125 0.6023943046875 0.4106190953125 0.6010601296875 0.400968865625 0.6103403078125 0.3963235546875 0.6179001484375 0.392852959375 0.6205844421875 0.385189678125 0.634188625 0.3784930015625 0.6395770375 0.36972765625 0.654411725 0.3666691328125 0.6566348671875 0.362383075 0.6572558625 0.3600671640625 0.65954240625 0.357154634375 0.6728971953125 0.35104609375 0.675847903125 0.3491674265625 0.67883773125 0.3559371953125 0.6953640812499999 0.36566052031249996 0.707998665625 0.3701008046875 0.717016853125 0.3742884546875 0.7203711578124999 0.382704559375 0.7237628890625001 0.384503178125 0.727406953125 0.38099380781250003 0.739050084375 0.377494478125 0.7420628125000001 0.3650824734375 0.761558346875 0.35973011875 0.7743671625 0.35835514218750003 0.78154965625 0.3620206015625 0.805107203125 0.368320809375 0.8156166062500001 0.3705995015625 0.8222890359375 0.3730865546875 0.8251636093749999 0.3766775015625 0.8268047015625 0.390790075 0.8277068765625 0.3917429390625 0.8296159390625 0.3915903765625 0.8398933124999999 0.3904170828125 0.84477055 0.38911831874999997 0.8468151359375 0.3860666078125 0.8475441234375 0.3835032046875 0.8498090140624999 0.38047343749999996 0.8588386874999999 0.381004190625 0.8698393078125 0.3825487765625 0.874952759375 0.3872941359375 0.8761992125000001 0.39528635 0.8759024640625 0.39791761875 0.877128646875 0.4051163125 0.8830692859375 0.4112266328125 0.8928986140624999 0.41506507187499997 0.8945613578125 0.41623655781249996 0.8968220625000001 0.4167638625 0.9021790296875001 0.418182840625 0.9044613874999999 0.4227487109375 0.9091757062499999 0.4266734875 0.9098515953125 0.43178516250000004 0.895526971875 0.4367288921875 0.8888229609374999 0.4444294984375 0.886176228125 0.45274374687499996 0.887899609375 0.4603001375 0.8869012671875 0.46516265 0.879691378125 0.47800196406250006 0.8894459546875 0.4807756421875 0.8961616890625 0.48219295000000006 0.90558043125 0.48626539218750003 0.91025158125 0.489257690625 0.9173189578125 0.4952780859375 0.9224930468749999 0.4967768640625 0.925279590625 0.5055574765624999 0.9202381859375001 0.5089381484375 0.912898653125 0.5107911734374999 0.9031025640625 0.5149838578125 0.892182678125 0.5198344374999999 0.8879596765625 0.5212550874999999 0.8831056484375001 0.521641653125 0.875836678125 0.5176354359374999 0.8618750109375 0.517325196875 0.8568695500000001 0.5189730875 0.8437350671875 0.5271719906250001 0.8467768484375 0.5257259484375 0.8376865390624999 0.5261989890625001 0.8294291578124999 0.5287623921875 0.8271642671875 0.532716040625 0.8275101656249999 0.5342334265625001 0.825817221875 0.535682946875 0.8206332046875 0.5427342281249999 0.8154405046875001 0.545528184375 0.8105403671875001 0.546467475 0.802654725 0.5459113015625 0.797627746875 0.539753503125 0.7926078953125 0.538478603125 0.788678703125 0.535118346875 0.784400809375 0.5348385359375001 0.77906549375 0.5283807609375 0.773189678125 0.53442991875 0.7581173546875 0.538626053125 0.7528411187499999 0.5407843109375 0.7424067046875 0.5398433781249999 0.7375107546875 0.5335245625 0.7314808375 0.5316292078125 0.7246756890625 0.5306491421875 0.7159602296875 0.528421378125 0.7101219765625 0.5280466359375 0.6944876343749999 0.5360624640625 0.6953551859375 0.537418834375 0.692652178125 0.5413878921874999 0.6757368625 0.5407706640625001 0.6657246546875 0.5435086874999999 0.6543465546875 0.5483881375 0.6497935640625 0.5528283140625 0.6388953296875 0.553725109375 0.6343279859375001 0.5621733125 0.630253478125 0.5670137656249999 0.621879421875 0.572325346875 0.5924695062499999 0.5708419796875 0.572421746875 0.5662185046875 0.56836585 0.56367538125 0.5590148703125 0.5598082093750001 0.5576805578124999 0.556554678125 0.560716359375 0.5550728390625 0.5605867156250001 0.55412845625 0.5500471124999999 0.553335053125 0.5491479796875 0.5516566484375 0.5498308578125 0.5488490890625 0.56485426875 0.5417232656250001 0.5680484921875 0.5351840203125 0.568804875 0.530881025 0.566768971875 0.5274954828125 0.5684631625 0.5244859953125001 0.5658769640625 0.519601540625 0.5647861671875 0.5144440859375 0.5568659015625 0.517719675 0.554994265625 0.5210884140625 0.5506416203125 0.5252879984375001 0.5510090359375 0.5269494640625 0.547669259375 0.5297316249999999 0.545754453125 0.5417706375 0.5433225937499999 0.543313559375 0.5285194875 0.5455039984375001 0.5234002921875 0.5484284609375 0.507058615625 0.5524619078125 0.5079087015625 0.5601387625 0.504099225 0.5638364640625 0.49313603281249996 0.5645450640624999 0.4878871921875 0.562822409375 0.4862432984375 0.5581854453124999 0.4851741546875 0.551756540625 0.47896834843749997 0.5435050390625 0.4822287765625 0.538810471875 0.48181805468750005 0.5357433796875 0.4798902796875 0.5342785921875 0.4752810125
0 0.548469740625 0.7900233546875 0.540056571875 0.7899146859374999 0.5448604484375 0.8006931359375 0.549456978125 0.801561115625 0.562360128125 0.7955268 0.5778709078125 0.8201034249999999 0.58314705 0.8229381203124999 0.5769333796875 0.8064557171875 0.5747649625 0.7940946906249999 0.5707550109375 0.7804087453124999 0.557745365625 0.761521759375 0.5549851703125 0.7788722156250001 0.548469740625 0.7900233546875
0 0.5692853125 0.5380270671875 0.566251646875 0.55520459375 0.5727087328125 0.5672554109375 0.5792218890624999 0.5736097499999999 0.5820324703125 0.5746508578125 0.58029515 0.545799025 0.5692853125 0.5380270671875
0 0.565094759375 0.6658827406250001 0.5671300609375 0.6704070328125 0.5732124296875 0.6706239093749999 0.5766743484375 0.66629980625 0.5733347125 0.6598858921875 0.5675831328125 0.654722775 0.565094759375 0.6658827406250001
0 0.6922803578125001 0.8016483875 0.6947972796874999 0.802944559375 0.7012577624999999 0.7988216265625 0.7039270859375 0.7962962265625 0.7058223484374999 0.794819853125 0.7019794265625 0.7872922124999999 0.6941613296875 0.78737363125 0.6916968406249999 0.796109265625 0.6922803578125001 0.8016483875