0 1 0.8206093421875 0.9837482984375001 0.8134438062499999 0.927611109375 0.815163340625 0.8585221687500001 0.81237265625 0.846053228125 0.77092825 0.8253134796875001 0.7524640140625001 0.7915773109375001 0.7585775781249999 0.778311584375 0.5947588203125 0.7397953312500001 0.5826289499999999 0.704338359375 0.5485285296875 0.689143271875 0.5917548578125 0.6812529078125 0.6284776015625 0.6703886921875 0.642611075 0.6097959609375 0.653550896875 0.521145040625 0.635521225 0.485306196875 0.6318715234375001 0.467547965625 0.6118101031250001 0.46439085156250004 0.59245065625 0.42398031718749996 0.559171028125 0.398539628125 0.5594205296875 0.38976297656250003 0.5776407359375 0.3995737328125 0.6191969312500001 0.4317369453125 0.6357285046875 0.4565242734375 0.6438412062500001 0.460309784375 0.6669052921875 0.48864881562500007 0.6819818171875001 0.505612696875 0.664118153125 0.5448132234374999 0.6787447609374999 0.5686043703125 0.68581531875 0.5974044578125 0.6814573921875 0.6166319031249999 0.690810953125 0.6667047703125 0.7056674109375 0.7012119203125 0.6804169546875001 0.694001375 0.6484126703124999 0.7139089796875 0.6919479609375 0.742094721875 0.6731997578125 0.735442909375 0.609360009375 0.7528319296875 0.64630221875 0.7819690203125 0.7051727125 0.7861041531249999 0.8076726671875001 0.76242431875 0.8126131140625 0.7575988984375 0.70801376875 0.7054459750000001 0.7273781968749999 0.64332135 0.7428594375 0.632228053125 0.723825728125 0.5921412375 0.7341353171875 0.56499236875 0.7188401703125 0.5393794890625 0.708426603125 0.5159768062500001 0.711066953125 0.49751920937499994 0.7227215499999999 0.4556093203125 0.689855421875 0.43359092187500003 0.699228871875 0.41451046874999997 0.667693715625 0.3955980046875 0.6676951765625 0.365435790625 0.7175276765625 0.3252359109375 0.689954528125 0.305790996875 0.6250852296875 0.2759356765625 0.6525558890625 0.24786177343750002 0.6679032796875 0.2302978515625 0.6536125078125 0.1836642453125 0.6265787109375001 0.129572009375 0.6116755109375 0.1025356296875 0.6042097265625 0.025436578124999998 0.5696697921875 0.0020829546875 0.5456387484375 0.0171178015625 0.7023748046875 0.11211047031250002 0.727042640625 0.19620930781249998 0.753977940625 0.290770459375 0.7772452453125 0.365498965625 0.788580046875 0.4458203125 0.818143640625 0.5540614109375 0.8388087578125001 0.66107558125 0.8642740734375 0.7073461078125 0.8198394312499999 0.73217765625 0.8164639375 0.7748614390624999 0.86351816875 0.8438958953125001 0.8927031015625 0.89482346875 0.90393690625 0.962429290625 0.915071415625 1 0.9252932921875001 1 0.8206093421875
0 0.42344514687499996 0.1223774140625 0.398017784375 0.0881429703125 0.37729896093750004 0.0793120046875 0.3441485875 0.015641778125 0.33059495625 0.0129111015625 0.3138370921875 0.014377224999999999 0.3323364625 0.0426051265625 0.3575429375 0.0831531609375 0.37899478593749997 0.1484805359375 0.37883575625 0.1665804609375 0.4156172609375 0.2003846265625 0.43508409531250003 0.1930946140625 0.4408086640625 0.169336528125 0.42344514687499996 0.1223774140625
0 0 0.28120675 0.012626365625 0.2807054296875 0.030789575000000003 0.264215903125 0.0302448515625 0.2579896859375 0 0.22446595 0 0.28120675
0 0 0.47087203125 0.0337739109375 0.46863994687500005 0.036371578125 0.45351222968749993 0.0145417171875 0.38327254375 0 0.3659876375 0 0.47087203125
0 0.1658686328125 0.3112155859375 0.1453610671875 0.309872828125 0.1416153875 0.3298063890625 0.15618815 0.3708800875 0.1804897296875 0.379733253125 0.18502321093750002 0.37776815625000004 0.18405089375 0.33079916875 0.1658686328125 0.3112155859375
0 0.33208160000000003 0.10453644531249999 0.3054356640625 0.0778509953125 0.2975167125 0.0769753453125 0.28347844218749996 0.08683011093750001 0.287680996875 0.0990101828125 0.2795672984375 0.11383625625 0.28729150468750003 0.1304136296875 0.30760432656250003 0.14745810937499998 0.3285497171875 0.144841390625 0.3400781671875 0.1242269265625 0.33208160000000003 0.10453644531249999
0 0.23587547031249997 0.23294122968750003 0.223150675 0.23091756874999997 0.21066895937500002 0.2406361546875 0.22868575624999998 0.26729232187499996 0.241002009375 0.2646463203125 0.2471506109375 0.24528676562500001 0.23587547031249997 0.23294122968750003
0 0.7988019625 0.30289515 0.7831002390624999 0.302700403125 0.7780703671875 0.325883253125 0.7935773453125 0.341779721875 0.8056212359374999 0.3360206125 0.8068278125000001 0.3139564921875 0.7988019625 0.30289515
0 0.8425435359375 0.08575654218749999 0.831890734375 0.0984520546875 0.8411714953124999 0.114893246875 0.8488180859375 0.1126557890625 0.853818675 0.098102078125 0.8425435359375 0.08575654218749999
0 1 0.6729692796875 0.992189709375 0.6757403359375 0.9949718921875 0.6896131421875 1 0.6932130859375001 1 0.6729692796875
0 0.9912188046875 0.50329374375 0.9998186609375 0.511952165625 0.9975914343750001 0.45960332812500004 0.9884951875000001 0.472162659375 0.9912188046875 0.50329374375
0 0.3737060171875 0.4279204609375 0.37104978593750004 0.46030645625 0.3756608828125 0.477156190625 0.3874909765625 0.45102569531250003 0.3845726140625 0.435596334375 0.3737060171875 0.4279204609375
0 0.369163715625 0.3491102015625 0.3761879671875 0.3218316953125 0.3633562734375 0.309622340625 0.369163715625 0.3491102015625
0 0.47675188281249997 0.24323664531250003 0.47598313125 0.2613412890625 0.482617890625 0.265466228125 0.49324140937500005 0.2613998546875 0.4922881421875 0.250503975 0.47675188281249997 0.24323664531250003
0 0.576098990625 0.2314079625 0.566759665625 0.232225046875 0.561652178125 0.23659306562500002 0.5627416249999999 0.24904549999999998 0.5751354937500001 0.2652143296875 0.5870432046875 0.257898665625 0.5875103109375 0.24531005156250002 0.576098990625 0.2314079625
0 0.0587225265625 0.0366968578125 0.06431617187500001 0.055813332812500005 0.0885591875 0.0819247765625 0.0991827046875 0.077858403125 0.1026267390625 0.063440871875 0.11297789531249999 0.0562613890625 0.11216081093750001 0.046922064062500005 0.09763638125 0.0332923359375 0.0587225265625 0.0366968578125
0 0.042874390624999995 0.0796478046875 0.0307236015625 0.075221221875 0.0296824890625 0.0902127578125 0.043632910937500005 0.1062454078125 0.049859128125 0.10570068437499999 0.0503262359375 0.09311206875 0.042874390624999995 0.0796478046875
0 0 0.0874979625 0.0077545484375 0.0905627359375 0.016276789062499998 0.080406325 0.0022970828124999998 0.0730028140625 0 0.08034173125 0 0.0874979625
0 0 0.14463186249999999 0.00501046875 0.1488361453125 0.014077432812499999 0.1449059515625 0.0054878078125 0.09154528437500001 0 0.0933278109375 0 0.14463186249999999
0 0.185663190625 0.5643599171875 0.176625509375 0.559660971875 0.18019549375 0.59150224375 0.1900795421875 0.596911375 0.1977261328125 0.5946739156249999 0.197045228125 0.5868911453125001 0.185663190625 0.5643599171875
0 0.08557661250000001 0.58566410625 0.09614156562500001 0.598856009375 0.10466380625 0.5886995984375 0.08702626875 0.5753422328125 0.08557661250000001 0.58566410625
0 0.24778177031249998 0.3511031703125 0.2399989984375 0.3517840734375 0.23652568125 0.37483074375 0.24709063437499998 0.3880226453125 0.2531806703125 0.38592136875 0.2577727171875 0.36669799375 0.24778177031249998 0.3511031703125
0 0.20619263124999998 0.3508205765625 0.210064259375 0.3771458171875 0.2189950421875 0.3716590703125 0.213129034375 0.3494294859375 0.20619263124999998 0.3508205765625
0 0.49902098125 0.1840392515625 0.499838065625 0.1933785765625 0.5080293796875 0.197367334375 0.5183805359375 0.1901878515625 0.5083895890625 0.174593028125 0.49902098125 0.1840392515625
0 0.0924484546875 0.2698007296875 0.086008440625 0.2499740671875 0.068507084375 0.23817325625 0.08073549062499999 0.2614146703125 0.067893565625 0.2939075640625 0.077174325 0.3103487546875 0.0886442109375 0.3069925671875 0.0919227828125 0.299647621875 0.0924484546875 0.2698007296875
0 0.0477373875 0.18901514218749998 0.058224725 0.1833922140625 0.0474166921875 0.15845806406250001 0.037610259374999996 0.17186376406249998 0.023299628125 0.178605421875 0.016878665625 0.19485186875 0.023104882812499998 0.19430714531249998 0.023591040625 0.21779163906250001 0.059333223437500006 0.23191775625000002 0.06487853593750001 0.2235902625 0.0459860875 0.204853046875 0.0477373875 0.18901514218749998
0 0.24234053281249998 0.6205715640625 0.2465430875 0.6327516359375001 0.25418967812500004 0.6305141765625 0.24914075468750002 0.61762391875 0.24234053281249998 0.6205715640625
0 0.59713081875 0.32838143125 0.5653188296875 0.3233222765625 0.5541989218750001 0.34860640468750004 0.576204478125 0.3670712578125 0.595184771875 0.3599210578125 0.6082697765625 0.3391704125 0.59713081875 0.32838143125
0 0.7897745125 0.2534939578125 0.7884610375000001 0.265372384375 0.8022752796875 0.27984848125 0.8149224593750001 0.2630573109375 0.7991138375 0.252676871875 0.7897745125 0.2534939578125
0 0.8860787203125 0.0544995078125 0.893258203125 0.0648506640625 0.902325165625 0.06092047187500001 0.8968677015625 0.04336055 0.8860787203125 0.0544995078125
0 0.931451640625 0.10699475781250001 0.9378916531250001 0.12682142031250002 0.9481066296874999 0.1180853828125 0.94278534375 0.10208201562500001 0.931451640625 0.10699475781250001
0 0.9256802531250001 0 0.9279504515625 0.013192962499999999 0.9396926984375 0.012949882812499999 0.9459481984375 0.0037760218749999996 0.9435290609375 0 0.9256802531250001 0
0 0.272378996875 0.02270974375 0.25651181093750003 0.029587582812500002 0.2591578109375 0.0419038359375 0.26748530625 0.0474491484375 0.282506125 0.0398611234375 0.2816890390625 0.030521796875 0.272378996875 0.02270974375
0 0.153672334375 0.028389826562499998 0.16142582187500001 0.0363380609375 0.18081465937500002 0.033857521875000005 0.1825366765625 0.0266487578125 0.153672334375 0.028389826562499998
0 0.33754365000000003 0.57930453125 0.3417462046875 0.591484603125 0.3493927953125 0.5892471453125 0.3459004265625 0.57622070625 0.33754365000000003 0.57930453125
0 0.0387247546875 0.55211986875 0.045631875 0.5593579156249999 0.05144955 0.5541435296875 0.04795718125 0.541117090625 0.0387247546875 0.55211986875
0 0.0584152359375 0.5441233000000001 0.06444670625 0.5592803 0.07466168281249999 0.5505442625 0.0681923859375 0.5393467390625 0.0584152359375 0.5441233000000001
0 0.1163093859375 0.5335685796875 0.1133031765625 0.5440266328125001 0.12163067031250001 0.549571946875 0.1271759828125 0.5412444515625 0.122535603125 0.53302385625 0.1163093859375 0.5335685796875