0 1 0.0638639015625 0.9551148656249999 0.076921296875 0.8877136640625001 0.08923399531250001 0.8369899046875 0.10135489843750001 0.7684753093750001 0.131740203125 0.7266192359375 0.179532203125 0.7017325609375 0.17659059375 0.6546935890625 0.1329702515625 0.5481401499999999 0.16029934375 0.4402761921875 0.1828503796875 0.36048303593750003 0.213811271875 0.285963728125 0.2264485390625 0.19182305156249999 0.2513626203125 0.10820710781250001 0.2797615453125 0.01365941875 0.306083475 0.0013622828125 0.463058053125 0.02429295 0.43862309218749995 0.10077745468749999 0.4027428546875 0.12767942031249999 0.3948063578125 0.181503321875 0.3789613890625 0.2276580203125 0.3511178390625 0.2449698578125 0.3365227109375 0.2733073359375 0.3513778078125 0.3036375375 0.3783232359375 0.3219473640625 0.31312445625 0.3616599046875 0.2848539234375 0.3926872203125 0.3341524296875 0.41159683124999996 0.333823821875 0.4301240125 0.3019604703125 0.45230264687500005 0.3109482171875 0.4936325609375 0.27735566718750004 0.512290746875 0.288686359375 0.5357359453125 0.290917875 0.56116318125 0.28005888749999996 0.5880409796875 0.26429225624999997 0.6283016156250001 0.2739006640625 0.639061040625 0.2546762484375 0.7014463875 0.2690709078125 0.753929325 0.2875221921875 0.7569285 0.1828545640625 0.7806909484375 0.18738098593750002 0.7783453171875 0.2899374984375 0.750240096875 0.3493075375 0.7334984546875 0.3865476015625 0.739035096875 0.32260148593750004 0.710526446875 0.304348046875 0.6913816703125 0.3482241421875 0.6980325656249999 0.3160988921875 0.6630899890624999 0.2914545140625 0.613284028125 0.3071826015625 0.5942227531250001 0.31687030156249996 0.565350996875 0.3130156703125 0.541686871875 0.32050036406250004 0.5027475859375 0.3358088875 0.48547452343749997 0.31824400625 0.45740292968749996 0.3338128171875 0.45402052031249995 0.35693945781249997 0.429378553125 0.365483521875 0.3975087546875 0.382573903125 0.38842474843749997 0.424294990625 0.39751805 0.44235924843749996 0.42295921875 0.4421647109375 0.46278278906250003 0.40818488906250006 0.46560155312499996 0.3887732921875 0.48300695937500004 0.3684050046875 0.5187766500000001 0.364130384375 0.6070994062499999 0.3445562859375 0.667873834375 0.354436953125 0.6789830593749999 0.3683786671875 0.687513121875 0.40495811249999997 0.7034602984375 0.447912665625 0.7383167359375 0.41319862812499997 0.7766154265625 0.4003984046875 0.7870201015625 0.23637307812500002 0.8208578281250001 0.241896934375 0.8412721718749999 0.22307355156250003 0.8530159093749999 0.1814178453125 0.9220456234375 0.1774218171875 0.978204271875 0.17816136093749999 1 0.1680934796875 1 0.0638639015625
0 0.38467318281249996 0.8354833656249999 0.3851480765625 0.8535777578125 0.3648396140625 0.9192695703125 0.3403446390625 0.9602513421875001 0.3223407328125 0.988797803125 0.33912162968750004 0.9899712375 0.35262554062499996 0.9870044328124999 0.3846596671875 0.92276535 0.4052212125 0.9135741375 0.430047228125 0.8789011375 0.4465885515625 0.8316461421874999 0.44045022031250003 0.8079915812499999 0.42085912187499996 0.8010424234375 0.38467318281249996 0.8354833656249999
0 0 0.787509028125 0.003033859375 0.7863434125000001 0.034540059375 0.7501718125 0.0349760375 0.7439370359375 0.0165278125 0.7277670140625 0.00010702968750000001 0.72740191875 0 0.7274662078125 0 0.787509028125
0 0 0.645692584375 0.016652829687500002 0.62518209375 0.0372535140625 0.5545721218749999 0.0343922265625 0.5394920437499999 0 0.5378213406250001 0 0.645692584375
0 0.144640259375 0.6764223640625 0.14873325625 0.6962875171875 0.169214265625 0.6945870578125 0.1870519765625 0.6746891328125 0.1872044234375 0.6277103296875 0.1826373359375 0.6258246515625 0.1584939671875 0.6351005921875 0.144640259375 0.6764223640625
0 0.3128328125 0.925480325 0.339008965625 0.8983339046875001 0.34666066875 0.8785068624999999 0.334774203125 0.8580967359375 0.3137863328125 0.8558459640624999 0.2937740734375 0.8732423562499999 0.286340359375 0.8899520109375001 0.294711571875 0.9046342218750001 0.29072222812500004 0.9168857828125001 0.30493035 0.926494046875 0.3128328125 0.925480325
0 0.25163447968749997 0.7590872703125 0.24514894375 0.739837971875 0.2327883890625 0.737407321875 0.21523954843749998 0.7643738671875 0.22788897656249998 0.7738731359375 0.2405765171875 0.7716277046875 0.25163447968749997 0.7590872703125
0 0.8100279875 0.6806602890625 0.8084365234374999 0.6586205859375001 0.79629395625 0.6530725484375 0.7810667718750001 0.6692372296875 0.786500475 0.692328765625 0.80219640625 0.6918600171875 0.8100279875 0.6806602890625
0 0.8388481640625001 0.8956944953124999 0.849720909375 0.9082021578124999 0.8607788718749999 0.8956617234375001 0.855525046875 0.8811975015625 0.8478405734375001 0.8790938359375 0.8388481640625001 0.8956944953124999
0 1 0.29552916875 0.9915873 0.3017772859375 0.9890476546875 0.3156965359375 1 0.319368465625 1 0.29552916875
0 0.9995339421875 0.47932661718749997 0.9910865062499999 0.48813380781250004 0.9889066156249999 0.519307684375 0.9982206671875 0.5317063515625 0.9995339421875 0.47932661718749997
0 0.3717621734375 0.5419379906249999 0.3749832140625 0.57427269375 0.38571419375 0.5664083421874999 0.3883628328125 0.5509303984375 0.3760785 0.525010346875 0.3717621734375 0.5419379906249999
0 0.3666996328125 0.692733425 0.37931628906250003 0.6803019859375 0.3718170328125 0.653150225 0.3666996328125 0.692733425
0 0.48015195781250003 0.7390415140625 0.4812365625 0.757129984375 0.4966436234375 0.749592615625 0.497406584375 0.738681759375 0.4867137171875 0.7348014109375 0.48015195781250003 0.7390415140625
0 0.5662398734375 0.7622908374999999 0.571422815625 0.766569053125 0.580774978125 0.76722301875 0.5919419359375 0.7531238921875001 0.5912551984375 0.7405453468750001 0.579221625 0.733438615625 0.5671118296875 0.7498212859375 0.5662398734375 0.7622908374999999
0 0.10584283593749999 0.9736587953125 0.12012718124999999 0.95977765625 0.12078114843750001 0.9504254937500001 0.11030626875 0.9434277578125 0.1066111375 0.9290725296875 0.0959182703125 0.9251921796874999 0.07213465625 0.951722746875 0.066875490625 0.9709339328125 0.10584283593749999 0.9736587953125
0 0.057495896874999994 0.9146738484375 0.056809159374999994 0.9020953031250001 0.0505743828125 0.901659325 0.03690589375 0.9179330015625 0.038208485937499995 0.932904084375 0.050280170312500004 0.928266115625 0.057495896874999994 0.9146738484375
0 0.0149751859375 0.9179657734375001 0.0052960390625 0.9219878874999999 0.0098250140625 0.9356182656250001 0.02367338125 0.927971903125 0.0149751859375 0.9179657734375001
0 0.0126916421875 0.917022934375 0.0203486859375 0.8635204828124999 0.0112145125 0.859749128125 0.0045437593749999994 0.8655479265625001 0.001241153125 0.8903780328125 0.0027236234375000003 0.9139764296875 0.0126916421875 0.917022934375
0 0.195574909375 0.41840937812499995 0.19611988281249998 0.410615909375 0.1884354078125 0.40851224375 0.1786472671875 0.4140930515625 0.1756335328125 0.44599177812499996 0.1845878296875 0.44113581875 0.195574909375 0.41840937812499995
0 0.0944778 0.4082073484375 0.08414468593749999 0.4215816265625 0.0857742625 0.43187662812500005 0.10317599531249999 0.4182134796875 0.0944778 0.4082073484375
0 0.26013605 0.6375091515625 0.2552092078125 0.6183688484375 0.249083428125 0.6163741765624999 0.23875031406249997 0.629748453125 0.242625321875 0.6527309953125 0.25041879218749996 0.6532759671874999 0.26013605 0.6375091515625
0 0.21225251875 0.627895546875 0.20884091875 0.6542843484375 0.21580054375 0.6555541703125 0.2212776984375 0.6332255953125 0.21225251875 0.627895546875
0 0.505189371875 0.8065775500000001 0.5045354046875 0.8159297125 0.5140674453125 0.8252109937500001 0.523784703125 0.8094441781249999 0.513309825 0.802446440625 0.505189371875 0.8065775500000001
0 0.0805485953125 0.6970016859375 0.0715561859375 0.7136023453125 0.084963234375 0.7458661656250001 0.073142309375 0.76931745625 0.0904350484375 0.7572130015625 0.0965280578125 0.737276965625 0.095481565625 0.70744379375 0.09207530625 0.700157184375 0.0805485953125 0.6970016859375
0 0.0434074515625 0.8361560734375001 0.05344635156250001 0.8493885859375 0.0638175765625 0.82426960625 0.053233703125 0.8188305640625 0.051206260937500005 0.8030256359375001 0.069768821875 0.78396155625 0.06407901875000001 0.775732109375 0.028588815625000003 0.7904798625 0.0285125921875 0.8139692640625 0.022277815625 0.8135332859375 0.028981340625 0.829665196875 0.0434074515625 0.8361560734375001
0 0.2442648546875 0.371692015625 0.24027551093750002 0.383943578125 0.2471261421875 0.38677209375 0.2519493296875 0.37379568281250003 0.2442648546875 0.371692015625
0 0.6110601499999999 0.6589155250000001 0.597614990625 0.6383964046874999 0.5785127984375 0.6315785453125 0.5568328499999999 0.6504246359375 0.5683923328125 0.6755108437499999 0.60011118125 0.6698972640624999 0.6110601499999999 0.6589155250000001
0 0.7925119203125 0.729557540625 0.7940325015624999 0.7414112359375 0.8033846640625001 0.742065203125 0.8190097156249999 0.731410446875 0.8060714156250001 0.7148425578125 0.7925119203125 0.729557540625
0 0.9007927109375 0.9282197578125 0.8937949734374999 0.9386946375 0.9047767140625 0.9496436046875001 0.909926884375 0.9319911125000001 0.9007927109375 0.9282197578125
0 0.9443378250000001 0.8654794796875 0.938244815625 0.885415515625 0.9496625328125001 0.8901297093749999 0.9547037093749999 0.874035909375 0.9443378250000001 0.8654794796875
0 0.9473701328124999 1 0.9545405812500001 0.98836553125 0.9481259281250001 0.9793022406249999 0.9363812265625 0.9792641296875001 0.9335146 0.9978594609375 0.9373735515625 1 0.9473701328124999 1
0 0.2899158140625 0.97321675 0.29056978125 0.9638645875 0.2754188203125 0.9565398671875001 0.26718937343750004 0.9622296703125001 0.2647587234375 0.9745902265625 0.28074352812500003 0.981190096875 0.2899158140625 0.97321675
0 0.16956940468749998 0.9695002562499999 0.16195581406249998 0.977582596875 0.19084614687499998 0.9788196484375 0.18899858125 0.9716420343750001 0.16956940468749998 0.9695002562499999
0 0.34017368124999997 0.4112912390625 0.3361843375 0.42354280156249996 0.3445936625 0.42648031093750005 0.34785815625 0.41339490625 0.34017368124999997 0.4112912390625
0 0.0446651390625 0.44858094218750005 0.0378853921875 0.45593843281249996 0.0473084375 0.46677840625 0.050572931249999994 0.4536930015625 0.0446651390625 0.44858094218750005
0 0.06347845937499999 0.44833018124999996 0.057712432812500006 0.4635901359375 0.0675714578125 0.468195334375 0.07384434375 0.45688661249999996 0.06347845937499999 0.44833018124999996
0 0.1125937015625 0.4627288625 0.11578197187499999 0.4731328578125 0.122016746875 0.4735688359375 0.1265129515625 0.46526850625 0.1208231484375 0.457039059375 0.1125937015625 0.4627288625