0 0.544281025 0.6422570453125 0.5566643499999999 0.645816384375 0.5626478078125 0.631172534375 0.5454806953125 0.607902984375 0.51759095 0.60067524375 0.49922416875 0.6117597546875 0.49399421875 0.6272116453125001 0.511478596875 0.6637816187500001 0.5179577703125 0.7468708546875 0.5227514765625 0.7439113500000001 0.524407225 0.6517254765625 0.544281025 0.6422570453125
0 0.38318874687500004 0.5991087203125 0.3738194578125 0.5987815375000001 0.363314946875 0.6085771531249999 0.36082638125 0.635068940625 0.366889146875 0.685311134375 0.3776018625 0.691939040625 0.3873528640625 0.6813353859375 0.4020809984375 0.6177481546875 0.38318874687500004 0.5991087203125
0 0.516624328125 0.225412909375 0.5276196140625 0.2015633609375 0.542164321875 0.1880002015625 0.5408754250000001 0.1801379296875 0.5203670953125 0.1630055140625 0.460537490625 0.1749872890625 0.44625551718749995 0.20341242187500003 0.44560115156249996 0.222151 0.4576027625 0.2366411765625 0.47279191875000004 0.22700915312499997 0.5070369171875 0.2313319203125 0.516624328125 0.225412909375
0 0.6288228140625 0.1464679890625 0.6115367234375 0.14899125 0.6038925749999999 0.144033953125 0.6012850296875001 0.1963185515625 0.632297871875 0.2036553546875 0.6387076546875 0.19918883125 0.64324854375 0.158697640625 0.6288228140625 0.1464679890625
0 0.626502815625 0.0338184 0.6192304609375 0.040599979687499996 0.6172872 0.0514762859375 0.6263293062499999 0.0611727578125 0.64054683125 0.0569788875 0.6436253140625 0.0359797828125 0.626502815625 0.0338184
0 0.31439641093750004 0.1737925609375 0.3132314359375 0.2519245 0.37574789218750004 0.2525441703125 0.3777209078125 0.1736587234375 0.31439641093750004 0.1737925609375
0 0.833529346875 0.44051001718749994 0.8339705671875001 0.293560896875 0.827689678125 0.249564896875 0.818920225 0.232060684375 0.819574590625 0.21332210625 0.8101061578125 0.19344830625 0.780218621875 0.1986584203125 0.76481134375 0.2145366359375 0.763884325 0.24108295468750002 0.7447095046875 0.252920975 0.7526213296875001 0.38452726406250004 0.7471534234375 0.45156477500000003 0.771587915625 0.602509478125 0.7801491640625 0.60359016875 0.8101556796875 0.5725872453124999 0.833529346875 0.44051001718749994
0 0.7453985640624999 0.2779602765625 0.7388995546875 0.2402104671875 0.7259263125000001 0.23115844375 0.7102017703125 0.2337362359375 0.69479449375 0.2496144515625 0.6724767390624999 0.3066828375 0.6666469562499999 0.3393117578125 0.666572590625 0.3862127328125 0.685563984375 0.4243987859375 0.677538121875 0.4303723265625 0.691319403125 0.43867084062500006 0.6784453046875 0.44916543437499995 0.6924992390625 0.4496562078125 0.699052778125 0.48584446875 0.71121798125 0.4956500015625 0.7320634125 0.480743415625 0.7396183359374999 0.44348438124999995 0.7453985640624999 0.2779602765625
0 0.8549151734375 0.051957175 0.8312292171875001 0.0362772453125 0.7871786859375 0.04411968125 0.7686036984375 0.038780671875 0.7647072578125 0.0832029984375 0.748928184375 0.0873423390625 0.7494536546874999 0.117066284375 0.7635075875 0.1175570578125 0.762471509375 0.1472264734375 0.768608640625 0.1505676921875 0.763487753125 0.1628964859375 0.776679115625 0.1657023171875 0.7710773718749999 0.16941533125 0.774844915625 0.17345552656250002 0.7998842171875 0.1727664671875 0.8104878718749999 0.18251746875 0.8233619703124999 0.172022875 0.8329394625000001 0.1887735796875 0.8455954406249999 0.184525178125 0.8548209734375 0.144197578125 0.8549151734375 0.051957175
0 0.6610105484375 0.0530031390625 0.6606486703125001 0.0185945484375 0.663345440625 0.00852628125 0.6741672171875 0.012031090625000001 0.6759468875 0.005839428125 0.639223240625 0.0053387375 0.6389852828125 0.056924356249999995 0.623493721875 0.1423732625 0.64470103125 0.1618752671875 0.649658328125 0.1542311171875 0.6523848515624999 0.076153709375 0.6610105484375 0.0530031390625
0 0.7594672921875001 0.8600558640625 0.774012 0.8464927046874999 0.7784983578125 0.8075630609375001 0.769367025 0.7556502593750001 0.77358073125 0.72452835625 0.7493593875 0.7017941953125 0.7448780046875 0.6062671046875 0.73669846875 0.594255575 0.7258766921875 0.590750765625 0.710414884375 0.6081905296875 0.714152675 0.6802398671875001 0.705472446875 0.7049519859375 0.699186584375 0.79541271875 0.7061218375 0.8206701421875 0.7026517234375 0.8752697968750001 0.709378771875 0.8841037 0.7319939546875001 0.8856751656249999 0.73899365625 0.8867013265624999 0.7559079515625 0.8724391890625001 0.7594672921875001 0.8600558640625
0 0.8296260500000001 1 0.8344216046874999 0.8626733265625001 0.8311398921875 0.7327921765625 0.8363896765625001 0.672000859375 0.83199751875 0.6186900984375 0.8252704703125 0.609856196875 0.8173784453125 0.679154234375 0.82082375 0.8043507390625001 0.8079496515625 0.8148453328124999 0.8030270500000001 0.8662673609375 0.8133035203125001 0.885387653125 0.8193113921874999 1 0.8296260500000001 1
0 0.9113317734375 1 0.9092817156249999 0.9575311921875 0.9248625015625 0.9142986171875 0.9163657328125 0.642742909375 0.910654928125 0.6495790203125 0.9071302828125001 0.7057402234375 0.9054001671874999 0.8448270718750001 0.8968389171875 0.8437463796875001 0.8934530875 0.8287753453125 0.8669166859375 0.8051786140624999 0.8560949093750001 0.8016738046875 0.848768025 0.8100169328125 0.8514895734374999 0.8663962578125 0.873931246875 0.89532208125 0.8810300921875 0.9158948609375 0.88351361875 1 0.9113317734375 1
0 0.8472808765625001 0.5168176718749999 0.8427499046875001 0.5346391500000001 0.8490853234375001 0.577073603125 0.8578547765625 0.594577815625 0.8635209703125 0.566633540625 0.8556240031250001 0.52414455625 0.8472808765625001 0.5168176718749999
0 0.6400807359375 0.8762116750000001 0.6300669984375 0.87195335625 0.5987815046875 0.8724242953125 0.590854784375 0.8979444531249999 0.604398109375 0.9578285875000001 0.6133311546875 0.97064815625 0.628039453125 0.952400353125 0.6418405703125 0.9153594406250001 0.6400807359375 0.8762116750000001
0 0.7170774515625 0.8874994484375 0.70402984375 0.9253484000000001 0.708114653125 0.9426890203125 0.7215687515625 0.9603568250000001 0.7279240062500001 0.95745185 0.7385474953125 0.921863425 0.7170774515625 0.8874994484375
0 0.529280859375 1 0.5344903203125 0.9897833078125 0.54321021875 0.874392334375 0.5527430984375 0.8700348734375 0.562766753125 0.851623478125 0.5542897875 0.780972096875 0.5422881765625001 0.7664819203125 0.5427987859375001 0.707088559375 0.535209165625 0.7005697140625 0.537796875 0.6936245421875 0.5415644203125 0.6976647390624999 0.5422187859375 0.6789261609375 0.5378514062499999 0.6920629953125 0.5284821171874999 0.6917358124999999 0.523326534375 0.6602867265625 0.5130401453125 0.6638361484375 0.5110572125 0.7653913109375 0.502813228125 0.77761104375 0.5075622875 0.9997871265624999 0.51051676875 1 0.529280859375 1
0 0.5134813312500001 0.763130784375 0.5285068953125001 0.7581834046875 0.525696121875 0.6595877484375 0.5472950609375 0.6454892015625 0.5550482718749999 0.6473234031249999 0.5608136078125 0.63892574375 0.5554399015625 0.6137228515625 0.563703721875 0.556163690625 0.5566792421875 0.48868993749999995 0.54226343125 0.4537905734375 0.5232621187500001 0.438274234375 0.497033065625 0.450647640625 0.486409575 0.4862360671875 0.48798598281250005 0.575407903125 0.4794495109375 0.6407748046874999 0.4830038765625 0.7628482140624999 0.5072351375 0.7629126625 0.5077804421875001 0.7472971796875 0.5134813312500001 0.763130784375
0 0.46314496875 0.6151901984375 0.47204331875000005 0.5842318875 0.47594967656250003 0.5171398468749999 0.463571328125 0.37912377343750003 0.450707146875 0.366948653125 0.44176418437500004 0.37679879843749997 0.432865834375 0.407757109375 0.4322659984375 0.4249341390625 0.44092639218749996 0.4455614484375 0.43843285 0.6065099703125 0.42238112499999997 0.6184570515625001 0.420328803125 0.6324564546875 0.438413015625 0.6518493984375 0.43804616249999995 0.7518975421875 0.4470337375 0.7631555609375 0.4405148921875 0.7707451796875 0.45133666874999995 0.774249990625 0.46770565937499997 0.7756033343750001 0.4718003859375 0.7702742421875 0.46314496875 0.6151901984375
0 0.3591458875 0.41456346718750003 0.353445 0.39872986250000003 0.35379201718750003 0.34402114687499996 0.345295215625 0.31870919375 0.34575129531250004 0.26087738125 0.313821353125 0.257417184375 0.30349529375 0.35164546093750004 0.30349031875 0.48610219531250004 0.32651199218750004 0.543190415625 0.33351169375 0.544216578125 0.3523147203125 0.52063968125 0.3591458875 0.41456346718750003
0 0.641339978125 0.213351825 0.63622900625 0.20301090624999998 0.62540723125 0.199506096875 0.6034910265625 0.20030421875 0.5974530375 0.2165096171875 0.5912217046875 0.3054088015625 0.596302921875 0.3837588625 0.60233099375 0.3902231765625 0.6283964546874999 0.3825344140625 0.6406261062499999 0.3681086859375 0.641339978125 0.213351825
0 1 0.14171546875000002 0.9948249203125 0.1420510875 0.9790359296875 0.1688601421875 0.9780841015625 0.37520262187500003 0.9664988984375 0.3935594859375 0.971391746875 0.4101465984375 0.9587903015625001 0.4128334515625 0.953897453125 0.3962463390625 0.9446719203124999 0.4365739390625 0.9519888859375 0.45090052500000005 0.9408944578125 0.45520345625 0.9373896484375001 0.46602523281249997 0.9400913609374999 0.5677439843750001 0.9472447359375 0.586755215625 0.9702961625000001 0.5758342953125 0.9792837390625 0.587092315625 0.997214278125 0.588500190625 1 0.49464081093749995 1 0.14171546875000002
0 0.915121515625 0.1635012953125 0.9214767703125 0.160596321875 0.923856275 0.1372276296875 0.9218138703125 0.12855731875 0.9183635906250001 0.137817546875 0.9161575953125001 0.13383188125 0.907680628125 0.0631805 0.902515128125 0.054401128124999996 0.8854471593750001 0.050678196875000005 0.8815308828124999 0.1404399515625 0.8850703875000001 0.1733960546875 0.893948903125 0.18777717031250002 0.90412623125 0.1873508453125 0.9131237249999999 0.1759391515625 0.915121515625 0.1635012953125
0 0.3101975984375 0.047788015625 0.274663703125 0.035602978125000004 0.25090338125 0.066824025 0.24868746718749998 0.08550807187500001 0.2823871609375 0.10544632031250001 0.3117393109375 0.0931819734375 0.3210639875 0.0724009921875 0.3101975984375 0.047788015625
0 0.2467391640625 0.7233286203125 0.24510822499999999 0.63571833125 0.2535158015625 0.618813953125 0.23979896875 0.5862841765625 0.222993734375 0.59742321875 0.2175456625 0.6191213015625 0.2213578203125 0.6442696640625 0.215780853125 0.7144302703125 0.22044566250000003 0.7599332890625 0.2279262203125 0.7695752296875 0.2359520828125 0.7636016890625 0.23844064843749999 0.7371099015625 0.2467391640625 0.7233286203125
0 0.3091961484375 0.61372281875 0.30628125625 0.630037278125 0.31989894531249996 0.6430204374999999 0.325163590625 0.6713464265625 0.33507818437500003 0.656058128125 0.341126090625 0.617183015625 0.3091961484375 0.61372281875
0 0.1472066046875 0.529111671875 0.1373019296875 0.5217302578125 0.1199613078125 0.5258150671874999 0.1126344234375 0.5341581953125 0.1150486234375 0.5545673812499999 0.1267775828125 0.5768652999999999 0.1411586984375 0.567986784375 0.149784396875 0.5448362140625 0.1472066046875 0.529111671875
0 0.32399868125000003 0.25699085781250003 0.3101628703125 0.250253890625 0.314450940625 0.1722310125 0.3257634921875 0.1616818890625 0.3261997359375 0.1491895046875 0.3037580609375 0.1202636796875 0.30327720468749997 0.1116479 0.284528709375 0.1336632484375 0.274321628125 0.20209871562499998 0.27152073906249996 0.3270770984375 0.279526765625 0.3664429859375 0.3048387203125 0.357946184375 0.3139750265625 0.275402253125 0.32399868125000003 0.25699085781250003
0 0.5664104765625 0.030938203125 0.556723921875 0.0173105953125 0.5156328953125 0.029946735937500003 0.501623575 0.050564128124999996 0.5025852875 0.06779568750000001 0.5226127609375 0.076312325 0.5232472921875 0.102913175 0.5324529890624999 0.1079250015625 0.5520541375 0.106264309375 0.56433831875 0.0902770328125 0.5664104765625 0.030938203125
0 0.617505321875 0.04523009375 0.6259128984375 0.028325715624999998 0.6244157984375 0.004039923437500001 0.5845690546875 0.0034301703125 0.57526915625 0.0906587453125 0.5889413765625 0.1020803578125 0.6022418 0.10176309218749999 0.611293825 0.08878985 0.617505321875 0.04523009375
0 0.7412146125 0.2410730375 0.749022353125 0.2413456890625 0.7436932609375 0.23725096250000002 0.7625954296875 0.2332206828125 0.75204630625 0.22190813281250002 0.7631407343750001 0.2176052015625 0.75388050625 0.21415492343750003 0.76335885625 0.21135900937500002 0.7652475875 0.20204425 0.76693803125 0.1536362578125 0.7610735515625 0.14248729843750002 0.7658672578125 0.13952779375 0.756661559375 0.13451596562499998 0.7645783625 0.131665521875 0.7584957609375 0.12676275625 0.76830129375 0.114597553125 0.7691192499999999 0.09117433124999999 0.757826534375 0.056384028125 0.761222284375 0.048685346875 0.75417796875 0.0265510203125 0.7590807359375 0.0204684203125 0.75138205625 0.0170726703125 0.7592988578125001 0.0142222265625 0.7570928609375 0.0102365609375 0.6587698578125 0.00523959375 0.6546206 0.012130234375 0.6496930234375 0.198008996875 0.660822146875 0.23748394374999998 0.6805224375 0.25536987031249997 0.7180095109375 0.2340088875 0.7368026203125 0.2331017046875 0.7412146125 0.2410730375
0 0.9030702843749999 0.508603440625 0.9156717296875 0.5059165890624999 0.9129848781250001 0.49331514218750006 0.920956209375 0.48890314999999995 0.925174890625 0.32332451406249996 0.9224533421875 0.2669451890625 0.912613115625 0.2353325125 0.9173175953125 0.1901566765625 0.8900177671874999 0.18842161875000002 0.8809756609375 0.17872514687500002 0.8729398796875 0.2073684015625 0.8678834406249999 0.1954659328125 0.862227165625 0.2007404953125 0.8600112515625 0.2194245421875 0.8560652234375 0.3771954375 0.8569724046875 0.395988546875 0.86160251875 0.3977136859375 0.8564271 0.411604028125 0.8626187625 0.4133836984375 0.86180080625 0.43680692031249996 0.8553910218749999 0.44127344375 0.86465125 0.444723721875 0.8549002484375 0.4553273765625 0.8641604765625001 0.45877765625 0.8662474937500001 0.48855613125 0.8611811359375 0.499323378125 0.8658112499999999 0.5010485171875 0.8678982671875 0.5308269937500001 0.8829139140625 0.548549328125 0.8968141734374999 0.5310550328125 0.9005817171875 0.5350952296875 0.9030702843749999 0.508603440625
0 0.162866165625 0 0.16123579375 0.2169111 0.1749823796875 0.1814317359375 0.19161908125 0.06319031875 0.194491953125 0 0.162866165625 0
0 0.2344754984375 0 0.23243745468750002 0.0583619171875 0.23501524687500003 0.0740864609375 0.24411188281250001 0.082221384375 0.2674458796875 0.040823009375000004 0.2669283578125 0 0.2344754984375 0