0 0.510513384375 0.6112668578125 0.4912504140625 0.601825296875 0.46409673749999997 0.6114562859375 0.44902302499999996 0.6361334984375 0.4562600109375 0.6502001328125 0.4682859953125 0.645575059375 0.48890939843750003 0.6532753453125 0.498593375 0.7449661140625 0.5036267765625 0.747496559375 0.5028395921875 0.66415880625 0.5170701531249999 0.626204128125 0.510513384375 0.6112668578125
0 0.6078088171875 0.608765884375 0.6280229 0.67082750625 0.638660965625 0.6805409546875001 0.6487552562500001 0.6730045953125 0.6504160546875 0.6224251828125 0.645628046875 0.596251096875 0.6343097656250001 0.5874082859375 0.6250046453125 0.5885508109375001 0.6078088171875 0.608765884375
0 0.51098561875 0.17278467656250002 0.450339403125 0.1660629890625 0.4314023015625 0.1849176296875 0.43080355312499996 0.1928623171875 0.44647502031249997 0.2051062109375 0.459507090625 0.22790670156249998 0.46957389374999997 0.232967590625 0.5033118265625001 0.22567662500000002 0.5192826687500001 0.23394817343750002 0.5299757078125 0.2184671265625 0.5276906578125 0.1998568859375 0.51098561875 0.17278467656250002
0 0.342377425 0.2163135546875 0.37263280781249997 0.20630172343750003 0.3654782828125 0.154443346875 0.358295278125 0.1600480109375 0.34085505 0.1590409328125 0.3275501 0.17248133125 0.33560274843750004 0.212422678125 0.342377425 0.2163135546875
0 0.341183896875 0.052739754687499994 0.3333481625 0.0466178078125 0.316479196875 0.050263290625 0.3213761578125 0.0709141796875 0.3359051 0.0738529515625 0.34406769531250003 0.06340530625 0.341183896875 0.052739754687499994
0 0.5933712671875 0.164243225 0.6022120937500001 0.2426565296875 0.6644366484375 0.23659055 0.656466459375 0.1588574609375 0.5933712671875 0.164243225
0 0.22994536562499998 0.6276125859375 0.2383798484375 0.62578984375 0.24956566093750002 0.473289925 0.2382758578125 0.4069840734375 0.2346873328125 0.27518902343749996 0.2145537265625 0.265067246875 0.211316571875 0.2387027390625 0.194584046875 0.224227778125 0.1643561484375 0.22164235937500001 0.15665586250000002 0.24226576249999998 0.1589409125 0.26087600312500003 0.15173042187500002 0.279077915625 0.1493079390625 0.3234539140625 0.16255493906250001 0.4698053921875 0.1973509515625 0.599342878125 0.22994536562499998 0.6276125859375
0 0.23618321406249998 0.30019309843749997 0.25636782343750003 0.4645835546875 0.2671413375 0.5010423515625 0.2892066390625 0.5140754140625 0.3004709421875 0.503246928125 0.303845528125 0.4666251953125 0.317803209375 0.46491140781249995 0.30406343593749996 0.45557880156249997 0.3170690125 0.44611074687499996 0.30855306250000003 0.4408594375 0.32414405468749996 0.40116348593750006 0.31998228281249996 0.3544474640625 0.3113308859375 0.32245080625 0.2841242203125 0.267544703125 0.26739169375 0.253069740625 0.25150231875 0.25187224218750004 0.2393673796875 0.2620205125 0.23618321406249998 0.30019309843749997
0 0.19222050625 0.0639461046875 0.174181528125 0.070883715625 0.129615109375 0.0669103796875 0.10738587968749999 0.084595009375 0.115519003125 0.1764761984375 0.1282242125 0.21584628281249998 0.1412023015625 0.218975475 0.1492834296875 0.2014537796875 0.16302320312500002 0.21078638593750001 0.1727366515625 0.2001483203125 0.1977407265625 0.198652440625 0.20114180781250002 0.1942992546875 0.19523776875 0.19108859375 0.208134390625 0.1871437375 0.2019584640625 0.1753081734375 0.2077810359375 0.1714447828125 0.2041630390625 0.14197856874999998 0.21812072031250002 0.14026478125 0.21605357656250002 0.11060814687500001 0.19997378125 0.1078597953125 0.19222050625 0.0639461046875
0 0.31819397656250004 0.0193551765625 0.2816537125 0.023054640625 0.28396624843749996 0.0290676328125 0.29444138125 0.0246329796875 0.298005396875 0.0344278953125 0.30064380156250003 0.068737090625 0.31125438125 0.0910477875 0.3207754234375 0.1685904546875 0.32638008749999997 0.175773459375 0.345806984375 0.15449732656249998 0.3229270109375 0.070723759375 0.31819397656250004 0.0193551765625
0 0.2493673 0.8306654218749999 0.257229528125 0.869055915625 0.2729009953125 0.8812998078125001 0.27752606874999997 0.8933257921875001 0.295619028125 0.90605948125 0.30250265781249996 0.9044271609375001 0.3248948203125 0.90089063125 0.3308263453125 0.89150404375 0.3226107625 0.837414596875 0.327318296875 0.8116488390625 0.3131721796875 0.7220801859375 0.3023711796875 0.6982186359375 0.299815234375 0.6261176984375 0.2828922875 0.6100918828124999 0.27241715625 0.6145265359375001 0.26531561875 0.62720525 0.2691770234375 0.7227594093749999 0.2470292609375 0.7475180906250001 0.2539393859375 0.7781543156249999 0.2493673 0.8306654218749999
0 0.22457644999999998 1 0.22147744062500002 0.9112273375 0.2300483640625 0.8912841515625001 0.22066276875000002 0.8404868328124999 0.20692299687500001 0.831154225 0.1994435953125 0.7061338515625 0.18554188124999998 0.63778735 0.1796103546875 0.6471739375000001 0.17988125 0.7006646359375 0.1904093703125 0.760767075 0.19846003437499998 0.8904400078125001 0.2119123109375 1 0.22457644999999998 1
0 0.1597012921875 1 0.15666746874999998 0.947521215625 0.16194626406249998 0.9264080171875 0.1817814890625 0.89563634375 0.1795788984375 0.8392343609375 0.17155274375000001 0.8315615609375 0.1610776125 0.8359962140625001 0.1366987796875 0.8618159515625001 0.1346306453125 0.8770251109375 0.12619616250000001 0.878847853125 0.1123504125 0.7404410625 0.103944409375 0.6848007609375 0.09765952812499999 0.67848839375 0.1128627328125 0.9497512921875 0.132152196875 0.9914613984375 0.13248564375 1 0.1597012921875 1
0 0.1615733625 0.5643799609375 0.1555063890625 0.5470211984375 0.147833590625 0.555047353125 0.1436698328125 0.5980629203125 0.1517499671875 0.6254070171875 0.158960459375 0.60720510625 0.1615733625 0.5643799609375
0 0.3949001359375 0.9261410921875 0.41187706406249996 0.96183820625 0.42811979375 0.9787346593749999 0.4359015484375 0.9651853062500001 0.4441740890625 0.9043486703125 0.4340533046875 0.8796164843750001 0.4028458171875 0.8818740484375001 0.393241321875 0.8869889171875001 0.3949001359375 0.9261410921875
0 0.33381810624999997 0.9415121937500001 0.3175213953125 0.9049444421875 0.2991280703125 0.9410488921875 0.3128128703125 0.97557599375 0.319397125 0.9779160171875001 0.331260175 0.9591428421874999 0.33381810624999997 0.9415121937500001
0 0.5269594625 1 0.5360258078125 0.9985443828125 0.5213928734375 0.7767998390625 0.512115240625 0.765345115625 0.5012887390625 0.6643492265625001 0.4907321390625 0.661709828125 0.4883371421875 0.6934885796875 0.47903202343749995 0.6946311046875 0.4735363125 0.681924903125 0.47582136249999996 0.70053514375 0.47922244375 0.6961819578124999 0.4824056171875 0.7028751671875 0.475413034375 0.710030684375 0.4810981734375 0.7691535328125 0.470405134375 0.7846345796875001 0.46811809843749996 0.8557559265625001 0.47970826874999994 0.8732236421874999 0.48958465156250003 0.876733678125 0.5083283546875 0.9909255640625 0.5140024125 1 0.5269594625 1
0 0.49410374843750005 0.759685478125 0.509503328125 0.7633044671875 0.513802534375 0.74703425 0.5157067421875 0.762542784375 0.5398401796875001 0.7603666875 0.5327416203124999 0.6384480203125 0.51854053125 0.5740738624999999 0.512339103125 0.48510395937500006 0.49865430312500003 0.45057685625 0.47144664531249997 0.44053654687500005 0.4538699765625 0.4576499140625 0.4425507015625 0.493672896875 0.441433678125 0.5615021171875 0.45468266249999995 0.6181220078125 0.4515259828125 0.6436973453125 0.458001284375 0.651560565625 0.46556513125 0.6490576078125 0.48831064843750005 0.6612200328125 0.49410374843750005 0.759685478125
0 0.525452640625 0.5149785015624999 0.535191590625 0.581474775 0.5467542734374999 0.6115397375 0.5516482578125 0.7667880078125 0.5561918640625 0.7717399421875 0.5723806140625001 0.7689650968749999 0.5828557453125 0.76453044375 0.575700228125 0.7575378609375 0.5836724015625 0.7455393625 0.574587175 0.6459039062499999 0.5909123640625 0.625008615625 0.5876477234374999 0.61124135625 0.5706158234375 0.6007387375000001 0.5541041828125 0.44062 0.5609338312500001 0.4193163796875 0.558839203125 0.40225699375 0.54727651875 0.37219203125 0.5375090890625 0.3631587984375 0.5257549921875 0.376408775 0.525452640625 0.5149785015624999
0 0.6643276953125 0.242113746875 0.6328208328125 0.24834365468750003 0.63831555 0.30591565 0.6320571640625 0.331871828125 0.637171040625 0.3863421171875 0.6328718359375001 0.402612334375 0.648922159375 0.5076895203125 0.669708496875 0.5295379078125 0.6765921265625 0.5279055875 0.6945506296875 0.4690281328125 0.682826996875 0.33508348125 0.6643276953125 0.242113746875
0 0.3707825796875 0.21046448906249998 0.3488802125 0.2115795265625 0.33840508125 0.2160141796875 0.3342148296875 0.22676120000000002 0.3484139328125 0.3808669453125 0.36185433125 0.3941718953125 0.3884907265625 0.3995596453125 0.39393245625 0.3925945484375 0.39216568125 0.31409977499999997 0.3782099859375 0.226081975 0.3707825796875 0.21046448906249998
0 0 0.5260187140625 0.0123910734375 0.6314985 0.030130676562499997 0.6285332328125001 0.03810285 0.616534734375 0.0620183796875 0.6254050328125 0.067487596875 0.6058426875 0.0613136546875 0.5042755359375 0.05687900312500001 0.4938004046875 0.0454517671875 0.49048079062500005 0.0514922453125 0.47557100625000004 0.038787037499999996 0.436200921875 0.03535846875 0.45315135624999997 0.0225708 0.451573015625 0.02599936875 0.4346225828125 0.01285834375 0.4173452875 0 0.2777910765625 0 0.5260187140625
0 0.0803381796875 0.2233001828125 0.0879295125 0.2081999765625 0.088583234375 0.17506079375 0.07685860781250001 0.0859819359375 0.060180064062500004 0.09117827187500001 0.055799390625 0.1003744375 0.053512356250000004 0.17149578593749998 0.051662128125 0.17565855 0.047417896875 0.166734271875 0.04613893125 0.175549596875 0.050546096875 0.1986219765625 0.0571303515625 0.200962 0.060204571875 0.2131784046875 0.070162421875 0.22376249062500003 0.0803381796875 0.2233001828125
0 0.6823971375 0.0879815078125 0.7142308609375 0.0651820078125 0.7103949578125001 0.0467621890625 0.68400395625 0.017730796875 0.649667275 0.03296645 0.6409873984375001 0.058432834375 0.6520877734375 0.0783220390625 0.6823971375 0.0879815078125
0 0.8018264374999999 0.6888429671875 0.7901557921875 0.6194354078125001 0.7917616187500001 0.594050490625 0.7844431671875001 0.57290980625 0.76673105 0.563277825 0.7559015703124999 0.5968793171875 0.7657504671875001 0.6129865999999999 0.7717614734375 0.7004056515625 0.781229528125 0.7134112265625 0.7860175359375 0.7395853125 0.7945334859375001 0.744836621875 0.801145228125 0.7345793984375 0.8018264374999999 0.6888429671875
0 0.7043150812500001 0.612658746875 0.6999893828125 0.5966604171875 0.6684825187500001 0.602890325 0.6778956015625 0.6410903968749999 0.6891049296875 0.6554564046875 0.6918807671875 0.6267793609375001 0.7043150812500001 0.612658746875
0 0.8527906609375 0.5141422984374999 0.8634012406249999 0.5364529953125 0.8785014453125 0.5440443265625 0.8882423812500001 0.5208090125 0.888868615625 0.500267078125 0.8808424609375001 0.492594278125 0.8632118125 0.49003634687500003 0.8539881593749999 0.4982529234375 0.8527906609375 0.5141422984374999
0 0.7125386046875 0.30782184218749997 0.6988557906249999 0.183563153125 0.68272300625 0.116277709375 0.6621270906250001 0.095980175 0.6623989781249999 0.10460507968749999 0.6425637531249999 0.135376753125 0.6440871203125 0.1477835796875 0.6562760390625 0.1573066078125 0.6673479343750001 0.2346588546875 0.6541519375 0.24257605624999998 0.6657421078125 0.2600437703125 0.6820378265625 0.341477315625 0.7079940062500001 0.3477357015625 0.7125386046875 0.30782184218749997
0 0.45921168593750006 0.0524158703125 0.44345875156250003 0.033097928124999995 0.40142277656249997 0.0240911890625 0.39296080624999996 0.038511178125000003 0.4001967984375 0.09744360625000001 0.4138276171875 0.1122994109375 0.433498915625 0.1122454296875 0.4422327734375 0.10645034375 0.44054647343750003 0.0798954171875 0.4597554625 0.06966567812499999 0.45921168593750006 0.0524158703125
0 0.35329035625 0.100054525 0.3634386265625 0.11218946406250001 0.376716090625 0.1113463140625 0.389340825 0.09877655156250001 0.37247384375000003 0.012690446875 0.3328318734375 0.0167707515625 0.333457115625 0.0410946109375 0.3433060125 0.057201893749999996 0.35329035625 0.100054525
0 0.209958125 0.1507124265625 0.20432597343749997 0.1561266703125 0.21246108281249998 0.15827627187499999 0.203727225 0.16407135781249998 0.2087606265625 0.16660180156249998 0.203890159375 0.17821945781249998 0.2097932046875 0.2262959125 0.21248658437499998 0.2354106125 0.2221725453125 0.23736979374999997 0.2132482671875 0.241614025 0.224675503125 0.2449336390625 0.215152475 0.257122559375 0.234333978125 0.25949006875 0.22938204375 0.26403367499999997 0.23713631093749998 0.26308157187500003 0.24083676562499998 0.25475604218750003 0.259637428125 0.2540218453125 0.298843584375 0.272034328125 0.3169100484375 0.2524994703125 0.3245563546875 0.21220477031249999 0.3034471265625 0.0274627984375 0.2987130984375 0.020960010937500002 0.2011997578125 0.034507378125 0.1993495296875 0.0386701421875 0.20748463906249998 0.0408197453125 0.20011121406250001 0.04487355625 0.2055254578125 0.050505706250000004 0.2004370828125 0.0731697578125 0.20449089374999999 0.0805431828125 0.196273325 0.11618532343750002 0.19912963749999998 0.13944812499999998 0.209958125 0.1507124265625
0 0.134586590625 0.408695875 0.1169049375 0.2518692640625 0.113069034375 0.2334494453125 0.106974575 0.22868793125 0.10297474375 0.24098580468750003 0.09247311875 0.21315191093750002 0.08431052343749999 0.22359955625 0.0572658 0.22770734843749998 0.0658897109375 0.2723012546875 0.0588421546875 0.3046512671875 0.0610447453125 0.36105325 0.0796785015625 0.525634128125 0.08800403125 0.529334584375 0.086425690625 0.542122253125 0.099213359375 0.5437005921875 0.1040013671875 0.5698746781249999 0.10740244843749999 0.56552149375 0.12277454218749999 0.5817377296874999 0.136188446875 0.562774134375 0.13567215625 0.532927078125 0.140134296875 0.5308049625 0.13414879062500001 0.5205202515625 0.1336325 0.4906731953125 0.1425567796875 0.48642896406249997 0.1319187125 0.47671551562500003 0.14084299218750002 0.47247128437499997 0.134068315625 0.4685804078125 0.131212003125 0.44531760625 0.13722499531250001 0.44300507031249997 0.1308586484375 0.4296186515625 0.1353207875 0.4274965359375 0.134586590625 0.408695875
0 0.7640678859375 0 0.7691369640625 0.03797534375 0.7960157765625 0.15431683125 0.8128022828124999 0.1884630921875 0.7948855671875 0 0.7640678859375 0
0 0.68998268125 0 0.6916492703125 0.022301890625 0.7185025796875 0.06150903906250001 0.7268555953125 0.052612246875000004 0.72805309375 0.036722871875 0.7235440921875 0 0.68998268125 0