0 0.37930299375 0.195595915625 0.3825825234375 0.1787241984375 0.3662639875 0.16440998125 0.37175978125000003 0.16070302187500002 0.3643458609375 0.1497114328125 0.3808763421875 0.146557653125 0.368264765625 0.13773923125 0.3737174640625 0.1260651703125 0.36112743593749996 0.12123029999999999 0.359209309375 0.10653175 0.344851996875 0.114883184375 0.341400078125 0.099886496875 0.314089953125 0.09298620156250001 0.31617692656249996 0.082249653125 0.291636246875 0.077479428125 0.2864816890625 0.0876196984375 0.2653498296875 0.089879059375 0.2601090765625 0.0840851265625 0.23682560000000002 0.085130384375 0.23993628125000002 0.0936937625 0.233334125 0.11947009687500001 0.2603461125 0.127904184375 0.24982505000000002 0.16565271718750002 0.2333807640625 0.1847407 0.2125505859375 0.242769771875 0.188358225 0.3590398609375 0.18290906875 0.428017425 0.18623523749999998 0.47641631249999994 0.19545954062499998 0.48218869687500004 0.2004452515625 0.497483525 0.21917044843750003 0.5035109515625 0.229565759375 0.499164615625 0.251972828125 0.44940078437500003 0.26175031249999997 0.4441384828125 0.29395995468749997 0.45039940312500004 0.3068050234375 0.4457333796875 0.3273586109375 0.3932216515625 0.328680459375 0.41098778593749996 0.34612690625 0.4072161796875 0.3783725625 0.30683719531250003 0.3819071328125 0.280464584375 0.37227694843750003 0.2563082390625 0.3748309078125 0.21860280156249998 0.36924891875 0.206375559375 0.37930299375 0.195595915625
0 0.4637873609375 0 0.4480579890625 0.046602559375000005 0.43140530000000005 0.14046203906250002 0.433366521875 0.16312769062500002 0.40039883749999994 0.29997645624999997 0.40125369843750003 0.34471147968750004 0.40898730624999996 0.358152828125 0.42464491875 0.3635839765625 0.45395228281250005 0.28651001875 0.4822323953125 0.1328326328125 0.46563726875 0.124035759375 0.45879807812499995 0.105993034375 0.4682954296875 0.048944575000000004 0.465167425 0 0.4637873609375 0
0 0.49065525781249997 0.6135850671874999 0.5163383140625 0.489646015625 0.5155265499999999 0.45287809375 0.4991649171875 0.43059677656249995 0.4995026109375 0.3797265828125 0.48989397500000004 0.3595537875 0.4745775984375 0.36055594687500003 0.4560894359375 0.398347578125 0.4448463453125 0.47256589531250004 0.4200972625 0.5425671671875001 0.41481695468749996 0.5861096359375 0.4035703234375 0.60302445 0.40016504375000006 0.653298365625 0.3784439890625 0.7732323171875 0.35910450781250003 0.8235924265625 0.36440990625 0.8413370125 0.3782355859375 0.8480038140625 0.41372475781249995 0.8373930171874999 0.4287179046875 0.776637596875 0.437557875 0.768009571875 0.459009421875 0.7681999671875 0.464544771875 0.71515660625 0.47063684375000003 0.7083820609375 0.47140197031250003 0.6798793796875 0.477195903125 0.6746386265625001 0.4679069546875 0.6569155890625 0.4749365421875 0.65350676875 0.48124055937500004 0.629264228125 0.48614007499999995 0.628624853125 0.48332753281249996 0.61852768125 0.49065525781249997 0.6135850671874999
0 0.5656676328125 0.3750785671875 0.559916796875 0.3882864203125 0.5419422578125 0.46437976562500005 0.5204727046875 0.517509321875 0.5076958234375 0.5914295 0.509955184375 0.6125613578125 0.46088445 0.774931415625 0.46278102656250003 0.7856464140625 0.471067815625 0.788053075 0.48240064218749995 0.7870724640625 0.48022747343749994 0.7818748078125 0.4915172015625 0.7729270953125 0.51732955 0.6728893484375 0.53462515625 0.6412328875 0.5253793046874999 0.6314769515624999 0.533942684375 0.62836626875 0.530490765625 0.61336958125 0.5471039 0.5688465015624999 0.5704018421875 0.457177790625 0.584331725 0.42645884375 0.5872269218749999 0.395186715625 0.5766807703125 0.371648196875 0.5656676328125 0.3750785671875
0 0.8013043281250001 0.20281265781250002 0.810377790625 0.1807001875 0.807245559375 0.16815325781249998 0.802389140625 0.176759734375 0.7919507328125001 0.17313896875 0.78884005 0.1645755890625 0.7704776375 0.168965021875 0.7448521453125 0.19024772031249998 0.7366730984375 0.2077588125 0.7225923765625 0.2105929046875 0.6841433625 0.2405251765625 0.6845707937500001 0.26289268906249996 0.7013167609375001 0.299574415625 0.64692261875 0.49751983906249997 0.640790990625 0.5536307859375 0.6516568296874999 0.5796190640625001 0.659027653125 0.5826435515624999 0.6931087828125 0.5383324171874999 0.7206668671875 0.4211248140625 0.7304443515625 0.41586251250000006 0.729549934375 0.42046389062499995 0.74429158125 0.426512865625 0.7529842515625 0.4473034875 0.7609513531250001 0.447260390625 0.7710269765625 0.440464296875 0.7901114171875 0.39960508125 0.805230315625 0.3054474609375 0.7932150171875 0.2935614546875 0.79255409375 0.28467838749999996 0.7870367500000001 0.2844017984375 0.8013043281250001 0.20281265781250002
0 0.827712953125 0.099707325 0.8354430203125001 0.055845170312500005 0.818890990625 0.055015398437499995 0.80866806875 0.091230140625 0.7842135828125001 0.10239411875 0.7681105328125 0.127915409375 0.77341593125 0.1456599953125 0.7937395671874999 0.1639362140625 0.8023244953124999 0.16480908125 0.8396455984375001 0.15296263125 0.8410070015625 0.12139236406250001 0.827712953125 0.099707325
0 0.6076078203125 0.6506440453125 0.6087572781249999 0.6365417734375 0.5951866390625 0.620374078125 0.5698161890625 0.6321558828125 0.5636845609375001 0.688266828125 0.556356834375 0.6932094421875 0.562172315625 0.6919522406249999 0.56342951875 0.6977677234375 0.54975821875 0.7762892781249999 0.5524019140624999 0.811821546875 0.55794080625 0.8160816875 0.5760877328125 0.7718567484375 0.6076078203125 0.6506440453125
0 0.6656153437500001 0.6674906734375 0.6914778703125 0.69002703125 0.6994018750000001 0.6820168328125 0.7006806250000001 0.691815865625 0.7067726984375 0.6850413203125 0.7092655531250001 0.692688734375 0.6943586015625 0.7693783578125 0.694064003125 0.8282156531249999 0.6965784078125 0.83984661875 0.70394923125 0.84287110625 0.7275057578124999 0.779005003125 0.7354082125 0.767011253125 0.7464644484375 0.7715479843749999 0.7671688750000001 0.7469211109375 0.789830984375 0.6876563859375 0.7842705453125001 0.67941269375 0.7529553203125 0.6685503953125 0.74025755 0.643797771875 0.7325885875 0.6423070765625 0.7115429234375 0.6605006421875 0.67566941875 0.6567110281249999 0.6591389375000001 0.6598648078125 0.657030415625 0.6666178046875 0.6656153437500001 0.6674906734375
0 0 0.9116837015625 0.010559906249999999 0.9134249578125001 0.0313038890625 0.8394616828125001 0.047385390625 0.8099568421875001 0.052029865625000005 0.818818359375 0.061189523437500004 0.8126400921875 0.0802559578125 0.825100828125 0.06296389218750001 0.9140607921875 0.06332667656249999 0.9244776515625001 0.074979190625 0.9259467984375 0.1111006546875 0.8056285125 0.12963191406250002 0.775803984375 0.1361478765625 0.7340934484375 0.1225987859375 0.721909303125 0.1544170109375 0.5991628078125 0.16048399375 0.5311012093749999 0.154348825 0.529908653125 0.14124871249999998 0.5440755703125 0.11944146562499999 0.64807531875 0.104742915625 0.6499934453125 0.09722479375000001 0.6763876046874999 0.0953066671875 0.6616890546875001 0.0873611140625 0.665715703125 0.0892576921875 0.6764307015625 0.0818222234375 0.6614555625 0.0779033171875 0.6734277625 0.08902419843750001 0.689915146875 0.0804823671875 0.6970093796875 0.07583789375 0.6881478609375 0.0697889171875 0.7028895078125 0.0636537484375 0.7016969515625 0.062694684375 0.6943476765625001 0.0695949796875 0.6670375515625 0.078158359375 0.6639268687500001 0.0716173078125 0.6443503515625 0.0630323796875 0.6434774828125 0.061114253125 0.6287789328125 0.07384803906250001 0.5468916546875 0.0633665328125 0.5353037875 0.000326359375 0.7777291921875 0 0.7784279171875 0 0.9116837015625
0 0.25403086875 0.6599111453125001 0.2514302703125 0.632345978125 0.2721742546875 0.558382703125 0.2631618953125 0.5351423234375 0.24876148593749997 0.53552665625 0.23595951249999997 0.5481597812500001 0.21044530468749997 0.6466637359375 0.184755165625 0.65599578125 0.180965553125 0.6918692875 0.1594529015625 0.737031740625 0.15536515 0.7744390390625 0.164909140625 0.7826611812500001 0.17705373124999998 0.8184484921875 0.1639751671875 0.8365989609375 0.1561804546875 0.8685104625 0.161040415625 0.9172074890624999 0.1547363984375 0.9414500296874999 0.1746757 0.9453258375000001 0.19069255624999998 0.9038703437500001 0.21778719687499998 0.8709351312500001 0.2270726046875 0.831354665625 0.22336564375 0.825858871875 0.23039523125 0.8224500499999999 0.2361029703125 0.8012750953125 0.2274102984375 0.7804844734375 0.2341201984375 0.77462589375 0.2369758390625 0.7926901671875 0.248499059375 0.770258009375 0.256250675 0.7303794046875 0.2540344109375 0.7172146484375 0.2441922796875 0.710526296875 0.25403086875 0.6599111453125001
0 0.27134064062499996 0.8574686937499999 0.2765849359375 0.9205661296875001 0.28429699531249997 0.9300239265625001 0.31352170468749996 0.89431926875 0.32229702968749996 0.8737405921875 0.32459594687500004 0.84553605 0.3116646828125 0.8342678703124999 0.2944948265625 0.8325221328125 0.27134064062499996 0.8574686937499999
0 0.26499736875 0.591210171875 0.2732841578125 0.5936168328125 0.2678099109375 0.6013073437500001 0.262888846875 0.59796316875 0.26540325 0.6095941328125 0.25990745625 0.61330109375 0.2528383125 0.6660463156249999 0.25292450781250003 0.68198051875 0.25969905312499997 0.688072590625 0.2529676046875 0.6899476203125 0.2511787703125 0.699150375 0.2800226875 0.706348809375 0.2827059390625 0.6925446765625 0.3065856953125 0.688431834375 0.3169594578125 0.6801019484374999 0.3354045234375 0.634343215625 0.3415361515625 0.57823226875 0.3317155703125 0.57552746875 0.3221069328125 0.5553546734375 0.320720440625 0.5256378875000001 0.3014420625 0.530645146875 0.2933061125 0.556123340625 0.2722604484375 0.57431690625 0.27720306250000004 0.5816446328125 0.265273959375 0.585692828125 0.26499736875 0.591210171875
0 0.3737062375 0.633829590625 0.3831424859375 0.6221339796875001 0.3950931390625 0.622069334375 0.414730759375 0.5701754328125 0.43176778281250006 0.4907163625 0.4276980390625 0.4748037078125 0.4215844171875 0.477594703125 0.4171734359375 0.4552487390625 0.397532271875 0.44983913906249995 0.37793420625 0.45239664062499996 0.35448188125 0.47887699531249994 0.3214711 0.6077586593750001 0.3438170625 0.603347678125 0.3494421484375 0.623542021875 0.3737062375 0.633829590625
0 0 0.473800478125 0.0164763484375 0.477641040625 0.020438351562500002 0.4736359421875 0.050539471875 0.48664985781250003 0.0676877796875 0.4844120453125 0.07629425625 0.4892684640625 0.08662492031249999 0.47297147656250005 0.0924619515625 0.475697825 0.10034285937500001 0.459720525 0.099362246875 0.44838769999999994 0.11572033906250001 0.4133655140625 0.11972189687499998 0.3600240140625 0.13684865625 0.35380265 0.1425994921875 0.34059479531250003 0.14340771562500002 0.320059215625 0.1307961390625 0.31124079375 0.1301136671875 0.2983741765625 0.1367589203125 0.2805649453125 0.151755609375 0.27711302656250003 0.1550351390625 0.260241309375 0.144212396875 0.2422201328125 0.1504733171875 0.210010490625 0.155627875 0.199870221875 0.1635949765625 0.199827125 0.1546472640625 0.18853739687499999 0.1683616609375 0.11798294218750001 0.1577508640625 0.0824937703125 0.14788718437499998 0.07182186874999999 0.1172544328125 0.0738261890625 0.105152940625 0.0460059796875 0.08640619375 0.035995003125 0.0805907125 0.0372522046875 0 0.45185547656249997 0 0.473800478125
0 0.2438840859375 0 0.23303244531249998 0.0637003859375 0.23478172343749998 0.1038340328125 0.240320615625 0.10809417343750001 0.2501196484375 0.10681542343749999 0.2531225875 0.0954610484375 0.26997275625 0.094757028125 0.2735719734375 0.08033506875 0.2791539625 0.0925623109375 0.2834356515625 0.0910069703125 0.290357496875 0.0676803953125 0.2925737609375 0.080845153125 0.3005193140625 0.0768185046875 0.29740863125 0.068255125 0.3092299921875 0.044289175 0.31513166875 0.05896617656249999 0.31119121562499996 0.0669548265625 0.360272575 0.076495275 0.372201678125 0.0724470796875 0.386986421875 0.08646315624999999 0.392184078125 0.0842899890625 0.3943572453125 0.08948764375 0.40015117968749997 0.084246890625 0.4020262078125 0.0909783390625 0.41727793750000003 0.0780255265625 0.42569401874999996 0.10433349218750002 0.43400235625 0.1107237046875 0.4292536796875 0.139247934375 0.45732893125 0.1176455484375 0.482210846875 0.12884908125 0.491499796875 0.14657211875 0.5007025515625 0.148360953125 0.509754465625 0.12226493281249999 0.5192338109375 0.1185364234375 0.52632804375 0.1270782546875 0.524858896875 0.1387307671875 0.5355523468750001 0.1328506390625 0.553789009375 0.1618634046875 0.6139481515625 0.1799241375 0.6372711859375 0.1295424796875 0.6328817531250001 0.1111800671875 0.6125581171875 0.0929038484375 0.6222709562500001 0.07569089531249999 0.6314521625 0.073496178125 0.6336253296875001 0.07869383437500001 0.6385032984375 0.0740709078125 0.641908578125 0.023796992187499998 0.63451620625 0.0167889546875 0.6136824859375001 0.0175145234375 0.61150931875 0.01231686875 0.5481445234375 0 0.539859203125 0 0.532093346875 0.003246946875 0.531921121875 0 0.2438840859375 0
0 0.8797361468749999 0.14324625156249998 0.8863814 0.12543702031249998 0.8974160875000001 0.12599020156250001 0.8869452046875 0.286312840625 0.89525354375 0.292703053125 0.9418925265625001 0.07733273125 0.8615174921875 0.060913534375 0.8581733171874999 0.0658346 0.8664601062499999 0.0682412609375 0.86741916875 0.07559053593750001 0.8573004484375 0.074419528125 0.8551919265624999 0.0811725234375 0.860112990625 0.0845167 0.8643731328125 0.0789778078125 0.8647574656250001 0.09337821874999999 0.8693157453125 0.086305534375 0.8745349499999999 0.0881159171875 0.8760507359374999 0.1417340078125 0.8797361468749999 0.14324625156249998
0 0.8327305359375 0.630733675 0.8377593437499999 0.6539956046875 0.8478996125 0.6591501625 0.866772109375 0.6357589421875 0.8712872921875 0.6207191562500001 0.8620198921875 0.6069796703125 0.84698010625 0.6024644859375 0.8372026218749999 0.6077267875000001 0.8327305359375 0.630733675
0 0.52194569375 0.223322846875 0.5293811625 0.23829798750000003 0.5925863421875001 0.252971446875 0.61557168125 0.25345998125 0.6238153718749999 0.24789954062500003 0.628391659375 0.1875069046875 0.5707038234375 0.17311003593750002 0.5302504906250001 0.17240955625 0.52194569375 0.223322846875
0 0.1392012953125 0.505475715625 0.15449612343750002 0.5004900046875 0.164930990625 0.44680726875000004 0.15838993750000002 0.4272307515625 0.1388134203125 0.43377180312499997 0.12705670625 0.46968840468749995 0.127527234375 0.50002301875 0.1392012953125 0.505475715625