0 0.2071812390625 0.11816135312500001 0.2134755921875 0.1064403 0.203463825 0.08939948125 0.1855333953125 0.0764379359375 0.158214903125 0.0982187328125 0.1468666890625 0.09743605625 0.12524080312500002 0.10842240781250001 0.11509608281249999 0.10578651406249999 0.096021115625 0.125016390625 0.1095104109375 0.15090248281250002 0.120629715625 0.15812344375 0.12420319843750001 0.17493535625 0.1510268765625 0.18840269375000002 0.1949283734375 0.1694866984375 0.18888894843749998 0.1260430171875 0.2071812390625 0.11816135312500001
0 0.6431793453125 0.13650689375 0.6366930843749999 0.132294665625 0.572827009375 0.1474672265625 0.553379203125 0.161185428125 0.5307787312500001 0.1675867140625 0.52115078125 0.1824124546875 0.505867225 0.185661075 0.49225595625 0.20053479375 0.495467578125 0.23818991562499997 0.516236790625 0.2832949046875 0.52522599375 0.2917673375 0.5442639625 0.294909025 0.6685185828125 0.25571863281249996 0.6675809953125 0.228762 0.6431793453125 0.13650689375
0 0.6064069187500001 0.034900721875 0.588439490625 0.0443107421875 0.5920129734375 0.0611226546875 0.6012790609375 0.067140121875 0.612904159375 0.065467834375 0.61558803125 0.0593064359375 0.6064069187500001 0.034900721875
0 0.687637465625 0.34190829375 0.67948989375 0.352425853125 0.6908381078125 0.35320853125 0.692883234375 0.3703453046875 0.7006579656249999 0.3543160703125 0.69838393125 0.3436175796875 0.687637465625 0.34190829375
0 0.692292465625 0.39762679843750004 0.6832552859375001 0.3851710453125 0.6776366765625 0.351222359375 0.66406240625 0.3437245140625 0.6472504953125 0.3472979953125 0.6524962640624999 0.37573500625 0.6713163046874999 0.4116698625 0.68136506875 0.4063391171875 0.68242463125 0.3925359390625 0.692292465625 0.39762679843750004
0 0.6807852796875 0.45997549531250004 0.7009307875 0.45329732500000003 0.695961903125 0.42240535 0.6707145578125 0.41259647031249996 0.6321808046874999 0.419189665625 0.6282934390625 0.42720428281249995 0.6380393 0.47305495156250005 0.6526361328125 0.4891211859375 0.655006121875 0.507786315625 0.6651028640625001 0.5064388890625 0.6744539281249999 0.49406811250000005 0.6807852796875 0.45997549531250004
0 0.5781715859375 0.4130982 0.563164915625 0.41389185624999997 0.5579671234375 0.389438165625 0.54722065625 0.38772887968749997 0.5479773140625 0.4251071171875 0.5381204562499999 0.44637114218749996 0.5526213359375001 0.4544707359375 0.560550978125 0.4767463453125 0.5688424796875 0.478178746875 0.58403008125 0.4669634859375 0.585957296875 0.42342385 0.5781715859375 0.4130982
0 0.3121677734375 0.4129311015625 0.2992432265625 0.408489965625 0.2695547453125 0.41160563281250007 0.269048953125 0.4204988828125 0.29411536875 0.44072936562500004 0.3084723171875 0.4368789984375 0.31541639374999997 0.4282146578125 0.3121677734375 0.4129311015625
0 0.4809943625 0.7412547390625 0.4640275390625 0.7065233765625 0.43127136874999994 0.6839338828125 0.4160947453125 0.721504028125 0.4192104125 0.751192509375 0.46898138281249996 0.8124966859375 0.47722490781250004 0.8099457671874999 0.4840730296875 0.7933147843749999 0.4809943625 0.7412547390625
0 0.389425978125 0.7463415359375001 0.38108649843750003 0.7409258140625 0.3731678359375 0.7450050890625 0.3704949421875 0.7775213734374999 0.3861993140625 0.7837677484375 0.39471972499999997 0.778761865625 0.3958272640625 0.7689420078125 0.389425978125 0.7463415359375001
0 0.39676485 0.7958986390625 0.397281621875 0.813360275 0.4127570875 0.8260449359375001 0.440171534375 0.8122307796875001 0.4301117890625 0.7912066390625 0.39676485 0.7958986390625
0 0.38802651250000003 0.8336976921874999 0.3761245296875 0.8378249437499999 0.35821605624999997 0.87757316875 0.3623433078125 0.8894751515625 0.393752053125 0.901967903125 0.43098635781250005 0.8892612859375 0.41480221406249995 0.843181709375 0.38802651250000003 0.8336976921874999
0 0.7866504453125 0.7513636703125 0.7937754531250001 0.732277725 0.788023890625 0.7127339640625 0.752295984375 0.6724059484375 0.7427530124999999 0.6688434453125 0.7258561234375 0.690805171875 0.720584334375 0.7110946125 0.7273104828125 0.7352234390625 0.71522756875 0.749772296875 0.69874051875 0.754874134375 0.6885588015625 0.7746098046875 0.6830471250000001 0.77498264375 0.6976069593750001 0.8134204421875 0.72285430625 0.8232293203125 0.7378609765624999 0.822435665625 0.7860706562499999 0.8050000484375 0.7933765937499999 0.7754924984375 0.7866504453125 0.7513636703125
0 1 0.475599584375 0.9922299234375 0.4672566234375 0.9647195234374999 0.47310413906250004 0.9519868859375 0.48459628437499996 0.9593627578125 0.5117818234375 1 0.5415670515625 1 0.475599584375
0 0.8497639265625001 0.5973766546875 0.822944309375 0.482473096875 0.74249523125 0.49478085624999996 0.7282342390625 0.5065978624999999 0.732638375 0.51604488125 0.736525740625 0.5080302640625 0.7331071687499999 0.5295231968749999 0.7374153515625 0.531003575 0.7397743609375 0.5233138203125 0.766966815625 0.6437290531250001 0.780168246875 0.6457152234375 0.8284738796875001 0.6362462468750001 0.8457915843749999 0.6237795171875 0.8497639265625001 0.5973766546875
0 0.7917315359375 0.3844774078125 0.7730074515625 0.356509190625 0.7639113140625 0.3137152328125 0.718086665625 0.27473464375 0.7145241625 0.2842776171875 0.7197219546875 0.3087313078125 0.7061586625 0.32758834531250003 0.7053759859375 0.338936559375 0.7362748765625 0.461758778125 0.7344806140625 0.490893490625 0.7519902265625 0.4943600390625 0.7804272375 0.48911427031250004 0.8134013375 0.47891059374999995 0.8055676500000001 0.4646016234375 0.7917315359375 0.3844774078125
0 0.5771051093749999 0.2991102734375 0.56297706875 0.29652235625 0.5061030484375 0.3070138953125 0.5230438515625 0.3904717078125 0.5344400421875 0.3952377046875 0.568617634375 0.38318081249999997 0.5803386875000001 0.3894751640625 0.5870058796875 0.3832657875 0.5900995890625 0.3602444984375 0.5771051093749999 0.2991102734375
0 0.6823713812500001 0.8206523812500001 0.707703703125 0.812073015625 0.7139130796875001 0.8187402078125 0.7239618453125 0.8134094624999999 0.7378129999999999 0.8184523453124999 0.7395702625 0.8116891984375 0.77958439375 0.800787821875 0.7753611874999999 0.7809191984375 0.7621597578125 0.778933028125 0.7705842125 0.7659605046875 0.7567330578125 0.760917621875 0.7688639484374999 0.7503520859374999 0.758719228125 0.747716190625 0.7595019046875 0.736367978125 0.7487074609375 0.730675371875 0.7608383515625 0.7201098359375 0.7439304859375 0.7157166765625 0.7567111 0.7082078515625 0.7437385765625 0.699783396875 0.756844053125 0.693802928125 0.725812209375 0.5853856328125 0.7186762234375 0.57811669375 0.6868096640625 0.5785005109375 0.681165034375 0.5932782750000001 0.6821506 0.6242182265625 0.6727515578125 0.632605684375 0.6583466328124999 0.63247273125 0.6307992328124999 0.6606918125 0.623434340625 0.6598611578125 0.6187053421875001 0.6488857828125 0.5828074828124999 0.6453342578125 0.5789680953125 0.6573321953125 0.5707245703125 0.6598831140625 0.570037846875 0.6791979687499999 0.55823181875 0.6912918593749999 0.5607827375000001 0.6995353843750001 0.5542484984375 0.6913398374999999 0.5543924312499999 0.703289796875 0.5459199984375 0.7122790015625 0.5412389765625 0.705286946875 0.52141833125 0.7134934734375 0.5255455828125 0.72539545625 0.5456061140624999 0.7371055296875 0.5444505984375 0.74294206875 0.5282404328125 0.745588940625 0.53529144375 0.771246125 0.5485408515625 0.7772156156250001 0.549323528125 0.765867403125 0.555160065625 0.7670229187500001 0.5594792265625 0.7948581828125 0.5740760609375 0.810924415625 0.5955689937499999 0.8143429875000001 0.59381173125 0.821106134375 0.61674804375 0.8425880890625 0.6249435906249999 0.8360538500000001 0.6344865640624999 0.839616353125 0.6716728921875 0.822926415625 0.6719387984375 0.7941165671875 0.6823713812500001 0.8206523812500001