0 0.6486303421875 1 0.655521553125 0.967705278125 0.6513568484375 0.9598312109375 0.6438451734374999 0.9664397203125 0.64221534375 0.9621858265625001 0.6476418500000001 0.9314105843749999 0.6690005046875 0.9137575359375001 0.6822156453125 0.9152944203125 0.677060465625 0.9445309 0.6847542765625 0.9458875265625 0.6873745828125 0.913030871875 0.6756071359375 0.9077827453125 0.68266535 0.8947478625 0.6802196656249999 0.8816237890625 0.689541428125 0.87374784375 0.6799464625 0.8696760859375001 0.6760549625000001 0.8737497218750001 0.671890259375 0.865875653125 0.675148040625 0.8608969734375 0.6848340734375 0.8689513 0.6822081328125 0.86134855625 0.6935221171875 0.860170309375 0.6804872343749999 0.8531120953125001 0.7167838078125001 0.8587188578125 0.7086384140625 0.8644223249999999 0.7191384234375 0.8678603640624999 0.7139794859374999 0.8701239125000001 0.7211306468750001 0.8745580625 0.7205898734375 0.891122053125 0.74394263125 0.8936531703125 0.7548012765625 0.8725620828125 0.7658439375 0.8729225968750001 0.7605028640625 0.8672210093749999 0.7713633890625 0.8596163890625 0.779235578125 0.8419652187500001 0.7760669859375 0.8374400015625 0.7883770828125 0.8396106031249999 0.7922704625 0.8490234328125 0.78774524375 0.8521920250000001 0.8272104078125 0.86232400625 0.856169928125 0.8285585515625 0.8474724921875 0.7699072124999999 0.8638411984375001 0.6680775875 0.8659188546875001 0.63829845625 0.859488725 0.6117789859375 0.870798953125 0.58362780625 0.8855509781249999 0.57194955 0.9008418953125 0.5302208375 0.9065397265625 0.4979068328125 0.8981211296874999 0.4916625953125 0.89821031875 0.482158696875 0.9092492234374999 0.4555462796875 0.894584509375 0.4442341734375 0.8750340624999999 0.4471333171875 0.8660690593749999 0.41699367187499997 0.8371039046875 0.41029972968750006 0.83112535625 0.3767201671875 0.8484084984375 0.34168915312500003 0.868862109375 0.3246698234375 0.8818894796875 0.2777821734375 0.89673069375 0.25660001875 0.894647403125 0.245919753125 0.8863217515624999 0.2571445484375 0.8715678499999999 0.2553363390625 0.8598041593750001 0.27706114375 0.8420656781250001 0.29217931875 0.8164493734375 0.28448926406249997 0.8064882578124999 0.2510007703125 0.7846742625 0.24874097812499998 0.7854938734375 0.2845840890625 0.771648771875 0.30911509375 0.7432281453125 0.3128300921875 0.7281137281250001 0.32206454375 0.717074825 0.3486769609375 0.725493421875 0.3549211984375 0.7117356296875 0.3564618390625 0.7053984453125001 0.3474114015625 0.69444873125 0.36451992187500004 0.6864835968749999 0.36470205624999996 0.6832239359375001 0.3561942703125 0.6772510234375 0.3630741046875 0.6642123843750001 0.329042959375 0.63506509375 0.31438388125 0.614247209375 0.3154729390625 0.5921581328125 0.28777897812500003 0.5767705125 0.285065725 0.55776459375 0.2983738109375 0.556322534375 0.3425444515625 0.549173253125 0.3515967671875 0.53478174375 0.35223236406249997 0.5183107 0.369160625 0.5121594078125 0.39504825625 0.5043764078125 0.40319552812500004 0.5061883734375 0.41541455625 0.50817871875 0.40862579062500004 0.5179539421875 0.4071762171875 0.52012454375 0.3948661203125 0.5334288734375 0.38689910625 0.533339684375 0.3964030046875 0.5598629109375 0.41694580625000005 0.560316371875 0.42337217968749996 0.56493078125 0.4106996890625 0.5761536984375 0.40553887343749995 0.578417246875 0.4106978109375 0.591901834375 0.3972094671875 0.5957041453125 0.40263972968750006 0.6012235968749999 0.3893335203125 0.60394060625 0.40091883125 0.6086460812500001 0.392228909375 0.611634415625 0.4022754578125 0.6160685671875 0.395124296875 0.6177894640625 0.40336075937500004 0.6424096593749999 0.4077019625 0.648562828125 0.3953007984375 0.6741772562499999 0.3895043859375 0.6850359015625 0.3684133 0.6985223671874999 0.368411421875 0.6996076687499999 0.3622563734375 0.710379003125 0.36415565 0.7108324640625 0.3705820234375 0.7211503390625 0.3660549265625 0.7231425609375 0.372752625 0.74314646875 0.3762798546875 0.7448673671875 0.384516315625 0.7571774640625 0.3866869171875 0.758805415625 0.3774543453125 0.7285728234375 0.36895031562499997 0.7292957312499999 0.3603514609375 0.7598907171875 0.371299296875 0.767131065625 0.3662295484375 0.7675845265625 0.3726559234375 0.7768170999999999 0.37428387500000004 0.7844198421875 0.3716579328125 0.774100090625 0.3626985640625 0.810123459375 0.3563576234375 0.8116641 0.3701154140625 0.7797181234375 0.40732078749999995 0.7785436328124999 0.42297973281249995 0.759175321875 0.4338440140625 0.75492330625 0.44896030937500003 0.7309405875 0.47249708124999995 0.70813048125 0.466888440625 0.70731275 0.44453179374999996 0.68115379375 0.43991926406250004 0.66613044375 0.45313628437500003 0.6559017593750001 0.4481594828125 0.6511962828125 0.4568494046875 0.6371652890624999 0.446442340625 0.6410586671875 0.455855171875 0.633455925 0.4584811125 0.6099210312500001 0.447984859375 0.5972504203125 0.4568569171875 0.5898279343749999 0.4539615296875 0.5833086140625 0.43694595625000004 0.577787284375 0.4367656984375 0.5791457890625 0.4425583546875 0.555339571875 0.4336008640625 0.5240254359375001 0.45822481406250004 0.5090912750000001 0.461937934375 0.49297886718750006 0.45433707031250004 0.49361070781249994 0.4417556484375 0.4876377953125 0.4486354828125 0.486188221875 0.438860259375 0.4741494515625 0.4351508953125 0.46554871875000003 0.420941521875 0.45215519843749996 0.438412434375 0.4438370609375 0.50358309375 0.46701331718750005 0.538608471875 0.49878467187500003 0.5473838265625 0.5111839578125 0.54005053125 0.5342653890625 0.5441204109375 0.55010835 0.566746503125 0.538703296875 0.5639421828125 0.5373466703124999 0.5716359921875 0.556083140625 0.573353134375 0.5513757859374999 0.568556590625 0.5556296796875 0.5669267609374999 0.5643214796875 0.5851187015625 0.5605229265625 0.606661371875 0.5518348828125 0.6154423625 0.5019626546875 0.6193413750000001 0.4839528484375 0.6359983109375 0.47997215937500004 0.6495758453125 0.4902937890625 0.6720216796875 0.48296425000000004 0.686595325 0.47418326093749996 0.67790728125 0.46223555625 0.6781804859375 0.4561734546875 0.6945642171874999 0.4625143953125 0.7305875859375 0.443417409375 0.7399131062500001 0.4390743265625 0.7510468328125001 0.4343669734375 0.7462502890625 0.433281671875 0.7524053375 0.44668082656249997 0.7753938234375 0.4360916265625 0.7814596828125 0.44858385937499995 0.7915954203125 0.44559928125 0.8085218031249999 0.4337407671875 0.799291109375 0.428855034375 0.8135023609375001 0.41563989375 0.8119654781250001 0.40586654843750003 0.8269015156249999 0.4111221890625 0.8690799328125 0.40288572812499995 0.8708008312500001 0.39709870625 0.9126187343750001 0.40452119218749993 0.915514121875 0.4027129828125 0.9302680249999999 0.41484094374999997 0.9244734906250001 0.41619944843749995 0.930266146875 0.40524785625000004 0.9338882 0.39411412968750004 0.9295451171875 0.39176139062500004 0.933890078125 0.3989125515625 0.938324228125 0.39013343906250003 0.94312265 0.38868762343749996 0.960320359375 0.398371778125 0.9548882187500001 0.4059764 0.9657487437500001 0.4142128609375 0.9640278453125 0.44227485 0.984841971875 0.5151393203125 0.9945167359375 0.529195965625 1 0.6486303421875 1
0 0.18166261875 0.807200865625 0.19424592031250001 0.821319171875 0.19452100156250002 0.8467533406250001 0.20339305937500002 0.8594239531250001 0.2018580546875 0.886125559375 0.21326310781250002 0.8889298796875 0.22494136406249998 0.9036819046875 0.2351644140625 0.8681993078125 0.2458428015625 0.8526295515625 0.2461103703125 0.8241178578125 0.262490346875 0.803207028125 0.2790468234375 0.7498019359375 0.2902734984375 0.771614053125 0.286110671875 0.77722645 0.29099828437499997 0.7765016640625 0.285843103125 0.8057381453125 0.2794167296875 0.80619160625 0.28349036562499996 0.8100831062499999 0.276703478125 0.8215792265624999 0.2857576703125 0.8422149750000001 0.309747903125 0.8726240671875001 0.3282130484375 0.8758799703125 0.339707290625 0.8691803921875 0.3493858109375 0.8232888546874999 0.385316234375 0.7994788796875001 0.406490875 0.7603742312499999 0.4073010953125 0.7287850125 0.4174330765625 0.6893198484374999 0.4119990578125 0.6661492265625 0.4309918265625 0.558435878125 0.43008490468750005 0.54558313125 0.4147864734375 0.53336598125 0.416046396875 0.4812302046875 0.4319691546875 0.42692006875 0.45287622812499995 0.41632711406249995 0.4630974 0.3673580515625 0.45739017656250003 0.3322397265625 0.42218078437499995 0.33396438125 0.39304100625 0.373251165625 0.3551146046875 0.363390509375 0.3332114203125 0.370634615625 0.331128128125 0.35995434843749996 0.3457872078125 0.3308070578125 0.3447873390625 0.3004852765625 0.3393551984375 0.290801121875 0.3180838546875 0.28546380625 0.287042921875 0.322035459375 0.2860505671875 0.3456595421875 0.2706667015625 0.369919221875 0.265145371875 0.3697389640625 0.2366318 0.3559849296875 0.2490273296875 0.3216787015625 0.248480921875 0.29778329375 0.24205267031250002 0.2847502890625 0.22802355468750002 0.2878296921875 0.20604245 0.38549649218750004 0.1854996484375 0.41201971875 0.16432125 0.42415143750000006 0.1561777359375 0.44334136874999996 0.1606156421875 0.463163140625 0.1548229875 0.4645216453125 0.14368738125 0.446692096875 0.1302919828125 0.45067654218750003 0.12486359843749999 0.46796531874999997 0.1339177921875 0.48860106718749996 0.11002426406250002 0.5026339390625 0.086307234375 0.48417255 0.0621461375 0.5267171171875 0.06450263125 0.5493450890625 0.07301229687500001 0.55957189375 0.08052209375 0.5394769187499999 0.093283771875 0.5345874296875001 0.10948537031250001 0.5326843953125 0.11772370937500001 0.5444499640625 0.1154639171875 0.5662639578124999 0.0962777421875 0.585093375 0.09437846562499999 0.595864709375 0.11701394843749999 0.6474540796875 0.10833154062499999 0.6966944671874999 0.135941946875 0.7245686859375 0.1414632765625 0.7247489421875 0.147887771875 0.710809015625 0.15078503906250001 0.7168729968750001 0.156666884375 0.7060105937500001 0.18228318906250002 0.7137006484375 0.17449831093749998 0.708361453125 0.190608840625 0.7024758515625 0.19902931562499998 0.72220655625 0.1961339265625 0.729629040625 0.1655426984375 0.7456541375 0.149250034375 0.743574603125 0.1575775625 0.7458362734375 0.15649226249999998 0.7519913218750001 0.143819771875 0.7473769140625001 0.1436395140625 0.75289824375 0.15504456718749998 0.7557025640624999 0.15051934843749998 0.75887115625 0.138480578125 0.7551617921875 0.1370310046875 0.74538656875 0.12806975781250002 0.7422198546875001 0.11449410156249999 0.75172563125 0.106623790625 0.7828632671875 0.10164511093749999 0.779605484375 0.10254827656250001 0.7654853 0.096664553125 0.7628612375 0.09883515625 0.7505511406250001 0.0916839953125 0.746116990625 0.0931298109375 0.7289192812499999 0.0828119375 0.733446378125 0.0458037265625 0.817357265625 0.038834703124999995 0.82088825 0.036392775 0.834737109375 0.046350134375000004 0.841252671875 0.03712131875 0.8665976531249999 0.0516949640625 0.8739271921875 0.0684392109375 0.8689466343750001 0.0758541828125 0.8178961593749999 0.080830984375 0.807667475 0.0881624015625 0.8065802953125001 0.10563331406250001 0.8199738156249999 0.103104075 0.8568130375 0.11613895781250001 0.8638712515625 0.1423871046875 0.8589798828124999 0.15714288437499999 0.8742745578125 0.1702669578125 0.8718288734374999 0.1786799203125 0.8376137140625 0.16700166249999998 0.822861690625 0.1722497890625 0.81109424375 0.18166261875 0.807200865625
0 0.51747981875 0.25239871875 0.5605670359375 0.27348229218750003 0.5603773875 0.21157129375 0.541728228125 0.1868637875 0.52914680625 0.1862319484375 0.5166583296875 0.2030691421875 0.49520485000000003 0.189766690625 0.47067948125000003 0.21638098437500003 0.46850887812500003 0.22869108124999998 0.48091567812499997 0.27530365 0.500105609375 0.2834471640625 0.509156046875 0.27710998125 0.51747981875 0.25239871875
0 0.3858766984375 0.2744117546875 0.40986129531250004 0.2643614484375 0.4500437328125 0.225435178125 0.451943009375 0.21466384375 0.4430709515625 0.20199323281249998 0.45293536406249996 0.1910397609375 0.45329587968749996 0.17999710156249998 0.44532886562499996 0.166692771875 0.4300323125 0.1679620859375 0.42858649687500006 0.1851597953125 0.4149197734375 0.190683003125 0.40451270937499995 0.20471399843750002 0.3830667421875 0.245357409375 0.3789968640625 0.2684388421875 0.3858766984375 0.2744117546875
0 0.518280646875 0.153377171875 0.522174025 0.1627900015625 0.5305015546875 0.165051671875 0.5522226031249999 0.1498424296875 0.56090876875 0.1275749734375 0.5570153890625 0.11816214375 0.53800759375 0.1179837640625 0.5208117640625 0.1300244140625 0.518280646875 0.153377171875
0 0.9108677828125 0.378881378125 0.8906779828125 0.34041608125 0.890319346875 0.3649452078125 0.8790983078125001 0.3835924890625 0.9129510734374999 0.38956164531250004 0.9191953125 0.3811430484375 0.9108677828125 0.378881378125
0 0.9351218265625001 0.35380584531250003 0.9457110265625 0.3477399859375 0.952044453125 0.329817490625 0.9369262796875001 0.312079009375 0.91303275 0.3261118828125 0.9114047984375 0.33534445625 0.92063925 0.3504588734375 0.9351218265625001 0.35380584531250003
0 1 0.093359259375 0.9778963968750001 0.07972593125 0.9608864578125 0.1267046484375 0.9630608171875 0.1413674828125 0.9730181765625 0.147883046875 0.9688591078125001 0.1804683765625 0.9783648843750001 0.19404403125 0.9854249765624999 0.1944956140625 0.9971013546874999 0.1957611734375 1 0.19264243125 1 0.093359259375
0 0.8946981171875 0.61005433125 0.9028453890625 0.61783733125 0.9082794078124999 0.641007953125 0.9071978625 0.6741359328125001 0.9192385125 0.6913317625000001 0.9415951578125 0.69051403125 0.9324574109375 0.7198415781249999 0.9587093125000001 0.7419231421875 0.9628721375 0.73631074375 0.95327529375 0.7187525203125 0.9537249984375 0.6982059625 0.9567095765625 0.6812795796875 0.9694693765625001 0.6629036234375 0.9715470328125001 0.63312449375 0.9647563874999999 0.6176476828124999 0.97561315625 0.5830701296874999 0.9628477203125 0.5609866875 0.9466461234375 0.562889721875 0.930533715625 0.5552888578124999 0.9204890453125 0.5717636578125 0.8984966703125 0.5885116625 0.8946981171875 0.61005433125
0 0.7534629578125001 1 0.7541844640625001 0.99303523125 0.7252155515625 0.9593683578125001 0.7255760671875 0.9483256984375 0.738246678125 0.9394536390624999 0.7339909078125 0.9275970046875001 0.7246672671875001 0.9219864843750001 0.6909966359374999 0.9239824640625001 0.684572140625 0.9379223906249999 0.692362653125 0.9837209828125 0.67723248125 1 0.7534629578125001 1
0 0.5180657156249999 1 0.51613543125 0.9978655859375 0.3604491328125 0.9720004937500001 0.3520324140625 0.9792427218749999 0.46374969374999997 1 0.5180657156249999 1
0 0.3548386140625 0.9813241343750001 0.3620789625 0.9762543875 0.35963327968750003 0.9631303140625 0.370757615625 0.90004106875 0.361433975 0.8944305484375 0.33509851875 0.92231228125 0.3271408953125 0.9764402796875 0.3548386140625 0.9813241343750001
0 0.3759090390625 0.8438316562500001 0.368486553125 0.8409362671875 0.3824246015625 0.8338742968749999 0.37825989843749996 0.8260002296875 0.361333515625 0.8230156515625 0.358980778125 0.8273606125 0.35581218593749997 0.8228353937499999 0.367306428125 0.8161358171875 0.3813374234375 0.8265428796875 0.387672728125 0.8221068515625 0.387399525 0.810159146875 0.3786204140625 0.81495756875 0.374184384375 0.8086222640624999 0.3891185453125 0.8049091421875 0.3955411625 0.77748275 0.411651690625 0.7715971484375 0.41545212343750004 0.76354094375 0.41716926406250004 0.7448044734375 0.41128554062499995 0.7421804109375 0.418254565625 0.738649425 0.4111034046875 0.7342152750000001 0.41119259531249996 0.7247113765625001 0.422684959375 0.7045253328125 0.43300283281249996 0.6999982359375 0.4221385515625 0.6806299265625 0.4291075765625 0.677098940625 0.4195126109375 0.6730271828125 0.41616188281250005 0.6605368281249999 0.4366934140625 0.5530948062500001 0.43171285625 0.536350559375 0.44374787187500003 0.513086990625 0.4384959890625 0.49788150625 0.447635615625 0.48204042343750003 0.44573258125 0.4658388265625 0.45441874687499995 0.4435713703125 0.45712824375 0.4012108171875 0.46572521875 0.388447259375 0.4686168515625 0.35405184218749997 0.4538591921875 0.3252707015625 0.41819821562500004 0.3340554484375 0.39331233125 0.3717124046875 0.358463453125 0.3623943984375 0.3350215078125 0.3693671796875 0.3334808671875 0.35560938750000004 0.34551588125 0.3323458203125 0.3447873390625 0.3004852765625 0.3275877515625 0.2855529953125 0.3180838546875 0.28546380625 0.285504159375 0.321764134375 0.28478312968749997 0.3438494546875 0.265145371875 0.3697389640625 0.23717445 0.3529074046875 0.249748359375 0.29959338125 0.23951779687500002 0.2811301140625 0.225399490625 0.293713415625 0.2039610375 0.388302690625 0.1873097359375 0.4107522828125 0.164592575 0.422612675 0.1588947453125 0.4549266796875 0.1275768515625 0.45257769843749995 0.125134925 0.46642655624999996 0.1327395453125 0.47728708124999997 0.1321077046875 0.489868503125 0.1084855015625 0.5023626140624999 0.082144409375 0.4897849484375 0.06522366093750001 0.52725976875 0.0646828890625 0.5438237578125 0.07699298593750001 0.5459943609375 0.07717324375 0.54047303125 0.08993492343750001 0.535583540625 0.0952759953125 0.541285128125 0.1030589953125 0.53313785625 0.0995298890625 0.5396552984375 0.11609575781249999 0.5536825359375 0.093111028125 0.594054621875 0.10524274687499999 0.6152330203124999 0.10433958125000001 0.6293532046875 0.11628916250000002 0.6425664671875 0.10887419062499999 0.6936169421875 0.1147579140625 0.69624100625 0.1124051765625 0.7005859671875 0.12833732656250002 0.7137081609375 0.1294226265625 0.7075531125000001 0.1459866171875 0.708093884375 0.1493335890625 0.6936113078125 0.1847251171875 0.6998517890625 0.1877115734375 0.696411871875 0.1802890875 0.6935164828125 0.1906980296875 0.6929719546875 0.20047513125 0.705008846875 0.198757990625 0.72374531875 0.184097034375 0.7394061421875 0.1646376546875 0.74628785625 0.148891396875 0.7681037296875 0.134589078125 0.759235428125 0.1286161640625 0.7661152625 0.131149159375 0.7562489718750001 0.1205580828125 0.7488283640625 0.1190211984375 0.7620435046875 0.1035462671875 0.782320615625 0.1020056265625 0.768562825 0.0953079265625 0.7705550484375 0.09756771875 0.7487410531250001 0.0872479671875 0.739781684375 0.084623903125 0.7456654078125 0.07901150625 0.74150258125 0.0805521453125 0.7552603734375001 0.0629047328125 0.774361115625 0.059920154687500005 0.7912874984375 0.0761236296875 0.80287093125 0.0854453921875 0.7949949843749999 0.0962167265625 0.7968942609375 0.09703258125 0.8057644406250001 0.1095248140625 0.8159001796875 0.1059083953125 0.845407984375 0.1100731 0.8532820531249999 0.1174045171875 0.8521948734375 0.11342007031250001 0.8387994750000001 0.12156546406249999 0.8330960093750001 0.120844434375 0.8551813296875 0.1327010703125 0.8509255578125 0.1411196671875 0.8571697953124999 0.14989877812500002 0.8523713734375 0.1548793359375 0.869115621875 0.16592011874999998 0.8559896703125001 0.1681799109375 0.834175675 0.17677876406249998 0.8348985828125001 0.17876910937499998 0.8281098171875 0.1581314828125 0.82367754375 0.15993969218749998 0.8089236421875 0.19017040624999998 0.8039412046875001 0.188904846875 0.8156175843750001 0.2004939140625 0.83987350625 0.1983233125 0.8521836031250001 0.20493182187499998 0.859695278125 0.200768996875 0.8653076765625001 0.20810229218749998 0.8777069624999999 0.2011332671875 0.8812379484375 0.2213193109375 0.8927303125 0.21933084531249997 0.9130055453124999 0.20991989218749998 0.9303853890625 0.2231369125 0.9454087390625 0.220966309375 0.9577188359375001 0.2662241296875 0.9664923125 0.26459242031249997 0.9487519531249999 0.2794373921875 0.9545427296875 0.27853422656250004 0.9686629140624999 0.294826890625 0.9707424484375 0.3044181 0.947841275 0.3189917453125 0.9551708140624999 0.3314821 0.9518200859375 0.3315675328125 0.9153432562500001 0.33980399375000003 0.9136223578125 0.34224592187499997 0.8997735 0.3549165328125 0.8909014421875 0.3467692609375 0.8831184421874999 0.36912590624999997 0.882300709375 0.37346711093749996 0.857680515625 0.378717115625 0.859399534375 0.38224622343750003 0.8528820937500001 0.3764535671875 0.8542405984375 0.3759090390625 0.8438316562500001
0 0 0.8228087890625 0.0026291984375 0.8192640546875 0.001811465625 0.7969074093749999 0.056347846874999996 0.487616225 0.0549893421875 0.48182356875 0.0234893140625 0.4715094515625 0 0.51230499375 0 0.572083521875 0.025585753125 0.5765949796875 0.022874378125 0.6054690671875 0 0.64348203125 0 0.8228087890625
0 0.11253471875000001 0.33093005781249996 0.114067846875 0.2907419859375 0.102937875 0.313371834375 0.09905013124999999 0.3444184015625 0.07597245625 0.3673214546875 0.073259203125 0.382709075 0.0896429359375 0.388771178125 0.098241790625 0.3894940859375 0.105119746875 0.3819805328125 0.0980577765625 0.368042484375 0.11253471875000001 0.33093005781249996
0 0.17517801875 0.38957388437499996 0.1712846390625 0.38016105312500004 0.16431561562500002 0.3836920390625 0.14729816406250001 0.37672489374999996 0.1200576640625 0.40524034374999995 0.1209645859375 0.41809309062500005 0.126848309375 0.42071715468750004 0.1443154640625 0.4071377421875 0.155268934375 0.41700215468749996 0.162871678125 0.4143762140625 0.17517801875 0.38957388437499996
0 0.984011090625 0.44096324375 0.9415575921875 0.4207847125 0.9287959125 0.425674203125 0.9209237234375 0.443325371875 0.9383035671875 0.45273632499999994 0.9265398781249999 0.4744611296875 0.940028221875 0.4879457171875 0.9662744890624999 0.46956788281249995 0.9749644109375 0.474273359375 0.9851912171875 0.46576369375000004 0.984011090625 0.44096324375
0 0.4588970078125 0.10324113125 0.4643272703125 0.0994388203125 0.4655017609375 0.083779875 0.455453334375 0.07328174374999999 0.44395909062500005 0.0799813203125 0.43843963906249994 0.09328752968750001 0.44414310468749996 0.101432921875 0.4588970078125 0.10324113125
0 0.7310832796875 0.1972464328125 0.7225736140625 0.187019628125 0.6976820953125 0.184217184375 0.6919823859374999 0.2030447234375 0.7253854484375 0.2295604375 0.7326257984375 0.224490690625 0.7310832796875 0.1972464328125
0 0.8738398796875 0.9712954 0.8793593328125 0.9579891921874999 0.8980958031249999 0.9597063328125 0.90080905625 0.9443187109375 0.8911173874999999 0.8958049890625001 0.875187115625 0.8961692593749999 0.866499071875 0.90495025 0.869126890625 0.926039459375 0.8474987890625 0.958717734375 0.8423436078125001 0.9879542140625001 0.8507622046875 0.994198453125 0.86171191875 0.9770899343749999 0.8738398796875 0.9712954
0 0.9114705390625 0.8073707625000001 0.898799928125 0.8162428203125 0.88440841875 0.8168784171875 0.868119509375 0.8417718140625 0.853456675 0.8439461734375 0.8607918484375 0.8698319250000001 0.8829682375000001 0.8745355218749999 0.8931931640625 0.8525393921875001 0.9043250140625 0.843396009375 0.9130111796874999 0.8211285531250001 0.9114705390625 0.8073707625000001
0 0.2952474515625 0.0910446421875 0.30538506718749997 0.09203887499999999 0.3114471703125 0.0756551421875 0.2978677578125 0.0581879875 0.292350184375 0.0849806609375 0.2952474515625 0.0910446421875
0 0.0630699640625 0.6609480578125 0.0458722546875 0.6595022421875 0.027773259374999998 0.6856630765625 0.0097728453125 0.7697523421875 0.0218116171875 0.77346170625 0.05430024375 0.733178809375 0.061718971874999994 0.709101265625 0.060176453124999994 0.681857009375 0.06777731875000001 0.6657446015625 0.0630699640625 0.6609480578125
0 0.075471128125 0.6671012281250001 0.0770174046875 0.7213184171875 0.0847112140625 0.72267504375 0.092036996875 0.681128465625 0.0853355421875 0.6561477578125 0.08741131875 0.6128821609374999 0.0763705375 0.6260081125 0.06958740625 0.6644771656249999 0.075471128125 0.6671012281250001
0 0.058585098437500004 0.30396463906250004 0.065736259375 0.3083987890625 0.0747866953125 0.30206160625 0.0742421671875 0.2916526640625 0.058674289062499996 0.294460740625 0.058585098437500004 0.30396463906250004
0 0.06764680625 0.37854625 0.0602205640625 0.3486779296875 0.069631515625 0.3312980859375 0.0694493796875 0.32333295 0.0550559921875 0.31048208125 0.043201234375 0.32822431875 0.0481817921875 0.344968565625 0.0584104765625 0.3499453671875 0.048999525 0.3673252109375 0.041945067187500004 0.4073330265625 0.0521737515625 0.4123098265625 0.05859636875 0.384883434375 0.06764680625 0.37854625
0 0.042191975 0.2304702078125 0.029980459375 0.28622803750000003 0.038670381250000004 0.2909335125 0.0527830515625 0.2378908140625 0.042191975 0.2304702078125
0 0.13433744375 0.2522710546875 0.128091328125 0.2472031859375 0.1137908859375 0.25182135 0.111620284375 0.264131446875 0.12003888124999999 0.270375684375 0.1339769296875 0.26331371406250004 0.13433744375 0.2522710546875
0 0.147273746875 0.2014008359375 0.139128353125 0.20710430156249998 0.14365545 0.2174221765625 0.1508958 0.212352428125 0.147273746875 0.2014008359375
0 0.23073117187499997 0.23198267343749998 0.2261167640625 0.2446551640625 0.2345353609375 0.2508994015625 0.241593575 0.23786451875 0.23073117187499997 0.23198267343749998
0 0.47241540468750004 0.33250917343749997 0.46210504375 0.390982134375 0.49967093125 0.41188545000000004 0.5253689140625 0.35612574218750004 0.521204209375 0.348251675 0.5046402203125 0.3477109015625 0.51196788125 0.319650790625 0.48273140000000003 0.3144956109375 0.47241540468750004 0.33250917343749997