0 0.6650167234375 1 0.6717494921875 0.961992740625 0.667312525 0.954268815625 0.660036059375 0.961135453125 0.6582587625 0.9569410312500001 0.6626079218750001 0.9259951546874999 0.683337484375 0.9076074546875 0.6965982109375 0.9086822 0.692466509375 0.9380807828125001 0.7002029796875 0.9391680734375001 0.7016750093749999 0.9062399859375001 0.6897315734375 0.901405734375 0.6963305765625 0.8881324640624999 0.693428359375 0.8751017390625 0.7024695765625 0.866905265625 0.692738353125 0.8631708484375 0.6889913921875 0.8673778140625 0.6845544234375 0.8596538890625001 0.6876364671874999 0.8545645468749999 0.6975976921875 0.862275928125 0.69470801875 0.8547694609375001 0.7059739921875 0.8531970781249999 0.692700721875 0.846598075 0.72917085625 0.850934690625 0.721229471875 0.856918953125 0.731843071875 0.8599884515625 0.7267662734375 0.862430665625 0.7340678281249999 0.86661254375 0.734105459375 0.883185315625 0.757532325 0.8848998921875 0.7676482890625 0.8634426921875 0.778696803125 0.863417603125 0.7731600015625 0.8579058906249999 0.7837485125 0.8499268750000001 0.790999890625 0.8320117218749999 0.7876753 0.8275998421875 0.8000536515625001 0.82933950625 0.8042731609375 0.838610725 0.79986128125 0.841935315625 0.83965600625 0.8506838109375 0.8674194875 0.8159282515624999 0.856680446875 0.7576161765625 0.8694853796875 0.655277325 0.87052249375 0.625443825 0.8631707640625 0.5991649171875 0.8734916406250001 0.5706361656250001 0.8878271140624999 0.5584501859375 0.90165240625 0.516213246875 0.9062190234375 0.4837200765625 0.897587634375 0.477773446875 0.8973450875 0.46827222500000004 0.9074485062500001 0.4412907671875 0.892397940625 0.43049734375000004 0.8729605812499999 0.43407702343750004 0.86294918125 0.40426861093750005 0.8337680546874999 0.398589615625 0.8266212390625001 0.3652391578125 0.8426712875 0.3296263109375 0.8625184734375001 0.311903528125 0.8739015531250001 0.2645897921875 0.8879944796875 0.24290259062500003 0.885539721875 0.23230153593749997 0.8776108828125 0.2438100546875 0.8628028609375 0.24251784999999998 0.8518045234375 0.26463996875 0.8346044640624999 0.280367996875 0.808735384375 0.2735766234375 0.79761160625 0.2404561671875 0.775732034375 0.23895905 0.7778020515625 0.274751721875 0.7648215031250001 0.2997509703125 0.7365478421875 0.304455571875 0.721764909375 0.3142118828125 0.711661490625 0.341193340625 0.7202928796875 0.3471399703125 0.7065972375 0.3491598125 0.6999480578124999 0.34033605312500004 0.6896020921875 0.35781628906249996 0.681648165625 0.35827629375000003 0.6780935734375 0.34988745 0.6723644015625 0.3569715453125 0.6581460359375 0.323416171875 0.62850490625 0.30978325 0.6077377125 0.311598178125 0.5846955859375 0.284691984375 0.569222646875 0.2825174046875 0.550692753125 0.29648068125 0.5507931046875 0.3406747421875 0.5439641 0.3499710484375 0.5296035390625 0.3511085140625 0.5137333171875 0.3686012953125 0.5084892375 0.3946878328125 0.5009953140625 0.4031017640625 0.5032326140625 0.4152501125 0.504984821875 0.40839601875 0.5147035015625 0.4066061796875 0.5164431640625 0.394227828125 0.5294613453125 0.385801353125 0.5297038921875 0.395302575 0.5569278953125 0.4149072140625 0.5576053578125 0.4213138484375 0.561774690625 0.4084880375 0.5728106609375 0.4029386921875 0.575252875 0.40801548906249996 0.5882585125 0.39406475625000004 0.5922480203125 0.3993590125 0.5972997296875 0.3858682828125 0.6004194046875 0.39735171406249997 0.6048187406250001 0.3885028671875 0.608155875 0.39843900312499997 0.6123377515625 0.39113745 0.6143450500000001 0.3993088359375 0.6391017515625 0.4027881625 0.644818378125 0.3901798109375 0.6702149109375 0.3834929984375 0.6803308734375 0.3620357984375 0.6938090578125 0.36156325 0.694678890625 0.35537407499999996 0.705509946875 0.35689628125 0.706187409375 0.36330291406250004 0.7163410046875 0.3584184875 0.718565759375 0.365042578125 0.7386805796875 0.36786953125 0.7406878781249999 0.3760409171875 0.753066228125 0.37778058125 0.7543709765625 0.3684968171875 0.723860015625 0.3610530703125 0.7242823875 0.352434225 0.7552408078124999 0.3623076421875 0.762299815625 0.3569882984375 0.7629772781249999 0.3633949328125 0.772261040625 0.3646996796875 0.7797675078124999 0.36181000625 0.769141365625 0.3532162484375 0.80492149375 0.3456219734375 0.8069413359375 0.35931761562500003 0.77631326875 0.3976152234375 0.7756859828125 0.41330561875000005 0.756708628125 0.4248392265625 0.7529867546875 0.44009470625 0.7298400671875 0.46445412499999994 0.7068481171875 0.4596449609375 0.7052506468749999 0.4373304734375 0.6789466515625 0.4336336875 0.664393721875 0.4473669625 0.6539975796874999 0.44275016875000006 0.6495982453125 0.4515990171875 0.6352125953125001 0.4416879671875 0.63943210625 0.4509591859375 0.6319256390625 0.45384886093750004 0.60803876875 0.4441803578125 0.5956855062499999 0.453489209375 0.58816649375 0.450854625 0.5810573109375 0.4340769390625 0.575533053125 0.43408948281250004 0.5770928921875 0.43983119843749996 0.5529885640625001 0.4317099890625 0.5225528671874999 0.4574117875 0.5077573906249999 0.461643840625 0.49138953125 0.45460992187500004 0.4915819015625 0.4420141125 0.4858527296875 0.4490982078125 0.484062890625 0.43937952812500003 0.47190199687499995 0.436092571875 0.46281060468749996 0.42219201406250007 0.45003496875 0.4401197109375 0.443996321875 0.50554096875 0.46838082812500004 0.539736171875 0.5004390828124999 0.5473973765625 0.5125748875 0.53963581875 0.5357842953125 0.5428976890625 0.55240724375 0.5649570859375 0.5409112703125001 0.5625525046875001 0.5398239796875 0.5702889734375 0.5586089640624999 0.5713511765625 0.5537370796875 0.5667218390625 0.5579315015625 0.5649445421875 0.567252896875 0.5828220625 0.5642084859375001 0.6044841765625 0.5558321859375 0.6135630265625001 0.5061264125 0.6192001796875 0.48870889687499997 0.636475503125 0.48520448125 0.6501836890625 0.496303171875 0.67225563125 0.4894867109375 0.6870761953125 0.4804078625 0.678699896875 0.4684769703125 0.6793899031249999 0.46299034531250005 0.69597521875 0.47058462187499994 0.731755346875 0.451824725 0.7417416609374999 0.44787285 0.753020178125 0.443000965625 0.748390840625 0.442131134375 0.754580015625 0.4563244125 0.7770868734375 0.44595335937499997 0.7835185953125 0.45879171406249997 0.7932121859375 0.4563996765625 0.8102324187500001 0.44422624062500005 0.8014212031250001 0.4398394484375 0.8157943078125 0.426578721875 0.8147195625 0.41733259062499994 0.8299875875 0.424057034375 0.871956890625 0.4158856484375 0.8739641890625001 0.411561578125 0.91595858125 0.41908058906249995 0.9185931640625 0.4177883859375 0.9334011859375 0.42970673281250005 0.927186921875 0.4312665703125 0.9329286375000001 0.42044805781249994 0.9369306890625 0.40916954062500005 0.9329788140625 0.406969871875 0.9374032375000001 0.414271425 0.9415851140625 0.40566512499999996 0.9466870000000001 0.40482038124999997 0.963924690625 0.41430905781250005 0.9581578875 0.42228807343749997 0.9687463984375 0.4304594578125 0.9667391000000001 0.45923075625000004 0.9865611984375 0.5323884828125001 0.9936871343749999 0.5504051828125001 1 0.65373444375 1 0.655251984375 0.99517591875 0.65955970625 1 0.6650167234375 1
0 0.19257769687499998 0.818123540625 0.2056460546875 0.8317940953124999 0.2068086078125 0.8572031718750001 0.21611745937500002 0.869556434375 0.2155152625 0.8962953453125 0.22701123750000002 0.898699928125 0.2391972171875 0.9130354 0.2481757140625 0.8772176390625 0.258304221875 0.8612846968750001 0.25757658437500003 0.8327810328125 0.2732168046875 0.8113112890625 0.287899384375 0.75736091875 0.2998804515625 0.7787679421875 0.29591603125 0.7845222015625 0.30077537187500003 0.78362728125 0.2966436703125 0.813025865625 0.2902370359375 0.8137033265625 0.2944440015625 0.8174502890625 0.28806245625 0.829176265625 0.2978313125 0.84948345625 0.32286819218749996 0.8790367765625 0.34143571875 0.881646271875 0.352689146875 0.8745496328125 0.3607601796875 0.828348275 0.39583775781249997 0.8032988515625 0.41563476875000005 0.7634790390624999 0.41534204687500004 0.7318807875 0.42409054062499996 0.6920860640625001 0.41785118906249996 0.6691192015625 0.433073246875 0.56080863125 0.43171832343750005 0.5479953656250001 0.4160028390625 0.5363195640625 0.4154424828125 0.4841715765625 0.4294601453125 0.42933882968750003 0.44998479375 0.41802268124999997 0.4584907421875 0.3687267359375 0.451561384375 0.3338289828125 0.4164336296875 0.33678137656249996 0.3886826921875 0.37706119375 0.3504352625 0.36853015624999996 0.3287982359375 0.37653425937499996 0.326343478125 0.3659332046875 0.33997640156250003 0.33629207499999997 0.3379189265625 0.306023659375 0.3321521234375 0.2965349828125 0.3107074671875 0.291943278125 0.2809617765625 0.329575965625 0.28079449375 0.35322029062500004 0.26626665156249996 0.3780020796875 0.26074239375 0.37801462343750003 0.2317661828125 0.36526407656250004 0.2429568921875 0.33054615 0.24157687968750002 0.30668436875 0.2346976984375 0.2938836453125 0.2207845984375 0.29745078125 0.20222540625000002 0.3958252140625 0.18262076562500001 0.42304921875 0.16187865937499998 0.43591266093750003 0.154409825 0.4553751078125 0.1595367984375 0.47502992343750006 0.1537950828125 0.4765897609375 0.14204401875 0.4591597015625 0.1287958359375 0.46360921250000003 0.123974128125 0.48107690468750003 0.13374298281250002 0.5013840953125 0.11035375 0.5162422921875 0.08600687500000001 0.4986198609375 0.0633452796875 0.541981721875 0.06649004375 0.5645136671875 0.075351434375 0.5744372609374999 0.0821553515625 0.5540924390625 0.0947386171875 0.5487605515625 0.1108639296875 0.5462932484375 0.1195078625 0.5577641359375 0.1180107453125 0.5796437078125 0.0994933953125 0.5991312421874999 0.09797118906249999 0.6099623000000001 0.12239332656249999 0.6607302749999999 0.115434671875 0.710243678125 0.14400105624999998 0.7371373265625001 0.1495253125 0.7371247828125 0.1554593984375 0.7229691359375 0.1585665296875 0.728928309375 0.1640657 0.7178672515625 0.1899347796875 0.7246586234375 0.1819683078125 0.7195943703125 0.19786361875 0.7131501046875 0.20696755625000002 0.7325749187499999 0.204332971875 0.74009393125 0.17431964687499998 0.7571768828125001 0.1579643328125 0.755667221875 0.16636572031250002 0.7576368875 0.1654958875 0.7638260625 0.1526700765625 0.7596567296875001 0.1526826203125 0.7651809859375 0.1641785953125 0.7675855687500001 0.159766715625 0.7709101578124999 0.1476058234375 0.7676232 0.1458159828125 0.757904521875 0.136749678125 0.7550524796875 0.1235140390625 0.7650262484375 0.11673521093749999 0.7964195859375 0.11164586875 0.7933375421875 0.11205569687500001 0.7791944390625 0.10608397968750001 0.7767773140625 0.10782364375 0.7643989625 0.1005220890625 0.7602170859374999 0.1013668328125 0.7429793953125 0.09121323906249999 0.747863821875 0.0571560203125 0.8330151609374999 0.050314470312500005 0.8367872109375 0.048357348437499996 0.8507128546875 0.058536032812500007 0.8568769421875 0.050197365625000004 0.8825285640624999 0.0650179296875 0.8893450250000001 0.0815781578125 0.8837831359375 0.087206978125 0.8325049812499999 0.0918237703125 0.8221088390625001 0.0991127796875 0.8207664593749999 0.11704047656250001 0.83354209375 0.1157984484375 0.8704471453125 0.1290717203125 0.8770461484375 0.15513316875 0.8712417125 0.1704137375 0.8860121015625 0.1834444625 0.8831098828125 0.1906582078125 0.8486219578125 0.1784722265625 0.8342864859375 0.183306478125 0.8223430515624999 0.19257769687499998 0.818123540625
0 0.5088280109375 0.2519395140625 0.5526247859375 0.271506521875 0.5502745906250001 0.20963985625 0.5307745125000001 0.1855982484375 0.518178703125 0.185405878125 0.5062854453125001 0.20266865625000002 0.484380784375 0.1901230234375 0.46079918124999997 0.2175770296875 0.4590595171875 0.22995537968750002 0.4730855140625 0.2761065625 0.49254796093750003 0.283575396875 0.50137171875 0.2769262171875 0.5088280109375 0.2519395140625
0 0.378073303125 0.278532021875 0.4016925390625 0.2676507890625 0.440491990625 0.22734588437499997 0.44201419687500004 0.216514828125 0.4327053453125 0.20416156562499999 0.442181478125 0.1928705046875 0.442156390625 0.1818219890625 0.433729915625 0.16880380781249998 0.41848697812499996 0.1706061921875 0.417642234375 0.1878438828125 0.40417659375000003 0.1938406875 0.3942655453125 0.20822633750000002 0.3742510765625 0.24959344374999998 0.3709892078125 0.2728028515625 0.378073303125 0.278532021875
0 0.5061725484374999 0.1529503390625 0.5103920578125 0.1622215578125 0.5187934453125 0.16419122343749998 0.5399704671875 0.14823319375 0.54787421875 0.125676159375 0.5436547078125 0.116404940625 0.524652265625 0.11689003281250002 0.5078871234375 0.12952347343749998 0.5061725484374999 0.1529503390625
0 0.9063905140624999 0.36461608125 0.88487059375 0.32687883125 0.8853682296875001 0.3514055296875 0.8748048078125 0.3704330609375 0.908845271875 0.3752171359375 0.9147919015625 0.366585746875 0.9063905140624999 0.36461608125
0 0.9297546593750001 0.33870936875 0.9401257125000001 0.33227764843749996 0.9458297968749999 0.3141450375 0.9301017671875 0.2969449796875 0.906712534375 0.3118031765625 0.9054077859375 0.3210869390625 0.915164096875 0.335869871875 0.9297546593750001 0.33870936875
0 1 0.0844142703125 0.9629379218749999 0.06330360625 0.9475778796875 0.11084734375000001 0.9502626390625 0.1254253625 0.9604413218750001 0.13158945 0.9574219984375001 0.1643000796875 0.9673957671875 0.17753571875000002 0.97446731875 0.17774063281250002 0.9861807515625 0.1785979203125 0.9965392609375 0.16664194062499998 1 0.1538381015625 1 0.0844142703125
0 0.8982985187500001 0.5962125234375 0.90671245 0.603706446875 0.9129518015625001 0.626673309375 0.9130270656249999 0.659818853125 0.9256605062500001 0.6765839953125 0.9479749937499999 0.6749865265625 0.9398663296875001 0.7046151109375 0.966872875 0.7257670453125 0.9708372953125 0.7200127859375 0.9606335234375001 0.7028001828125 0.9603658890625001 0.682250446875 0.9627579265625 0.6652302140625 0.97486864375 0.6464201421875 0.9759057578125001 0.61658664375 0.968579115625 0.60135625 0.9782225312499999 0.5664208656249999 0.9646941703125 0.544796384375 0.9485688578125 0.5472636859375 0.9322009984375 0.5402297671875 0.922737409375 0.557045084375 0.9013429296875 0.574550409375 0.8982985187500001 0.5962125234375
0 0.7701321890624999 1 0.771236303125 0.983863978125 0.74111008125 0.9512286140624999 0.74108499375 0.9401800984375001 0.75343825625 0.930871246875 0.7487712859375 0.9191703578125001 0.739257521875 0.913888646875 0.7056770609374999 0.9170584984374999 0.699742975 0.9312141453124999 0.709127090625 0.976712953125 0.6889514875 1 0.7701321890624999 1
0 0.5364113984375 1 0.5335008609375 0.99699918125 0.37700672343749997 0.9765832187499999 0.3688478828125 0.9841147749999999 0.47481406875000004 1 0.5364113984375 1
0 0.3717250125 0.986096984375 0.37878401875 0.980777640625 0.3758818015625 0.967746915625 0.38479757812500004 0.9043078687499999 0.3752838125 0.89902615625 0.34993745781249996 0.9278099984375 0.343873721875 0.982182740625 0.3717250125 0.986096984375
0 0.3879841828125 0.8479529156250001 0.380465171875 0.84531833125 0.3941482703125 0.8377742328125001 0.389711303125 0.8300503062500001 0.37269107031250004 0.8276582687499999 0.370491403125 0.8320826921875 0.3671668140625 0.8276708140625001 0.3784202421875 0.8205741734374999 0.392805890625 0.8304852234375 0.398982521875 0.8258307968749999 0.398292515625 0.81389990625 0.389686215625 0.8190017921875 0.3850317890625 0.8128251609375001 0.39982726562500004 0.80859310625 0.40528880312500004 0.7809592750000001 0.4211841140625 0.7745150093750001 0.4247010734375 0.7663310812499999 0.425763275 0.7475460968750001 0.41979155781250005 0.7451289703125 0.42663310781249997 0.7413569203125 0.41933155468749994 0.73717504375 0.4190890078125 0.7276738218750001 0.4298698890625 0.7070989984375 0.440023484375 0.7022145703125 0.4284898765625 0.683237215625 0.4353314265625 0.6794651671875 0.425600203125 0.6757307484374999 0.421815609375 0.6633649421875 0.4385849609375 0.5552718296875 0.433023071875 0.5387116015625 0.44423886875 0.515042190625 0.4384595203125 0.5000292546875 0.44704073437499997 0.48387885468749997 0.44457343125 0.4677535421875 0.4524771828125 0.44519650781250003 0.4537066671875 0.4027672 0.4618529640625 0.3897113875 0.4635424515625 0.35523600625 0.447789334375 0.3269874328125 0.412456665625 0.33701137812500004 0.38890015 0.37551389999999996 0.3537473078125 0.367417778125 0.3305629875 0.3752044234375 0.328543146875 0.36150878125 0.33975894218749997 0.33783936875 0.3379189265625 0.306023659375 0.3202086890625 0.29170073125 0.3107074671875 0.291943278125 0.2794144828125 0.3293585078125 0.279464659375 0.3514555375 0.26074239375 0.37801462343750003 0.23220109843749998 0.3621694890625 0.242906715625 0.3084491203125 0.2320380265625 0.2903541421875 0.218367471875 0.3034224984375 0.20024319687499997 0.39870234375 0.18438551718750001 0.4217193828125 0.16209611875000002 0.43436536718749996 0.1575295 0.4668585375 0.1261487078125 0.46560396718749997 0.12419158593749999 0.4795296109375 0.1321706015625 0.490118121875 0.13197823125000002 0.50271393125 0.10880645625 0.516024834375 0.08204245624999999 0.504374121875 0.0664398671875 0.5424166375 0.0664775 0.5589894109375 0.07885585 0.5607290734375 0.07884330625 0.5552048171874999 0.091426571875 0.549872928125 0.0969633734375 0.5553846421874999 0.1044572953125 0.5469707109375 0.10115779375 0.553607346875 0.11820311562500001 0.5670478984375 0.096641353125 0.6081975468749999 0.109504796875 0.628939653125 0.10909496875 0.64308275625 0.12149840781250001 0.655870934375 0.11586958750000001 0.707149090625 0.12184130468750001 0.709566215625 0.11964163750000001 0.7139906390624999 0.136022040625 0.726548815625 0.13689187187500002 0.720359640625 0.15346464531249998 0.720322009375 0.1563041421875 0.7057314453125 0.1918919015625 0.7107329796874999 0.1947564859375 0.70719093125 0.18723747500000001 0.7045563484375 0.197621071875 0.703648884375 0.2078123 0.715337228125 0.2067500984375 0.7341222125 0.1926446265625 0.7502851578125 0.1734372703125 0.7578418015625 0.15846196875000002 0.7801939203125 0.1438588625 0.7718301656250001 0.138129690625 0.7789142609375 0.14031681406250002 0.7689655796875 0.1294732125 0.7619191171875 0.1283984671875 0.7751798437499999 0.1136406234375 0.7959846703125 0.11162078125 0.7822890265625 0.1049966890625 0.7845137828125 0.1064938078125 0.7626342109375 0.0958676640625 0.754040453125 0.0934505390625 0.7600121718749999 0.0876962796875 0.7560477515625 0.08971612031250001 0.76974339375 0.0727460640625 0.7894483859375 0.0703540265625 0.80646861875 0.0869518875 0.8174795015624999 0.0959931046875 0.8092830281250001 0.1068241609375 0.810805234375 0.1079490828125 0.8196415375000001 0.1207874390625 0.8293351281250001 0.11820303125 0.8589511703125 0.1226399984375 0.8666750953125 0.1299290078125 0.865332715625 0.1254794953125 0.8520845328125001 0.1334208796875 0.8461002703125 0.1334710546875 0.8681973015625 0.14517194375 0.86353033125 0.1538033328125 0.8694769609374999 0.162409634375 0.8643750750000001 0.167971525 0.880935303125 0.178547490625 0.8674320312500001 0.180044609375 0.8455524593750001 0.1886634546875 0.8459748312500001 0.1904156625 0.8391207375 0.1696359234375 0.8354114078125001 0.170928128125 0.8206033875 0.200966540625 0.81456895 0.200109253125 0.8262823828125001 0.2125377796875 0.8501190765625 0.210798115625 0.8624974265625 0.217664753125 0.8697738921875 0.213700334375 0.8755281515625001 0.22146189062500002 0.8876639562499999 0.2146203421875 0.89143600625 0.23519516562499998 0.9022168875000001 0.23391550625000002 0.922549165625 0.22511683593749998 0.940246859375 0.238850109375 0.954799790625 0.237110446875 0.967178140625 0.2826468859375 0.9743667984375 0.2803970421875 0.9566941921875 0.295435065625 0.9619633593750001 0.2950252375 0.9761064625 0.3113805515625 0.9776161234374999 0.320166678125 0.954394171875 0.33498724375 0.9612106328125 0.34735305 0.9574260390625 0.3461654078125 0.9209684484375 0.35433679375 0.9189611515625 0.356293915625 0.90503550625 0.368647178125 0.8957266546874999 0.36023324687499997 0.8882327312499999 0.382547734375 0.8866352624999999 0.3860270625 0.8618785593749999 0.3913338609375 0.863413309375 0.3946333625 0.8567766750000001 0.388891646875 0.8583365125 0.3879841828125 0.8479529156250001
0 0 0.8434772 0.008127709375 0.8450589484375 0.0140743375 0.8364275593749999 0.01247686875 0.8141130703125 0.056185920312500005 0.5031070046874999 0.0546260828125 0.497365290625 0.0227852859375 0.488156790625 0 0.5311316749999999 0 0.589092996875 0.0285478796875 0.5931051390625 0.026845848437499997 0.6220562625 0 0.670412765625 0 0.8434772
0 0.106870296875 0.34455539375 0.106999946875 0.304338296875 0.096666525 0.3273427921875 0.093864659375 0.35850612656249997 0.0716003484375 0.3822006265625 0.06942576875 0.397673565625 0.086011084375 0.40316019062499997 0.0946299296875 0.4035825625 0.10124147812499999 0.3958335484375 0.093697378125 0.38215045000000003 0.106870296875 0.34455539375
0 0.171522075 0.4009772765625 0.167302565625 0.3917060578125 0.16046101562499998 0.39547810625 0.14321078125 0.38910910625 0.11698204999999999 0.41855786562499997 0.1183369734375 0.43137113125 0.1243086921875 0.43378825781249997 0.1412912921875 0.41960752343749996 0.152582353125 0.42908365625 0.1600888203125 0.42619398124999996 0.171522075 0.4009772765625
0 0.9816558921875 0.42410746250000003 0.9385240343750001 0.40542283125 0.92594076875 0.41075471874999997 0.9186893921875001 0.42866987031250003 0.9363870859375 0.43746854218750003 0.925388746875 0.459590659375 0.9393394796875001 0.47259629687500004 0.96492838125 0.4533136765625 0.9737772281250001 0.4577130125 0.9837008218750001 0.44885162031250003 0.9816558921875 0.42410746250000003
0 0.4450753609375 0.10491729999999999 0.4503696171875 0.1009277921875 0.45099690312499996 0.08523739531249999 0.44058821718749996 0.0750963453125 0.4293347890625 0.082192984375 0.4242830796875 0.09568371249999999 0.43026734062500005 0.10362509687499999 0.4450753609375 0.10491729999999999
0 0.7203765625 0.189366171875 0.711515171875 0.1794425796875 0.6865410109375001 0.1775105453125 0.681501846875 0.19652553281250001 0.7158099453125 0.22185934375 0.722868953125 0.21654 0.7203765625 0.189366171875
0 0.8900601203124999 0.9579614765625 0.8951118296875 0.944470746875 0.9138968125 0.9455329484374999 0.9160713921875001 0.9300600109375001 0.9046925234375 0.8819140750000001 0.88878466875 0.8828340828125001 0.8804083703125001 0.8919129328125001 0.8837705921874999 0.912897584375 0.8632961203124999 0.9463107624999999 0.85916441875 0.975709346875 0.8677958078125 0.9816559765624999 0.8781417734374999 0.9641757390624999 0.8900601203124999 0.9579614765625
0 0.9219469671875 0.7928234046875 0.9095937046874999 0.80213225625 0.89523314375 0.803269721875 0.879822925 0.8287164296875 0.8652449078125001 0.8314011906250001 0.8734790125 0.8570151796875001 0.8958060437500001 0.8609419671874999 0.9052570890625 0.838602390625 0.9160630578125 0.82907608125 0.923966809375 0.8065190484375 0.9219469671875 0.7928234046875
0 0.2810998453125 0.098439528125 0.291265984375 0.0990793578125 0.29675260937500003 0.082494040625 0.28257187500000003 0.065511440625 0.2779927125 0.0924803546875 0.2810998453125 0.098439528125
0 0.06895313593749999 0.6760986515625 0.0517154453125 0.6752539078125 0.034540475 0.7020304515625 0.0194857 0.786696696875 0.0316465921875 0.7899836546875 0.06270957499999999 0.7485914609375001 0.069283490625 0.7242696750000001 0.0667911 0.697095846875 0.0738250203125 0.6807279890625 0.06895313593749999 0.6760986515625
0 0.0815614890625 0.681815278125 0.084998975 0.7359454750000001 0.09273544375000001 0.737032765625 0.098606809375 0.69525583125 0.091037621875 0.6705242171875 0.0916021875 0.627212534375 0.0810262203125 0.64071580625 0.075589771875 0.679398153125 0.0815614890625 0.681815278125
0 0.052012460937500005 0.3194892171875 0.05931401562500001 0.32367109374999997 0.06813777343750001 0.3170219140625 0.06723030937499999 0.3066383171875 0.051769915624999996 0.3099879953125 0.052012460937500005 0.3194892171875
0 0.063671509375 0.3937091453125 0.0552074015625 0.36411819218749997 0.064006071875 0.3464204984375 0.06354606874999999 0.3384665703125 0.048712959374999996 0.32612585156249996 0.03748461875 0.34427100624999996 0.043046509375 0.36083123437500003 0.05344265 0.365448028125 0.044643978125 0.38314572343750003 0.038990071875 0.4233753625 0.0493862125 0.42799215625000003 0.054847749999999994 0.400358325 0.063671509375 0.3937091453125
0 0.0330644046875 0.2466116671875 0.022806248437500003 0.30276170625 0.0316550953125 0.3071610421875 0.04390800625 0.25365813125000003 0.0330644046875 0.2466116671875
0 0.1259145796875 0.265183403125 0.119495403125 0.2603366078125 0.10536484374999999 0.2654510375 0.10362518125 0.2778293875 0.1122565703125 0.2837760171875 0.12593966875 0.27623191875 0.1259145796875 0.265183403125
0 0.13706765625 0.21389270312500003 0.1291262734375 0.219876965625 0.1340107015625 0.23003056093750002 0.14106970937500002 0.2247112171875 0.13706765625 0.21389270312500003
0 0.22154153281250002 0.2415432890625 0.21737220000000002 0.2543691 0.2260035890625 0.2603157296875 0.23260259218749998 0.24704245781249998 0.22154153281250002 0.2415432890625
0 0.4665868625 0.3335738921875 0.45832346093750004 0.392371059375 0.49659597812499995 0.4119506109375 0.5203323203125 0.355328025 0.515895353125 0.3476040984375 0.49932257968749993 0.34764173125000003 0.50566649375 0.31934298125 0.476267909375 0.3152112796875 0.4665868625 0.3335738921875