0 0.4764565328125 0.200039834375 0.46710101562500006 0.1708018953125 0.461942559375 0.1022278890625 0.454307634375 0.0908931875 0.4277848546875 0.077419065625 0.43468712343749993 0.059846246874999995 0.427133971875 0.050071903125 0.3632410421875 0.0549850328125 0.335880609375 0.11509309375000001 0.340221315625 0.1680635125 0.355985134375 0.18523077500000001 0.393103325 0.1918910375 0.3935873390625 0.230981778125 0.3866850703125 0.2485545984375 0.38922009375 0.296925715625 0.43265154062500005 0.3494121203125 0.4484186765625 0.3517150890625 0.4763415828125 0.34712242187500003 0.4701266875 0.228535165625 0.4764565328125 0.200039834375
0 0.5417749656249999 0.431313284375 0.5173197828125 0.3527980671875 0.4886675375 0.3136189171875 0.48760446249999995 0.2933342546875 0.49828828437499995 0.2583521640625 0.496734559375 0.22870534999999997 0.4905815359375 0.20086421875 0.466446815625 0.15831902656250002 0.4603888359375 0.072581075 0.45521379375000004 0.0783285421875 0.44946632500000006 0.07315350000000001 0.43805648281250004 0.049499478125 0.3506763984375 0.054078873437499994 0.3498520140625 0.0682038765625 0.33622097812499996 0.06187735 0.333577640625 0.1308602296875 0.351594665625 0.355224775 0.43125473124999997 0.3526146125 0.42730962968749997 0.366903165625 0.44445367031250005 0.45518940937499996 0.474012075 0.481803915625 0.476223315625 0.5090693046875 0.5041462218749999 0.5044766390625 0.5214703984375 0.5215621265625 0.5305054515625 0.5148300421875 0.5440646640625 0.47500332656250005 0.5417749656249999 0.431313284375
0 0.3243647765625 1 0.322060478125 0.9560313609375 0.310071575 0.9511834171875 0.3048965328125 0.956930884375 0.302917346875 0.99380375 0.294137571875 0.9606240265625001 0.2990706078125 0.9353311874999999 0.2897416296875 0.7871788921875 0.27858042968749996 0.7533416515625 0.28211665625000004 0.7312513046875 0.302898603125 0.70982179375 0.3167031421875 0.6746761546875 0.30997769218750004 0.6359125125 0.31556492812500003 0.62310254375 0.31870555 0.5337532265625 0.3388399328125 0.47011225625 0.35370754375 0.4552512796875 0.3606098125 0.437678459375 0.344937721875 0.377478671875 0.34880104843750004 0.361629759375 0.3352131390625 0.162067403125 0.3212550046875 0.1494994421875 0.29546488125 0.16493284375 0.26253380000000004 0.1635294 0.24471897343750001 0.137081759375 0.241196015625 0.0997149265625 0.21648555468750003 0.06111151875 0.1838815734375 0.065949509375 0.167286734375 0.0926358390625 0.1727855609375 0.10799410000000001 0.1924911640625 0.1257371046875 0.20143117031250002 0.176901840625 0.1881172828125 0.22140963125000002 0.15427340625 0.262299421875 0.1444073359375 0.3128850984375 0.14200932187499998 0.386549053125 0.135434153125 0.4103633078125 0.1537230421875 0.5204945734375 0.1472230125 0.575597775 0.151468675 0.6864650140624999 0.1292114609375 0.6946723640625 0.1146709484375 0.7157747765625 0.093071253125 0.7216007015625 0.07154669687500001 0.7587155734375 0.015200282812499999 0.8031316374999999 0.0162633578125 0.8234163000000001 0.024392249999999997 0.8292488609375 0.021598632812499997 0.8356538453125 0.028661134375 0.8360660375 0.0298943921875 0.8297428281249999 0.0472218875 0.8319640203124999 0.067172815625 0.8543881015625001 0.0935353625 0.849877209375 0.12335236249999999 0.8217156140625 0.1392012734375 0.825578940625 0.1598914921875 0.8471819546875 0.170228309375 0.8951441984375 0.16808225625 0.943760640625 0.1794947890625 1 0.2592437984375 1 0.2791030921875 0.9872285812499999 0.2882983765625 0.9984815078124999 0.280908775 0.9918278812500001 0.27565195781249996 0.9960149906250001 0.2800777578125 1 0.3024810546875 1 0.303080896875 0.9969244671874999 0.3039354828125 1 0.3243647765625 1
0 0.0771472015625 0.6864484265625 0.1026035890625 0.6945021796875 0.11763806875 0.6678976249999999 0.10721947812499999 0.6183750234375001 0.1249624828125 0.5986694203125 0.1190547828125 0.575509365625 0.13491032812499998 0.549644103125 0.14132194843749998 0.52270913125 0.13837805 0.4665362203125 0.12056322343749999 0.44008857968750004 0.113746046875 0.4443574640625 0.116454571875 0.45125641562499996 0.106353128125 0.45256813124999995 0.10897656093750001 0.47277101874999994 0.1189111375 0.4832028796875 0.11562355312499999 0.49511000781250003 0.1010079 0.484923471875 0.0841710546875 0.4920644296875 0.05247655 0.4694734828125 0.0397516734375 0.4505823109375 0.0197123359375 0.45632646093749996 0.011989 0.47315998906249995 0.022080492187500002 0.51644115625 0.00753334375 0.5672721578125001 0.0112750859375 0.7282344234375 0.0375492234375 0.7518917625 0.048389959375 0.7497589796875 0.0591555546875 0.7163372484375 0.0771472015625 0.6864484265625
0 0.07068150937499999 0.21974095781249997 0.05343910625 0.2042158296875 0.031921184375 0.2116021125 0.022882815625 0.23319849218750002 0.0302624640625 0.284445003125 0.036912773437500004 0.2919196953125 0.050628901562499995 0.2849422875 0.0745382 0.23362063593750002 0.07068150937499999 0.21974095781249997
0 0.17252829375 1 0.1725865125 0.9998517781249999 0.16110484687499999 0.9300445125 0.167516465625 0.9031095406249999 0.157009465625 0.8817551703125 0.157752075 0.8660698078125 0.139855471875 0.8380618109375 0.127699703125 0.84495744375 0.10273396406249999 0.84626584375 0.072508090625 0.8666256453125 0.06700263125 0.8809959734374999 0.0488507515625 0.8928997828125 0.0348892984375 0.895196115625 0.0190437046875 0.8764684953125 0.0255177171875 1 0.17252829375 1
0 0.5130929562500001 1 0.6861047390625 0.9909328374999999 0.6921041671875 0.9710603671875001 0.6905637125 0.8819563734375 0.67811401875 0.7339676265625 0.66284085 0.726162515625 0.3241612484375 0.7423473171875 0.33209009843750004 0.9085664015624999 0.3448116578125 0.9423218671875 0.344886796875 0.973610815625 0.3512100078125 0.9748440734375 0.351540425 0.9662212140625 0.3572061171875 0.9698358984375 0.352933915625 0.977883015625 0.37116093437500003 0.9972681546875 0.37130410468749997 1 0.3834917453125 1 0.38356202968750003 0.995053596875 0.4053285921875 0.97748409375 0.4326724390625 0.9916975062500001 0.437382215625 1 0.483506646875 1 0.4899117421875 0.9941739765625 0.4795649734375 0.9908046171875 0.4982075015625 0.988262959375 0.4944942015625 1 0.5130929562500001 1
0 0.850204309375 0.912706071875 0.8696778578125001 0.8663108218750001 0.8672997499999999 0.8507890109374999 0.8452160390625 0.81752419375 0.8504761750000001 0.798472790625 0.8347974484374999 0.7680015921875001 0.831274490625 0.730634759375 0.7766818437499999 0.6443111140625 0.7685595843749999 0.6087499656250001 0.758379684375 0.5936370281250001 0.7603555515625 0.5716284578125 0.7130574609375 0.549855259375 0.6736396203125 0.5440978390625 0.645468071875 0.5588737234375001 0.6491612140624999 0.5696326843749999 0.6330603421875 0.590816871875 0.6319773640624999 0.6597179765625001 0.6232694109375 0.6726914953125 0.6372242296875 0.7001237515625001 0.6226019421875 0.7196658046875 0.6705608671875 0.7241932828125 0.68279509375 0.7337223015625 0.6901614734375 0.844425990625 0.7101941765625 0.8684104312500001 0.7092062421875001 0.8794147156250001 0.7197132421875 0.9007690875 0.774567803125 0.9174523359375 0.7899260640625 0.9119535093750001 0.8134916765625 0.9287118984375 0.8227753703125 0.9117965953124999 0.835667115625 0.9189441890625 0.850204309375 0.912706071875
0 1 0.9329853312499999 0.9916178875 0.92407063125 0.99326665625 0.8958206265624999 0.9768453203125 0.8810347890625 0.96871974375 0.860337934375 0.9484350828125001 0.861401009375 0.9284808375000001 0.8538412234375 0.9038587859374999 0.7870695828125001 0.8822590890625 0.7928955078125 0.87075751875 0.8122740109375 0.8453044484375001 0.7893559640625 0.8346338984375 0.764880875 0.8293870328124999 0.7244751 0.7749579343749999 0.6412721718750001 0.7702834937499999 0.6117889078125 0.758216134375 0.5905163109375 0.757071284375 0.568671290625 0.6845621296875 0.5435254140625 0.647685946875 0.5564105234375 0.6462858203125 0.5744773109375 0.6317453078125 0.595579721875 0.6319773640624999 0.6597179765625001 0.626390128125 0.6725279453125 0.6357456453125 0.701765884375 0.6241623 0.7195840296875 0.6722030015625 0.7256718671875 0.6845190031249999 0.7367612453125 0.6900796984374999 0.8428656328124999 0.716428975 0.8978119203125001 0.72710284375 0.9074227140625 0.77300744375 0.9175341109374999 0.7836028546875 0.9107202515624999 0.7905802640624999 0.9244363796874999 0.8013392250000001 0.9207432375 0.8111920265625001 0.9296147390625 0.8185849453125 0.9214040718750001 0.840511740625 0.92181958125 0.855706453125 0.9132000390625 0.8658045781249999 0.9267526171875 0.87976603125 0.9244562843749999 0.8861676984375 0.942114196875 0.8733510953125 0.96625555 0.87408706875 0.980298778125 1 0.9744468234375001 1 0.9329853312499999
0 0.41253258437499996 0.7118993421875001 0.41294809375 0.6899725453125 0.388476321875 0.6857788015625 0.369009409375 0.7024454625 0.36268951718750003 0.686347909375 0.35554524062500004 0.6843753578125 0.33944436875 0.7055595453125 0.3217864578125 0.7119612109375 0.3246552140625 0.736845175 0.3501149203125 0.7300346328125 0.40349421406249997 0.7334957203125 0.41253258437499996 0.7118993421875001
0 0.5896974 0.599348003125 0.5883204953125001 0.513364728125 0.59308998125 0.48495117343749994 0.6022068093749999 0.479779446875 0.5935253968749999 0.373838609375 0.5799827703125 0.3393438515625 0.5716870093749999 0.34525486875 0.5722561171875 0.3710416734375 0.5487689625 0.3707079390625 0.5421971109375 0.3796578984375 0.54490231875 0.4014211453125 0.564444371875 0.41604343281249995 0.5664953796875001 0.42532380937500003 0.5626254187499999 0.470901309375 0.555314275 0.4806723359375 0.565657725 0.49890599062499996 0.5677020984375 0.5379149578125 0.564084096875 0.55844494375 0.552173653125 0.5700216546875 0.5518399171875 0.5935088093750001 0.567430234375 0.6521482375 0.5788433937499999 0.660937965625 0.5893570296874999 0.6525637484375 0.5986440421875 0.62078415 0.5896974 0.599348003125
0 0.9631116109375 0.2308625171875 0.946853825 0.219197396875 0.9359379499999999 0.19004123281250002 0.9160654796875001 0.18404180625 0.9111357609375 0.1944703484375 0.9291925953125 0.240463359375 0.9534974999999999 0.2564006796875 0.9655648593749999 0.27767327656249996 0.9732716078125 0.335161221875 0.9871512859375 0.3313045296875 0.9874916546874999 0.27808878593749997 0.9631116109375 0.2308625171875
0 0.9680811390624999 0.0420624390625 0.931865790625 0.0377018265625 0.9220914468749999 0.045254978125 0.9283295624999999 0.0597921734375 0.9731677718749999 0.06448320156250001 0.9778488484375 0.06423787656249999 0.9754740578125001 0.0338517703125 0.9680811390624999 0.0420624390625
0 0.9121791125 0 0.9574072703125 0.032451643749999995 0.9632398296875 0.0243227515625 0.9512722968749999 0 0.9121791125 0
0 0.8732815953124999 0.173766859375 0.8795263484375001 0.158575465625 0.8792058828125 0.122605440625 0.8403637843749999 0.11290623749999999 0.820896871875 0.1295728984375 0.8128464359375001 0.140164990625 0.8123491515625 0.16053142812500001 0.7969091140625 0.1644698953125 0.7952603468749999 0.1927199 0.800350296875 0.20027636875 0.8470008234374999 0.179838109375 0.852751609375 0.1701488578125 0.8732815953124999 0.173766859375
0 0.8557805984375 0.2130178328125 0.8483092234375 0.20480384843750002 0.8401770125000001 0.21383558281249998 0.8341742671875 0.248572346875 0.8131469953125 0.2653207828125 0.823408671875 0.281994078125 0.8303893984374999 0.2808459125 0.8545407046875001 0.24906963124999998 0.8557805984375 0.2130178328125
0 0.7906278703125 0.3431685296875 0.7873502375 0.3104827734375 0.7815209953125 0.303747371875 0.7566370328125 0.30661612968749996 0.7455476546875001 0.31893213125000003 0.7498065859375 0.3703421921875 0.740192475 0.3958803546875 0.7550534515625 0.41074796718749995 0.769672421875 0.4060702078125 0.7883182671875 0.38866425625 0.7906278703125 0.3431685296875
0 0.8004453421875001 0.14237955 0.80447221875 0.1296513546875 0.8004519765625 0.112650959375 0.7786102734375 0.0989315140625 0.7724506140625 0.10081897343749999 0.7648156875 0.0894842703125 0.76974540625 0.0790557265625 0.7767228140625 0.0927718546875 0.791014684375 0.08185266249999999 0.7931607374999999 0.033236218750000004 0.78273219375 0.028306500000000002 0.7704946500000001 0.033641776562499996 0.7453653609375 0.0318294578125 0.733376459375 0.0269815140625 0.7474196875 0.026245540625 0.7468472625 0.0153230296875 0.738224403125 0.014992612499999999 0.7080803046875 0.036912773437500004 0.6749005796875001 0.0456925484375 0.672509203125 0.089627915625 0.688191246875 0.10523481875 0.7052734171874999 0.1027749359375 0.707658159375 0.088568159375 0.7198923859375 0.09809717812499999 0.7304811625000001 0.1210119078125 0.72522434375 0.12519901718749998 0.716274384375 0.118627165625 0.7175043265625 0.12716825 0.7261271859375 0.1274986671875 0.7244784171875 0.1557486734375 0.7528952906249999 0.1456538640625 0.7477202468749999 0.15140133125 0.7645504578125 0.1739889625 0.7700526 0.1744829296875 0.7875502796875 0.15009625 0.8004453421875001 0.14237955
0 0.7454073265625001 0.2117613515625 0.729885515625 0.21413945937499998 0.730536396875 0.2414866234375 0.744906725 0.24699208437500003 0.7553385859375 0.23705750781249998 0.7545208359375 0.22145392031250002 0.7454073265625001 0.2117613515625
0 0.708459321875 0.17849321875 0.7066569546875 0.159029621875 0.6880144265625 0.1615712796875 0.672489296875 0.1788136828125 0.674206571875 0.21158121406250002 0.6901372578125 0.2170049 0.699090534375 0.2087124578125 0.6978639109375 0.1853070765625 0.708459321875 0.17849321875
0 0.66008156875 0.21075682968749998 0.651049834375 0.2026246203125 0.6310104953125 0.20836877031249998 0.6158191015625001 0.2021240171875 0.6163981609375 0.1833179390625 0.59932594375 0.1411849375 0.591605925 0.14315417187499999 0.5973533921875 0.1483292140625 0.5837190390625 0.1568669828125 0.584857253125 0.20844059218750002 0.5598064234375 0.2230529265625 0.5478175203125 0.21820498437500002 0.55324120625 0.20227429843750003 0.543146396875 0.173857425 0.511612125 0.1692514890625 0.49896238750000005 0.181649265625 0.5004343359375001 0.209735721875 0.527856640625 0.2403737875 0.5453476859374999 0.24571569843750002 0.5560248703124999 0.24046219687499998 0.5784423171874999 0.25023985937500004 0.600948171875 0.2318492890625 0.6260741421875 0.248525903125 0.64611348125 0.242781753125 0.6577786 0.22652396718749998 0.66008156875 0.21075682968749998
0 0.4902246828125 0 0.47781469374999996 0.0020411546875 0.4696824828125 0.0110728890625 0.47017313281249995 0.020435040625 0.48651269375000006 0.03366051875 0.4985866875 0.025204526562500003 0.49932929687499994 0.009519165625000001 0.4919733375 0 0.4902246828125 0
0 0 0.4254021703125 0.02587863125 0.4247104140625 0.031711190625 0.41658152031249995 0.0389372421875 0.4201144296875 0.041158434375000004 0.402786934375 0.0323753421875 0.38447150625000004 0.062437665625000006 0.3609909859375 0.06252939375 0.3179584609375 0.0389604640625 0.3160643671875 0.0384631796875 0.33643080468750003 0.021299234375 0.3373303296875 0.012925017187499999 0.32681669375 0.004547481250000001 0.3311673515625 0.007416239062500001 0.356051315625 0 0.361046809375 0 0.4254021703125
0 0.1359027421875 0.1506077984375 0.1412380171875 0.1628453421875 0.147397678125 0.160957884375 0.14115956093749998 0.1464206890625 0.1359027421875 0.1506077984375
0 0.1271362375 0.057970895312500006 0.11235371718750001 0.0595279375 0.108326840625 0.07225613125 0.11333501718750001 0.078252240625 0.11563798437499999 0.0624851046875 0.125821203125 0.062733746875 0.1271362375 0.057970895312500006
0 0.15356397187499998 0.12934183593749998 0.1584903734375 0.1337775875 0.166046840625 0.1286876375 0.1628476671875 0.11242653437500001 0.15356397187499998 0.12934183593749998
0 0.17195785937500002 0.136983396875 0.15898102187500002 0.1431397390625 0.15207875312500002 0.160712559375 0.1643096625 0.1851058734375 0.179504375 0.17648633125 0.1817255671875 0.1591588359375 0.17195785937500002 0.136983396875
0 0.1558470359375 0.20276046874999998 0.1386046328125 0.1872353390625 0.130145321875 0.1900256390625 0.135971246875 0.2116253359375 0.12299109374999999 0.23264597187499997 0.12241203437499999 0.2514520515625 0.13398874375 0.2633624953125 0.14326912187500002 0.2613114875 0.1587975671875 0.22920479062500002 0.1558470359375 0.20276046874999998