0 0.543198721875 0.600849459375 0.5613466453125 0.7108376890625 0.621386234375 0.9228344140625 0.6322258390625 0.9813994734374999 0.675441925 0.9706285687499999 0.6029344859375 0.727193784375 0.5748138375 0.610172025 0.560757403125 0.596953434375 0.543198721875 0.600849459375
0 0.4736354078125 0.5887541328125 0.4964513515625 0.604478475 0.5279581078125 0.6073595984375 0.535544065625 0.5964300421875001 0.535327346875 0.5835471609375 0.5468886546875 0.5723612218749999 0.5479354390625 0.5219345468750001 0.5438913921874999 0.50684195625 0.53744995 0.5069503156249999 0.5083986578124999 0.537381253125 0.511189828125 0.5568535984375 0.4711006203125 0.5732571359375 0.4736354078125 0.5887541328125
0 0.61520971875 0.5556722671875 0.6092520078125 0.5394748218750001 0.593942696875 0.5306359875 0.5724667343750001 0.58330140625 0.5967919375 0.59862134375 0.6146466640625 0.5897931375 0.61520971875 0.5556722671875
0 0.675441925 0.9706285687499999 0.576323096875 0.6097676203125 0.5792729171875 0.5936098375000001 0.581995390625 0.5977332093750001 0.6122889328125 0.5960865562500001 0.61520971875 0.5556722671875 0.5841286218749999 0.48797232656249995 0.5338740718749999 0.2943827578125 0.5285771484375 0.2836699203125 0.514036984375 0.2867571375 0.5130114546875 0.2708557359375 0.5207454359375 0.2574600890625 0.495159575 0.155935325 0.482543703125 0.12696335625 0.47308374375 0.12788052656249999 0.470657315625 0.118824971875 0.4768820359375 0.1058337296875 0.46677191718750005 0.06810225156250001 0.459304946875 0.052309210937499996 0.4498449875 0.053226379687500006 0.45356395625 0.048994648437499996 0.44830669375000004 0.029374279687499998 0.42869695312499995 0.001467503125 0.41456119375 0.006063978124999999 0.429376146875 0.06437265625000001 0.413051934375 0.0064683828124999995 0.361737125 0.020218145312499998 0.374598753125 0.0863295 0.3947899546875 0.13753595000000002 0.3992674421875 0.17839430625 0.45625947812499995 0.36694333437500004 0.4691713953125 0.3909831203125 0.47041364531249996 0.419767403125 0.5074021625 0.5457363578125001 0.4988197109375 0.56502101875 0.48553242343749997 0.5637284796875 0.47205745156249995 0.5738095640624999 0.47282659843749997 0.5857356140625 0.4964513515625 0.604478475 0.5294673671875 0.60695519375 0.5420145421875 0.6205781890625001 0.631417028125 0.97838095625 0.675441925 0.9706285687499999
0 0.7015122781249999 0.5940170890625 0.693236496875 0.57520553125 0.704985490625 0.55264596875 0.7140913359375001 0.5081479703125 0.708498365625 0.502367315625 0.6750779453125 0.49838133906250004 0.648463709375 0.5047037921874999 0.636339346875 0.5500106 0.6493305890625 0.556235321875 0.6831051234375 0.603802128125 0.6947351296875001 0.6079651640625 0.7015122781249999 0.5940170890625
0 0.5104219140625 0 0.5376065156250001 0.13323836875 0.5489008140625 0.1512411171875 0.559227653125 0.20185547656249997 0.569713140625 0.2168397078125 0.64140114375 0.4904200109375 0.6451491468749999 0.510444784375 0.6382530109375 0.5511154546875 0.6520530625000001 0.56035869375 0.681191459375 0.6026972734375 0.6947351296875001 0.6079651640625 0.7030215375 0.593612684375 0.695554565625 0.5778196437500001 0.7140913359375001 0.5081479703125 0.6740127546875 0.49138747031249996 0.6469969609375 0.3724520453125 0.5517741578125 0.0291497796875 0.5422015671875 0 0.5104219140625 0
0 0.7049352 0.5947175390624999 0.69458710625 0.6104312546874999 0.6965298062499999 0.6357926140625 0.7333016031249999 0.7488786875 0.7810900625 0.9423202343750001 0.80538623125 0.9333836671875 0.7191396578125 0.6054700375000001 0.7128859015625 0.594204775 0.7049352 0.5947175390624999
0 1 0.4501143296875 0.907197175 0.4741992265625 0.7196049796875 0.5317436890625 0.712235740625 0.5555561265625 0.7178287109375 0.56133678125 0.7415724515625 0.5533570453125 0.760196325 0.5564548890625 0.7683347109375 0.5445685015625 0.8022388609375 0.5322486734375 0.8391905640624999 0.5433765421875 0.8558717390625 0.521113025 0.886352965625 0.5080927484375 0.913223584375 0.5057456453125 0.9206615203125 0.49728217968750005 0.9490413984374999 0.49453067187500005 0.9658309328125 0.4787085953125 1 0.466263215625 1 0.4501143296875
0 0.7614517234375 0 0.7619152875 0.016518346875 0.7722924156250001 0.025061137500000004 0.781485365625 0.05333265625 0.8957151921875001 0.4675701 0.9028174203124999 0.47294634843749994 0.9299840843749999 0.4656670640625 0.9321250953125 0.4464907625 0.9100705187499999 0.3521078890625 0.81572349375 0 0.7614517234375 0
0 1 0.4368853171875 0.982089296875 0.39751527656249996 0.9731817640625 0.3974756140625 0.977373834375 0.41010211406249997 0.9636424796874999 0.41620784843749997 0.9486292140625 0.40243683125 0.9183753343750001 0.395175953125 0.9164220078125 0.40297863125 0.8937831218750001 0.4090447015625 0.8951840203125 0.40219885624999996 0.8800914296875 0.406242903125 0.86781904375 0.454015803125 0.8564057578125001 0.46273565000000005 0.845071796875 0.4536404328125 0.83543478125 0.4327671875 0.8288056546875 0.44424917031250005 0.8163271765625 0.44597515000000004 0.806275128125 0.4567566828125 0.7925834359375 0.45395488593750005 0.7884890984374999 0.48093386406249994 0.7689480546875 0.46837606093749995 0.7676448890625001 0.5148273859375 0.7743427125 0.5186943765625001 0.8662991578125 0.4875842453125 0.9840213671875 0.45604067343750004 1 0.456111821875 1 0.4368853171875
0 0.2848880671875 0.6902838296875 0.2792660640625 0.6602466687499999 0.2685928890625 0.6566360609374999 0.1806117953125 0.6874898109375 0.0428648109375 0.722781384375 0.0495916703125 0.7509048796875 0.2848880671875 0.6902838296875
0 0.117262575 0.695567278125 0.090275815625 0.6008883593750001 0.0702220078125 0.58037985625 0.0538581328125 0.531383115625 0.0438854078125 0.524349584375 0.0387655421875 0.5354271640625 0.045344378125 0.56601675 0.08325006562500001 0.7014456640625 0.0899478890625 0.7053126546875 0.11107751562499998 0.6996509890625 0.117262575 0.695567278125
0 0 0.561391978125 0.0450745203125 0.7189540562500001 0.061015582812500004 0.7090209953125 0 0.48693960468749997 0 0.561391978125