0 0.486565603125 0 0.4705771921875 0.00083649375 0.4705825328125 0.034511903125 0.48153684218750004 0.07916905156250001 0.4783866828125 0.10131774843750001 0.4983982171875 0.342697303125 0.50612614375 0.386013746875 0.520481371875 0.389708878125 0.53396464375 0.3809344578125 0.535556109375 0.35889475625 0.5249181015625 0.2515628703125 0.515112559375 0 0.486565603125 0
0 0.520666590625 0.41475697343749995 0.50787005625 0.41095284843749996 0.5037717171875 0.3971425921875 0.4930407375 0.389278240625 0.46273881718750004 0.40392768125 0.4478439578125 0.426114490625 0.4502746078125 0.438475046875 0.4887350921875 0.439701415625 0.49732963437500005 0.4618120015625 0.526187196875 0.48250565781250004 0.5363732046874999 0.48257654062500005 0.539850346875 0.46510392500000003 0.520666590625 0.41475697343749995
0 0.5445157468749999 0.3974261234375 0.5848672500000001 0.4368949890625 0.592802484375 0.41597800312500005 0.580834453125 0.3792233171875 0.5609693 0.3751303203125 0.5445157468749999 0.3974261234375
0 0.4776717890625 0.3934855734375 0.447952953125 0.427673184375 0.4502746078125 0.438475046875 0.46256428125 0.44623040312500006 0.48105061875 0.44180508281249997 0.48844622031249996 0.4467700359375 0.4931985265625 0.46993245312500004 0.49771075312499996 0.5792590109375 0.5057656640625 0.6272515359375 0.5096780578125 0.8399968578125 0.5211773390625 0.8924474765625 0.5185721531249999 0.9223896421875001 0.5270302703125 0.9985476500000001 0.6174345125 0.9922259703125 0.6079519921875 0.8566196078124999 0.6115709 0.8187749765625 0.6007911265625 0.73181510625 0.6047370171875001 0.6986465578125001 0.5879190953125 0.48053841718749996 0.5906988171875 0.408293528125 0.5767742265625 0.3771577625 0.56419568125 0.37647102499999996 0.5445866296874999 0.3872401171875 0.5325858265625001 0.3724161390625 0.5092054203124999 0.3740510578125 0.50757584375 0.384346059375 0.5210972265625 0.38731634062500003 0.4776717890625 0.3934855734375
0 0.6377431640625 0.3642796640625 0.611506809375 0.41467006875 0.61281474375 0.43337439531250005 0.6447896937500001 0.45385006250000004 0.65653439375 0.4538119515625 0.671467365625 0.44336984375000005 0.68766481875 0.40621195156249995 0.6489756625 0.334517375 0.6334268359374999 0.347352021875 0.6377431640625 0.3642796640625
0 0.9930598140625 0.38329033749999997 0.9912450203125 0.36853724374999997 0.9490512921875001 0.3699214 0.926357621875 0.358977771875 0.864336853125 0.368013634375 0.8296096109375 0.3641767375 0.812932728125 0.34967974375 0.7839715109375 0.3611028015625 0.776832009375 0.37099993750000004 0.753560596875 0.37419354843749997 0.7291992390625001 0.361800221875 0.69215568125 0.38083687187500004 0.6931366328124999 0.394865115625 0.7005322359374999 0.39983006875 0.9930598140625 0.38329033749999997
0 0.9098370750000001 0.8731013171875001 0.926055890625 0.9706450609375 0.92104214375 0.8989451453124999 0.9250970296875 0.867335290625 0.928721278125 0.8631660703125 0.9340513265625001 0.87219125 0.9459759046875 0.8635258234375 0.9595354 0.87824080625 0.9637373921875 0.859934346875 0.9335893703125 0.473596265625 0.9253492421875 0.4005556453125 0.91918535 0.390805615625 0.8958049421875 0.3924405328125 0.8863818968749999 0.4032805078125 0.9142517140624999 0.8242368359375 0.9098370750000001 0.8731013171875001
0 0.6561845953125001 0.7624005578124999 0.676664878125 0.9880841796875 0.7000452859374999 0.9864492625000001 0.695446153125 0.7862824859375 0.6691129390625 0.4544986890625 0.687337834375 0.4015358703125 0.6773317046875 0.3928376734375 0.654812571875 0.3395913234375 0.64741696875 0.3346263703125 0.6318681421875 0.347461015625 0.636075475 0.362829965625 0.6259275796875 0.374503784375 0.611397815625 0.413111375 0.61281474375 0.43337439531250005 0.6391707734375001 0.451893503125 0.6597707328125 0.7464866359375 0.6561845953125001 0.7624005578124999
0 0 0.43630167656249996 0.23132728125000002 0.420892709375 0.24035246093749998 0.4155626609375 0.2382106828125 0.3961334859375 0.1543682 0.40669527031249997 0.039929582812499996 0.40529970468750004 0 0.4154198828125 0 0.43630167656249996
0 0 0.4696406765625 0.0115179546875 0.682174803125 0.0197146296875 0.7097953140625 0.025927315625000003 0.7986408625 0.0311483703125 0.8061073484374999 0.036609503125 0.7274096953125 0.0177862265625 0.43582495468750004 0 0.433543353125 0 0.4696406765625
0 0.06859051875 0.5575776109375 0.07674374218749999 0.5397780109375 0.07202420937500001 0.49468488437499997 0.0759701 0.46151633593749997 0.0743351828125 0.438135928125 0.052802340625 0.4325932328125 0.0399349234375 0.4389751140625 0.0530904859375 0.649507775 0.059870234375 0.656865265625 0.06711873125 0.648526825 0.072732309375 0.6168079750000001 0.06859051875 0.5575776109375