0 0.488889665625 0.6091480812500001 0.4514388453125 0.7141442421875001 0.4011726015625 0.928668525 0.382260228125 0.985145825 0.4252797078125 0.9966769531249999 0.479882796875 0.7486117906249999 0.5120212000000001 0.6326290921875 0.5061356640625 0.614253159375 0.488889665625 0.6091480812500001
0 0.4339121515625 0.5648443046875 0.44624411249999996 0.5896585156249999 0.472403746875 0.60745318125 0.48433732812499997 0.6015717203125 0.4903935265625 0.5901990296874999 0.505928325 0.586020621875 0.5312912 0.5424239484375 0.5350712296875 0.5272630781250001 0.529384884375 0.5242349796875 0.489222840625 0.5367661296875 0.4822236734375 0.5551502140625 0.43920826718750006 0.5500614374999999 0.4339121515625 0.5648443046875
0 0.5737742406249999 0.6045468421875 0.5764161859375 0.58749188125 0.5673115125 0.5723391609374999 0.5229955109375 0.6079896203125 0.5368435593750001 0.6331818328125001 0.5567396546875 0.634116653125 0.5737742406249999 0.6045468421875
0 0.4252797078125 0.9966769531249999 0.5135372859375 0.6330070953125 0.5239507062500001 0.6203052812500001 0.5243327843750001 0.6252315453125 0.5516264265624999 0.63847795 0.5737742406249999 0.6045468421875 0.5794116828125 0.5302667265625 0.6293121484374999 0.33658558437499997 0.6298730406249999 0.3246479265625 0.6156592140625 0.32029885468749997 0.62247141875 0.3058939890625 0.6357300484375 0.2979274015625 0.662572334375 0.19672757031250002 0.6655841328125 0.1652718203125 0.6568656125000001 0.1614877140625 0.65913363125 0.1523911921875 0.6708761734375 0.1440466 0.6803262484375 0.1061444234375 0.68145210625 0.088711459375 0.6727335875 0.0849273546875 0.678037853125 0.083029190625 0.6829518921875 0.0633200578125 0.6793302999999999 0.029405251562500002 0.664738471875 0.026572265625 0.6494273140625 0.0847526171875 0.663222384375 0.0261942640625 0.6116754234374999 0.0133421625 0.5908730359375001 0.0773998984375 0.5837072796875 0.1319749578125 0.5678148546874999 0.169881209375 0.5262508296874999 0.3624201921875 0.525889128125 0.389705684375 0.5130207265625 0.41548323906249995 0.4843006515625 0.543590559375 0.4674448796875 0.5562964484374999 0.45645019218750005 0.5487241640625 0.439777309375 0.5510084828124999 0.43466815781249996 0.56181213125 0.44624411249999996 0.5896585156249999 0.4739198328125 0.6078311843749999 0.47828928125000003 0.6258291140625001 0.383016234375 0.9821136515625 0.4252797078125 0.9966769531249999
0 0.6306662203125 0.679924290625 0.632548084375 0.6594591515625 0.653761078125 0.6454241390625 0.6832982859375 0.6109199140625 0.6812090828125 0.6031525156249999 0.6539113640625 0.5834637593750001 0.6275688421875001 0.5760906640625 0.594999459375 0.6098388828125 0.60334405 0.6215814265625 0.6098230796874999 0.6795585125 0.61797663125 0.6888379234374999 0.6306662203125 0.679924290625
0 0.7735554140625001 0.113285728125 0.784131346875 0.0579505875 0.7572197828125 0.049630446875 0.7107009671875 0.19745505000000002 0.7118512765625 0.21867619375 0.6963450046874999 0.2679510609375 0.6982513203125 0.28614002968749996 0.628316696875 0.5601737875 0.621886571875 0.5795049156250001 0.59613754375 0.6117329734375 0.6037261296875001 0.626507690625 0.6086849953125 0.677664421875 0.61797663125 0.6888379234374999 0.63218230625 0.6803022921874999 0.633308165625 0.6628693296875 0.6832982859375 0.6109199140625 0.6563704218749999 0.57683036875 0.6904029140625 0.4597095859375 0.7735554140625001 0.113285728125
0 0.5638778531249999 1 0.6405309734375 0.6984871874999999 0.6405228234375 0.685602484375 0.633320390625 0.6821963828125 0.616651584375 0.690923053125 0.606055275 0.7140464375 0.5833913984375 0.8307810671875 0.537658784375 1 0.5638778531249999 1
0 0.964733665625 0.6996084734375 0.8686511375 0.6748472421875 0.676681196875 0.6342302625 0.6586914171875 0.6514844125 0.6607806218750001 0.6592518125 0.6854160171875 0.663783771875 0.7002029609375 0.675522240625 0.7130835875 0.6690717390625001 0.748709596875 0.6747336328125 0.7756333859375 0.7023808265625 0.8010166375000001 0.6909959109375 0.833988475 0.6943857109375 0.858627946875 0.7053600234374999 0.86923648125 0.7015636921875 0.8953920390624999 0.71291600625 0.9177471921875 0.7072174359375001 0.9619006812500001 0.7142003031249999 0.964733665625 0.6996084734375
0 1 0.110162353125 0.9982776265625001 0.1097329171875 0.9789913265625 0.17416865625 0.963472828125 0.20411647031250002 0.9684072421875 0.21661909375000002 0.9627412734374999 0.2458027515625 0.8618226328124999 0.6634827015625 0.865427925 0.6716281046875 0.8927174921875001 0.6784321578125 0.9038869171874999 0.6626981703125 0.9303552749999999 0.5694567765625 1 0.2901270453125 1 0.110162353125
0 0.730882328125 0.64935445625 0.8263917390625 0.6667262921875 0.9446465312500001 0.696210521875 0.9601894796874999 0.7049168171875 0.9675707250000001 0.691458996875 0.971330378125 0.6440863703125 0.9635589046874999 0.6397332234374999 0.9611039234375 0.6528089640625 0.946134090625 0.6514920671875 0.9396795140625 0.6321690890625 0.9167390187500001 0.611151209375 0.9112477875 0.61702859375 0.88850648125 0.6113585500000001 0.8930506671874999 0.6060502062500001 0.877889796875 0.6022701765625 0.8439953656249999 0.6381035265625 0.8297856156250001 0.6401968046875 0.8242821578124999 0.6267471359375001 0.825972984375 0.603818865625 0.8146084437500001 0.6106473703125 0.80285775 0.606107259375 0.7888390390625 0.610663671875 0.778222353125 0.6015753 0.7615616968750001 0.623186671875 0.750558859375 0.6027296843750001 0.7268990343749999 0.642725140625 0.730882328125 0.64935445625
0 0 0.50512785625 0.219607434375 0.562137653125 0.229252621875 0.5331409593750001 0.2216681109375 0.52480859375 0.1297599171875 0.5091398093749999 0 0.475268290625 0 0.50512785625
0 0.07043740781249999 0.485492209375 0.09273550625 0.389600721875 0.0851387703125 0.36194130156250004 0.09458069375 0.31115442187500003 0.0892682765625 0.300167884375 0.07941982343750001 0.30737439218749996 0.0703436765625 0.33731813125 0.037839496875 0.4741439703125 0.0418227921875 0.4807732859375 0.0630480109375 0.4860653265625 0.07043740781249999 0.485492209375
0 0 0.47074279218750004 0.0147201890625 0.4699900125 0.07292856875 0.23007025312499998 0.0827281203125 0.14555552968750002 0.0483053984375 0.244865346875 0 0.45350887812499996 0 0.47074279218750004