0 0.2833759609375 0.814436853125 0.2880517609375 0.8107575468749999 0.30457428593749997 0.824124159375 0.3211761359375 0.8196757078125 0.3417243015625 0.7907143671875 0.33687144375 0.7726032578125 0.348689134375 0.7653926703125 0.35631475468749996 0.74555558125 0.39283301875 0.730917684375 0.4050947765625 0.7163088234375 0.4146630953125 0.7218330953125001 0.42975568593749996 0.7177890484375 0.4571390703125 0.7233926453125 0.4744413703125 0.71552126875 0.47900880937499996 0.7054005234375 0.4732784453125 0.668921921875 0.5291606953125 0.6450514140625 0.5144144390625 0.602091709375 0.478567590625 0.5890501765625 0.490533303125 0.5793734984375 0.48795885156249996 0.5727840343749999 0.49631395781250004 0.573780528125 0.4988197109375 0.56502101875 0.504708725 0.565869490625 0.50710611875 0.550668540625 0.496403909375 0.5228014265625001 0.519457828125 0.48508057656250003 0.5388905125 0.4911969375 0.5599117796875 0.4790938296875 0.5878079281249999 0.4926481265625 0.6078327015625 0.4889001234375 0.624867990625 0.5102174359375 0.64529716875 0.5079786921875 0.647802921875 0.4992191828125 0.65656243125 0.5017249359375 0.6498065390625001 0.4493449359375 0.662028634375 0.44364360625000004 0.667769625 0.44695816875 0.6681053328125001 0.4331184546875 0.6532507171875 0.38371730937500004 0.6408515640625 0.3676282234375 0.6297159156250001 0.3139953453125 0.5945588890625 0.330694928125 0.5886989093749999 0.3541029625 0.5810045921875 0.3585910765625 0.5716926546875001 0.3570421546875 0.5591851421875 0.334511628125 0.5464502828125 0.33226225781249996 0.540629965625 0.346762759375 0.5336360984375 0.34782795 0.5341092 0.3646861828125 0.504328421875 0.3742835375 0.48459969375 0.37309935781250003 0.47296968906250003 0.3689363234375 0.46278024531249995 0.349019909375 0.450745834375 0.343347615625 0.43565324375000003 0.34739166250000003 0.4275148578125 0.3592780515625 0.4109130078125 0.363726503125 0.40237021874999995 0.3741036328125 0.3928018984375 0.3685793609375 0.377304903125 0.3711141484375 0.3531857921875 0.40184113125 0.3382808859375 0.3945115546875 0.2978269359375 0.4004983015625 0.2736787890625 0.406968778125 0.24371032812500001 0.4279397546875 0.22236397968750002 0.4207185390625 0.18614176093749998 0.430424253125 0.169727596875 0.42349908281250004 0.1276560265625 0.4234487921875 0.0930223921875 0.4149350375 0.0646425140625 0.4176865453125 0.045939315625 0.43240376718749995 0.0496186203125 0.4370795671875 0.0439066640625 0.45802150937499997 0.033962975 0.475244484375 0.03881583125 0.49335559375000004 0.0531286484375 0.5105495328125 0.0425425796875 0.5797084421875 0.07340695625 0.6345255 0.0557292859375 0.6651441218749999 0.052147714062499996 0.7000738 0.05659616562499999 0.71667565 0.116244825 0.7702504593749999 0.1471594921875 0.7829959468750001 0.1879965921875 0.844846534375 0.131442928125 0.896396471875 0.09341540625 0.9114387718750001 0.10175988437500001 0.9455993046875 0.10820132499999999 0.9454909453125 0.27849122187500003 0.8958178578125 0.289175021875 0.8662644265624999 0.2833759609375 0.814436853125
0 0.4279049921875 1 0.39547331875 0.8766047406249999 0.2997292078125 0.89659763125 0.22849798593749998 0.9205368375 0.10392992968749999 0.950679509375 0.1163594796875 1 0.4279049921875 1
0 0.1514500578125 0.3733974875 0.1545082375 0.3636811453125 0.1549919671875 0.34737534062500003 0.144289759375 0.3195082265625 0.1352738671875 0.3130271234375 0.124709053125 0.31585795625 0.11848433124999999 0.3288491984375 0.1005609078125 0.3223284328125 0.087411015625 0.351733840625 0.063775634375 0.3661550171875 0.0603130484375 0.3743620984375 0.075246990625 0.40594817968749997 0.125890384375 0.41987784687499996 0.133032275 0.4163465640625 0.13219443125000002 0.389071540625 0.1514500578125 0.3733974875
0 0.058616104687500004 0.3861401265625 0.0452601203125 0.3694986140625 0.0263402015625 0.371332953125 0.020815929687500002 0.3809012734375 0.0058713609375 0.38247922968750003 0.0182995484375 0.4228248203125 0.038244996875 0.43689188124999995 0.0474485734375 0.43199936250000004 0.0623641078125 0.4061649 0.058616104687500004 0.3861401265625
0 0.1953481859375 0.30178311562500004 0.1866970359375 0.305718803125 0.1762009203125 0.323898609375 0.199193921875 0.3614133671875 0.2129649375 0.3464001015625 0.20819140625000002 0.3104739265625 0.1953481859375 0.30178311562500004
0 0.1676977921875 0.32536820624999996 0.1573893609375 0.3321743890625 0.15510032812500002 0.35381678125 0.1594404203125 0.363977190625 0.1728360671875 0.3717111703125 0.18671544375 0.3631393453125 0.1794361578125 0.3359726828125 0.1676977921875 0.32536820624999996
0 0.22957741562499998 0.30878761093749996 0.2155896796875 0.3109179953125 0.219189659375 0.33340885937500003 0.23732980312500002 0.3528125078125 0.2514655625 0.3482160328125 0.2589431609375 0.33084503593750003 0.22957741562499998 0.30878761093749996
0 0.357632159375 0.0803611609375 0.37015030000000004 0.06972765 0.3778949078125 0.023167965625000002 0.4063144484375 0.011508925 0.170613646875 0.0706207171875 0.1877176328125 0.10728700312499999 0.178286709375 0.132460678125 0.1896893671875 0.15690486875 0.1951739765625 0.15624408125 0.2016947421875 0.1383206578125 0.2194701453125 0.1473075140625 0.2328261296875 0.16394902656250002 0.24670550625 0.15537720156249998 0.258483534375 0.1570741453125 0.260220140625 0.1363885859375 0.253157575 0.1221048046875 0.265784075 0.11791273437500001 0.2865277046875 0.16816235156249998 0.3024291046875 0.167136821875 0.32055084218749996 0.129119928125 0.3381491859375 0.1163163703125 0.357632159375 0.0803611609375
0 1 0.4341737484375 0.9981280921875 0.42718769375 0.976554396875 0.4402476328125 0.9685349984375 0.42541142499999995 0.9417040421875 0.418850996875 0.918335671875 0.40408348437499997 0.9211558765625 0.44781233593750003 0.91485183125 0.47861864374999996 0.9361478890624999 0.5279114296875 0.9307319765625 0.5439211890625 0.9347760234375 0.5590137796875 0.9670413 0.6069849921875 0.9950458078125 0.6269807296875001 1 0.67543709375 1 0.4341737484375
0 1 0.43604526093749996 0.9312532843750001 0.1806260328125 0.9244761359375 0.19457410625 0.9312716921874999 0.2380465765625 0.9260434640625 0.2426827140625 0.9297227703125 0.24735851250000002 0.93248490625 0.24257435312500003 0.93572014375 0.25464842656250003 0.9300875124999999 0.2577753046875 0.9366373140625001 0.2641083859375 0.9326223 0.2732723 0.9399015859375 0.3004389640625 0.92757113125 0.2996988515625 0.9231517140625 0.3073535078125 0.9059974359374999 0.3127587921875 0.9130996640625 0.318135040625 0.9413711828125001 0.3089420921875 0.9459676578125 0.32307785 0.937612553125 0.32208135625 0.9376522156249999 0.3131738234375 0.9267913562500001 0.3209368390625 0.9257948624999999 0.32929194375000004 0.9174397578125 0.32829545000000004 0.9164432625 0.3366505546875 0.9109983156249999 0.328403809375 0.899881075 0.332191475 0.8955409828124999 0.322031065625 0.9068062453125 0.315777309375 0.8969815437499999 0.3062776875 0.9301852453125001 0.2973807828125 0.9308169968750001 0.2786088875 0.9131499546875 0.2760634703125 0.908661840625 0.268369153125 0.8936089109375001 0.26350566875000003 0.8911031578124999 0.272265178125 0.8826000296875 0.273734775 0.9041630968750001 0.29383887343750004 0.88837005625 0.30130584374999997 0.8940713859375 0.3135279390625 0.8803796937499999 0.31072614062500004 0.8736422078125001 0.3157666828125 0.8654747875 0.3033965640625 0.8588456624999999 0.31487854843749996 0.8446015421874999 0.31303358124999997 0.8511803796875 0.34362316875 0.8443635687500001 0.366478775 0.8707107953125 0.389345009375 0.892501209375 0.3891679515625 0.9119629281250001 0.41954081875 0.9199426624999999 0.443284559375 0.91415138125 0.482041565625 0.927092334375 0.5303378578125 0.9336421343750001 0.5366709390625 0.928009503125 0.5397978171875 0.9332667656250001 0.5594181859375 0.9581734296875 0.598037796875 0.9924316953125001 0.6292987984375 0.9956959671875 0.6656293765625 1 0.6750901953125 1 0.43604526093749996
0 0.6812687000000001 0.24680039062499998 0.6730616171875 0.24333780468750002 0.656864171875 0.24929551718749998 0.6485777640625 0.2636479953125 0.65100419375 0.27270355 0.6704368765625001 0.27881991093749997 0.673968159375 0.285961803125 0.6762175312500001 0.2732269421875 0.6872264109375 0.2629978359375 0.6812687000000001 0.24680039062499998
0 0.6214323562499999 0.20459920625 0.6078886859375 0.199331315625 0.5976886140625 0.212578940625 0.620226921875 0.290656009375 0.6290947906250001 0.2996032046875 0.634590028125 0.2657783796875 0.6276861125 0.21586446874999998 0.6214323562499999 0.20459920625
0 0.589954634375 0.22597458750000002 0.580425978125 0.21154278437500001 0.5531509531250001 0.21238062812499997 0.545160590625 0.221800925 0.56535179375 0.273007375 0.5809968125 0.2680064953125 0.588878815625 0.2521447578125 0.589954634375 0.22597458750000002