0 0.3668693453125 0.5155931921875 0.38878555000000004 0.5163913140624999 0.535571078125 0.51126545 0.5837064187500001 0.5017672640625 0.5901707328125 0.5077953359375 0.6589333828124999 0.50695754375 0.6703450765625 0.49796005 0.6786782859375 0.46796345156249997 0.677914859375 0.44610177812499996 0.6509124625 0.38919698281250004 0.6613525250000001 0.3747613359375 0.6605890984375 0.3528996625 0.6473878171874999 0.3330357796875 0.6500746703125 0.3204343328125 0.6209406421875 0.3144161796875 0.541410746875 0.3203203296875 0.5153552015625 0.33530128124999997 0.5025901640625 0.32792978437500003 0.498614415625 0.34839350156250004 0.4768618015625 0.352280025 0.469698509375 0.348621540625 0.47184997500000003 0.3430743265625 0.499149803125 0.3413392703125 0.48030216406250004 0.33887053906250003 0.49575405312500004 0.3336405890625 0.49715201093749994 0.3289014140625 0.49176838749999996 0.33143459375 0.48842716875000003 0.32529746249999997 0.5109878218749999 0.32216444843750003 0.46957953124999996 0.32282873125 0.46764618750000003 0.33462213749999997 0.47874061562500003 0.33892506875 0.46861781718750006 0.3400602921875 0.45579824999999996 0.331127246875 0.45187703125 0.3531525125 0.392374609375 0.35054002500000003 0.35199247968749997 0.35820400937499997 0.337829484375 0.3555716875 0.3296945609375 0.3464750515625 0.3292137046875 0.35509083124999996 0.323666490625 0.352939365625 0.3191999671875 0.35934915 0.31192761406249997 0.3525675703125 0.315640628125 0.346965825 0.30303918125 0.344278971875 0.285316846875 0.3292633265625 0.0339075921875 0.33804272968750004 0.0406743109375 0.4198876828125 0.037154642187499996 0.49818321406250005 0.041150226562499996 0.5230589234374999 0.0522446546875 0.5273618546875001 0.35906160468750004 0.51586584375 0.363419065625 0.5063329640625 0.3668693453125 0.5155931921875
0 0.21727801875 0.7537714453125 0.22675636875 0.756567359375 0.2366164328125 0.770294109375 0.25228644375 0.771310353125 0.2788773765625 0.7492751703125 0.28004729375 0.7156200890625 0.297333384375 0.71814335 0.307773446875 0.703707703125 0.345196071875 0.7008374234375 0.3540745875 0.6864563078125 0.3653326078125 0.6954438828125 0.3856872640625 0.6962965359375 0.4079851828125 0.70802549375 0.42510768125 0.7058641109375 0.43328721718749996 0.6938525828125 0.4344026046875 0.658635953125 0.49422229218749997 0.647948015625 0.491133890625 0.604279196875 0.477397221875 0.591469546875 0.45246698125 0.59390358125 0.420527121875 0.5746940656249999 0.39285549999999997 0.5881679984375 0.3663091796875 0.5890950171875 0.34794239843749997 0.57801050625 0.335494625 0.557338584375 0.3216042828125 0.562514003125 0.31127328125 0.5800727453125 0.30034244375 0.5804544593750001 0.294086334375 0.5580028671874999 0.31508543906250003 0.5549243828125 0.317772290625 0.5423229375 0.3259072140625 0.5514195734375 0.331127246875 0.54420175 0.33085459375 0.536394009375 0.31394029843750004 0.522131871875 0.0813241515625 0.5318184593749999 0.0427216921875 0.54567410625 0.024211153125000003 0.5752443781250001 0.0192191609375 0.6113781078125 0.0652873203125 0.6769978265625001 0.092542534375 0.696370934375 0.10332961562500001 0.736644003125 0.1197085234375 0.7579603734375 0.1200902375 0.7688912109375 0.0914469828125 0.776926990625 0.0918832265625 0.7894193765625 0.083966425 0.7865689328125 0.042458990625 0.8067798328125001 0.0112825578125 0.809431990625 0.011783248437500001 0.8461556375000001 0.19512883281249999 0.8358444374999999 0.213584840625 0.8047126171875 0.21727801875 0.7537714453125
0 0.31815204375 1 0.3134346984375 0.8434389984375 0.21564708124999998 0.8413817343750001 0.14085635937500002 0.8486838406249999 0.01270035 0.8500322421875 0.0138008765625 0.9039329203124999 0.0454980203125 1 0.31815204375 1
0 1 0.5772850921875 0.9996532890625 0.5708867843750001 0.9810584671875 0.5308863671874999 0.9818565875 0.5089701625 0.9947108515625 0.47412532812499997 0.98727490625 0.46265910468750004 0.9757541515625 0.4685335015625 0.9601585046875 0.5144182328125 0.9318424343749999 0.5318233015625 0.9246345281250001 0.549272984375 0.9087463937500001 0.5420105484375 0.9036899546875 0.553913015625 0.9203019109374999 0.9848457796875 1 0.9820626609374999 1 0.919530528125 0.9937194515625001 0.9158352546874999 0.9830067359375001 0.9224631609375 0.952454915625 0.87584475625 0.9574469078125001 0.8397110265625001 0.9757839374999999 0.7827863953125 0.967683709375 0.7299118796874999 0.9872749390625 0.7089028578125001 1 0.6657639765625001 1 0.5772850921875
0 1 0.5234099718749999 0.991607590625 0.519573815625 0.9994500265624999 0.475523284375 0.99209833125 0.28738399531250003 0.9838097343750001 0.296272428125 0.9813955343749999 0.31668161562499997 0.9927477546875 0.41790959375 0.982362221875 0.4339067890625 0.9849053187499999 0.46196012499999994 0.972576525 0.4670810140625 0.964570496875 0.5064469 0.9395411140625001 0.528427553125 0.9301172937500001 0.5271931875 0.9229639187500001 0.54620441875 0.9115968375 0.534093746875 0.903799015625 0.5570361125 0.9203019109374999 0.9848457796875 1 0.9807093984374999 1 0.9171292125000001 0.9796109875000001 0.91476448125 0.971847859375 0.89392896875 0.9657107281249999 0.8972701859375001 0.9594447 0.85214888125 0.9772909546875 0.7811703171875 0.972586475 0.73599448125 0.976244959375 0.7288311890625 0.9802306250000001 0.731037184375 0.996207984375 0.6960832890625 1 0.679027159375 1 0.5309568796875 0.9934417906249999 0.5273270265625001 1 0.52443431875 1 0.5234099718749999
0 0.8934531203124999 0.4174684078125 0.8855908484375 0.4161795125 0.864284396875 0.455228134375 0.8917032031250001 0.4792858875 0.9023613875000001 0.47109643281249997 0.9138176937500001 0.44099077343750004 0.8934531203124999 0.4174684078125
0 0.48268657812500004 0.00420845625 0.2632072640625 0.0095276640625 0.2638913828125 0.096275384375 0.273696915625 0.10844058593749999 0.474328590625 0.10065264843749999 0.48508591875 0.0729165765625 0.48268657812500004 0.00420845625
0 0.5253612328124999 0 0.48887824062499996 0.0024287875 0.4940189640625 0.060097007812500006 0.5039880875 0.0769468546875 0.520357078125 0.0755935109375 0.5292901234375 0.06277394375 0.5594503125 0.0757917984375 0.5648339359375 0.07325861875 0.56303158125 0 0.5253612328124999 0
0 0.1981675796875 0.2736771796875 0.1970968046875 0.28778564375000004 0.2224632890625 0.29784399375000004 0.2246593671875 0.2711886140625 0.209252090625 0.255310396875 0.1981675796875 0.2736771796875
0 0.19112326562499998 0.29581150625 0.198222109375 0.275238728125 0.189859146875 0.237226184375 0.1788192484375 0.23448480156249998 0.16676310625 0.24741343124999998 0.15071138125 0.23546635 0.137420875 0.2578187984375 0.10129706249999999 0.2754965203125 0.09861020937500001 0.2880979671875 0.108961046875 0.3158786515625 0.12264318437499999 0.327126753125 0.13599814062499999 0.32900556718749996 0.15710630625 0.3290501796875 0.1657666984375 0.3084228703125 0.19112326562499998 0.29581150625
0 0.08960279843749999 0.254016559375 0.07296115625 0.24756216250000002 0.054440699999999995 0.2544627203125 0.0448086765625 0.2696518765625 0.044446798437500004 0.304060465625 0.0514018875 0.3241424703125 0.06265990625 0.333130046875 0.080535915625 0.33016062343749997 0.09770302656249999 0.306891075 0.08960279843749999 0.254016559375
0 0.2477454890625 0.2383316546875 0.23843073124999997 0.240220384375 0.2241140625 0.2555731328125 0.23818783125 0.3004217859375 0.25492861875 0.2873295640625 0.25830453124999997 0.24968881718749997 0.2477454890625 0.2383316546875
0 0.3031730203125 0.2809544765625 0.2795217578125 0.2528565265625 0.26541329375 0.25178575312499996 0.2638616625 0.274509996875 0.28127665 0.32549578125 0.290536878125 0.322045503125 0.291335 0.300129296875 0.3031730203125 0.2809544765625
0 0.386034215625 0.25851774375000003 0.37300644374999997 0.2660082203125 0.378345453125 0.28458320625 0.3920722046875 0.27472314375 0.3933065703125 0.26529932343749996 0.386034215625 0.25851774375000003
0 0.66802006875 0.22990915156249997 0.6587152281249999 0.254467596875 0.6652539078124999 0.30739664375000003 0.67484131875 0.313315653125 0.6838288953125 0.30205763281250003 0.688057459375 0.2440622296875 0.66802006875 0.22990915156249997
0 0.6490732859375 0.24698703906250002 0.641691871875 0.23708236249999998 0.6291994859375001 0.23751860625000001 0.6227351718749999 0.2314905359375 0.611858865625 0.233433796875 0.605131815625 0.24226769843749998 0.611452375 0.288950553125 0.60090325 0.300263103125 0.6012304328125 0.3096323921875 0.6138318796875 0.3123192453125 0.6465698609375 0.30961255625 0.642519746875 0.2831752984375 0.6490732859375 0.24698703906250002
0 0.7248009421875 0.2889009640625 0.706171425 0.2926784265625 0.6979918890625 0.30468995468750004 0.698264540625 0.3124976953125 0.7175484234375 0.32745881250000003 0.7356326359375001 0.30806586875 0.7335803140625 0.294066465625 0.7248009421875 0.2889009640625