0 0.446505171875 0 0 0.1030838421875 0 0.5569678062500001 0.1022820421875 1 0.4775953734375 1 0.47656451093749996 0.988895959375 0.47023972187499996 0.9823381515625 0.47410410937499997 0.9782387874999999 0.4667248609375 0.96711361875 0.4763285546875 0.9705090328124999 0.47703054843750003 0.9631307640625 0.47281271562500005 0.944861325 0.46344302031250006 0.9390064890625001 0.46964836249999997 0.920736071875 0.475504178125 0.92178955 0.45969318281250005 0.9158182046875 0.4526654203125 0.9062154906250001 0.46261962187499994 0.90071018125 0.456997803125 0.8971972796875001 0.46285263906249996 0.887827584375 0.45348294375 0.8819727484375001 0.4593377796875 0.8726030515625001 0.4491486015625 0.8701446078125 0.45512092656250003 0.8647567875 0.4632021671875 0.8685036875 0.45910280156249994 0.8646393 0.4672995734375 0.8515217249999999 0.461442778125 0.8400450703125 0.4655411640625 0.8334862828125 0.464487684375 0.8393420984375 0.47209994999999993 0.8375846687499999 0.47139795781249993 0.8449629375000001 0.47338840624999995 0.8396926062500001 0.485334034375 0.839340140625 0.47889371562500005 0.84964680625 0.49739715156250003 0.8429695515625 0.4902528796875 0.8398081359375 0.488611959375 0.8257545703125 0.47034154062500005 0.8195492281250001 0.46518771875000003 0.8111174796875 0.46038636093749996 0.8146313609375 0.463081740625 0.8332522859375 0.4566404421875 0.8331357765625 0.46202728281249994 0.8286849265624999 0.45183810468749996 0.8262264828125 0.4572249453125 0.8217756328125001 0.4483232453125 0.81100195 0.44984471875 0.8002272890625 0.4419984546875 0.8044441421874999 0.4450453203125 0.8245875203124999 0.4381360265625 0.8293898562500001 0.447505721875 0.8352446921875 0.43122673125000005 0.8341921937500001 0.4341531703125 0.8190841703125 0.429234325 0.8186161750000001 0.4350891609375 0.8092464796875 0.425014534375 0.7795003859375 0.41857225624999994 0.7689607015625 0.4138883875 0.7764564593750001 0.4034652125 0.7764574390625001 0.41575938749999997 0.7463579015625 0.41212801875 0.73757466875 0.4063896921875 0.740503065625 0.393853684375 0.6896766249999999 0.3379918890625 0.7081859374999999 0.3487675296875 0.7201305859375 0.3473625640625 0.7244639484375 0.3432632 0.7205995609375 0.34466914375 0.7266893734375001 0.3583712234375 0.723526 0.36129962031249996 0.7292643265625001 0.3747677015625 0.728560375 0.350291940625 0.74062545 0.356500221875 0.7536245578125 0.3499424140625 0.759949346875 0.35029487812500004 0.771894975 0.34069020625 0.7580763875 0.33378189062499997 0.7733018984375 0.33249245625 0.7607707875 0.3173844328125 0.7578443484374999 0.32441121562499997 0.7570238875 0.323005271875 0.750934075 0.3136365546875 0.7555024140625 0.3069593 0.736998978125 0.2978245796875 0.73910789375 0.29805955625 0.7470716453125 0.2906812875 0.746369653125 0.29501367031250003 0.7373514421875 0.2895083625 0.7273972421875 0.2999315375 0.7273962625 0.2999305578125 0.7169730875 0.28341757031250003 0.7183800109375 0.27650729687500003 0.7127591734375 0.2732274140625 0.7054983921875 0.2794337359375 0.69765115 0.273343921875 0.69905709375 0.26619769375 0.675049328125 0.27240499375 0.6776252609375 0.27392646875 0.6668506 0.26783567656249996 0.65783336875 0.2668996859375 0.667671059375 0.26069238437500003 0.665095128125 0.2588164859375 0.6430778109374999 0.2650237875 0.6456537421874999 0.2660772671875 0.6397979265625 0.26080595624999997 0.6273843046875001 0.2558880890625 0.637339484375 0.2512022625 0.623988890625 0.2527207984375 0.5819447046875 0.24452206875 0.5742159296875 0.246277540625 0.5609818453125001 0.2403042359375 0.555946490625 0.24451815156249998 0.5325232296875 0.23362404374999998 0.5061735296875 0.220852078125 0.43696016249999997 0.2069130640625 0.41131343437499995 0.214290353125 0.4015922515625 0.20960550625000002 0.398664834375 0.220496675 0.393745009375 0.2174498109375 0.37360163125 0.21311644843750002 0.372196665625 0.21147748593750001 0.37898945156249997 0.19765693906249998 0.367747775 0.194847009375 0.3764144984375 0.1880532453125 0.3643523609375 0.1812585015625 0.34186704843750004 0.1844199171875 0.334722778125 0.1728247953125 0.32617452187499996 0.18195951562499998 0.3240656046875 0.177976659375 0.31375991875000003 0.1848859546875 0.3089575828125 0.17809316875 0.3073186203125 0.1756327671875 0.296661446875 0.18289354687499998 0.29338156406250004 0.17457830937500002 0.2920940875 0.16965750468750002 0.2707797421875 0.1765687578125 0.28682375625 0.1820730859375 0.28635478124999997 0.186171471875 0.27979599374999997 0.1819526609375 0.2511033796875 0.1924962609375 0.2863538015625 0.1960091625 0.280731984375 0.19026887812499998 0.26281403124999997 0.1954217203125 0.260822603125 0.2043244015625 0.2820194609375 0.214045584375 0.28939675 0.2092442265625 0.29291063125 0.2056128578125 0.284127396875 0.207487775 0.2957215390625 0.218145928125 0.3036843125 0.2224783109375 0.2946661015625 0.23454142656250002 0.2982955125 0.23301799375 0.28822382343749997 0.220252884375 0.29197268125 0.21638751875 0.285648871875 0.22224333281250003 0.28670235 0.228683653125 0.276395684375 0.22528530156249998 0.254729853125 0.23324807500000003 0.24407170156250002 0.2394553765625 0.24664763281250002 0.23711442031250002 0.2608186859375 0.23020414687500002 0.25519784843750004 0.2395777609375 0.302745384375 0.224704715625 0.30778269687500004 0.23606485937500002 0.30836720156249997 0.235831840625 0.32124980000000003 0.243679084375 0.327456121875 0.244148059375 0.3329604515625 0.23477934218750002 0.337528790625 0.24871639843749999 0.34232916874999997 0.25996395 0.391047671875 0.2982602578125 0.3902242734375 0.2988477 0.41013365312500005 0.2892430265625 0.39631506562499996 0.2751894625 0.39795598593750003 0.271208565625 0.40849665 0.2589114515625 0.4073266609375 0.2604348828125 0.41739835000000003 0.2683986359375 0.4171633734375 0.27156005156249996 0.41001910312499995 0.276947871875 0.4159914265625 0.2756603953125 0.42430666562499997 0.28385912343749997 0.432035440625 0.2805812 0.4456210109375 0.2888964375 0.4469084875 0.2810501734375 0.451125340625 0.2741379421875 0.42465815156250003 0.2591474078125 0.4257135890625 0.241695490625 0.40568867812500004 0.224949484375 0.41997819999999997 0.25611523125 0.5619178359375 0.2705202828125 0.56179936875 0.25974660156249996 0.57070106875 0.26150403125 0.5783133359375 0.272864175 0.5788978390625 0.2632614609375 0.5859256015625001 0.2664248359375 0.59962768125 0.277784 0.589789009375 0.2889111265625 0.6032561125 0.30600959843750003 0.60091221875 0.309288503125 0.5977498234375 0.2994508109375 0.596813834375 0.3003868015625 0.5869761421875 0.32193514375 0.579595915625 0.31842126406250004 0.5747945578125 0.3263840359375 0.56413640625 0.3293124328125 0.5698747328125 0.34430296875 0.5688192953125 0.3392676140625 0.5747926 0.34126002031249997 0.5903686171875 0.351331709375 0.588845184375 0.3451244078125 0.586269253125 0.34863730937500004 0.5806474359375 0.34418645937500003 0.57526059375 0.35777105 0.56811534375 0.352734715625 0.5636654734375 0.35718458750000004 0.5586291390625 0.3617539046875 0.57842103125 0.381896303125 0.564950990625 0.3698331875 0.5613215796875 0.371706146875 0.5520693718749999 0.3772104765625 0.5516003984375 0.3748665828125 0.5345019265625 0.3612810140625 0.5312240015625 0.3736946375 0.5259526906249999 0.39478281875 0.606876709375 0.385179125 0.6034812953124999 0.3645677515625 0.6114470062499999 0.35953141718750004 0.6069971359374999 0.36304431875 0.6013753171875 0.348873265625 0.5990343625000001 0.3402075203125 0.6066476078124999 0.353324115625 0.604421203125 0.35508154687500004 0.61203346875 0.3201826109375 0.6240995234375 0.3292008203125 0.62843190625 0.33049025625 0.6409630187500001 0.33915697968749997 0.6437729484375 0.33939195624999996 0.6517367000000001 0.3335361421875 0.6506832218749999 0.3318971796875 0.65747600625 0.3454827484375 0.66075393125 0.347473196875 0.6554835999999999 0.352744509375 0.6678972234375 0.364573628125 0.67398605625 0.3755822859375 0.6730481078125 0.381437121875 0.6636784109375 0.38459951718749996 0.666957315625 0.37839319531250004 0.6748045578124999 0.38916785625 0.6763260328125 0.390923328125 0.6630919484375 0.39736560625 0.6736316328124999 0.4059148421875 0.6724596859374999 0.4102462453125 0.6530183015625 0.404624428125 0.6495054 0.40450595937499995 0.6351003484375 0.3906863921875 0.634281846875 0.384128584375 0.6406066359375 0.37721831093749997 0.6349857984375 0.39900065156250003 0.6251461484374999 0.3924418640625 0.6210477625 0.36679415625 0.6245636015625 0.3693700890625 0.6183563000000001 0.3857655875 0.6129675015625 0.40087361093749996 0.615893940625 0.40309805625 0.6081641859375 0.39173399531249997 0.56588698125 0.39712083593749997 0.5614361296875 0.38423627968749996 0.5403567625 0.390091115625 0.530987065625 0.38458580625 0.521032865625 0.389269675 0.5135371078125 0.382591440625 0.48461049687499996 0.3725187734375 0.4757107546875 0.37579669843749997 0.46212518437499994 0.36619202500000003 0.448306596875 0.360917775 0.4046234484375 0.3537735046875 0.4014620328125 0.354358009375 0.3901018875 0.34405134375 0.38366156875 0.3147732453125 0.38881735 0.3123148015625 0.3990065265625 0.30470155625 0.3903407828125 0.2694364453125 0.2445367578125 0.2716608921875 0.23680700312499997 0.27786819218750003 0.2393829359375 0.2737668703125 0.21467219843750002 0.265918646875 0.19804270156249998 0.2665060890625 0.21795208124999998 0.25795489531250004 0.198277678125 0.26311165625 0.23797894999999997 0.26205817656249997 0.243834765625 0.25432842187500004 0.24161032031250002 0.24237789687500003 0.18984690937499998 0.24905319375 0.187503996875 0.25760340937500004 0.196755225 0.25971036718749996 0.18504359374999998 0.265215675 0.1949977953125 0.26767411874999997 0.1848086171875 0.291565375 0.18410368593749998 0.294726790625 0.176959415625 0.2991776421875 0.18234625625 0.299876696875 0.1436984625 0.31217283125 0.134445275 0.329974275 0.13514628906249998 0.3344241453125 0.1301099546875 0.32774787031249997 0.12202969374999999 0.33945852187500003 0.1137134765625 0.36030487187500004 0.11371151718750001 0.36475474218750004 0.10867518281249999 0.3598349171875 0.09778401406250001 0.368384153125 0.0966120671875 0.3718990140625 0.1118365984375 0.3515216375 0.11734288749999999 0.3423878984375 0.12987497812499998 0.3571444359375 0.1312789640625 0.373542871875 0.1571596890625 0.377640278125 0.1401777265625 0.39005488125 0.145329590625 0.40375696093749996 0.1421662171875 0.40504443593749995 0.133850978125 0.42671026718749994 0.1304526265625 0.43479248750000005 0.14462270156249998 0.45259393125 0.145323715625 0.4755472390625 0.133610125 0.474256825 0.11065583906250001 0.45387259375 0.0431999015625 0.45761949375000005 0.035118660937500004 0.4667542125 0.0330097453125 0.4680416890625 0.02469450625 0.4724925390625 0.0300813484375 0.4728430453125 0.0211806265625 0.49307617343750004 0 0.446505171875 0
0 0.53935770625 0 0.5651360234375 0.0944855234375 0.5960560203124999 0.11380648281250001 0.8118928921874999 0.062373014062499996 0.8163427640625001 0.0573366796875 0.8124754390625 0.03016651875 0.8231326109375001 0.0277061171875 0.8355452546875 0.01201163125 0.8472568859375 0.0141185890625 0.8548227421875 0 0.53935770625 0
0 0.6255730125000001 0.15830715312500002 0.6821377796875 0.142842746875 0.6785044515624999 0.1132131640625 0.6698367468749999 0.099980059375 0.6125690078125 0.11239955937499999 0.6255730125000001 0.15830715312500002
0 0.855936340625 0.1524297921875 0.890608134375 0.2157853859375 0.9054802015625001 0.20032489843749998 0.9065327 0.18404590781250002 0.9184773500000001 0.1732702671875 0.9218717828124999 0.15324339843749998 0.911680646875 0.12993860468750001 0.8966891328125 0.12057086718750001 0.8903623843749999 0.093166709375 0.883100625 0.08602341718749999 0.8715064828125 0.0878983359375 0.8514815734375001 0.1053502515625 0.8590957984375001 0.124439171875 0.855936340625 0.1524297921875
0 0.813538709375 0.12854245312499998 0.7914009671875 0.09516695 0.78460818125 0.09352798749999999 0.7710284875 0.1527891140625 0.78239255 0.1950663171875 0.7900057953124999 0.2037320625 0.8021854203125001 0.20092017499999998 0.8264262046875 0.180891346875 0.8298216171874999 0.171287653125 0.813538709375 0.12854245312499998
0 0.713572778125 0.6575572609375 0.7209471296875 0.616566553125 0.7113385390625 0.5610552656250001 0.685220878125 0.5486436 0.6721042828125 0.5508700046875 0.6578196578125 0.5862398734375 0.6707061734375 0.6281655921875 0.684058725 0.6443261140625001 0.6978782921875 0.6451446171875 0.7065459953125 0.658377721875 0.713572778125 0.6575572609375
0 0.8032565265624999 0.382681509375 0.7966948015625 0.3473135984375 0.7770203984374999 0.35586479375 0.770344121875 0.3477845328125 0.7523086812499999 0.3495429421875 0.7380220984375 0.3640664609375 0.7401329718749999 0.3940475296875 0.7615677437499999 0.42437812656249996 0.7846404984375 0.43749276249999997 0.7920148499999999 0.39650205625 0.8032565265624999 0.382681509375
0 0.8125371343750001 0.68682654375 0.80153239375 0.72945719375 0.8048122765624999 0.7367179734375 0.8226146999999999 0.7478421625 0.8458029843749999 0.744092325 0.84767594375 0.7348401171875001 0.8309250406249999 0.6970137624999999 0.8195639171875 0.686006084375 0.8125371343750001 0.68682654375
0 0.8285948578125 0.8258397421874999 0.8494421875 0.8362609578125 0.8460428578125001 0.8041719515624999 0.830816365625 0.7868404625000001 0.8247265531249999 0.7882464062500001 0.8285948578125 0.8258397421874999
0 0.8206262093750001 0.77395884375 0.8274180156250001 0.7651746312500001 0.8241371531249999 0.747490675 0.8431095640624999 0.74631775 0.8558756515624999 0.7529920671875 0.8726226374999999 0.7491257203125 0.8767210234375 0.7425669328125 0.87063023125 0.733549703125 0.8443960609375001 0.7275793375 0.8276451578125 0.6897529828125 0.8121856484375 0.6853040906250001 0.795794065625 0.7323855906250001 0.8039947546875 0.760960715625 0.8206262093750001 0.77395884375
0 0.4583714296875 0.5593223171874999 0.4482977828125 0.5399994 0.42417154999999995 0.5327405781250001 0.41140741875 0.5469126109375 0.401455178125 0.5732642703125 0.401808621875 0.5956330734375 0.4081353703125 0.62303723125 0.428513725 0.62795411875 0.4344889875 0.6538358234375 0.4490134859375 0.6785455812500001 0.4611931109375 0.67573369375 0.46493903124999997 0.657229278125 0.481804484375 0.6677679828125 0.482388009375 0.6459846625 0.49327917968749996 0.6410648375 0.4999525171875 0.617875575 0.487885484375 0.5725534640625 0.4789837828125 0.56177978125 0.4583714296875 0.5593223171874999
0 0.45148857812500004 0.8455503796875 0.44095183125000004 0.8832621828124999 0.44669211718749996 0.9011801359374999 0.46098163750000004 0.9179261421874999 0.48651185625000004 0.9104284265624999 0.5010314578124999 0.883022309375 0.5367508546875001 0.8779830375 0.5403792859375 0.8554967453125 0.5259722765625 0.8347688640625 0.503719003125 0.818257834375 0.48966543749999997 0.8198987546875 0.47069106875 0.8002253312500001 0.45452956718750004 0.8031547078125 0.461442778125 0.8400450703125 0.45148857812500004 0.8455503796875
0 0.5588778265625 0.796703615625 0.568365990625 0.816963503125 0.5647385375 0.84987296875 0.5792630359375 0.8745827281249999 0.5867578140624999 0.8688434218750001 0.590971728125 0.8454201593749999 0.5823030453125 0.8217638796875001 0.5967071171875 0.8112222375 0.5997510453125 0.8000960906250001 0.588621959375 0.7657826390625 0.5814776890625 0.7626212234375 0.5729304125 0.7846395187499999 0.5611022718750001 0.7889738609375 0.5588778265625 0.796703615625