0 0.2854562921875 0.6279702828125 0.294965825 0.6685188703125 0.3020259171875 0.6689704515625 0.309989175 0.6553018500000001 0.3237469671875 0.6537612109375 0.3362354421875 0.6369240171875 0.34663874843750003 0.5959200906250001 0.3307939109375 0.5598075312499999 0.31757877031250004 0.5582706484375 0.292146478125 0.5720321953124999 0.2854562921875 0.6279702828125
0 0.153426915625 0.188999671875 0.1573202953125 0.1984125015625 0.19334742031250002 0.21904449218750002 0.2020354640625 0.21026350312500003 0.211171334375 0.16744948906249998 0.1945087625 0.1089802859375 0.1878110640625 0.11097250781250001 0.165097659375 0.14980583281249998 0.153426915625 0.188999671875
0 0.083725403125 0.143390728125 0.0692447046875 0.1535302234375 0.0608298640625 0.1742589171875 0.0662638828125 0.1974295390625 0.07432008749999999 0.2012299703125 0.0783956015625 0.2186079359375 0.0950525375 0.23661774218749998 0.1266323640625 0.16999563281250002 0.12165180625000001 0.15325138437500002 0.1283457484375 0.1242862296875 0.10743491875 0.1079062546875 0.0991073890625 0.10564458437499999 0.09096199687499999 0.11134805 0.083725403125 0.143390728125
0 0 0.46096675468750004 0.033801553125 0.4265229578125 0.03370860625 0.4090539234375 0.008274435937500001 0.40932900625 0 0.4607300578125 0 0.46096675468750004
0 0.0341601890625 0.40199383125 0.0407668203125 0.39601904062500004 0.0434800734375 0.38063142031249997 0.0376855390625 0.3685034578125 0.0230227046875 0.3706778171875 0.024927615625 0.40036587968750004 0.0341601890625 0.40199383125
0 0.0034037296875 0.5314319843749999 0.014175064062500001 0.5333312625 0.019242934375 0.5270851453125001 0.02023153125 0.47648813125 0.007378784375 0.47739505312499997 0.0015880078124999998 0.49224002499999997 0.0034037296875 0.5314319843749999
0 0.026691715625 0.71879105625 0.0284144921875 0.7405139843749999 0.0390947578125 0.7384306921875 0.055563923437499996 0.708015965625 0.05854098906250001 0.63714371875 0.0489479015625 0.6465584265625 0.0429787453125 0.68041119375 0.026691715625 0.71879105625
0 0.1656337671875 0.7496367046875 0.17025193125 0.763937146875 0.1926085765625 0.7631194140625001 0.20980440625000002 0.7510787640625 0.1976689328125 0.702927434375 0.187259990625 0.7034719640625 0.179839384375 0.7140630406249999 0.1656337671875 0.7496367046875
0 0.1436395140625 0.75289824375 0.1367615578125 0.7604117968749999 0.1409262609375 0.7682858640625 0.1563138828125 0.7709991171875 0.16871316875 0.763665821875 0.1892597265625 0.7641155265624999 0.1869088671875 0.7819469531250001 0.19415109531250002 0.790363671875 0.20980816406249997 0.778051696875 0.21677343124999998 0.7475477796875001 0.1979402578125 0.7013886734375 0.182463446875 0.7081793171874999 0.1659050921875 0.74809794375 0.1436395140625 0.75289824375
0 0.16863525 0.8540885156250001 0.18655586562499998 0.8469354765625001 0.190804125 0.8048462484375 0.18464907656250001 0.8037609484375 0.1703505125 0.8218655781249999 0.16863525 0.8540885156250001
0 0.638411259375 1 0.6494594499999999 0.9840890109375 0.6574170734375 0.9299610125 0.665192559375 0.8678678765625 0.6587624296875 0.8413484062500001 0.633961978125 0.8425285312499999 0.624006496875 0.849499434375 0.5908973 0.9832825484375001 0.58961076875 1 0.638411259375 1
0 0.5129424218749999 0.8180163109375 0.4785526390625 0.8555840765625 0.4830816140625 0.879388415625 0.5190157937500001 0.8825513734375001 0.537756021875 0.9112414453125 0.560837453125 0.915311325 0.5787543125 0.8811853546874999 0.5662583234375 0.8440766843749999 0.5563009640625001 0.8375611218750001 0.561002684375 0.8018982671874999 0.54471001875 0.7998187328124999 0.52525251875 0.8201869125 0.5129424218749999 0.8180163109375
0 0.7615656265624999 0.6992283703125 0.7562320671875 0.747472646875 0.76148770625 0.7896510640625001 0.7550650890624999 0.8170774562500001 0.768468 0.8670388750000001 0.7779737765625 0.8806145296875 0.8071210671875001 0.8952736078125 0.826218053125 0.8859480890625001 0.8340939984375 0.8952698515625 0.8643265906250001 0.90377388125 0.8896659359375001 0.8725433 0.9031467671875 0.8320820234375 0.8825926953125001 0.77768645625 0.8801432546875001 0.7375894515625 0.8670173046875 0.72654866875 0.85154049375 0.7333393140625 0.844569590625 0.723383834375 0.8422093390625 0.67378293125 0.8074515296874999 0.66844749375 0.771790553125 0.677232240625 0.7615656265624999 0.6992283703125
0 0.79462071875 1 0.7894830453125 0.9818066796875 0.7816071 0.9724849171875001 0.7936346015625 0.8952754859375001 0.7906462671875001 0.8852289375 0.78268113125 0.8854110734375 0.7735415046874999 0.90125215625 0.77047149375 0.9546553687499999 0.7601573765625 0.986155396875 0.76493921875 1 0.79462071875 1
0 0.8754058953125 1 0.8778243265624999 0.9846907984375 0.8684950515625 0.93862088125 0.8638787640625001 0.9378069046874999 0.858994909375 0.9655046234375 0.8491304968750001 0.97645809375 0.84410700625 1 0.8754058953125 1
0 0.8573997984374999 0.560639321875 0.8583977875000001 0.5774746359375 0.8927932046875 0.58036626875 0.9422063375 0.529581484375 0.950167715625 0.502426415625 0.943919721875 0.48387208125000003 0.93586351875 0.4800716484375 0.91387114375 0.49681965312500004 0.9135049937499999 0.46740291562499997 0.9001987859374999 0.46188346406249997 0.8839061203125 0.4598039296875 0.8791095765625 0.464511284375 0.8573997984374999 0.560639321875
0 0.8498580703125 0.35146437656249996 0.856381146875 0.39545288125 0.8476949812499999 0.41772033750000004 0.858018490625 0.4536526375 0.8785650484374999 0.4541023421875 0.9077067046874999 0.4283020234375 0.9126797484375 0.39110040625 0.9356644781250001 0.3507283203125 0.9399127359375001 0.3086390921875 0.9230736640625 0.2826641515625 0.9134786984375 0.27859239375 0.8917557703125001 0.28031516875 0.8595365906250001 0.3055728390625 0.8498580703125 0.35146437656249996
0 1 0.0819055578125 0.8895532375 0.063355346875 0.8559126593749999 0.2811347796875 0.8511292640624999 0.38024739531249996 0.84017955 0.3973559140625 0.858018490625 0.4536526375 0.8893363828125 0.45600161874999995 0.896394596875 0.4429667359375 0.908070975 0.44423229375 0.907435378125 0.42984078437499995 0.920105990625 0.4209687265625 0.9279763015625001 0.3898310921875 0.9226464984374999 0.4650483 0.982658221875 0.4756299859375 1 0.472634890625 1 0.0819055578125
0 0.47992280000000004 0 0.5055893734375 0.013898104687500001 0.507310271875 0.022134565624999998 0.51808160625 0.0240338421875 0.5338334984374999 0.042677367187499995 0.5543800562500001 0.043127071875 0.5699498140625 0.053805459374999996 0.5738413140625 0.0497318234375 0.6215429390625 0.0581429078125 0.625982725 0.09145114531250001 0.65386445625 0.11778660156250001 0.7522560421875 0.1446553171875 0.755515703125 0.1531631046875 0.760221178125 0.1444731828125 0.790271634375 0.14501207656249998 0.7978762546875 0.1558726 0.8058413906249999 0.1556904640625 0.8108219484375001 0.1724347125 0.8178801625000001 0.1593998296875 0.824217346875 0.168450265625 0.8393317640625 0.159215815625 0.858603371875 0.10390956874999999 0.8688301781250001 0.09539990312499999 0.8807778828125 0.0951267 0.8852082765624999 0.0610026078125 0.531444165625 0 0.47992280000000004 0
0 0.7677197046875001 0.0434594109375 0.767905596875 0.07839747968750001 0.75532793125 0.1047385703125 0.7492695859375 0.1480952359375 0.7532577890625001 0.188463565625 0.74593200625 0.2300101421875 0.756164446875 0.261959875 0.724962040625 0.43891751875 0.7239696859375 0.46254160000000005 0.742436709375 0.4792839703125 0.7667837 0.4716774703125 0.7790900390625 0.446875140625 0.7820746171875 0.4299487578125 0.776189015625 0.41383822812500004 0.7670475109375 0.4161928453125 0.7674080265625001 0.40515018437499994 0.795265340625 0.256161584375 0.824312171875 0.199405765625 0.82267295 0.12771954375 0.8324481734375 0.1262699703125 0.8392350625 0.11477385 0.8336226640625 0.1106110234375 0.8326246734374999 0.093775709375 0.820223509375 0.0876225390625 0.825925096875 0.08228146562500001 0.8229367625 0.0722349171875 0.840677121875 0.070603209375 0.8309910875 0.062548884375 0.8375066515625 0.05259152499999999 0.82854728125 0.0629112765625 0.827640359375 0.0500585296875 0.7677197046875001 0.0434594109375
0 0.75532793125 0.1047385703125 0.748909071875 0.1591378953125 0.7532577890625001 0.188463565625 0.74593200625 0.2300101421875 0.7559823125 0.25399473906250003 0.7552612828124999 0.276080059375 0.727582346875 0.4060608640625 0.7242410109375 0.46100283906249995 0.742436709375 0.4792839703125 0.7667837 0.4716774703125 0.7790900390625 0.446875140625 0.7758303796875 0.43836735468750004 0.7818032921875 0.43148752031250004 0.775103715625 0.4199932765625 0.7667761859375 0.41773160625 0.7668653765625 0.408227709375 0.780974290625 0.3282120796875 0.7987033796875 0.24566157500000002 0.8103778796875 0.23344066875 0.824312171875 0.199405765625 0.8224908140625 0.11975440781249999 0.8341671921874999 0.12101996562499999 0.8376963 0.1145025234375 0.8323533484375 0.0953144703125 0.8199521843750001 0.0891613 0.828274078125 0.0509635734375 0.7695297921875001 0.042191975 0.767362946875 0.081475003125 0.75532793125 0.1047385703125
0 0.5544119875 0.2723969921875 0.5564952796875 0.2830772578125 0.5737840546874999 0.28850564218749997 0.5753246953125 0.3022634328125 0.6086348125 0.3113101140625 0.6149701171874999 0.306874084375 0.630978309375 0.21608712031250002 0.6133271390624999 0.2082149296875 0.5785693296875001 0.20287949218749998 0.5691564984374999 0.20677287031249997 0.5544119875 0.2723969921875
0 0.5683274968750001 0.1034974296875 0.5765677140625 0.1287494640625 0.588426228125 0.13798015937500002 0.596300296875 0.1338154546875 0.59901355 0.118427834375 0.5998200125 0.05986568437499999 0.5914924828125 0.0576040140625 0.5752927640625 0.0729935140625 0.5683274968750001 0.1034974296875
0 0.5838155781250001 0.17762558125 0.5673464125 0.2080403078125 0.5535107015625 0.3000036421875 0.6086348125 0.3113101140625 0.6149701171874999 0.306874084375 0.630978309375 0.21608712031250002 0.6313388234375 0.205044459375 0.6230112953125 0.20278279062500001 0.6163117171875 0.19128854687500002 0.62880019375 0.17445135312499999 0.6306994703125001 0.16368001875 0.6246336109375 0.15309082031250001 0.5983854656250001 0.15798218749999998 0.5941334515625 0.173098484375 0.5838155781250001 0.17762558125
0 0.509497778125 0.1312026609375 0.5213562921875 0.14043335625 0.5417188359375 0.119431459375 0.5465135015625 0.10123763906250001 0.5480485078124999 0.0745360328125 0.5327500765625001 0.06231888125 0.5147383921875 0.06548935156249999 0.5047885453125 0.11291965156249999 0.509497778125 0.1312026609375
0 0.0954044546875 0 0.097466290625 0.0204718953125 0.119371353125 0.0267142546875 0.1215457109375 0.041377090625 0.129239521875 0.042733715625 0.137022521875 0.034586445312500005 0.1496058234375 0.048704750000000005 0.146348040625 0.05368342968749999 0.1614643375 0.0579354453125 0.158388690625 0.0708792609375 0.16409215625 0.079024653125 0.38386381406250003 0.11936293125 0.4141837171875 0.10487659687499999 0.43403099375 0 0.0954044546875 0
0 0.67415659375 0.2411532609375 0.6349928078125 0.44526597187499994 0.6267676171875001 0.527905665625 0.6178101265625 0.5517118828124999 0.6324767171875 0.5765104562500001 0.621259434375 0.62213066875 0.6261489250000001 0.6348923484375 0.6394551328125 0.6404118000000001 0.6536645078125 0.63181106875 0.654119846875 0.6517239078125 0.6653446421875 0.6600495578125 0.6706875937500001 0.6792376109375 0.6840829921875 0.675253165625 0.6919589375 0.684574928125 0.71504036875 0.68864480625 0.7270772625 0.6788677046875 0.72788748125 0.6472784875 0.7053430656249999 0.5996716859375 0.6842538578124999 0.60229950625 0.6817171046875 0.5851928656250001 0.69429665 0.5723382390625 0.7152056 0.57523175 0.725430528125 0.5532356187499999 0.7287756203125 0.5252665750000001 0.7455161125 0.4933130859375 0.7771907625 0.45764647500000005 0.7824351328125 0.41890609687499997 0.7788130796875 0.40795450468750005 0.7681328125 0.410037796875 0.769578628125 0.3928400875 0.795265340625 0.256161584375 0.7909185015625 0.24032238125 0.7548040640625 0.2426807546875 0.7476641749999999 0.31916539843749997 0.7253187984375 0.40090192656249996 0.7271326421875 0.426607421875 0.721341865625 0.44145239218750004 0.711386384375 0.44842329375 0.695543425 0.42579720156249995 0.6952683421875 0.4003630328125 0.6843148718750001 0.3904986203125 0.6841327359375 0.382533484375 0.7052961078125 0.26251003906250003 0.7142535984375 0.23870382031249998 0.7290056234375 0.2270255640625 0.73506396875 0.1836689 0.721848828125 0.182132015625 0.6976839734375 0.1977036515625 0.67415659375 0.2411532609375
0 0.5225476875 0.246152603125 0.533681415625 0.2504956859375 0.5347685953125 0.257827103125 0.463472940625 0.46420711875 0.4602170375 0.4826722640625 0.47388563906250003 0.490635521875 0.489273259375 0.49334877343750005 0.49406980312500004 0.48864142031249996 0.5333378062499999 0.3829165390625 0.555508559375 0.3471607390625 0.5604816031250001 0.309959121875 0.548260696875 0.298284621875 0.5635441015625 0.20261004531250001 0.5413677125 0.1979064484375 0.528606034375 0.2027959375 0.5225476875 0.246152603125
0 0.464520675 0.1883227515625 0.4569235671875 0.2314080921875 0.4706832375 0.24335391718750002 0.4594697109375 0.3159470609375 0.48599106093750005 0.323003396875 0.49205504062500005 0.32010612968749996 0.5014622359375001 0.2757533546875 0.5213581703125 0.153919821875 0.5159260296875 0.1442356671875 0.4970984921875 0.1385359578125 0.49040079218750005 0.14052818125 0.48099359843749995 0.18488095625 0.464520675 0.1883227515625
0 0.41431047187500003 0.365102015625 0.41874650156250004 0.371437321875 0.439564384375 0.3703482640625 0.451872603125 0.3590324 0.4594697109375 0.3159470609375 0.45494261406250003 0.3056291875 0.4436286296875 0.306807434375 0.4204617640625 0.3392143859375 0.41431047187500003 0.365102015625
0 0.5351723109375001 0.5569731578125 0.52186798125 0.564940171875 0.5062165484375 0.6177115453125 0.514094371875 0.6405197734375 0.5252281 0.64486285625 0.5282183140625001 0.6683958703124999 0.5421563625 0.6613339 0.5542880796875 0.6825122984374999 0.5674102750000001 0.6665801484375 0.5788988828125 0.6194211734375 0.599716765625 0.618332115625 0.6055967328125 0.5939832468749999 0.5784341515625 0.5320760046874999 0.5586123796875 0.5365139109375 0.5477537328125 0.5576049984375 0.5351723109375001 0.5569731578125
0 0.7628997125 0.5296969703125 0.7610004359375 0.5404683046875001 0.7480584984374999 0.550879125 0.747973065625 0.5873559546875 0.7505990078125 0.594958696875 0.7682501765625 0.6028308859375 0.7787483078124999 0.592782459375 0.7830003234375 0.5776661640625 0.804450046875 0.563995684375 0.8113261250000001 0.542995665625 0.8024540671875 0.530325053125 0.798376675 0.49946062187500007 0.77972939375 0.4882395828125 0.7590917671875 0.48380730937500005 0.7518532953125 0.5023635234375 0.7628997125 0.5296969703125
0 1 0.5326687437500001 0.9893615562500001 0.514097159375 0.9827492890625 0.47961255312500006 0.9728829984375 0.4770795578125 0.9670011531249999 0.4879419609375 0.977869190625 0.534283203125 0.9761520499999999 0.5530196734375 0.9927197968750001 0.5805333781249999 1 0.54297858125 1 0.5326687437500001
0 0.6028149515625 0.767225890625 0.6241736062500001 0.7495728421875001 0.6236234421875 0.698704503125 0.6081466328125 0.7054951484374999 0.598375165625 0.733917653125 0.6028149515625 0.767225890625
0 0.42505460156249997 0.821558565625 0.43464956718750003 0.8256303234375 0.42795562499999995 0.854595478125 0.43266485781249997 0.8728784875000001 0.44044973593750003 0.87821768125 0.4560138578125 0.8484366734375 0.44831629062499995 0.8201071140625 0.45673113125000003 0.7993784203125001 0.454105190625 0.7917756781249999 0.44206641874999997 0.7880663140624999 0.43237850624999996 0.766525521875 0.4256808078125 0.7685177453125001 0.41582015156249996 0.8064441484374999 0.42505460156249997 0.821558565625
0 0.4426053125 0.7580158578125 0.45564019531250005 0.765074071875 0.4621538796875 0.741630246875 0.45092908437499996 0.7333045953124999 0.43934377343750003 0.7360216046875 0.43898325937499993 0.747064265625 0.4426053125 0.7580158578125
0 0.080450184375 0 0 0.4562556671875 0 0.9188452703125 0.45734072187499997 1 0.919549815625 1 0.988198334375 0.6106749015624999 0.9843960234375 0.6052446390624999 0.9906402625 0.5968260421875 0.9847565390625 0.5942019796875 0.993624840625 0.579899659375 0.9874697921875001 0.5788143578125 0.9888264187500001 0.571120546875 0.9955241171875 0.569128325 0.9925357828125 0.5590817765625 0.99715206875 0.5598957515625 0.9990513453125001 0.5491244171874999 0.9865609921875 0.5524751453125 0.9891850546875001 0.546591421875 0.9780513265625 0.5422483390624999 0.9881870640624999 0.52975610625 0.9807645796875001 0.5268607171874999 0.9732491484375 0.5064962953125 0.977590353125 0.48187610156250005 0.9704410703124999 0.4909284171875 0.9675438046875 0.4848644359375 0.9728829984375 0.4770795578125 0.9866407890625 0.47553891718749997 0.9833811296875 0.46703113125 0.9734256484375001 0.47400203437500005 0.9660923531250001 0.46160274687499997 0.9533306734375 0.46649223749999996 0.959214396875 0.46911630000000004 0.954146528125 0.4753624171875 0.9384875812500001 0.47418792656250003 0.932421721875 0.4635987265625 0.9239139359375 0.4668583875 0.919295771875 0.45255794531250004 0.9278889906250001 0.41282145625 0.918294025 0.4087496984375 0.9211021015625 0.42431757656249997 0.910512903125 0.4303834359375 0.9086136265625001 0.44115477031249994 0.8933170734375 0.4424240859375 0.884357703125 0.4527438375 0.8956735671875 0.46505205624999996 0.9106987953125 0.46532150312500004 0.9089797765625001 0.4705715078125 0.8898809125 0.46641056093750005 0.8855397078125 0.4910307546875 0.8906094546875 0.4982711046875 0.88445440625 0.497185803125 0.8825551296875 0.5079571375 0.8930551390625 0.5113951765625 0.8856345328125 0.5219862546875 0.8803845265625 0.520267234375 0.8867217109375 0.529317671875 0.8753185359375 0.5399998171875 0.8821983718749999 0.5459727296875 0.8656343812499999 0.5454319578125 0.863731346875 0.5292303609375 0.8486188078125 0.551951278125 0.8399270078125 0.5337593359375 0.847799196875 0.5161081656250001 0.8433631687500001 0.5097728609375001 0.83467888125 0.54552678125 0.8279811828125 0.5475190046875 0.828876834375 0.4794529578125 0.853223825 0.4718464578125 0.86372195625 0.46179803125 0.8476987375 0.44469326875000004 0.84896241875 0.41953042500000004 0.842625234375 0.41047998750000003 0.850136909375 0.403871478125 0.8397260890625 0.390929540625 0.8475090890624999 0.38278226875 0.8424393421874999 0.3755419203125 0.8465984109375 0.342956590625 0.8405344296875 0.34585385625 0.8391759249999999 0.3400612015625 0.843699265625 0.32340614375 0.8503969640625 0.3214139203125 0.8613354078125001 0.22338660625 0.8579846812499999 0.2108962515625 0.847393603125 0.2034756453125 0.857258015625 0.192522175 0.8456689484375 0.1682662515625 0.8615081531250001 0.1639194125 0.874359021875 0.149526025 0.8801460421874999 0.107708121875 0.8735375328125 0.100196446875 0.8800530953125 0.0902390890625 0.8750744171875 0.08698130625 0.8719987703125 0.099925121875 0.8649386781249999 0.0994735390625 0.8677429984374999 0.0880684859375 0.8618592765624999 0.0854444234375 0.8487408375 0.1283495046875 0.8403184843749999 0.095132334375 0.8228494515625 0.09522528125 0.809452175 0.0857232609375 0.802847421875 0.10518451874999998 0.8047504546875001 0.12138611562499999 0.8344403968749999 0.1329676703125 0.8254829062500001 0.15677388750000001 0.828742565625 0.1652816734375 0.8206028078125 0.21144453749999997 0.8098333515625 0.2230317265625 0.8053062546875 0.212713853125 0.7977035109374999 0.21533979374999998 0.8043120203124999 0.22285146875 0.796166628125 0.22855493437500002 0.7974321859375 0.21687855625000002 0.7901899578125 0.20846183749999997 0.7773372109375 0.209368759375 0.7552500125 0.1951612640625 0.7487306921875 0.17814569062500002 0.7742559296875 0.1818531765625 0.7619477109374999 0.193169040625 0.77407755 0.20086097343749998 0.7808625609375001 0.1758783859375 0.7679187453125 0.172802740625 0.7649304109374999 0.16275619218749998 0.75280245 0.16855072499999998 0.7466455234375 0.15397895781249998 0.7517133921875 0.1477328421875 0.7271823875 0.1338877390625 0.6948683828125 0.12818990937500002 0.6886241453124999 0.13660850625 0.6792094375 0.12701541875 0.6335892234375 0.11579813593749999 0.6370272625 0.1052981265625 0.624174515625 0.1062050484375 0.6221822921875 0.0995073484375 0.6089671515624999 0.097970465625 0.61756600625 0.0986933734375 0.619285025 0.09344336875 0.614577671875 0.088646825 0.609147409375 0.09244913593750001 0.6082404875 0.0795963875 0.59801368125 0.088106053125 0.5909573453125 0.1146274015625 0.587786875 0.0966157171875 0.5801841328124999 0.099241659375 0.5805502828125 0.128658396875 0.565069715625 0.108476109375 0.5581025687500001 0.1254935609375 0.5519475203125 0.124408259375 0.5510405984375 0.1115555125 0.5612674046875 0.103045846875 0.569866259375 0.10376875625 0.570951559375 0.09761370781249999 0.5599089 0.0972531921875 0.561083390625 0.08159424531250001 0.5551086 0.0749876140625 0.5481414531250001 0.09200506562500001 0.5536646625 0.10567178906250001 0.5469669625 0.10766401249999999 0.5423525546875 0.120336503125 0.537373875 0.1170787203125 0.542172296875 0.12585783281250001 0.5204493703125 0.1275806078125 0.5211704 0.10549528906250001 0.5138389828125 0.1065824671875 0.513116075 0.115181321875 0.5071412843750001 0.108574690625 0.5150097171875 0.0639505890625 0.5248741296875 0.05299711875 0.5179942953125 0.04702420625 0.5164536546875 0.033266415625000004 0.497988509375 0.030010512499999996 0.49454671406250006 0.0135375890625 0.47843430624999994 0.005936725 0.474879225 0 0.4408634671875 0 0.44286252031249995 0.005217573437499999 0.4371609328125 0.010558646875 0.4186178671875 0.09772543593750001 0.418162528125 0.077812596875 0.40404797812500004 0.1173688296875 0.420885171875 0.1298573046875 0.4112010171875 0.1352894453125 0.41047623125 0.130401834375 0.393278521875 0.12895601875 0.386762959375 0.1389133765625 0.38549364375 0.1236168234375 0.375536284375 0.11710126093749999 0.386125484375 0.1110354015625 0.3882960859375 0.0987253046875 0.37154996093750003 0.090219396875 0.3731779125 0.0809868234375 0.3561623390625 0.08750614375 0.3596914453125 0.0809887015625 0.3500964796875 0.0769169453125 0.349644896875 0.08397703749999999 0.34077471875 0.08479289062499999 0.3458425875 0.078546775 0.33552283437499997 0.06958740625 0.32982124687500003 0.074928478125 0.3204065390625 0.065335390625 0.3159723890625 0.07248655000000001 0.3050189171875 0.0626221375 0.30112741718749997 0.06669577343750001 0.2785886375 0.0595483703125 0.27912940937499997 0.042984379687500004 0.253875496875 0.037738132812500005 0.259214690625 0.029953253125000003 0.253511225 0.0218078609375 0.2351371484375 0.022534525 0.24093168125000003 0.0346624859375 0.228078934375 0.035569407812499995 0.22925718125 0.04688339375 0.222921875 0.05131942187500001 0.216675759375 0.046251553125 0.22418743437500002 0.03964304375 0.219658459375 0.0158387046875 0.2001990796875 0.0227204171875 0.211875459375 0.0239859765625 0.21694520625 0.031226325 0.1973036921875 0.030142903125 0.20092574531250001 0.0410944953125 0.2116970796875 0.042993771874999996 0.20997805937499997 0.0482437765625 0.2219276421875 0.061457039062499996 0.21631712187500002 0.0707806796875 0.21133844375000002 0.0675228984375 0.209801559375 0.0807380390625 0.215774471875 0.073858203125 0.2153228890625 0.0809182953125 0.2243752046875 0.088067578125 0.2526155734375 0.0898739078125 0.253069034375 0.09630028125 0.16201074375 0.081830853125 0.1627336515625 0.0732319984375 0.1691600265625 0.07277853749999999 0.16535771562499998 0.067348275 0.1744081515625 0.061011090625 0.1736814875 0.0426370140625 0.163181478125 0.039198975000000004 0.1660787453125 0.0452629546875 0.1584760015625 0.047888896874999996 0.139103934375 0.0317802453125 0.11910002812500001 0.0282530171875 0.1206369109375 0.0150378765625 0.106425659375 0.01015214375 0.10319624062499999 0 0.080450184375 0
0 0.19572081875 0.36305065625 0.1910191 0.3987135109375 0.2029686828125 0.41192677343749995 0.21121077812500003 0.450665271875 0.23483298281249998 0.4381711609375 0.254379671875 0.408299084375 0.25518989062499997 0.3767098671875 0.24170154687499998 0.3632252796875 0.22387012031250003 0.36087441875000004 0.2158157953125 0.370560453125 0.19572081875 0.36305065625
0 0.26650012031250003 0.3485586875 0.25546497343749996 0.40214403593750003 0.25700749218749996 0.42938829375000004 0.2703174578125 0.4618806765625 0.26687941875 0.47238068593750004 0.24823589375 0.4881325796875 0.25041213125 0.5162818796875001 0.259644703125 0.51790983125 0.27874168906249996 0.5085843125 0.288786359375 0.4921095125 0.318914734375 0.40222571250000005 0.316558240625 0.3795977421875 0.303883871875 0.36149686718749996 0.41609426406249994 0.17502405625 0.42188128437500005 0.1332061546875 0.4073076390625 0.12587661562500002 0.3874858671875 0.1303145234375 0.37708256093750003 0.17131845 0.26650012031250003 0.3485586875
0 0.30842975156249997 0.5066794 0.3114199640625 0.530212415625 0.3230925859375 0.5045050421874999 0.3409221359375 0.4933694359375 0.3429106015625 0.47309420312499995 0.3725930296875 0.43072989375 0.3753062828125 0.415342271875 0.3604613125 0.4095514953125 0.342629884375 0.4072006359375 0.317561865625 0.43689245468750004 0.30842975156249997 0.5066794
0 0.52717245625 0.957766703125 0.53921310625 0.9749625328124999 0.5592151359375 0.9650032953125001 0.5651842921875 0.931150528125 0.5427365796875 0.92798569375 0.5284361375 0.9326038578125001 0.52717245625 0.957766703125
0 0.43905366562500003 0.602695709375 0.45562141250000004 0.6302094125 0.4701002328125 0.6065834515625 0.474883628125 0.5074708359375 0.45805019218750004 0.5219552921874999 0.45009256875 0.5760832921875 0.43905366562500003 0.602695709375
0 0.5455662265625 0.44853690156250003 0.5509091781250001 0.4677249546875 0.5665681234375 0.46889944687499996 0.5806864296875001 0.4563161453125 0.586295071875 0.4335060390625 0.5796865609374999 0.4259943640625 0.5664714203125001 0.42445748125 0.5498182421875 0.43342060625 0.5455662265625 0.44853690156250003
0 0.6084808500000001 0.505641965625 0.615723078125 0.514058684375 0.6303859140625 0.5118843265625 0.6341863453125 0.503828121875 0.6351787 0.480204040625 0.6260353171874999 0.46907219062500005 0.61571744375 0.4735992875 0.609384015625 0.49152178125 0.6084808500000001 0.505641965625
0 0.5991572109375001 0.500031446875 0.609651584375 0.4630100875 0.5980625171875 0.43875416562499997 0.58955473125 0.44201382499999997 0.5854848515625 0.46509525781249994 0.5991572109375001 0.500031446875
0 0.356716259375 0.165347415625 0.3672998234375 0.11882215781250001 0.3079218203125 0.109145515625 0.29815223125 0.15105448593749998 0.356716259375 0.165347415625
0 0.261218184375 0.11756974843750001 0.2699991734375 0.1262577921875 0.281584484375 0.1235407828125 0.2958868046875 0.132409084375 0.29978206093750004 0.1553083796875 0.3472123609375 0.165258225 0.356716259375 0.165347415625 0.362055453125 0.1575625359375 0.3672998234375 0.11882215781250001 0.2712628546875 0.10109494687500001 0.26547019843749997 0.1024534515625 0.261218184375 0.11756974843750001
0 0.2858534046875 0.22980267968749998 0.2951770453125 0.2354131984375 0.30612863749999997 0.23179114531249997 0.312915525 0.22029502500000003 0.3059427453125 0.196853078125 0.310555275 0.170694121875 0.3004157796875 0.1562134234375 0.29398940625000003 0.156666884375 0.27598147812499996 0.1868102859375 0.2858534046875 0.22980267968749998
0 0.21570594375000002 0.2317132265625 0.226209709375 0.262124196875 0.21779487031250003 0.28285289062499996 0.2201494859375 0.29199439531250004 0.247934515625 0.27388788750000004 0.260415478125 0.2031048296875 0.25398910468749997 0.20355829062500003 0.23616143437499998 0.22818036249999998 0.21570594375000002 0.2317132265625
0 0.284595359375 0.29542492187499997 0.29083771875000003 0.273519859375 0.2871245984375 0.2585856984375 0.2711032578125 0.2549674015625 0.2597911515625 0.269632115625 0.284595359375 0.29542492187499997
0 0.140903721875 0.6064482734375 0.17068097499999998 0.5950394640625001 0.16959379531250002 0.587708046875 0.1569213046875 0.5830936390625 0.1409910328125 0.5834579109375 0.13701034375 0.5970354437500001 0.140903721875 0.6064482734375
0 0.08722730468749999 0.591430559375 0.085595596875 0.5736901999999999 0.0768164859375 0.5784886218749999 0.07808580000000001 0.593785175 0.08722730468749999 0.591430559375
0 0.1927512671875 0.48786876718750005 0.1981834078125 0.497552921875 0.20551482656250003 0.49646574218749995 0.2125692828125 0.456457928125 0.20342965624999998 0.472299009375 0.1949218703125 0.4755586703125 0.1927512671875 0.48786876718750005
0 0.92876119375 0.8262856109375001 0.9389879999999999 0.8177759468750001 0.94884865625 0.7798495453125 0.9461316468750001 0.768264234375 0.9348176609375001 0.76944248125 0.925135384375 0.7883610875 0.92876119375 0.8262856109375001
0 0.5978475421875 0.8448869046875 0.603270290625 0.7871387296875 0.5851694171874999 0.7998130984375 0.583818425 0.84796630625 0.5978475421875 0.8448869046875
0 0.6002932249999999 0.8580109765625 0.6064501531250001 0.87258274375 0.6148668703125 0.865340515625 0.6209252171874999 0.8219838515625 0.6125976875 0.8197221812500001 0.60309566875 0.8331194578125001 0.6002932249999999 0.8580109765625
0 0.593511971875 0.9099664953125 0.6047348890625 0.90480568125 0.6131497296874999 0.8840769875 0.6196577796875 0.8201737640625 0.61196396875 0.8188171375 0.60309566875 0.8331194578125001 0.593511971875 0.9099664953125
0 0.8007237765624999 0.4546562625 0.8104079328125 0.44922412187500005 0.8271484234375001 0.4172706328125 0.8303113812499999 0.381336453125 0.8166446578125001 0.3868596625 0.7953770703124999 0.408495278125 0.8007237765624999 0.4546562625
0 0.418670459375 0.47534648125 0.4225638390625 0.4847593109375 0.4561434015625 0.47878076406250003 0.4593993046875 0.46031561875 0.4495311359375 0.4442961578125 0.44274236875 0.4423058125 0.43197291250000003 0.45389300156249995 0.418670459375 0.47534648125