0 0.755854290625 0.6541519546875 0.75706205 0.6338152796875 0.7623527171875 0.6235651328125 0.7749053515625001 0.6264715015625 0.8028624515624999 0.61660708125 0.8082349265625 0.611043721875 0.8122945156249999 0.5750298859375 0.8334259578125 0.5770051421875 0.8464461249999999 0.5619318640625 0.8561002984374999 0.4883146625 0.8369247515625 0.3745694984375 0.8421881484375 0.362757090625 0.865867503125 0.37640840781249996 0.8790512875 0.3707087015625 0.8789149406250001 0.36289739062500004 0.8710218218750001 0.3583469515625 0.8839641359374999 0.29404878437500004 0.87681124375 0.2871413171875 0.8487723359375 0.292318953125 0.8273954703124999 0.2762833375 0.8386624906250001 0.25030149375 0.8637404906249999 0.2545519703125 0.8674961640625 0.24589135624999997 0.863440528125 0.23736708750000002 0.850120396875 0.23525548437500002 0.8332121609375 0.20663996562500003 0.8194790359375 0.225632534375 0.8082159687500001 0.2070762765625 0.7707216796874999 0.20773074062500002 0.74158804375 0.194955996875 0.7408517703124999 0.15277492343750002 0.7281900578125 0.14361950625 0.715092034375 0.109467896875 0.692289253125 0.1012708609375 0.6902594578125 0.119277778125 0.700042071875 0.1425480921875 0.692667071875 0.1676806328125 0.700061434375 0.233186559375 0.693235775 0.2450262375 0.667662971875 0.257193146875 0.665329259375 0.302553284375 0.6741807609375 0.3172447921875 0.6913383734375 0.3153825671875 0.7021378609375 0.3073803703125 0.71238800625 0.3126710375 0.7229341625 0.3796846875 0.7202459484375 0.40473541874999996 0.6977704 0.41528552812499997 0.6893824796875 0.42715247500000003 0.6899551359375 0.459959978125 0.676194740625 0.47739028437500003 0.6613629328124999 0.5229685765625 0.66390689375 0.5791827406250001 0.6773048796875 0.63051923125 0.674371240625 0.6415096046875 0.652854075 0.6622007828124999 0.649974975 0.6763156796875001 0.66293665 0.7026559781249999 0.6914391390625 0.7240367984375 0.6965076953125 0.7458266578125 0.7077162234375 0.7612583921875 0.6994101109375 0.7778121265625 0.6852952140624999 0.7749330265625 0.678360478125 0.78052365625 0.6663259609375001 0.8073002656250001 0.6795330609375 0.847700921875 0.6723762171875001 0.8853315578125001 0.709017246875 0.9253231749999999 0.70832760625 0.9753428296875001 0.7438466375 0.9958198046875 0.764923540625 0.9946705375 0.7659404140625 0.9633980281250001 0.75158009375 0.9464585703124999 0.7647405625 0.8946584984375001 0.7595083875 0.863495065625 0.7695676484375 0.8578498984375 0.787161571875 0.880983865625 0.7957131078125 0.8784904906250001 0.8138955031249999 0.75627955 0.8444044703125 0.7135530890624999 0.8388683796875 0.7097428765625 0.8140630718749999 0.7211150203125001 0.7999754453125 0.7197981828125 0.7714456875 0.6968551015625 0.755854290625 0.6541519546875
0 0.2796726484375 0.27724881562500003 0.2829647421875 0.24202974687499998 0.295404346875 0.2832251703125 0.298696440625 0.2480061015625 0.28672437031250003 0.1888310296875 0.2813518953125 0.194394390625 0.27578853593749997 0.18902191562499998 0.273758740625 0.2070288328125 0.2651253953125 0.204835421875 0.2618099859375 0.1939541265625 0.27165504375 0.131272759375 0.285497246875 0.11852923906249999 0.286786815625 0.10287935 0.25937905625 0.099450909375 0.256336340625 0.104192234375 0.2327700171875 0.0522518625 0.216216284375 0.04394575 0.2108983484375 0.0526336328125 0.2101268984375 0.0979665015625 0.199763721875 0.13096488906249998 0.16646141718750002 0.1479549328125 0.14691950625 0.14751466875000002 0.14258722343750002 0.16790588281250002 0.12263231875 0.1885697921875 0.125947728125 0.1994510875 0.11868180625 0.230832675 0.1070057453125 0.2333805875 0.10944458125 0.23880760156249997 0.10248257499999999 0.24283596875 0.0938764984375 0.24220481875000002 0.103304609375 0.24516572656250002 0.10349549531249999 0.25610156093750003 0.090089603125 0.2938412734375 0.096965846875 0.3296642234375 0.1097366375 0.3450686875 0.11014567812500001 0.36850261875 0.0994552671875 0.3827538625 0.09967342343749999 0.3952519578125 0.11902049374999998 0.42929449062499997 0.0980253984375 0.43513054375 0.094269725 0.443791159375 0.1243617453125 0.46670697031249997 0.12616943125 0.480740059375 0.12337214062499999 0.49954174218749997 0.10648722031249999 0.5170265875 0.097577228125 0.543748659375 0.13468579218750001 0.5657606281249999 0.17508645 0.552553528125 0.1874715140625 0.5906244265625 0.1834937328125 0.631325046875 0.20961192343750001 0.650403378125 0.24943597031250003 0.6489268781249999 0.25543959374999997 0.6347574421875 0.2501256125 0.5989072234374999 0.26478985 0.5884934609375 0.268050721875 0.5962502328125 0.2821928875 0.6006915937499999 0.290362653125 0.5763265515625 0.2834318703125 0.5373790781250001 0.2706338109375 0.5204123515625 0.2600331171875 0.4502741765625 0.2585878390625 0.3674742890625 0.2611942453125 0.337736771875 0.27931419375 0.3014775125 0.2737275171875 0.2500046734375 0.2796726484375 0.27724881562500003
0 1 0.7909101453125 0.994977596875 0.78984309375 0.9773797203125 0.8112472296875 0.9776796843750001 0.8284321125 0.992203621875 0.8547451421875 0.9820040609375 0.8971171015625 0.9923360140625 0.9070945546875 1 0.9073639 1 0.7909101453125
0 1 0.9671066906249999 0.9926865625 0.9719420624999999 0.988327009375 0.9907710156249999 1 0.9905672624999999 1 0.9671066906249999
0 0.5597459546875 0.38643999375 0.55349690625 0.386549071875 0.5452453328125 0.40622732812500006 0.5517398046875 0.420178609375 0.561140646875 0.42157725468749996 0.566980653125 0.398034246875 0.5597459546875 0.38643999375
0 0.5577900609374999 0.4982099015625 0.56998819375 0.48080686406249995 0.5694155359375 0.44799936249999994 0.5575485890625 0.43961144062499996 0.5412675499999999 0.4469279484375 0.5322484796875 0.46740097187499996 0.53572750625 0.4876558390625 0.5577900609374999 0.4982099015625
0 0.5743165234375 0.5049537515625 0.5596795546875 0.5169297765625 0.5568822640625 0.535731459375 0.5625001625 0.5442284578125001 0.5711062375 0.5448596078125 0.5800435 0.5196997984375 0.5743165234375 0.5049537515625
0 0.3669953 0.5796771374999999 0.3859060609375 0.5887234765625 0.3904565 0.5808303578125 0.3869774734375 0.560575490625 0.367462834375 0.5616974890625 0.3669953 0.5796771374999999
0 0.0407904078125 0.513485115625 0.0320752546875 0.50660491875 0.0008300140625000001 0.50715030625 0.0005533671875 0.5360657890625 0.0351412859375 0.5479639578125 0.0457498875 0.529025928125 0.0407904078125 0.513485115625
0 0.2311804859375 0.05071686875 0.24647587343750002 0.03169703125 0.24614864062500003 0.012949887500000002 0.23902301874999998 0.007604682812499999 0.22660673125000003 0.0125096234375 0.2182733484375 0.02750109375 0.22016284375 0.04622096875 0.2311804859375 0.05071686875
0 0.4847566546875 1 0.4930899484375 0.9994154109375 0.496958653125 0.9524657421875 0.4835567140625 0.9456673515625 0.47064562343749994 0.9669896796874999 0.4709183171875 0.9826123000000001 0.47807458281250004 1 0.4847566546875 1
0 0.35460900624999997 1 0.348348921875 0.9886586015625 0.3373312796875 0.9841627015625001 0.3256824875 0.9882728765625 0.325270346875 1 0.35460900624999997 1
0 0.496600603125 0.663365459375 0.4990667078125 0.670354734375 0.5139763703125 0.6740013296875 0.5278731125 0.6643823328125 0.529299028125 0.656543753125 0.5259290796875 0.6425379343750001 0.5172411953125 0.6372199984375 0.5086896578125 0.6397133734375 0.496600603125 0.663365459375
0 0.22493417500000001 0.9462747796875 0.2310468765625 0.9383543921875 0.2286392625 0.8899515390625 0.22148637187500003 0.8830440718749999 0.20830258750000002 0.8887437796875 0.2070402890625 0.90595593125 0.2170137875 0.9401620796874999 0.22493417500000001 0.9462747796875
0 0.2569156890625 0.9879104671875 0.2692774375 0.9798810015624999 0.2752810625 0.9657115656249999 0.274926559375 0.9454021593749999 0.26777366874999997 0.93849469375 0.24998490625 0.94896299375 0.24735123125 0.97713825 0.2569156890625 0.9879104671875
0 0.0019168359375 0.6141788890625001 0.023870312499999997 0.6184839046875 0.0249689953125 0.59189818125 0.01474611875 0.5881697765625 0.0023298296875 0.5930747171874999 0.0019168359375 0.6141788890625001