0 0.654513959375 0.4887078890625 0.681434821875 0.4194775125 0.7768189734375001 0.064633784375 0.786936725 0.017575037499999998 0.7797292953125 0.007543046874999999 0.673495478125 0.009397365625 0.6456980406249999 0.0731734609375 0.5156283484374999 0.5895846421875001 0.5301522859375 0.615897671875 0.540425746875 0.6672887015625 0.5577742453125001 0.6763623109375 0.5945010390625 0.6765026109375001 0.6106457296875 0.6613747937500001 0.654513959375 0.4887078890625
0 0.49841233906250004 1 0.5157563828125 0.9998011359375001 0.521923621875 0.995005271875 0.5251299546875 0.99963751875 0.815710690625 0.9945654140625001 0.8085111671874999 0.8954572171875 0.815286240625 0.8359549140625001 0.8380111671874999 0.7949270609375 0.8346139499999999 0.7793589796875 0.8400409625 0.77692014375 0.8410266140625 0.7886234734374999 0.8480431578125 0.7877196296875 0.8471665843749999 0.7822653484375001 0.8672032968750001 0.7662882265625 0.8608997109375001 0.7632727796875 0.8684110578125 0.74595155 0.875509409375 0.7497344921875 0.8745510281250001 0.739593425 0.8885295781250001 0.7346612140625 0.8732654125 0.7107052125 0.8593141328125 0.7171996843749999 0.8560805312499999 0.711005175 0.851502821875 0.71733603125 0.849132159375 0.7158146734375 0.8492821421875 0.7244071140624999 0.843196709375 0.7338897640625001 0.842152565625 0.7636000125 0.8260351437500001 0.7802900921875 0.810770978125 0.7563340890625 0.8117060453124999 0.72037479375 0.799784559375 0.7088623484375 0.78657350625 0.71299979375 0.78306325625 0.7357207671875 0.7720728828125 0.732787128125 0.7695249703125 0.7211110671875 0.75930209375 0.7173826625 0.7517362078125001 0.7315793687500001 0.684558940625 0.7327519515625001 0.6706076609375 0.7392464234375 0.6657572578125001 0.7299546609374999 0.648572375 0.7302546234375 0.6424324046875001 0.7366127484375 0.6235761828124999 0.7306909328125 0.5751460609375 0.731536284375 0.5807094203125 0.736908759375 0.570595621875 0.739429403125 0.56535949375 0.7528040734375 0.557602721875 0.75606494375 0.557848146875 0.7701253015625 0.5807015140625 0.8259849640624999 0.5760340890625 0.9167052390625001 0.5613658984375001 0.971657103125 0.5453030140624999 0.9914717062499999 0.5156200359375 0.9919898249999999 0.5162784546875 0.9849460109375 0.495010665625 0.9751594453125 0.48454236406250006 0.9573706828124999 0.47761158281249994 0.918423209375 0.47761948906249996 0.8293470046874999 0.4712886328125 0.824769296875 0.4773467953125 0.8137243843749999 0.45953076406250004 0.8226304234375 0.4289712109375 0.8176942593750001 0.43985250625 0.81437885 0.43936165781250003 0.7862581328125 0.4517779453125 0.7813531921875 0.4383487375 0.772992540625 0.43303080156249996 0.781680425 0.4377993953125 0.7862854031250001 0.42864397812500005 0.798947115625 0.43494756562500003 0.8019625625 0.42790375156250005 0.80130414375 0.4195431 0.8147333515625 0.42362600625 0.82481988125 0.43379434375 0.8254237609375 0.4244753109375 0.8287119015625001 0.433930690625 0.833235071875 0.4226636703125 0.859216915625 0.398325896875 0.8526094125 0.394601446875 0.8182941859374999 0.3834474578125 0.805986975 0.38706283125 0.8340531531250001 0.381713671875 0.885716878125 0.39297673906249997 0.9042731359375 0.38379405312500003 0.9153725859374999 0.3852712296875 1 0.49841233906250004 1
0 0.3805499671875 1 0.369804046875 0.740590125 0.35725141250000003 0.7376837562499999 0.3520737765625 0.7096448484375 0.3292437265625 0.6998855515625 0.3198974234375 0.7016114296875 0.31175888125 0.6830006328125 0.30011008906250003 0.6871108078125 0.2980218015625 0.746531303125 0.287276853125 0.7576580234375 0.29239994999999996 0.7825724078125 0.28782224218749997 0.7889032640625 0.302809759375 0.8417747484375001 0.30085781875 0.9090065546874999 0.289123265625 0.9529680453125 0.29580862343750003 0.9778551609375 0.29343224375 1 0.3805499671875 1
0 0.22403509531250002 1 0.22043827500000002 0.9572924234375 0.20879343593750002 0.9168644953125 0.2060937671875 0.7622005546875 0.1886907296875 0.750002421875 0.18532078125 0.735996603125 0.19126986562499998 0.71870264375 0.1785263453125 0.704860440625 0.17669534375 0.6447269875 0.1462721375 0.6476021328125 0.150884059375 1 0.22403509531250002 1
0 0.297254615625 1 0.2976435796875 0.9934505109374999 0.285313053125 0.9585041359375 0.26675679375 0.9697672031250001 0.224303025 0.95488085625 0.20648699375000001 0.9637868953125001 0.203689703125 0.9825885781249999 0.197358846875 0.9780108703125 0.19130635000000001 1 0.297254615625 1
0 0.6224470890625 0.173594540625 0.6279871328125 0.13286665 0.6356075578125 0.12179446875 0.6397216859375 0.088905159375 0.6546080328125 0.046451390625 0.6571871687499999 0.0151516109375 0.6438124984375 0.0099154828125 0.429837140625 0.0167759140625 0.4358640796875 0.0487068421875 0.431804490625 0.0847206765625 0.44172345 0.1158023015625 0.44797249843750003 0.11569322343749999 0.44870877187499997 0.1578742984375 0.456929121875 0.18117188125 0.48121235625000003 0.1846548609375 0.5033294500000001 0.1983334484375 0.521141528125 0.2339655109375 0.5272542296875 0.2260451234375 0.552277690625 0.227171075 0.5523594984375 0.2318578609375 0.5758206984375 0.2330110828125 0.5774920390625 0.23923286093749999 0.5876603765625 0.239836740625 0.5985144015625 0.23495907031250002 0.6162798484375 0.1783904046875 0.6224470890625 0.173594540625
0 0.4337362578125 0.5535083609375 0.42933007187500005 0.480136584375 0.43061964062499997 0.4644866953125 0.438267334375 0.4549767765625 0.43917513125 0.41745521874999997 0.4328170046875 0.4113152484375 0.4224617359375 0.35523743125 0.42115280468750005 0.2802488546875 0.42806422499999996 0.2285578609375 0.42250481874999996 0.178647284375 0.4120365171875 0.160858521875 0.40589654687500004 0.16721664687499999 0.3933439125 0.16431027812500001 0.3818587375 0.1777940265625 0.37395771093749997 0.262319790625 0.3959771828125 0.44946400156250005 0.39090071718749997 0.516750346875 0.398766565625 0.5197385234375 0.39753153750000003 0.5385129375 0.40876733437499996 0.5555069328125 0.40421689531249994 0.5634000515625 0.4160838421875 0.571787971875 0.4190992890625 0.5654843859375001 0.42312765625 0.5724463906249999 0.43236488125 0.564471465625 0.42910400937500004 0.5567146937499999 0.4337362578125 0.5535083609375
0 0.5803320078125 0.357170009375 0.579868428125 0.33061155468750003 0.594863853125 0.29440683437500004 0.600022125 0.23180727656250003 0.5912524328125001 0.2218025546875 0.588291525 0.231230665625 0.5335032765625 0.22593604531249997 0.526404925 0.222153103125 0.528652875 0.21664428125000001 0.5326539734375 0.22204402499999998 0.5325448953125 0.215794978125 0.52391155 0.21360156562500002 0.50795774375 0.23966521875 0.5217920390625 0.31599790156249996 0.518441453125 0.39263054999999997 0.5064887453125 0.4240939453125 0.4819834015625 0.452650971875 0.4836820109375 0.46043501249999996 0.497905984375 0.469563159375 0.49894617500000005 0.48439101406249996 0.513033803125 0.4857078515625 0.5194191984375001 0.49341008437499995 0.52555916875 0.487051959375 0.53123160625 0.49867348125 0.5495697093749999 0.47491231875000006 0.5577979671875 0.409133696875 0.5803320078125 0.357170009375
0 0.5029200031250001 0.48822849531249995 0.491820553125 0.47904580937499996 0.49746967499999994 0.4445669671875 0.4670192 0.44587985156250004 0.44482029843750004 0.427514478125 0.43794010156249996 0.4362296328125 0.4428450421875 0.44864592031250006 0.42582377656250003 0.4583194546875 0.42214991093750004 0.47166685625 0.4189435796875 0.467034609375 0.40962454531250003 0.4703227484375 0.4091024734375 0.4851778734375 0.398221178125 0.4884932828125 0.4006833296875 0.5400206609375 0.4047389671875 0.548544928125 0.4085491796875 0.5430088375000001 0.4030091359375 0.583736728125 0.427401446875 0.5934687546874999 0.5001148046874999 0.596106384375 0.5109415625 0.58966645 0.51390246875 0.5802383390625 0.5029200031250001 0.48822849531249995
0 0.3054908765625 0.2791422640625 0.2929655109375 0.2777981578125 0.28945526250000003 0.3005191296875 0.26758359375 0.3009009015625 0.24242378437499998 0.291963640625 0.22751016875 0.332855146875 0.1986764953125 0.33726528437500003 0.2065968828125 0.3433779859375 0.20434893281250002 0.3488868078125 0.1703648921875 0.3268203 0.1556228 0.2880091734375 0.1468803765625 0.2795667140625 0.1381885390625 0.31878688125 0.11861935937500001 0.3167843546875 0.1167025953125 0.29650221875 0.1212565828125 0.5573999765625001 0.1268472125 0.5643347125 0.2464011609375 0.5645919984375001 0.306561884375 0.5643232578124999 0.3134693515625 0.557170365625 0.3054908765625 0.2791422640625
0 0.30429893125 0.12132653125 0.295611046875 0.1160085953125 0.251867709375 0.1167721375 0.248548346875 0.1504289453125 0.26715123749999997 0.23136660781249999 0.27301060625 0.298462065625 0.2863580078125 0.30213593125 0.29677176875 0.31680016875 0.306118071875 0.31507429062500003 0.30740764062500003 0.2994244015625 0.30429893125 0.12132653125
0 0.94787221875 0.6875246125000001 0.9073079453125 0.691358140625 0.9020990875000001 0.7062950734375 0.8935475500000001 0.7087884484375 0.887053078125 0.6948371671875 0.8809676453125 0.7043198171875 0.8684150109375001 0.7014134484375 0.8722252234375001 0.6958773578125 0.8619478078125 0.6890244296875 0.850571709375 0.708757225 0.8541598140625 0.735261140625 0.8464303109375001 0.7400842734374999 0.842152565625 0.7636000125 0.8299271640624999 0.7794407875 0.8380111671874999 0.7949270609375 0.8198094109375 0.826499534375 0.8110084953125 0.859470653125 0.811082396875 0.95323364375 0.8196027109375 0.993716109375 0.966428071875 0.989590525 0.9756072109374999 0.7097001984375 0.94787221875 0.6875246125000001
0 0.9248591906250001 0.5777532765625 0.9850396796875 0.354794025 0.9846385468750001 0.2422838890625 0.9758961234375001 0.2338414296875 0.9682211609375001 0.2417890875 0.960273503125 0.23411412343750002 0.9556957953125 0.24044497968749998 0.9461040671875001 0.22811050000000002 0.939936828125 0.23290636406249998 0.9320709796875001 0.22991818749999998 0.9101953578125 0.27483806093749996 0.8829784843749999 0.2823454546875 0.87930461875 0.2956928546875 0.86688833125 0.30059779531249997 0.8659259953125 0.3349948296875 0.8552628546875001 0.3508083359375 0.864718234375 0.35533150468749997 0.8683063390625 0.3818354203125 0.8390869390625 0.40891199375 0.8340144281249999 0.43166023593749997 0.7943812671875 0.44407257031249997 0.7970263984375 0.5956119875 0.8053012875000001 0.62203409375 0.8178811921875001 0.626502725 0.9077248921875001 0.6257158671874999 0.9240332015625 0.6199616203125 0.9248591906250001 0.5777532765625
0 0.24026473906249998 0.8397410000000001 0.2355234140625 0.8366982843749999 0.23497802656250003 0.80545304375 0.24325687031249998 0.7873370484375 0.247966971875 0.8333556046874999 0.24264903593749998 0.8420434890624999 0.25270829687499996 0.8363983203125 0.254165434375 0.7855839 0.2612365171875 0.78780458125 0.2653739625 0.8010156343749999 0.27140485625 0.7884084609374999 0.282640653125 0.8054024578125001 0.290152 0.788081228125 0.296510125 0.7942212 0.302677365625 0.7894253359375 0.3292903578125 0.7920862796875 0.345544128125 0.7832075109375001 0.3492452625 0.771422371875 0.364949690625 0.7758364640625001 0.3718571578125 0.7686835734375 0.37687512968750003 0.74281080625 0.385999325 0.773124934375 0.3798593546875 0.7794830593750001 0.3941105984375 0.7901734703125001 0.3872576703125 0.8004508843749999 0.41225386249999996 0.800014575 0.421382009375 0.7857906 0.41770814375 0.7991380015625 0.42480649687499994 0.80292094375 0.43440217812500004 0.7707173218750001 0.4538622796875 0.7664707984375 0.47345872812499995 0.7700355875 0.47238731562499997 0.798183571875 0.48255565312500004 0.798787453125 0.48474906406249996 0.7901541078125 0.476883215625 0.7871659296875 0.4893267734375 0.7838232515625 0.49988083593750005 0.7617606968749999 0.509698625 0.6975170687500001 0.5056702578125 0.6905550625 0.49868098281249995 0.69302116875 0.49196835468750005 0.666571790625 0.476291196875 0.6637199609375 0.4839116203125 0.6526477796875 0.47442897031250003 0.6465623484374999 0.48459730937499995 0.647166228125 0.49846678125 0.63598496875 0.5080039703125 0.645194925 0.5273277249999999 0.6331370921875 0.5130492109375 0.620884421875 0.51126879375 0.60841359375 0.5074313125 0.6123874234375 0.48843874375 0.598654296875 0.43219731093749997 0.5996359953125 0.4276741421875 0.609091375 0.41586173281249994 0.603827978125 0.41240602343750005 0.6296734749999999 0.3650745828125 0.6039331031249999 0.2211828609375 0.5970683140624999 0.193198490625 0.6053704734375 0.16351551250000002 0.605888590625 0.16370639843749998 0.616824425 0.188675321875 0.6148258531249999 0.1887571296875 0.6195126390625 0.17708106875000001 0.6220605531250001 0.1903739296875 0.62260989375 0.192812765625 0.6280369078125 0.16085456874999998 0.632501584375 0.16101818437499998 0.64187515625 0.14473714531249998 0.6491916640625 0.1491081546875 0.8100773828125 0.1576869609375 0.8091462703125 0.1722148515625 0.7909211984375 0.1773691703125 0.7728597421875001 0.188250465625 0.7695443328125 0.1927463671875 0.758526690625 0.19902268437499998 0.759979875 0.21636722968750002 0.8135915859375 0.22034105781250002 0.8174290671875 0.22335650468749998 0.8111254812500001 0.23040031875000003 0.8117839 0.229356175 0.8414941468749999 0.2359051859375 0.8585699515625 0.23886609375 0.849141840625 0.2340974984375 0.8445368625 0.24026473906249998 0.8397410000000001
0 0.848483421875 0.7681777203125 0.8520754796875 0.750143534375 0.857993340625 0.7758254140624999 0.8665994171875001 0.7764565640625001 0.868792828125 0.76782321875 0.8796195859375 0.761383284375 0.8809364234375 0.7472956578125001 0.89987840625 0.71336615625 0.9326859093750001 0.7127934984375 0.9477046484375 0.72268914375 0.9384674234375 0.7306640703125 0.940878990625 0.7345288203125 0.9619558921875001 0.733379553125 0.9616559296875 0.7161946703125001 0.9753890546875 0.6972021015625 0.9747618593749999 0.661270075 0.9676089687499999 0.6543626078125 0.938638946875 0.6509614375 0.944697109375 0.6399165250000001 0.9358183406249999 0.62366275625 0.8265418062500001 0.6302583984375 0.6302734015625 0.621963740625 0.6261320031250001 0.6532907906250001 0.631749903125 0.6617877875 0.643507771875 0.6639266609375001 0.648521790625 0.682591996875 0.6547981078125 0.6840451812499999 0.6518917390625 0.6965978171875 0.663018459375 0.707342765625 0.66159254375 0.7151813437500001 0.6726101859375 0.7196772453125 0.672033575 0.7314078453125 0.7017438234375 0.7324519890625 0.705113771875 0.7464578078125 0.7301372328125 0.747583759375 0.736522628125 0.7552859921875 0.7426625984374999 0.7489278671874999 0.7521452484375 0.7550132984375 0.752036171875 0.74876425 0.7660965296875 0.7485188265625 0.76933013125 0.7547133359375 0.769221053125 0.7484642874999999 0.8004662937499999 0.7479188999999999 0.806002384375 0.7517291109375 0.8030414765625 0.761157221875 0.8268026390625 0.7794953265625 0.8383696234375 0.7706983640625 0.853224746875 0.7712204359375 0.848483421875 0.7681777203125
0 0.4060324890625 0.48835693593749996 0.403235196875 0.50715861875 0.40874401875000005 0.50940656875 0.4132984109375 0.4569753484375 0.421109721875 0.4568390015625 0.42247714375 0.490414 0.4228083296875 0.4646230421875 0.4331442375 0.43006239218750003 0.4125973140625 0.32728033125 0.4117519640625 0.27885020781250003 0.4190451546875 0.2490308828125 0.414222021875 0.24130138125 0.4218969859375 0.2333537234375 0.42250481874999996 0.178647284375 0.41697268125000003 0.13029896875 0.4117092859375 0.1421113765625 0.40897048593749996 0.11949948125000001 0.41026005468750004 0.1038495921875 0.4164545640625 0.100615990625 0.4169533203125 0.039660503125 0.422820596875 0.01767975625 0.343858190625 0.015151206249999999 0.32050606875 0.0202470328125 0.31573747343749997 0.0156420546875 0.3001421234375 0.017477010937500002 0.2894789828125 0.033290515625 0.28465585 0.025561014062499998 0.2816676734375 0.0334268625 0.2722941 0.0335904796875 0.268978690625 0.022709184375 0.2683475421875 0.031315259375 0.25354695625 0.0339177125 0.24831082968749998 0.0472923828125 0.25395204374999997 0.10188974531249999 0.26899805312499997 0.1133476515625 0.30180555625 0.11277499375 0.307368915625 0.11814746875 0.3165120671875 0.552429040625 0.328488090625 0.567066009375 0.3566088078125 0.5665751609375 0.3615137484375 0.5789914484375001 0.3920187625 0.5808030890625 0.4013105265625 0.5759526875 0.398221178125 0.4884932828125 0.4060324890625 0.48835693593749996