0 0.3937355765625 0.6288943609375 0.37503192812499997 0.6309382359375 0.36452887343749996 0.6465096546875 0.35900798906250003 0.704089746875 0.3485911296875 0.7037269625 0.337366046875 0.6828285968750001 0.3330412609375 0.6892403578125 0.3449272671875 0.7012556562500001 0.34337192499999997 0.7055373453125 0.33331784999999997 0.6947577015624999 0.334786996875 0.7064102140624999 0.349611296875 0.7417305375 0.359112190625 0.7414754968749999 0.37125323906249996 0.7629916875 0.39992476875 0.787661659375 0.42621118437499994 0.800061290625 0.44930072499999996 0.8369585046875001 0.4476591890625 0.8571743968750001 0.42829461718750006 0.8681013406250001 0.44307582031250003 0.911388765625 0.451362609375 0.9089821046875001 0.4565171671875 0.9191223734375 0.461502878125 0.9038275468749999 0.471643146875 0.8986729890625 0.48295442343749995 0.90363715 0.4929654015625 0.922383896875 0.50184846875 0.9230448203125 0.5074520062500001 0.9068340265625 0.5071143109375 0.855963834375 0.5047291984375 0.84369349375 0.4851742296875 0.8331688906249999 0.48317345156249997 0.806498140625 0.49472176250000005 0.7676432453124999 0.4918265671875 0.7363711171875 0.507186040625 0.7294061765625 0.5242516937499999 0.690274690625 0.5162450375 0.6408951921875 0.484337075 0.591386403125 0.46782814375 0.584249071875 0.45675035937499997 0.5927693546875 0.436002834375 0.5761095828125 0.42741790625 0.57698245 0.4142316015625 0.5787497359375 0.40343040781250006 0.5927873625 0.3937355765625 0.6288943609375
0 0.37626758125 0.6291063046875001 0.36763955625 0.637946275 0.3548340421875 0.682616653125 0.3428618421875 0.6865355578125001 0.3364716296875 0.6782272203125 0.325713534375 0.68429774375 0.3301209734375 0.7192552828125 0.3123117421875 0.7259005375 0.30151055000000004 0.7399381625 0.3017440421875 0.7534226078125 0.288877425 0.752740134375 0.264527140625 0.77896190625 0.266912253125 0.7912322453125 0.2836546796875 0.8118540203125001 0.3081091640625 0.8230179984375001 0.3110043609375 0.854290125 0.30508113593749997 0.8729506765625 0.310745778125 0.9020927343749999 0.3029906203125 0.9195176328124999 0.316155378125 0.921733896875 0.3151963140625 0.9290831718750001 0.30940238125 0.92384241875 0.306313246875 0.9284222484375 0.31298005 0.942247928125 0.3145569390625 0.9339826890625 0.3213099359375 0.9318741671874999 0.31830699687499997 0.9205197921874999 0.3326212125 0.9368383281250001 0.33850134062500004 0.9261448781249999 0.34278303125 0.9277002203125001 0.3330701921875 0.910487265625 0.332858246875 0.8930192703125 0.3435121421875 0.8495629984375 0.3490725828125 0.84131930625 0.36010726875 0.840766125 0.3811098359375 0.8669267921875001 0.40693280625000006 0.7950540312500001 0.4265093234375 0.8015950828125 0.448065071875 0.8387904359375 0.44736105000000004 0.8556406046875 0.42245758593750005 0.8708276890625 0.44184016562500006 0.913220696875 0.454983375 0.9194205125 0.461502878125 0.9038275468749999 0.479312109375 0.89718229375 0.4929654015625 0.922383896875 0.5049376015625 0.9184649921875 0.507157409375 0.8479967328125 0.489434371875 0.8387077828124999 0.48581360625 0.828269375 0.49536113750000005 0.7627437296874999 0.492720984375 0.7409724953125 0.5105733125 0.726360140625 0.52674455 0.6826272765625 0.5353079296875001 0.685737959375 0.541486196875 0.6765783015625 0.5472801296875 0.6818190546875 0.5485804296875 0.6680364703125 0.53418001875 0.6676521375 0.5071715734375 0.6187827218749999 0.49281426093749997 0.6104312875 0.4834426578125 0.586785025 0.45065828750000003 0.585994809375 0.44243614375 0.5764508187499999 0.41974894375 0.5784731453124999 0.4068392296875 0.585757775 0.39590874375 0.6236967046874999 0.37626758125 0.6291063046875001
0 0.53347215625 0.40196834375 0.5151493 0.4469153125 0.516424509375 0.49441978124999997 0.529715015625 0.5300382453125 0.5675031046875 0.568853584375 0.5747446375 0.5897304015625 0.6006036234375001 0.62449754375 0.615259075 0.634382771875 0.6161103953125 0.6469512500000001 0.62252215625 0.6512760375 0.6314483203125001 0.6439698593750001 0.6291063046875001 0.62373241875 0.641760978125 0.6069468953125 0.6530973453125 0.5506240046875 0.6291600265625 0.443854809375 0.612162559375 0.41373214062499997 0.5923094515625 0.40167374687499996 0.582639709375 0.376493690625 0.5679196109375 0.378559115625 0.5552649374999999 0.3953446390625 0.53347215625 0.40196834375
0 0.5487457359375 0.75077506875 0.556328503125 0.7652185765625 0.571027053125 0.767136703125 0.572431553125 0.79073986875 0.5944147328125 0.8055677093750001 0.603146959375 0.8341134875 0.5869972703124999 0.8738628015625001 0.5945369406250001 0.8962734093750001 0.5901475078125 0.914635821875 0.5983912 0.9201962625 0.6603391765625 0.9113382859374999 0.6708206828125001 0.8997504187500001 0.68649984375 0.89033571875 0.69783266875 0.8913163296875 0.7107639328124999 0.88004815 0.7136195734374999 0.8619838765625 0.6989245656249999 0.8027622484375 0.6885077046875 0.8023994640625001 0.6727854468750001 0.8197812656250001 0.6436649390625 0.82146235625 0.6431117578125 0.8104276703125001 0.6566392999999999 0.802227075 0.6650122828125 0.7838862109375 0.6584532234375 0.7501427765625001 0.6169581734375 0.71682323125 0.609418503125 0.6944126234375 0.5928233765625001 0.7032094953125 0.594080578125 0.6973940140625 0.5827262046875 0.700396953125 0.5729918171875 0.6871675500000001 0.566450765625 0.7067440671874999 0.5529232234375 0.7149446609375001 0.5487457359375 0.75077506875
0 0.5348624921875 0.65478551875 0.5372045062499999 0.6750229609375 0.53226189375 0.6823506859374999 0.538993340625 0.684225715625 0.5526466328125 0.70942731875 0.5738646859375 0.695752478125 0.59307841875 0.7127103890625001 0.6145515125000001 0.7085364421875 0.6256508453125 0.696032609375 0.6208375234375 0.67945903125 0.607417725 0.667741871875 0.6072919734375 0.634339675 0.5579591140625 0.577075728125 0.5433001203125001 0.6244940031249999 0.5471759281249999 0.6444333046875 0.5348624921875 0.65478551875
0 0.738817334375 0.5657966234375 0.7444819765624999 0.59493868125 0.7675715171874999 0.63183589375 0.7745795546875 0.639228265625 0.795413275 0.6399538359375 0.8015484453124999 0.6387612796875 0.8216385875000001 0.6070006171875 0.8227915875 0.5637993859375 0.8195120578124999 0.54692766875 0.813100296875 0.54260288125 0.797762371875 0.5455842718749999 0.7904992921875 0.52869100625 0.77644011875 0.5218733640625 0.7756749921874999 0.49337068281249996 0.7821944953125 0.477777715625 0.77154414375 0.46393048593749997 0.7355413468750001 0.491621403125 0.748235575 0.5241722828125 0.738817334375 0.5657966234375
0 0.8301447046874999 0.8472924109375001 0.8302273578125 0.8886617093750001 0.8641611875 0.9035541968749999 0.8817369265625 0.8834244984374999 0.8827175374999999 0.8720916734375 0.869638975 0.8539412046875 0.8679794328125 0.820837146875 0.8598003859375 0.803326053125 0.8607594484375 0.7959767796875 0.8665102859375 0.8091846328125 0.864146721875 0.7929307421875 0.8510035125 0.7867309265625 0.843632690625 0.7897554140625 0.833898303125 0.7765260125 0.8023064874999999 0.781870965625 0.8027950234375 0.8048563046874999 0.8301447046874999 0.8472924109375001
0 1 0.6576080671875 0.99542058125 0.6575832953125 0.9717958671875 0.662971346875 0.9618459953125 0.6895774515624999 0.9621836890625 0.7404476453125 0.9953417703125 0.8987479578125 1 0.8976920734375 1 0.6576080671875
0 0.8083052828125 0.91918671875 0.8230469296875 0.9131377437499999 0.8305254968750001 0.8901955031250001 0.8095229296875001 0.8640348359375001 0.7975507281249999 0.8679537406250001 0.8021916625 0.9163957249999999 0.8083052828125 0.91918671875
0 0.7764793734375 0.2313723015625 0.76088640625 0.2248527984375 0.753494034375 0.2318608359375 0.764740665625 0.24877565000000001 0.7657608328125 0.2867792265625 0.7804989390625 0.338033753125 0.8036746734375001 0.3589967640625 0.80818985625 0.37403654999999997 0.8188617578124999 0.383900228125 0.84014445625 0.3582747359375 0.83635484375 0.32240123125000003 0.84065808125 0.3199730203125 0.852181303125 0.34240517812500004 0.8635572249999999 0.3354186890625 0.8788340453125001 0.28708444843750003 0.86609671875 0.262500671875 0.8489699609375 0.25627930625 0.849311196875 0.24984599843750002 0.8349754328125 0.2375110125 0.8192531734375 0.2548928125 0.812543275 0.249034234375 0.8093068421874999 0.22419541562499998 0.81778756875 0.1859367984375 0.8074353546875 0.1736233609375 0.7892848875 0.1867019234375 0.7860449125 0.2191666078125 0.7764793734375 0.2313723015625
0 0.612140709375 0.077878228125 0.6198061312500001 0.1336910359375 0.62983865625 0.1484542296875 0.6623464375 0.143727103125 0.6757662359375 0.1554442609375 0.6834351984375 0.153953565625 0.6899331531249999 0.14234415 0.68324834375 0.07519851718750001 0.6967543375 0.0709814734375 0.6980761859375 0.0532153390625 0.6883417984375 0.0399859375 0.666549015625 0.0466096421875 0.6541960234374999 0.0076254546875 0.6468682968749999 0.002682840625 0.63732430625 0.010904984375 0.636214403125 0.0461391140625 0.612140709375 0.077878228125
0 0.5334898625 0.11545083125 0.566676575 0.15516058906250002 0.5665472828125 0.1790618921875 0.554233846875 0.18941410625 0.55968654375 0.20108816875 0.571295959375 0.2075861234375 0.59100176875 0.1902258703125 0.5862315437500001 0.165685190625 0.6019107046875 0.1562704921875 0.6131608765625 0.115881803125 0.6048991781249999 0.0570014109375 0.5917775171875 0.0468180453125 0.5386695109375 0.06430404843750001 0.526844609375 0.0976416 0.5334898625 0.11545083125
0 0.45225117968750006 0 0.4483085875 0.0006894453125 0.43222354531249996 0.02848810625 0.44491777343749994 0.06103898437500001 0.441081521875 0.0904360828125 0.4618074984375 0.11107940624999998 0.480191459375 0.1114852875 0.4974224203125 0.15509240156249998 0.5078823765625 0.147488084375 0.5224982734375 0.10803691093750001 0.5086545859375 0.0613837609375 0.5078894593750001 0.032881079687499995 0.4944696609375 0.0211639203125 0.4903558109375 0 0.45225117968750006 0
0 0.5652112484375 0 0.562850946875 0.0126471796875 0.584237846875 0.0244074359375 0.5887530296875 0.039447221875 0.6040047609375 0.052400034375 0.61707978125 0.1278540046875 0.6270907593749999 0.14660075 0.6626445765625 0.1452608953125 0.6757662359375 0.1554442609375 0.6834351984375 0.153953565625 0.6896350140624999 0.1408103578125 0.6856334562499999 0.0874688578125 0.703827021875 0.06642319375 0.7029757015625 0.053854714062499996 0.688043659375 0.03845214375 0.6665921125 0.038642540625 0.6560279546875 0.008861107812500001 0.647684778125 0 0.5652112484375 0
0 0.45185547656249997 0 0.4483085875 0.0006894453125 0.43345919843749997 0.026656174999999997 0.44491777343749994 0.06103898437500001 0.44142275781249996 0.0840027734375 0.447471734375 0.0987444203125 0.463341290625 0.1107812671875 0.480191459375 0.1114852875 0.4895199640625 0.14309865156249998 0.498359934375 0.15172667812500001 0.526205234375 0.1025411171875 0.566676575 0.15516058906250002 0.56624914375 0.17752810000000002 0.55730143125 0.188817828125 0.559090265625 0.19802058281249998 0.5691658890625 0.2048166765625 0.5799024359375 0.202729703125 0.592237421875 0.1883939390625 0.5901935453125 0.16969029062500002 0.6071514578125 0.1504765578125 0.611519340625 0.136097696875 0.62983865625 0.1484542296875 0.6629427156250001 0.1467946875 0.6757662359375 0.1554442609375 0.6889956390624999 0.14570987500000002 0.6865278734375 0.092070234375 0.703827021875 0.06642319375 0.70084563125 0.05108526875 0.688043659375 0.03845214375 0.6641639031250001 0.0343393015625 0.655729815625 0.007327315625 0.6462882875 0 0.5627964890625 0 0.559187084375 0.0101758734375 0.58300219375 0.0262393671875 0.5844928890625 0.0339083296875 0.5681528046875 0.052206096874999997 0.5503435718749999 0.058851350000000004 0.5396285734374999 0.056954773437499995 0.5183494171875 0.025276764062500002 0.4987298015625 0.0267028125 0.49056134218749997 0 0.45185547656249997 0
0 0.23797799843749998 0.1919934578125 0.24930728281249998 0.250277571875 0.2528383125 0.333953684375 0.263168978125 0.350250671875 0.27420366406249996 0.3496974921875 0.3102460171875 0.371342975 0.320195890625 0.3447368703125 0.3199839453125 0.327268875 0.33323489687499996 0.31355093749999996 0.3256556703125 0.2418039265625 0.3114276484375 0.2095511875 0.29315143125 0.189227553125 0.2833128421875 0.13861240156250001 0.2686789375 0.1247436234375 0.2561320078125 0.12161139218749999 0.2373852625 0.1316223703125 0.2435599875 0.17976621406249998 0.23797799843749998 0.1919934578125
0 0 0.1757961171875 0.0020756375 0.18213716093750001 0.021034328125 0.1895941796875 0.022650775 0.23066534062500002 0.0336639125 0.23409570937500002 0.04197225 0.2277054984375 0.05353856875 0.2421705546875 0.0615056703125 0.24221365156250002 0.07888392968749999 0.3152394125 0.08895955312500001 0.32203550625 0.0939452640625 0.306740678125 0.1250665515625 0.33173033749999997 0.158123971875 0.3953413984375 0.15675902656250001 0.42107463437500003 0.163106140625 0.4373500734375 0.1930779703125 0.44823746093750005 0.218854303125 0.4416353046875 0.24441869062500002 0.417565153125 0.2719838578125 0.42016575156249997 0.2769480203125 0.4088544734375 0.2727309765625 0.39534848125 0.254113521875 0.3814581546875 0.2585460515625 0.355128640625 0.2729680109375 0.35152942343750004 0.31148167031249996 0.36951104375 0.3215177375 0.3269707359375 0.33263861875 0.31048335312500003 0.32535753125 0.240270134375 0.2940889453125 0.18586182812500002 0.28714909375 0.10921530156249999 0.2819729875 0.1030585828125 0.269702646875 0.1054436953125 0.2693183140625 0.11984410625 0.24447949531250002 0.12308053906250001 0.2370871234375 0.1300885765625 0.24202619531249997 0.180064353125 0.23829768593749998 0.18954369843750002 0.2275611390625 0.191630671875 0.21075406718749998 0.18295955 0.19220125937500002 0.1571185703125 0.1814431625 0.1631890953125 0.1834439421875 0.1898598453125 0.1754552921875 0.1938002984375 0.1644852515625 0.182402828125 0.1578830953125 0.15662649374999998 0.1505769171875 0.1477003296875 0.142609815625 0.1476572328125 0.13802644687500001 0.2018716015625 0.1250520859375 0.22110688281250002 0.11708498437499999 0.22106378593749998 0.1030473578125 0.2102625921875 0.10006596718750001 0.19492466718749998 0.110249334375 0.1818030078125 0.10816236093750001 0.1710664609375 0.0977885984375 0.162736575 0.079724325 0.159880934375 0.07578387187499999 0.151892284375 0.07604245468750001 0.10408967499999999 0.06731022812500001 0.075543896875 0.0372522046875 0.0805907125 0.0289007703125 0.094948025 0.0203804875 0.0838702421875 0.009643940625 0.085957215625 0.014072928125 0.11693120312500001 0.0048701734375 0.1187200375 0 0.11446776875 0 0.1757961171875
0 0 0.3297331328125 0.0103949 0.34367390625 0.0190013765625 0.33881748749999996 0.028161034374999998 0.3449957546875 0.0382402 0.2944883453125 0.0321912234375 0.2797466984375 0.0114006015625 0.271054028125 0 0.2757320640625 0 0.3297331328125
0 0.20217328281250002 0.80620384375 0.2083084515625 0.8050112875 0.22439349531250002 0.7772126265625 0.205222859375 0.7522876140625 0.18986338593750002 0.7592525546875 0.1818316390625 0.7711601109374999 0.20217328281250002 0.80620384375