0 0.6329531375 0.370576884375 0.6447193359375001 0.34498365 0.6477843234375 0.299411865625 0.6730492578125 0.304111165625 0.6587333640625 0.2636652078125 0.6492293578125 0.2635885171875 0.6360589171875 0.2403628828125 0.610053515625 0.21600615156249997 0.584215853125 0.202696690625 0.562428071875 0.165016140625 0.56282588125 0.1475513890625 0.5744386984375 0.1409661703125 0.5789007484375001 0.1291856125 0.5750809359375 0.12504468124999998 0.581009559375 0.12252370312500001 0.5732788859375 0.09369056406250001 0.5631254609375 0.09450771875 0.5583279328125 0.0841937359375 0.5512682140625 0.0995496765625 0.5407098015625 0.102803940625 0.5175464984375 0.076415090625 0.507805240625 0.08982277968749999 0.5055574093749999 0.1455479875 0.5070239828124999 0.154807565625 0.5261997359375 0.166008215625 0.5275129296875 0.1942758078125 0.5146156359375 0.232704003125 0.5164176874999999 0.264058121875 0.4975774125 0.2749520125 0.48208245156249996 0.31695559218749997 0.4886820296875 0.35862369374999997 0.518842721875 0.40921589531249997 0.535092509375 0.41692503125 0.546460896875 0.4087965484375 0.569051475 0.4265752390625 0.5913065750000001 0.42225938906250005 0.6106980375 0.3748927328125 0.6329531375 0.370576884375
0 0.6685992828125 0.17113893593750001 0.65600875 0.171551103125 0.6510650203125 0.1952727765625 0.6552203109375 0.2215082484375 0.6662747609374999 0.23636815156250002 0.6802479984375001 0.2396919265625 0.6910508390625 0.237980925 0.690868740625 0.1968783703125 0.6685992828125 0.17113893593750001
0 0.4633714078125 0.5983470390625001 0.4832517296875 0.5540669109375 0.483635178125 0.506546875 0.47061811875000004 0.464313225 0.4489213875 0.44718395156249996 0.4279435828125 0.40462918437499995 0.389501028125 0.36167660625 0.3843752015625 0.344295725 0.3749550640625 0.3497426703125 0.3752905421875 0.3718372109375 0.362057771875 0.3881708671875 0.3490070984375 0.44560707656250004 0.368959215625 0.55160336875 0.3848950625 0.5823008890625 0.4045596734375 0.596588065625 0.413100325 0.6205469875 0.42788353749999997 0.6189965453124999 0.4382742109375 0.604695009375 0.4633714078125 0.5983470390625001
0 0.3991848484375 0.22804778125 0.428353465625 0.242411646875 0.43662815000000005 0.2197443796875 0.435971553125 0.20561058437500002 0.4147636796875 0.1915678359375 0.40759855156249997 0.156317215625 0.4258589203125 0.121785521875 0.41910596250000004 0.099125434375 0.4243779890625 0.082470659375 0.4147901125 0.076870334375 0.345098846875 0.0863263703125 0.34656542031250004 0.0955859484375 0.335762578125 0.09729695000000001 0.32772514531249997 0.1064798390625 0.3146457546875 0.10380547968750001 0.2997091609375 0.12436393750000001 0.3061410015625 0.15498476875 0.32613390937500003 0.1763388421875 0.337746728125 0.1697536234375 0.3466851875 0.17624779375 0.3595968390625 0.16787488281250001 0.3671525953125 0.170633109375 0.3693524546875 0.1845224765625 0.3494577734375 0.198747321875 0.346462296875 0.2197874578125 0.3562250921875 0.25146269375 0.388647975 0.276384971875 0.395631003125 0.2705330390625 0.394638928125 0.23430470312499999 0.3991848484375 0.22804778125
0 0.47031625312500003 0.342548825 0.47071406250000003 0.32508407500000003 0.47639825625 0.3210198328125 0.45965243281249996 0.2951965296875 0.462389121875 0.24255784687499998 0.44597159687500004 0.2238014421875 0.3985426109375 0.24396926875 0.3906034046875 0.2887310765625 0.381511565625 0.3012449203125 0.38728680937500004 0.31773195625 0.40232163125 0.33275241875 0.39900503593750003 0.361753296875 0.44297840468749994 0.41964964687500006 0.4528802203125 0.40226158593749994 0.4589478640625 0.350677309375 0.47031625312500003 0.342548825
0 0.263624415625 0.425908853125 0.2589802671875 0.39658685625 0.2371924875 0.3589063046875 0.2304467078125 0.351273859375 0.2096510015625 0.3498216453125 0.20347795 0.3507993609375 0.1822916140625 0.38183954062500003 0.17963161562500002 0.424974215625 0.18232033281249999 0.4419501078125 0.1885772546875 0.446496028125 0.204009884375 0.44405173906249995 0.2106789734375 0.46118819218749996 0.2244916515625 0.46849233906250004 0.22426158125 0.4970043609375 0.2172018625 0.5123603015625 0.2273624671875 0.5265707875000001 0.2643097296875 0.5001532171874999 0.25275924375000003 0.46717914687500006 0.263624415625 0.425908853125
0 0.1814434546875 0.136767478125 0.18922928125 0.111013684375 0.20426410156250002 0.126034146875 0.21417309687500002 0.123673728125 0.2098428890625 0.07136334375 0.1931114234375 0.075595325 0.18394289531250002 0.097613175 0.148601225 0.0842270234375 0.1300125578125 0.11169181875 0.141639734375 0.135161884375 0.12685652187500002 0.13671232656250001 0.11581643125 0.15190770781250001 0.11696188593750001 0.16912802968750001 0.13182896875 0.17310122187500002 0.1566194046875 0.20476927968749997 0.1671778171875 0.2015150140625 0.177743409375 0.2132883921875 0.213238459375 0.207666528125 0.20680661875 0.177045696875 0.1814434546875 0.136767478125
0 0 0.325162559375 0.015255010937499999 0.326032746875 0.0375101109375 0.321716896875 0.048138032812499995 0.29393098281249996 0.0446106203125 0.2217187390625 0.018876081250000003 0.0842077703125 0 0.0871974484375 0 0.325162559375
0 0.214314078125 0.7588150671875 0.22967001874999998 0.7658747859374999 0.23730246562500001 0.75912900625 0.226408575 0.7402887312499999 0.226715334375 0.702272703125 0.214263821875 0.653621571875 0.191589375 0.630319246875 0.1876018234375 0.6151310453125001 0.1772806609375 0.60490093125 0.1540622046875 0.6330990140625 0.1591952109375 0.6655075375 0.1532665875 0.668028515625 0.1443209484375 0.646506703125 0.1309204390625 0.6517930890625 0.113966084375 0.6995647328125 0.12583768906249998 0.724578059375 0.145578990625 0.7293612281249999 0.1542802 0.749339778125 0.1723871890625 0.7338160984375001 0.1788885390625 0.73990528125 0.1820661140625 0.7599677015624999 0.171445371875 0.8027812578125 0.181361546875 0.8154484796875 0.1999573921875 0.8030113265625 0.20432839375 0.77067949375 0.214314078125 0.7588150671875
0 0.3718969328125 0.9197386640625 0.367482853125 0.8619046453125 0.3579716671875 0.8468003140624999 0.32710640625 0.851688890625 0.308985059375 0.8371572859375 0.2977005390625 0.850809403125 0.3028479046875 0.9132732109375 0.2883929890625 0.9218905515625 0.2846642265625 0.9383008984375 0.295718675 0.9531608015625 0.307010375 0.954536325 0.317729346875 0.9473016875000001 0.32871428593749996 0.986693240625 0.335865053125 0.9918885765625 0.34544575 0.9824612593750001 0.3477846296875 0.9472873296875 0.3718969328125 0.9197386640625
0 0.45310996562500006 0.8831461328125 0.4213293203125 0.842302365625 0.42253710624999996 0.819963396875 0.4352043296875 0.8100472218749999 0.4296735140625 0.7951034499999999 0.4200856375 0.789503125 0.397998278125 0.80486624375 0.40190913906250003 0.829558453125 0.38225888750000003 0.8453265609375 0.373258096875 0.8783916812499999 0.379704296875 0.939067796875 0.3942502609375 0.951001734375 0.44460521249999996 0.9343254203125 0.4591296390625 0.90117643125 0.45310996562500006 0.8831461328125
0 0.534707590625 1 0.5510352109375 0.9720467625 0.5399735812500001 0.9421592171875 0.5445890125 0.9113706468749999 0.524596103125 0.8900165734375 0.506481934375 0.8905126109375001 0.49053890781250004 0.844787446875 0.47981993593750005 0.8520220828125 0.4638361171875 0.8909391375 0.47604320156249996 0.9380470046875 0.4755687015625 0.9650157625 0.48881583125 0.978737390625 0.4921834984375 1 0.534707590625 1
0 0.4200123234375 1 0.4229443796875 0.9923343578124999 0.41993454375 0.9833192078125 0.3936918921875 0.97244685625 0.36770084999999997 0.9781454109375 0.3571004578125 1 0.4200123234375 1
0 0.7511131109375 0.81696335 0.7415803859375 0.7567760906250001 0.7453714796875001 0.7008064546874999 0.7409717609375 0.6730277203125 0.7314605750000001 0.6579233875 0.7204133046875 0.6580911265625 0.685148325 0.63520096875 0.6742759734375 0.6614436203125 0.6738781640625 0.678908371875 0.6601565359375 0.6921555015624999 0.66498278125 0.762580053125 0.6783209609374999 0.7968529578125 0.6958767609375001 0.8178020437500001 0.7067083203125 0.8762016109375 0.7305138624999999 0.8866689734375001 0.749598565625 0.877318346875 0.7451077984375 0.8289883343750001 0.7511131109375 0.81696335
0 1 0.8639541015625 0.993525175 0.8592498656249999 0.9865277859375 0.8350465140625 0.9696285828125 0.828231225 0.9676587937500001 0.7858298359375 0.9567720828124999 0.782017203125 0.9482457906249999 0.788113565625 0.9369469125000001 0.7717104 0.9305294312499999 0.7711448515625 0.9144114859375 0.6993447765624999 0.9045791812499999 0.6922011875 0.8988182968749999 0.7057694359375 0.8690769515625 0.6827954093749999 0.838015234375 0.6165261484375 0.840277425 0.5908562234375 0.8345021812500001 0.5743691890625 0.8049285749999999 0.56244243125 0.7789375328125 0.568140984375 0.75254868125 0.5913042890625 0.72379223125 0.58953095625 0.71973516875 0.5988744046875001 0.7234782921875 0.6125193421875 0.7413552109375 0.625507684375 0.7362509234375 0.6532097296875 0.7217121390625 0.656303434375 0.685392753125 0.6367442328124999 0.6723349015625 0.6791528 0.660889821875 0.696785290625 0.66571606875 0.7672098421875 0.6948223546875 0.8211329984375 0.6993274828125 0.8995182953124999 0.710458621875 0.904874190625 0.7170366625 0.9014593671875 0.7188171750000001 0.887730559375 0.7485441609375 0.8806493015625 0.7507081234374999 0.8194004578125 0.7615109640625 0.8176894562499999 0.7780051796875 0.8269418546875 0.7956448484374999 0.8534145765625001 0.80660825 0.8477232015625 0.8057839140624999 0.8225421359375 0.8136607890625 0.8173396203125 0.8242263796874999 0.8291129968750001 0.8301693625000001 0.856647303125 0.8448758859375 0.8646008671875001 0.8513485187500001 0.8105794812499999 0.8649862765625 0.7918087171875 0.8729470218750001 0.7921298359375 0.8848114468749999 0.8021155203125 0.889043428125 0.8188469843749999 0.8781638968750001 0.83006199375 0.87808720625 0.8395660015624999 0.91002123125 0.8614017531249999 0.9083389484375 0.9107094796874999 0.916069621875 0.9395426203125 0.947828728125 0.9353034609374999 0.9566761390625 0.9212463546875 0.964804621875 0.9326147421875 0.9756074640625 0.930903740625 0.9738054125 0.8995496234375 0.9815217281249999 0.8983274781249999 0.994524428125 0.91050584375 1 0.9104815859375 1 0.8639541015625
0 0.9838511437499999 0.6733178359374999 0.9750804234375 0.677870934375 0.9661419640625001 0.6713767640625 0.95430625625 0.721501646875 0.9598370703124999 0.73644541875 0.9803116578125 0.745858378125 0.9952554296875 0.7403275625 0.9971821421874999 0.6925630984375 0.9838511437499999 0.6733178359374999
0 0.8083316500000001 0.2043766890625 0.8021585984374999 0.2053544046875 0.78511319375 0.23257477187500003 0.8031578515625 0.25661038281250004 0.8189954703125 0.2517289859375 0.8271934640625 0.2385657265625 0.8083316500000001 0.2043766890625