0 0.22441682031250001 0.646689809375 0.21902711875 0.6870767796874999 0.2105437078125 0.7044424609375 0.2140952328125 0.7403403187500001 0.22377115937499997 0.751182740625 0.238729853125 0.755959715625 0.24284612656250001 0.7704126171875 0.2477560546875 0.7698588484375 0.24575890625 0.7830123015625 0.265542553125 0.7688472640625 0.2716189765625 0.747775146875 0.279537640625 0.751854421875 0.282088559375 0.743610896875 0.29784090937499996 0.7333812 0.30876830625 0.74209351875 0.317639596875 0.794297496875 0.3080006703125 0.8058266406250001 0.290539034375 0.8053098703125 0.28034633750000004 0.8119290843750001 0.2813949203125 0.852087146875 0.2885679046875 0.8671897734374999 0.294681328125 0.8684892218750001 0.3049220015625 0.8578866859375 0.3190020640625 0.8592820890624999 0.33302317187499997 0.891015696875 0.346368534375 0.877079565625 0.36843719375 0.8258611531250001 0.36853314843749996 0.8178945125 0.35552362656250003 0.803947403125 0.364752715625 0.7755583703125 0.389361315625 0.7424513171875 0.39706205 0.713737421875 0.418230121875 0.7118472062500001 0.44677406406250003 0.68277145 0.45099727031250003 0.6629028265625 0.4290945 0.649461509375 0.41379996406249997 0.672567775 0.40560441718750007 0.6660335359375 0.4111640703125 0.6624230546875001 0.4060252328125 0.6565385406249999 0.4148924625 0.6073062984375001 0.40952471875 0.5949834984375 0.4190786703125 0.565066109375 0.41135191562499995 0.5450535546874999 0.38782483437500004 0.539254015625 0.3736488171875 0.5458252531250001 0.3502916875 0.5768022046875 0.3326011453125 0.5698471484375001 0.313467221875 0.5809554765625 0.28760715000000003 0.61619263125 0.2752473515625 0.5991888109375 0.266029240625 0.6012229578125 0.2602187234375 0.6511049250000001 0.24187845624999998 0.6472065796875001 0.23960442187500003 0.6579050703125 0.2477999703125 0.664439309375 0.24437041874999998 0.6693012609375 0.2233462796875 0.659241515625 0.2365477109375 0.6572553453125 0.238869721875 0.6425735359375 0.22441682031250001 0.646689809375
0 0.5599793140625 0.6724897140625 0.5853226140625 0.6547141953125 0.6171151765625 0.6103548828124999 0.6378103921875 0.5205067640625 0.63630399375 0.46747213125 0.6227407015625 0.44861509374999997 0.6252066453125 0.4219833234375 0.6075161015625 0.41502826875 0.5902353953125 0.42493310156249997 0.5722199906250001 0.4195064015625 0.5403424515624999 0.44547746874999994 0.5104401046875 0.5110048515625001 0.5145453984375 0.5518126390625 0.5275549203125001 0.5657597484375 0.5286144828125 0.5795629265625 0.535148721875 0.5713673781249999 0.54742354375 0.5699829546874999 0.5499744625 0.5617394296875 0.55974634375 0.5646152109375 0.554127734375 0.598563896875 0.5367140765625 0.5940638046875 0.530456721875 0.6047143171875 0.5436361953125 0.6554379171875 0.5599793140625 0.6724897140625
0 0.4324732203125 0.877810203125 0.43098186250000003 0.8998569046875 0.41944174062500006 0.9165728625 0.42365396874999994 0.923059125 0.4883986734375 0.9416132578124999 0.514572628125 0.93120263125 0.5205051203125 0.9220804749999999 0.5182900421875 0.902440759375 0.53025098125 0.8762298062499999 0.5294683046875 0.8648815937500001 0.5255809390625 0.8568669765625 0.508997934375 0.859731778125 0.50543543125 0.8501888046875001 0.5107661765625 0.8401400390625 0.5227161359375 0.840283971875 0.5375898546875 0.826672703125 0.5453865437500001 0.7899921671875 0.52261611875 0.7468143921875 0.53708 0.716343234375 0.5285595890625 0.71133735 0.5368510921875 0.70990495 0.525561834375 0.680349421875 0.5201831109375 0.6943815078125 0.5149962984374999 0.6924803125000001 0.519725296875 0.6815049375 0.5129141734375 0.687245521875 0.501507003125 0.718366403125 0.49451495 0.7136853828125 0.4907235375 0.697704125 0.479183415625 0.7144200828125 0.46047030937500005 0.7160334140625 0.444802934375 0.7446513546875 0.446922059375 0.772257709375 0.45849917968750004 0.7779133171875 0.45209789375 0.8005137890625 0.467189540625 0.8196956906249999 0.45971771562499997 0.85484786875 0.4324732203125 0.877810203125
0 0.56693030625 0.5533629515625 0.55701449375 0.56243713125 0.5603001125 0.5695251390625 0.5536219421874999 0.5896706468749999 0.543946015625 0.5788282265625 0.55015539375 0.572161034375 0.54909583125 0.55835785625 0.5417309375 0.5591885109375 0.5393609484375 0.577853640625 0.5315752390624999 0.5881792906250001 0.524221325 0.562655059375 0.5107909859374999 0.558202946875 0.5038948859375 0.545555284375 0.48731188124999997 0.5484200875 0.4731098453125 0.5062648750000001 0.4612558390625 0.49815430312500003 0.4550944390625 0.5008381749999999 0.453831990625 0.5293231625 0.4580442171875 0.5358094234374999 0.46731030625000003 0.52979195625 0.468140959375 0.53715685 0.457996240625 0.53979274375 0.46456747812500004 0.5539687609375 0.451041184375 0.5574832875 0.449693759375 0.5675800296875 0.4301499984375 0.56182846875 0.42306199062500005 0.5651140875 0.40954667499999997 0.542273728125 0.41061721562500003 0.529722021875 0.3969099921875 0.52281494375 0.401904896875 0.5406494187499999 0.38875144375000004 0.53865226875 0.3736488171875 0.5458252531250001 0.357704559375 0.5719882296875001 0.3295444328125 0.569197425 0.3137920828125 0.5794271203125 0.2885817359375 0.6116075640624999 0.2691339296875 0.5978893625 0.26232280625 0.6036299453125 0.25582556562500003 0.6341970578125 0.23743732031250003 0.634282034375 0.213345490625 0.6499274515625 0.187267490625 0.6523714375 0.171515140625 0.6626011328125 0.1702526921875 0.6910861203125 0.1895085890625 0.7207376015625 0.1821327171875 0.747923140625 0.1520014625 0.807012240625 0.150786990625 0.8315139078125 0.1617143875 0.840226225 0.182882459375 0.838336009375 0.1922554796875 0.797997015625 0.2124119671875 0.7783203015625 0.21936702187499998 0.760629759375 0.2304383515625 0.7573921171875 0.23983739218750003 0.7657795734375 0.24784103124999998 0.78824709375 0.298719540625 0.7367627734375 0.312330809375 0.7516364921875 0.3102856828125 0.7687732656249999 0.316760965625 0.7909159234375001 0.3098538875 0.8046231468749999 0.290863896875 0.8037815140625 0.2806711984375 0.8104007281250001 0.2798665640625 0.8517622859375 0.2882430421875 0.868718128125 0.30918220625 0.860389628125 0.3214090515625 0.8629885234374999 0.3257542328125 0.8838797109375 0.329966459375 0.8903659718749999 0.3382579625 0.8889335703125001 0.3697366421875 0.8197477296875 0.35617335 0.8008906921875001 0.35974683281250003 0.7840787796875001 0.39153939531250004 0.7397194671875 0.3972909578125 0.7201757062499999 0.41850700625000004 0.7143021703125 0.4501076609375 0.6858761390625 0.45760550625 0.699450409375 0.45259962343750004 0.70797081875 0.4570887359375 0.7169120453125 0.4401219140625 0.7516434078125 0.4614379796875 0.8392394515625 0.43159458749999996 0.8744286296875 0.419116878125 0.9181012187500001 0.4263858171875 0.9252372046874999 0.4960404515625 0.9432375687500001 0.511744825 0.9369911921874999 0.52702838125 0.9402398125 0.543984225 0.9318633343749999 0.5536711296875 0.9163508703125001 0.5553543953125 0.8783708875 0.5639337609374999 0.8530385656249999 0.5597215328125 0.8465523046874999 0.53975695625 0.8502957375 0.5288775359375 0.8376001000000001 0.541296290625 0.8242657156250001 0.5433414171875001 0.8071289421875001 0.5784195984375 0.7698576375 0.58321853125 0.7021891734375 0.577525925 0.6913947296875 0.6009310328125 0.656434459375 0.6058999171874999 0.6255424859375001 0.615586821875 0.610030021875 0.6228297406250001 0.5684395578125 0.6159226624999999 0.58214678125 0.6113485734374999 0.554817309375 0.6203007781250001 0.5239733125 0.6129358859375 0.5248039671875 0.606342690625 0.5633377203125 0.6032380015625 0.5666713156250001 0.5947655703125 0.5576821125 0.6011668546875 0.535081640625 0.607605140625 0.5348527328125 0.608217865625 0.50942445625 0.6171111140625001 0.5089186640625 0.6191932390625 0.5141534546875 0.6361490828125 0.5057769765625 0.6280015125 0.4952594171875 0.61720706875 0.5009520234375 0.605677925 0.491313096875 0.6019235125 0.49770340312499994 0.590996115625 0.488991084375 0.587241703125 0.4953813921875 0.5896007125 0.5030711484375 0.60090095 0.5062717906249999 0.5976523296875 0.5215553468749999 0.5820439109375 0.5198350828125 0.5797698765625 0.530533571875 0.5879654249999999 0.5370678109375 0.5866179984375 0.547164553125 0.594078846875 0.538367259375 0.5885561921875 0.5643493046875 0.5853185515625 0.5532779765625 0.58068550625 0.556286709375 0.5817080703124999 0.5477183234375 0.56693030625 0.5533629515625
0 0.8989632328124999 0.49055522968750004 0.93070781875 0.4501792375 0.9270603390625001 0.4222480203125 0.9149294484375 0.4116824828125 0.9087310499999999 0.391994790625 0.8884416109375 0.3972665796875 0.8842293828125 0.39078031874999997 0.893133609375 0.363919640625 0.914035775 0.333219575 0.9095946406250001 0.3202950296875 0.9025546078125 0.319597328125 0.8868502359375 0.325843703125 0.8758638828124999 0.347469590625 0.859461809375 0.360755996875 0.8442742078125001 0.3495407359375 0.8374630828124999 0.3552813203125 0.8406527484374999 0.37033596874999997 0.8260929125 0.40877376718749997 0.8211610265625 0.46203730624999995 0.8343035015625 0.490389340625 0.83137974375 0.504144540625 0.837349234375 0.51739395 0.8650995218749999 0.503324865625 0.8771564156249999 0.469147271875 0.8817414828125001 0.47012185781250004 0.8839085828125001 0.49374489375 0.8989632328124999 0.49055522968750004
0 0.764136159375 0.5912868312499999 0.7512225921875 0.5693730828125 0.7368656437500001 0.565522715625 0.73023545 0.581684903125 0.737914228125 0.605680778125 0.735773146875 0.6307841921875 0.7188652796875 0.63517735 0.7173739234375 0.657224053125 0.6978781390625 0.6474891703125001 0.68911784375 0.6623998875 0.6897456109375 0.712052946875 0.713863459375 0.7451339796875 0.7418426546875 0.7375031796875 0.7538035937500001 0.7112922265625 0.7699287828125 0.6955508546875 0.7735022640625 0.67873894375 0.7645829953125001 0.6305182859375 0.7778433828125 0.598193909375 0.764136159375 0.5912868312499999
0 0.2510612109375 0.06291 0.23888234375 0.056327784375 0.21770329375 0.0845728859375 0.1924079703125 0.098365084375 0.1812667078125 0.158295815625 0.189968046875 0.1737233046875 0.199883859375 0.164649125 0.2075256375 0.166273434375 0.2185380109375 0.1933739984375 0.22554510625000002 0.27313635468749997 0.21228471875000002 0.3054607296875 0.23038510156249997 0.329275675 0.2594238578125 0.33544805312500003 0.2825411015625 0.324387703125 0.323806703125 0.3331589765625 0.3296062421875 0.3096318953125 0.3178002140625 0.29753800468749997 0.3334675875 0.2689200640625 0.350231521875 0.27647686562499996 0.37592570468750003 0.305899440625 0.39993255781250003 0.271865778125 0.418464734375 0.2598308421875 0.43929290156249995 0.184387646875 0.430144725 0.12972870625 0.43979463125 0.0918446765625 0.4282284890625 0.059834184375 0.4111396921875 0.05380573749999999 0.40034524843749997 0.05949834375 0.39004561875 0.100439084375 0.3770251171875 0.11284685937500001 0.3569755640625 0.0982020484375 0.3487909953125 0.065312925 0.338369390625 0.06549385468749999 0.3310894734375 0.0847127546875 0.3196932828125 0.0894787515625 0.3101133109375 0.070669690625 0.31378274687499996 0.0458911375 0.306513809375 0.0387551515625 0.29853619062500003 0.0650140828125 0.27986008125 0.08899897968750001 0.25859605625 0.0988558359375 0.2468380046875 0.0827786234375 0.2510612109375 0.06291
0 0.7667407609375 0.1206053390625 0.751553159375 0.10939007812499998 0.7389054984375 0.116286178125 0.7061603062499999 0.11252078750000001 0.6998289546875001 0.0784281703125 0.69436525625 0.0740720109375 0.6850032125000001 0.08805611875 0.6765568 0.12779336562500002 0.67955455625 0.15878129375 0.6949121093749999 0.20677304375 0.6861038359375 0.22566708124999998 0.671650934375 0.22978335468750002 0.667571659375 0.2377020171875 0.66955783125 0.2509034484375 0.6826153296874999 0.26086723749999996 0.7066591828125001 0.249205140625 0.71000375625 0.22595494375 0.7201005 0.22730236874999998 0.7405338703125001 0.2100806203125 0.7558763828124999 0.182991034375 0.768774909375 0.12982345 0.7667407609375 0.1206053390625
0 0.7553486328125001 0.22680755625 0.7871192390624999 0.23515801406249998 0.7948939703125 0.2511872484375 0.8025357484375 0.2528115578125 0.8165308359375001 0.235818715625 0.8363844171875 0.1649605875 0.8287056406250001 0.1409647125 0.83279589375 0.106691165625 0.821543634375 0.09950720156250001 0.8011952390625 0.13511719687499998 0.76946163125 0.149138303125 0.751557221875 0.2108262984375 0.7553486328125001 0.22680755625
0 0.8137689031249999 0.0834779671875 0.8238766249999999 0.0584705078125 0.7657991109375 0.0461257515625 0.7467501640624999 0.0756223234375 0.766102015625 0.097307165625 0.7667887390625 0.11662201875 0.7804000078125 0.13149573750000002 0.792770784375 0.12214467343749999 0.7982934375 0.09616262812500001 0.8137689031249999 0.0834779671875
0 0.6199336453125001 0.071030340625 0.6045911328125 0.098119925 0.61407515 0.1248956265625 0.632367440625 0.13277729062500002 0.6276274640625 0.17010755 0.636978528125 0.18247832656250002 0.648795534375 0.168217334375 0.6666779875 0.15923910937500002 0.6774943875 0.10083673281250001 0.6891304640625 0.0761541359375 0.6825592265625 0.06197811875 0.685722871875 0.028306317187500003 0.645059015625 0.0204616515625 0.620642325 0.037635425 0.6199336453125001 0.071030340625
0 0.16295308125000002 0 0.162475540625 0.0137297984375 0.1773382796875 0.0264734140625 0.1643068015625 0.065236075 0.182599090625 0.07311773906249999 0.194634028125 0.091649915625 0.21178177968749998 0.06734015625 0.2182680421875 0.0631279296875 0.2252600953125 0.06780895 0.23577765468749998 0.0596613796875 0.2519647421875 0 0.16295308125000002 0
0 0.6984071328125 1 0.7025493921875 0.9975155453125 0.70667664375 0.9856135625 0.7014048546875 0.965324121875 0.7082159781249999 0.9595835390625 0.7166404328125 0.9725560625 0.7352205875 0.9565378062500001 0.736291128125 0.9439861 0.723835375 0.93494891875 0.71291895625 0.8998817156250001 0.7000423875 0.9003395296875001 0.697177584375 0.8837565265625 0.676707215625 0.8786067109375001 0.662302290625 0.8787396640624999 0.656454775 0.906250065625 0.664783275 0.9271892296875001 0.66504918125 0.9559990781250001 0.6492008765625 0.9741954140625 0.6405475140625 0.95478460625 0.630450771875 0.95343718125 0.6168631687499999 1 0.64031303125 1 0.6508621859375 0.9889252000000001 0.662220609375 1 0.6984071328125 1
0 0.8544722124999999 1 0.8824594984375 0.9702629234375 0.8847335328125 0.9595644343749999 0.8733483203124999 0.937975546875 0.8750315859375 0.8999955640625 0.9049709312499999 0.8568397453125 0.8947412359375001 0.8410873953125 0.874595728125 0.8344092249999999 0.8626457671875001 0.83426529375 0.8412378109375 0.8560721093750001 0.8468714609375001 0.897204759375 0.8429731171875 0.9155450265624999 0.8488946296875 0.9327777546875 0.84384076875 0.9452814843749999 0.821421228125 0.9493018031249999 0.8140823546875 0.9988589078125001 0.814611303125 1 0.8544722124999999 1