0 0.40630226406250003 0.2944658328125 0.4039992953125 0.3102329703125 0.387898425 0.33141715625 0.3831289390625 0.35983071093749996 0.3906820890625 0.36960505625 0.40948816875 0.370184115625 0.4216439375 0.36328848125 0.4504763203125 0.3312668765625 0.4513824796875 0.3187022328125 0.42149365781250003 0.3007105859375 0.4185398078125 0.28913055781249997 0.42363307656250004 0.28182273125 0.458288065625 0.28626511718750003 0.48153321250000003 0.26705348125 0.48195535781250004 0.215398096875 0.47497794843749996 0.20168196875 0.4902610703125 0.1648941953125 0.4895250953125 0.1508509671875 0.471458309375 0.149450840625 0.4623448 0.139758271875 0.46851772968749994 0.0784136359375 0.459495946875 0.025688540625 0.44816787968750005 0.003594878125 0.435603234375 0.00268871875 0.4288678328125 0.008517960937500001 0.42598580625000004 0.0430911765625 0.412675234375 0.0727346734375 0.39608703125 0.0696924125 0.3928060828125 0.0518709515625 0.3771207203125 0.051128342187499995 0.37629301875 0.0801176390625 0.350584671875 0.0971114 0.3511570953125 0.10803390937499999 0.3711080234375 0.13045799062500002 0.37356790625 0.1475401609375 0.3670778296875 0.1580504796875 0.33627953125 0.1674877703125 0.3001459578125 0.16468751875 0.23772497656249997 0.1976871046875 0.21751877187500002 0.2151748328125 0.215215803125 0.23094196875 0.18079950312499998 0.260909246875 0.18013866875 0.2781549671875 0.2092881984375 0.29696768125 0.21724690781249997 0.3294081125 0.21814643125000002 0.3465720578125 0.197773359375 0.3758033625 0.1975214 0.40085087656249996 0.23644195625000003 0.426974734375 0.243017125 0.4031604796875 0.24170872656250003 0.378194740625 0.2540313625 0.35955552968750004 0.2949277875 0.36367081562500003 0.3032235484375 0.3577597984375 0.30996226718750003 0.33706626093750003 0.30340036718749996 0.3014233375 0.32164065625 0.26135129687499997 0.34012295312499996 0.24082462656249998 0.3435707703125 0.2469025125 0.34800652187500003 0.2419761109375 0.35687470625 0.2469876046875 0.37033555625000003 0.279922003125 0.40630226406250003 0.2944658328125
0 0 0.051170604687499996 0.0015715718749999999 0.0504696625 0.0137240234375 0.058438323437499995 0.0233281828125 0.07749304375 0.0502631546875 0.0839046640625 0.06504235625 0.0972119171875 0.08770844375 0.096806359375 0.0856508015625 0.11725457187499999 0.07390390625 0.131952 0.0801420234375 0.14648919375 0.1310547984375 0.16259669999999998 0.144276959375 0.16112143437499998 0.174581290625 0.15718628437499998 0.17926568437499998 0.14207666562500001 0.1524191234375 0.10749681562499999 0.1238453359375 0.0847423171875 0.106272515625 0.0778400484375 0.0900114125 0.0810392234375 0.10718199218749999 0.050411109375 0.0979049328125 0.0375978234375 0.055284599999999996 0.0304435953125 0.048634290625 0.022968901562499998 0 0.026031346875 0 0.051170604687499996
0 0 0.29733821875 0.002090915625 0.29922088750000003 0.0231148703125 0.297336746875 0.042333140625 0.29085330468750004 0.05087754375 0.27475906875 0.0657418390625 0.2747623859375 0.055316612499999994 0.2549683734375 0.062300656249999996 0.23895591249999998 0.0561443140625 0.225979075 0.0413584765625 0.24240041093750003 0.01984055625 0.2497866953125 0.0030821671875 0.27335230781250003 0 0.2828171546875 0 0.29733821875
0 0 0.2954098875 0.0231148703125 0.297336746875 0.043811725 0.2892111703125 0.05095931875 0.2763194265625 0.0657418390625 0.2747623859375 0.0571222953125 0.2595676734375 0.062300656249999996 0.23895591249999998 0.0562260890625 0.227539434375 0.0413584765625 0.24240041093750003 0.0138444453125 0.2547948703125 0 0.2519981171875 0 0.2954098875
0 0.1081754 0.382845959375 0.11425660156249999 0.3645338484375 0.1278909546875 0.3559960796875 0.125758171875 0.3451553453125 0.1032589515625 0.333817325 0.1043352953125 0.2946448078125 0.09670036875 0.28331010624999997 0.08429927499999999 0.2855246640625 0.0726308375 0.31664674375 0.052836825 0.3270719703125 0.0391958359375 0.365338328125 0.06292168125 0.40008172656249996 0.0755681 0.4025482453125 0.1081754 0.382845959375
0 0.06702701562499999 0.40377818593750003 0.0763891671875 0.40328753749999996 0.091338553125 0.38998691874999997 0.115319675 0.3848185109375 0.1190061828125 0.4253060609375 0.101508503125 0.4496927390625 0.11440024687499999 0.4568403328125 0.170576475 0.439032140625 0.18922232187500002 0.4216261890625 0.1917706140625 0.41054012812499996 0.1691929359375 0.3827774546875 0.1452969078125 0.3746419265625 0.125758171875 0.3451553453125 0.10646144375 0.3352141328125 0.10425352031249999 0.29308445 0.09834250312500001 0.2847886890625 0.0873382171875 0.2838007546875 0.0724672875 0.3135260265625 0.052836825 0.3270719703125 0.039359385937500005 0.3684590453125 0.06702701562499999 0.40377818593750003
0 0.09866180625 0.6939264374999999 0.11057225 0.6823497281249999 0.10351970156250001 0.6373446515625 0.0815929046875 0.6369291421875001 0.07289822343749999 0.5904454828125 0.06394826249999999 0.58387363125 0.046535675 0.5949563734375001 0.050883017187500004 0.618198203125 0.0424203890625 0.6358527984375 0.0406080703125 0.6609820859375 0.02919159375 0.6670566531250001 0.00882515625 0.66655936875 0.0094760375 0.6939065328125 0.033375384375 0.687177765625 0.09866180625 0.6939264374999999
0 0.04805290625 0.788110428125 0.0341732296875 0.7919671203124999 0.0156909328125 0.812493790625 0.021251628124999998 0.918598178125 0.027574837499999998 0.9198314375000001 0.040061023437499996 0.9043129421874999 0.0668324453125 0.9076038453124999 0.0712715140625 0.88781315 0.083018409375 0.8731157218750001 0.0736628921875 0.8438777828124999 0.079086578125 0.8279470968749999 0.04805290625 0.788110428125
0 0.06987470625 0.8910156421875 0.083018409375 0.8731157218750001 0.07728089375 0.8233477953125 0.049613265625 0.788028653125 0.029904345312500004 0.78514994375 0.0426391734375 0.75944823125 0.029750748437500002 0.7374363421875 0.0119292859375 0.7407172921875 0.0229755359375 0.9216371203125 0.03710385625 0.907597209375 0.0668324453125 0.9076038453124999 0.06987470625 0.8910156421875
0 1 0.5000310531250001 0.9880209515624999 0.4822471265625 0.9729113328125001 0.477562734375 0.9648675328125 0.4584262375 0.956735321875 0.46745797187499993 0.9590250203125 0.5111480140625 0.9132806515624999 0.5190216296875 0.905802640625 0.540536234375 0.92559001875 0.5598395968750001 0.9332216265625 0.5860385953125 0.9434048453124999 0.5862872375 0.95251835625 0.59597980625 0.9543140859375001 0.645171990625 0.9434733515625 0.6473047734375 0.898556684375 0.6261890921875 0.8708791031249999 0.635462834375 0.8489523078125 0.635047325 0.8243203046875 0.61286856875 0.7991910156250001 0.6110562515625 0.7651968609375001 0.5893681453124999 0.7090239484375 0.5923120421875 0.7014774328125 0.5528091093749999 0.674954653125 0.5393349875 0.662962434375 0.5493513390625 0.6493380328125 0.5132962234375 0.641536240625 0.5137050984375 0.6453995671875 0.4978561859375 0.6386674828125 0.488821134375 0.6131260015625 0.4940713171875 0.6077089515625 0.48027341406249996 0.600891775 0.4845422984375 0.600230940625 0.50178801875 0.6097566421875 0.5044180859375 0.6157461171875 0.5291385 0.5970903187500001 0.5911373359375001 0.5607014671874999 0.628248890625 0.5353268546875001 0.621755496875 0.5276852937500001 0.6401493828125 0.5284212687500001 0.6541926109375 0.5547771796875 0.679410309375 0.5521471124999999 0.6889360109375 0.5326835171875001 0.6907383765625 0.49844403593750003 0.6643691953124999 0.47019403125 0.6627204265625 0.4636188625 0.6865346812500001 0.424361253125 0.6987622734375 0.4345079796875 0.86251815625 0.4539748921875 0.8458514953125 0.45825041093749996 0.8229400828125 0.484858284375 0.8231102671875 0.4984108625 0.8130121406249999 0.506379521875 0.8008596890625 0.49356955312500006 0.7952724546875001 0.49595429687500003 0.7810656765624999 0.5113976499999999 0.762262915625 0.532997346875 0.7564369906249999 0.546297965625 0.7713863765625 0.5580415421875 0.7715532453125 0.5601743265625 0.7823939796875 0.5539295734375 0.7975853749999999 0.5412013796874999 0.7935584984374999 0.5315905859375001 0.804232365625 0.5361014765625 0.8305949140625 0.5576127625 0.85293721875 0.5631115890625 0.86829548125 0.549552375 0.9081221968750001 0.5724637875 0.9123977156249999 0.598826334375 0.9078868234374999 0.6229676890625 0.920703428125 0.63437753125 0.94435745 0.643821459375 0.9454271593750001 0.6572104875 0.9322083156250001 0.6634585562499999 0.9021526265625001 0.6803838125 0.8668434375 0.6702856859375 0.8532908593749999 0.677763696875 0.8317762546875 0.7011690765624999 0.83054963125 0.7371457343750001 0.8005005765625001 0.793155096875 0.7944359624999999 0.8141005937499999 0.7761271671875 0.8311827640624999 0.773667284375 0.8370970984375001 0.7670987499999999 0.86509514375 0.7937950328125 0.9017193671875001 0.8059574375 0.9087000937499999 0.8048092703125 0.9126485125 0.7756564234375001 0.9486185375 0.7753359578125 0.9599532390625001 0.7677010328125 0.9554423484375001 0.7413384859375001 0.96686214375 0.7203996234375001 0.9676047531249999 0.7047142625 0.99873346875 0.686654109375 1 0.6846030328125 1 0.6530170046875 0.9929992703125 0.6220218890625 1 0.608835315625 1 0.5574933484375 0.9984362250000001 0.5466340234375 1 0.515829996875 1 0.5000310531250001
0 0.8405726171874999 0.2810945546875 0.8701509265625 0.21852329375 0.8708117609375 0.2012775734375 0.8518487671875 0.16784920781249998 0.8523460515625001 0.14748277031249998 0.842826984375 0.11512411250000001 0.807678028125 0.11618386875 0.7847632984375 0.12677264531250002 0.7639062109375 0.11691320937500001 0.734504721875 0.12314800937499999 0.718574034375 0.11772432343749999 0.6921297125 0.12067485625 0.6904842625 0.13406056718749998 0.6995977718749999 0.1437531359375 0.7414821296875 0.13686413749999998 0.7524830984374999 0.152716365625 0.7478771625 0.18425063749999998 0.739087434375 0.19566379843749998 0.740395834375 0.22062953593749998 0.7334117906250001 0.23664199843749997 0.71698381875 0.25158475 0.7134409578125 0.303403684375 0.707690171875 0.3130929359375 0.71524000625 0.337731575 0.7135094625 0.364421221875 0.7222925546875001 0.38273665156250003 0.7217952703125 0.4031030890625 0.7156356109375 0.40499054687499997 0.7268852203125 0.41065955781249996 0.6964991140625 0.41303434687499996 0.6961686968749999 0.4216572078125 0.704134040625 0.42436904999999997 0.7021614890625 0.43151332656249997 0.719325434375 0.43061380156249995 0.719080109375 0.42593272656250003 0.7073365328125 0.42576585937500006 0.7133326421875 0.42075768281250003 0.7084062421875 0.41632193281249996 0.71530519375 0.41361340625 0.7189165609375 0.422812009375 0.726227703125 0.4130409828125 0.72860249375 0.4434270890625 0.7441176703125 0.4707775703125 0.7611965234375 0.48318198125 0.797411871875 0.4875425921875 0.8144874078125 0.5148112984375001 0.8387956296875 0.515884325 0.8501336484375001 0.49338510468749996 0.8689430453125 0.4790998703125 0.9017923515625 0.4789429546875 0.9244617578125001 0.463673103125 0.9415472453125 0.446348925 0.9484495140625 0.42877610625000007 0.9418025218749999 0.4064371171875 0.9119921578125 0.40487012499999997 0.8950735375000001 0.410450725 0.8535229140625 0.39385256874999997 0.8402222953124999 0.37890318125 0.8105787984375 0.3655926109375 0.8072260265625 0.30161790625 0.8405726171874999 0.2810945546875
0 0.609753325 0.51928238125 0.624287203125 0.5279085578125 0.634388646875 0.5265968421875 0.6564038515624999 0.49884412031250003 0.6541926109375 0.47157873125 0.5443099890624999 0.479684403125 0.556707765625 0.49233413906249995 0.597604190625 0.49644942500000006 0.609753325 0.51928238125
0 0.5017581609375 0.5335477109375 0.5154742890625 0.5265703015625001 0.5225467421875 0.4823896109375 0.46842815781249997 0.479749590625 0.46645560625 0.4868938671875 0.4767990578125 0.5051275203125 0.47506851406250006 0.5318171671874999 0.5017581609375 0.5335477109375
0 0.8963830984375001 0.0622487390625 0.9042666671875 0.063400221875 0.9088659671875 0.061594539062499995 0.9069000515625 0.0390102265625 0.8940049906249999 0.0467269265625 0.8963830984375001 0.0622487390625
0 0.9216453796874999 0 0.9167628062500001 0.0032888453125 0.9145382953125001 0.035480634375 0.9406555171875001 0.026288667187499996 0.9762951234375 0.034591062500000005 0.9740315078125 0 0.9216453796874999 0
0 0.2902742453125 0.9764729375 0.30078788125 0.9680987203125 0.3047329828125 0.9538101671874999 0.280591628125 0.9409935640624999 0.287739221875 0.9281018187500001 0.2818282046875 0.919806059375 0.252753815625 0.9322822937499999 0.24034940312500003 0.9493611468750001 0.24913249531249998 0.9676765749999999 0.2425573265625 0.9914908296875 0.2816480671875 0.991006815625 0.28936808593749996 0.9890375812500001 0.2902742453125 0.9764729375
0 0.22227266406249999 0.992553903125 0.2359070171875 0.9840161359374999 0.21752308281250002 0.931781690625 0.19625380312500001 0.92898475625 0.180401575 0.939985725 0.172511371875 0.9685628296875001 0.183594115625 0.9859754171875 0.22227266406249999 0.992553903125
0 0.3502353421875 0.92639118125 0.3478506 0.9405979578125001 0.35589771875 0.944870159375 0.3889138921875 0.9329696671875001 0.4111677875 0.9396266125 0.4266111421875 0.92082385 0.4262022671875 0.9130220578125 0.3971378296875 0.8809054078124999 0.3502353421875 0.92639118125
0 0.4838980515625 0.34203247187499997 0.49465369375 0.353203625 0.5016344203124999 0.35205545781250003 0.5257006343749999 0.33358311406249996 0.5184779015625 0.315185909375 0.5064072234375 0.3087776078125 0.49860543125 0.3091864828125 0.4833256265625 0.3311099609375 0.4838980515625 0.34203247187499997