0 0.18923302656250002 0.456286996875 0.17646595781250002 0.43918950468749995 0.1783379390625 0.419514121875 0.16908279375 0.38637163750000003 0.19952989999999998 0.3584955671875 0.21463204687499998 0.2988829546875 0.2105307234375 0.27417221718749996 0.18710550312500002 0.24911195312499998 0.1818332125 0.2262751546875 0.1482197953125 0.20917962031249998 0.11835719375 0.225695546875 0.0946989546875 0.2135178796875 0.0637818953125 0.2254664453125 0.0540607140625 0.21808915624999997 0.022673699999999998 0.2141102171875 0.025018571875 0.2416318640625 0.036379696875 0.25263954375000003 0.07338656875 0.23928503281250002 0.0874411125 0.2480672875 0.0917774125 0.2807417765625 0.0842836140625 0.29690425781249996 0.0894393953125 0.32618235625 0.0714068921875 0.359210290625 0.0760966375 0.4142535828125 0.0906240734375 0.47023286718749996 0.1100664375 0.48498744531250004 0.1115898703125 0.49505913437500004 0.129273825 0.491778271875 0.1292748046875 0.502201446875 0.11686118125 0.5074727578125 0.125883309375 0.553497840625 0.13618997500000002 0.559938159375 0.29089472031249997 0.5250235546875001 0.31736190937500003 0.5181113234375 0.322982746875 0.51120105 0.320990340625 0.49562503125 0.3275481484375 0.4893002421875 0.3181784515625 0.48344540625 0.31571805 0.47278823281250004 0.3026014546875 0.4750146375 0.30154797499999997 0.480870453125 0.311737153125 0.48332889687499997 0.29616211406250004 0.49574447812500005 0.2646566328125 0.4773604890625 0.2313956796875 0.47221058437499996 0.21195331562500003 0.45745600625 0.18923302656250002 0.456286996875
0 0.5689034875 0.3052909578125 0.5645711046875 0.3143091671875 0.5696074390625 0.3187590390625 0.5734718265625001 0.314659675 0.5765177125000001 0.324379878125 0.5842474671875 0.3266043234375 0.5973630828125 0.31395474375 0.611651625 0.320277575 0.6357768796875 0.317113221875 0.64221621875 0.29638338124999997 0.62897821875 0.252935209375 0.6340116140625 0.22611555625 0.65497055625 0.1779795984375 0.640330528125 0.17013431406249999 0.6400916343749999 0.12047786093749999 0.6103445625 0.1201293125 0.5469899484375 0.16522428125 0.5339918203125 0.1818557375 0.5332908078124999 0.19965718125 0.543479984375 0.20211562500000002 0.5549585968749999 0.2171051796875 0.5568384125 0.280815196875 0.5689034875 0.3052909578125
0 0.6761595781249999 0.0856915171875 0.6713601796875001 0.11005174843750001 0.6598835265624999 0.11590854375 0.6776849703125001 0.11660955625 0.67698395625 0.134411 0.6689036953125 0.1410872765625 0.6734730140625 0.1608791671875 0.6670336734375 0.181609009375 0.68015320625 0.2106521296875 0.6952622093749999 0.22400174218750002 0.7359014296875 0.22985364062500002 0.7428097453125 0.21462812968749997 0.776890178125 0.2163816421875 0.7996075296875 0.1862811265625 0.7909368890625 0.141778496875 0.7802777578125 0.1233925484375 0.7875346203125 0.078419965625 0.7824982859375 0.07397009375 0.7634093656250001 0.08158431875 0.74513796875 0.0649558 0.6982934046875 0.0773743203125 0.693843534375 0.0824106546875 0.6977089000000001 0.08873446562500001 0.6858807609375 0.09306880625 0.6761595781249999 0.0856915171875
0 0.5824812234375 0.22518348281249997 0.557531590625 0.179628353125 0.561511509375 0.158664515625 0.5350453 0.175999921875 0.5314168687499999 0.1984862140625 0.5088160265624999 0.22214543125000002 0.499800753125 0.2490825734375 0.5099909109375 0.2619641921875 0.5347026265625 0.26828604375 0.56480608125 0.3222729203125 0.583310496875 0.32601884062500003 0.6007584968749999 0.30435105 0.5824812234375 0.22518348281249997
0 0.4686643859375 0.4198381875 0.457422709375 0.43365873437499997 0.48705229218749996 0.43002540624999996 0.52569910625 0.4203012859375 0.5268690953124999 0.40800417187500004 0.5392817390625 0.39230968593750004 0.5383437890625 0.3813010265625 0.5131621187500001 0.3590516703125 0.48821640468750005 0.3551892421875 0.4623317625 0.32989497968750003 0.4416019203125 0.32345563906249997 0.43281477031250004 0.28539430781249997 0.41993119375 0.274738115625 0.44102133437499996 0.3765084828125 0.4550748984375 0.37486756250000003 0.4666719796875 0.40426216875 0.4686643859375 0.4198381875
0 0.3955523546875 0.071898390625 0.38794106875 0.084078996875 0.39719425625000004 0.09637513125 0.38946743906250003 0.1254202109375 0.397549659375 0.139590284375 0.40668535781250004 0.14790454375 0.4455671484375 0.14614417500000002 0.454466890625 0.1360715078125 0.4476701890625 0.0927398453125 0.41522773749999997 0.07377037187499999 0.3955523546875 0.071898390625
0 0.8819374921875 0.17128275625 0.90500926875 0.17397421875000002 0.926909096875 0.1681164453125 0.9346378718749999 0.15991771562499998 0.9247962640624999 0.117289025 0.8993835328124999 0.1287686171875 0.8713929125 0.125609159375 0.8526535203125001 0.11389948750000001 0.85066405 0.1295929953125 0.8609716953125 0.1464564890625 0.8553518359375 0.16378993749999998 0.871161853125 0.1593381078125 0.8819374921875 0.17128275625
0 0.8596959703125 0.27984982812500003 0.8786693609375 0.2891000765625 0.8936598953124999 0.2880446390625 0.907006571875 0.2416661125 0.883346375 0.20864209531250003 0.8588686546875 0.19986082031250002 0.8466870703125 0.1818263578125 0.838957315625 0.1796019125 0.8596959703125 0.27984982812500003
0 0.5625042984374999 0.7533709734375 0.575855871875 0.759108321875 0.5894434000000001 0.7832325953125 0.581714625 0.791431325 0.5961206546875 0.8017360328124999 0.6051388656250001 0.806068415625 0.627272690625 0.79775121875 0.645779065625 0.8223434875000001 0.6566712156250001 0.8278468374999999 0.662761028125 0.8264408937500001 0.6634630203125 0.8190626249999999 0.6293688765625001 0.6713846625000001 0.5894326265625 0.6685776703124999 0.582873840625 0.6644792859375 0.5808814328125 0.6489032671875 0.570106771875 0.6473817937499999 0.545279525 0.6579244156249999 0.5184637890625 0.6945837187499999 0.499491378125 0.6957566453124999 0.4941035578125 0.6897843203125 0.5182258734375 0.6553504421875 0.5054578265624999 0.627829775 0.494683165625 0.6263083015625 0.47852264218749996 0.639660853125 0.4262863421875 0.6044143484375 0.400517228125 0.5622556109375 0.4021542328125 0.5346164765625 0.4078915796875 0.5212649046875 0.43834064375 0.514235184375 0.44864535156249996 0.499829153125 0.4375192046875 0.4967852265625 0.3461720109375 0.5178743875 0.3250926421875 0.53075894375 0.3247421359375 0.539659665625 0.355193159375 0.5534762953125 0.3622228796875 0.583925359375 0.3550795875 0.59118711875 0.349106284375 0.5861517640625 0.32392853125 0.6055951078125 0.32568889843750004 0.6444769 0.2708805828125 0.657130396875 0.24078496249999998 0.6865289203125 0.22099307031249998 0.6910982390625 0.20600351562500002 0.70257685 0.1931228765625 0.7231901828125 0.171925040625 0.7216696875 0.149439728125 0.72846443125 0.10751596875 0.7621972968749999 0.0953334046875 0.7337396593750001 0.0991958328125 0.7087939453125001 0.1133659078125 0.700711725 0.1171108484375 0.671784134375 0.124371628125 0.6685042515624999 0.128822478125 0.6738910921875 0.1337403453125 0.6639359125000001 0.1194498453125 0.63676673125 0.08431299375 0.6095995078125 0.079040703125 0.5867627109375 0.1080838234375 0.5736431765625001 0.04320381875 0.5878201062499999 0.0392239015625 0.6087839453125 0.0227118921875 0.6206140437500001 0.0196689453125 0.642163365625 0.031968996875 0.674602878125 0.040758106249999995 0.733510559375 0.053875681249999995 0.7417073296875001 0.0611384203125 0.7592737953124999 0.06477370625 0.8097497296875 0.0754318578125 0.8177125015625 0.10845881406249999 0.8253218296875 0.1157215515625 0.8428882968750001 0.13024507031250002 0.8571748796875 0.1309500015625 0.8810661359375 0.14957190625 0.8887939328125001 0.1808404515625 0.8783678203124999 0.1936084984375 0.9058884875000001 0.23038039375000002 0.884570225 0.24993535156250002 0.8511908046875 0.302403690625 0.8631315359375 0.35147368125 0.8534064359375 0.40078060468750004 0.8724914390625 0.41905004375 0.86827360625 0.4286537375 0.8716690203124999 0.4345105328125 0.8831456734375 0.427836215625 0.8959117624999999 0.42994513124999995 0.90504648125 0.47328267031250004 0.9607888296875 0.49178708593750003 0.96453475 0.4948300328125 0.9429854265625 0.512044034375 0.9237770609375 0.5216467484375 0.9167492984375001 0.5455380046875 0.9160443671875 0.5645094375 0.9044482671875 0.541668721875 0.8680278578125 0.5450631546875 0.8480009890625 0.55794379375 0.82738765625 0.553842471875 0.8026769187499999 0.5469321984375 0.7970560812499999 0.5301852125 0.8009224265625001 0.518237625 0.7804285421875 0.54048698125 0.7552468718750001 0.5625042984374999 0.7533709734375
0 0.7346697734375 0.8322898546875 0.7270575078125 0.834047284375 0.6941529375 0.8825357078125 0.692748953125 0.8972922437499999 0.70563155 0.8975252625 0.7279993734375 0.8867486437500001 0.7545840515625 0.8838182874999999 0.76687920625 0.864141925 0.7659412578125 0.8531332656249999 0.7346697734375 0.8322898546875
0 0.866196028125 0.9053568375 0.87931164375 0.8927072578124999 0.8543620125 0.8471521281250001 0.8367945671875001 0.8439916921874999 0.8180581124999999 0.8635515453125 0.8141956828125 0.888497259375 0.8284852046875001 0.905243265625 0.866196028125 0.9053568375
0 0.8796592125 0.8525370109375 0.8809486484375 0.865068121875 0.8913728031250001 0.8754903171875 0.8890328265624999 0.9000845468750001 0.9331839703125 0.8898914515625 0.9433692296875 0.8506571953125001 0.9199459687499999 0.8464432796875 0.9214664640624999 0.8252454437500001 0.9122142562500001 0.823372484375 0.8796592125 0.8525370109375
0 0.9963926953125 0.5385425328125 0.9658212468749999 0.48947450156250005 0.9635938625 0.46593473124999996 0.947197384375 0.46090035625 0.9370091859375 0.46886508750000006 0.941463953125 0.515944628125 0.924131484375 0.52074794375 0.9209710484375 0.538315390625 0.929523221875 0.5684129687499999 0.9425233078125 0.5726278625 0.961729715625 0.5689955140625 0.9932322593749999 0.5561099781250001 0.9963926953125 0.5385425328125
0 1 0.5290612968749999 0.987139509375 0.526246396875 0.9810477375 0.5068059921875 0.965118275 0.48642959531249996 0.9635938625 0.46593473124999996 0.9411075703125 0.4623063 0.9370091859375 0.46886508750000006 0.9407609812500001 0.512899721875 0.922023546875 0.5220364 0.9276492828125 0.5672420015624999 0.9432262796875 0.57567276875 0.9966286515625 0.5569294593749999 1 0.55713903125 1 0.5290612968749999
0 0.5319162015625001 0.52710896875 0.525589453125 0.499704809375 0.5291003953125 0.47323664218749995 0.47827395624999997 0.48577265000000003 0.47523002812500004 0.49689879687499994 0.49361989375000004 0.5279323671875 0.510016371875 0.5329667421875001 0.5319162015625001 0.52710896875
0 0.1632024953125 0.12473878281249999 0.1722226640625 0.149917515625 0.2026736875 0.1637341453125 0.2040776734375 0.1489776078125 0.227848503125 0.11302127656250001 0.21683788593750003 0.093112875 0.20688270625 0.088195009375 0.195054565625 0.09252935 0.1632024953125 0.12473878281249999