0 1 0.6661991875 0.9691750640624999 0.660039603125 0.9570259296874999 0.6372066484375 0.932223740625 0.6416357640625 0.9008463828125001 0.669879134375 0.8867213796875 0.66905475 0.882207171875 0.6575564984375 0.90282556875 0.63300626875 0.8951939609374999 0.6068072718749999 0.881726475 0.6036014625 0.8664499875 0.6106606453125 0.826381265625 0.5775560625 0.8031527046875 0.522446225 0.8192568937500001 0.48639774375 0.860814153125 0.473267309375 0.882338709375 0.4361524375 0.8914522187499999 0.44584500625 0.8929241671874999 0.47393146249999996 0.91106609375 0.5066205359375 0.9267514546875001 0.5073631453125 0.9350472156249999 0.5014521281250001 0.9426103187500001 0.46663358749999995 0.9416290203125 0.447909284375 0.9332548015625 0.4373956484375 0.937199903125 0.4231070953125 0.9308766937499999 0.4218738375 0.9282532609375 0.40167095 0.9003336734375 0.3913993203125 0.8861302125 0.37415028281249996 0.8855710578125 0.30377059375000004 0.873346784375 0.249648690625 0.846745546875 0.2197499171875 0.8437132390625001 0.19174523593749998 0.8281162875 0.162834396875 0.8272985390625 0.147230809375 0.8366640078125 0.131875865625 0.8681982796875 0.1364818015625 0.884050509375 0.125480834375 0.8798700359374999 0.09049542656250001 0.8436480515625 0.1158634046875 0.8168766296875001 0.112572503125 0.7958493578125 0.1293209375 0.7579918765625 0.12348174375000001 0.7304745265625 0.150740496875 0.7302225671875 0.17578801093750002 0.7160091546875 0.20313185625000002 0.7188779125 0.2280158203125 0.7346384140625 0.260047378125 0.7589400000000001 0.29084899375 0.7779096296875 0.2945487703125 0.788747046875 0.30728028125 0.7852925953125001 0.3309309859375 0.7901305859375001 0.3635349671875 0.7459399421875 0.4010553984375 0.7093908578125 0.420181940625 0.688860871875 0.41656393906250005 0.661019740625 0.42271696406250003 0.6597013890625 0.442344109375 0.670126615625 0.462138121875 0.69213186875 0.4789782859375 0.711428596875 0.488919496875 0.7410754109375 0.4873657734375 0.7628353390625 0.499524859375 0.7703851734375 0.5241634984375 0.7587167359375 0.5552855796875 0.7243888453125 0.5570846281249999 0.712144665625 0.5921484921875 0.679540684375 0.5969864828125 0.6636917734375001 0.59312315625 0.6290301484375 0.618409359375 0.6072669015625001 0.6211145671875 0.5890332484374999 0.63145801875 0.5730141515625 0.6542025640625 0.563733775 0.656253571875 0.5490363484375 0.6445066765624999 0.5318724031250001 0.6454062015625001 0.481607190625 0.6715101546875 0.47249368125 0.6618175843749999 0.4721732171875 0.6258475609375 0.494351971875 0.6012155578125 0.49074060625 0.5920169546875 0.50232395 0.5741988109375 0.5001093921875001 0.5617977171875 0.510623028125 0.5534234984374999 0.49929164375 0.5461941296874999 0.49469565937500004 0.53313551875 0.485991025 0.5312447421875001 0.48147681562500005 0.519746490625 0.46800932968750003 0.51654068125 0.46489192968750004 0.5018399359375 0.443046909375 0.5029847843749999 0.42325289687499995 0.5134100109374999 0.423576678125 0.5345157406250001 0.4159384359375 0.5380453328125 0.42233014999999996 0.600296128125 0.414194621875 0.6241921578125 0.428810275 0.63437869375 0.4343091 0.6497369546875 0.42936942968749997 0.7047583828125 0.4450514734375 0.7203652859375 0.47149247812499995 0.7322790484375 0.47395236093750004 0.7493612187500001 0.4856108453125 0.762832021875 0.48388030156250006 0.78952166875 0.5007956046875 0.7988053640625 0.5318392281250001 0.7940491484375001 0.53864976875 0.8195088531250001 0.5442336875 0.821563178125 0.577989153125 0.8088416203125 0.59860755 0.784291390625 0.6093665109375 0.7805982499999999 0.65740389375 0.80155038125 0.7090592796874999 0.801972525 0.7543030453124999 0.8293296421875 0.771466990625 0.8284301171875 0.78074405 0.8412434046874999 0.777534921875 0.8695751843749999 0.8021602906249999 0.9214825296875 0.8216205703125 0.9345444578125001 0.8285228390625001 0.9169716375 0.8502894015625 0.8994021359375 0.9038355625 0.8911196453124999 0.904823496875 0.880115359375 0.8911957796875001 0.8589245390625001 0.8905415796874999 0.84644166875 0.9122296859375 0.8124475140625 0.9140420046875001 0.787318225 0.9096913453125 0.778940690625 0.88776455 0.77852518125 0.8813628828125 0.76086726875 0.9029658968750001 0.7401770484375 0.9200480671875001 0.737717165625 0.9376208859374999 0.744619434375 0.9504275375000001 0.7650709640625 0.9507546375 0.7713124 0.9401592265625001 0.7781262578125 0.9452491765625 0.7856827265625 0.9606858968750001 0.7966085546875 0.9887723515625 0.79513660625 1 0.81977179375 1 0.6661991875
0 0.41876191093750004 0.397861696875 0.4266487953125 0.3841488859375 0.4239435875 0.3623856390625 0.4024323015625 0.340043334375 0.39833028593750003 0.3214825796875 0.402854446875 0.2883879484375 0.4217456171875 0.275663071875 0.429632503125 0.2619502609375 0.4274179453125 0.2495491671875 0.415759459375 0.2360783640625 0.38669170468749997 0.218826009375 0.38275323906250003 0.20338597187500002 0.2985855984375 0.16476929375 0.24101587812499997 0.1709156828125 0.228287684375 0.16688880625 0.21983500937499997 0.1399505171875 0.2236983359375 0.12410160625 0.23708736406250003 0.1108827625 0.22945243906249999 0.099548059375 0.21228849374999997 0.10044758437500001 0.1816471109375 0.1427341828125 0.14584063593750002 0.1461753640625 0.1313818984375 0.168838134375 0.1110154609375 0.16834085000000001 0.10789142656249999 0.1833686953125 0.1268544203125 0.2167970609375 0.121512509375 0.23428810625000002 0.127250025 0.2840560328125 0.157302396875 0.30516839687499997 0.1817774859375 0.2944978453125 0.1939299375 0.30246650625 0.158362153125 0.340317353125 0.18299415624999998 0.362496109375 0.1866872984375 0.3732550703125 0.2146068875 0.3835266984375 0.2337433828125 0.3754828984375 0.23038397656249998 0.3412367828125 0.21223873124999998 0.32341200312499996 0.2050159984375 0.30501480000000003 0.23934720625 0.28835145624999997 0.24920664218750002 0.26749436875 0.25405126718750004 0.2703697625 0.2568448859375 0.26396477812499997 0.2618530609375 0.2699608875 0.264237803125 0.255754109375 0.26981840468749996 0.2726727296875 0.2767206734375 0.255099909375 0.30652108437500003 0.3012597875 0.3038843828125 0.340514078125 0.31274925 0.360389865625 0.32950100312499997 0.36655284374999997 0.3602993015625 0.3571155515625 0.372778853125 0.371325646875 0.376465359375 0.411813196875 0.3913263359375 0.42668080937499997 0.3960074125 0.42643548437499995 0.40274613125 0.405741946875 0.41876191093750004 0.397861696875
0 0.21590317812499998 0.09478189218750001 0.2116376109375 0.0731004203125 0.21550093750000002 0.057251509374999995 0.206305653125 0.04599858125 0.1213069953125 0.05123549375000001 0.1181730078125 0.11085622343749998 0.1373813265625 0.1489656640625 0.1802503015625 0.14593667500000002 0.20604374218750002 0.11563897812499999 0.21590317812499998 0.09478189218750001
0 0.49938453281250006 0.12999388125 0.5074382859375001 0.1045374921875 0.50374514375 0.09377853124999999 0.49085340000000005 0.0866309375 0.493650334375 0.065361659375 0.48231894999999997 0.058132290625000006 0.4639217453125 0.0653550234375 0.4199764265625 0.1075565296875 0.420794175 0.1231601171875 0.41504670781249997 0.1179850734375 0.41159557343750003 0.1267714828125 0.4160280078125 0.136709378125 0.41947914218750004 0.12792296718750001 0.42218435000000004 0.1496862140625 0.428507559375 0.15091947187500002 0.44148439531249994 0.1447631296875 0.46809226718749997 0.144933315625 0.49938453281250006 0.12999388125
0 0.9179723953125001 0 0.915120671875 0.0018102609374999999 0.9119115453125 0.030142042187500002 0.8910478234375001 0.05001119375 0.8966284234374999 0.06692981406250001 0.914616753125 0.051905287499999994 0.9169197203125 0.0361381515625 0.9283361984375 0.030063584375 0.939095159375 0.0263704421875 0.9763768984375 0.036151421875 0.9740231078124999 0 0.9179723953125001 0
0 0 0.050990084375 0.01052153125 0.0570415140625 0.0216860484375 0.0760144609375 0.0485392453125 0.08086572187499999 0.066520940625 0.0955697828125 0.0779374171875 0.089495215625 0.07589304375 0.050486249999999996 0.1005316828125 0.0429364171875 0.07565103749999999 0.0309408796875 0.049124940625 0.032331053124999995 0.0439532140625 0.023214226562500002 0 0.0255177171875 0 0.050990084375
0 0.0858596328125 0.2854428890625 0.07904245625 0.2897117734375 0.073782321875 0.30876317656249996 0.051194690625 0.3255933875 0.037553703125 0.36385974375 0.06316700625 0.404762803125 0.07786775 0.401645403125 0.0935564296875 0.38752371874999997 0.0858596328125 0.2854428890625
0 0 0.2838344015625 0.0004521 0.28287800937499996 0.008505853125 0.25742162031250004 0.00423696875 0.25060444375 0 0.2506421921875 0 0.2838344015625
0 0.0861867328125 0.2916843234375 0.07493380468750001 0.3008796078125 0.07533936249999999 0.3235456953125 0.0581754171875 0.3244452203125 0.0468407140625 0.332080146875 0.03607511875 0.3655018765625 0.06316700625 0.404762803125 0.08090669218749999 0.3999214953125 0.0919142953125 0.386045134375 0.0861867328125 0.2916843234375
0 0.0530511296875 0.8386994218750001 0.0448371453125 0.8461707984375 0.034245051562500003 0.8381203625 0.0420468453125 0.8377114875 0.0422954875 0.8275282687500001 0.0196293984375 0.8279338265625 0.0217621828125 0.8387745625 0.028661134375 0.8360660375 0.0328482421875 0.8413228546875 0.019544306249999997 0.8412377624999999 0.0192138890625 0.8498606234375 0.0336659921875 0.8569264421874999 0.01814418125 0.8593045500000001 0.020433878125 0.9029945921874999 0.0314381640625 0.903982525 0.055664610937500004 0.9034951937500001 0.07694052500000001 0.8765635390625001 0.0669308078125 0.83484273125 0.0761294109375 0.8312313640625 0.056999549999999996 0.809546575 0.051579181249999995 0.8106129671875 0.0530511296875 0.8386994218750001
0 0 0.3024658984375 0.010877326562500001 0.302672021875 0.0409363328125 0.294055796875 0.0543253609375 0.280836953125 0.06894433125 0.2761591953125 0.0586826546875 0.25948589843750003 0.062300656249999996 0.23895591249999998 0.0546657296875 0.227621209375 0.013599120312499999 0.2501137953125 0 0.248892903125 0 0.3024658984375
0 0.0711743140625 0.587406540625 0.05910363749999999 0.5809982375 0.043333182812499996 0.5935595640625 0.046038390624999995 0.6153228109375 0.0388023875 0.6563827859375 0.027467684375000002 0.6640177109375001 0.0080040890625 0.6658200765625 0.0093942625 0.6923461734374999 0.028612534375 0.6858627328125 0.07837714375 0.6949895125000001 0.0932414375 0.6949928296875 0.1060547234375 0.6857157703125 0.1077034921875 0.6574657640625 0.0995779171875 0.636768909375 0.0814293546875 0.633808425 0.0711743140625 0.587406540625
0 0.4250507828125 0.920905625 0.4245601328125 0.9115434734375001 0.3955774703125 0.8809871828125001 0.348674984375 0.9264729562499999 0.3495745078125 0.9436369015625001 0.38587495 0.9346935765625 0.40960742968749997 0.9397083859375 0.4250507828125 0.920905625
0 0.280673403125 0.942553921875 0.287657446875 0.9265414609375 0.2834703375 0.9212846421875 0.2542323984375 0.930640159375 0.24010407812499998 0.9446800703125 0.2476539125 0.969318709375 0.23960015937499998 0.994775096875 0.2878077265625 0.98911935625 0.3030090734375 0.9507712250000001 0.280673403125 0.942553921875
0 0.2008531046875 0.9271790734375 0.17884121718749998 0.9400675 0.1708692390625 0.9670842453124999 0.180473396875 0.9861389671874999 0.1916412328125 0.99024761875 0.20396055156249998 0.9864727015625 0.211350153125 0.993126328125 0.23434665781250003 0.9840979109375001 0.21596272500000002 0.931863465625 0.2008531046875 0.9271790734375