0 0.8771985796875 0.1697395875 0.86144483125 0.1801446203125 0.8442245078124999 0.181290075 0.818791834375 0.16554350625 0.821382321875 0.1469404796875 0.8427435765625001 0.1419752125 0.8452573750000001 0.13287619374999998 0.8382599875000001 0.10867284375 0.8099780359375 0.0799307515625 0.8080226046875 0.06758464843749999 0.8169467062500001 0.044023534375 0.8136924406249999 0.033465121874999997 0.759594365625 0.036496496875 0.7346505484375 0.023836453125 0.7242455156250001 0.008082704687500001 0.7079262187500001 0.02490521875 0.6946311171875 0.080798165625 0.703660625 0.1078436125 0.697250325 0.12230570781250001 0.68027443125 0.12499442499999999 0.6417072140625 0.1611604296875 0.5912683921874999 0.1723131078125 0.5486369343749999 0.2027949203125 0.537345234375 0.2014193953125 0.51207311875 0.1816924546875 0.47641033125 0.176267046875 0.471375553125 0.1794374421875 0.470007209375 0.20575678437499997 0.438653090625 0.20755883437499997 0.424037615625 0.22015654687500003 0.43127943281250003 0.24590316093750003 0.4226764515625 0.26150353125 0.42382190625 0.278723853125 0.4004357109375 0.29587466406249996 0.388341215625 0.31440100000000004 0.40461254062499996 0.3671930625 0.40242703906250005 0.3833589796875 0.3902486734375 0.39636167968749997 0.403174684375 0.41804405312500004 0.4098653125 0.48026343125000004 0.4180704859375 0.4821278140625 0.42214190625 0.5028396500000001 0.4436709 0.508921653125 0.46527658125000004 0.5054996484375 0.4652694015625 0.4904720078125 0.47777606562499997 0.48453620468749997 0.4798010078125 0.472350659375 0.48792231093750005 0.46869140624999994 0.4897028234375 0.4549625984375 0.4992835203125 0.44553528125 0.487258534375 0.4395299671875 0.4868463671875 0.42693943437500004 0.47181154531249997 0.41191897187500004 0.4734314984375 0.40217053593749996 0.4466161203125 0.38268802343749997 0.43945099218749994 0.347437403125 0.4463501515625 0.33606183437500003 0.500944265625 0.351144628125 0.5179201578125 0.3484559109375 0.5298540953125 0.33390994687500003 0.5393581015625 0.3339866359375 0.5597559984375 0.3529036015625 0.579741728125 0.3592300328125 0.601591840625 0.3573512921875 0.640753321875 0.374878375 0.655452665625 0.367804296875 0.688350046875 0.3657578171875 0.70761685 0.39750974375000003 0.7415686359375 0.392132309375 0.759452734375 0.42014829374999996 0.75719054375 0.44581821718750003 0.7384341390625 0.46223574218749997 0.709112140625 0.466879890625 0.6923039859375 0.48061587812499995 0.6742808671875 0.5016631921875 0.6681988640625 0.523192184375 0.6735691187499999 0.5421163296875 0.702081140625 0.5423464 0.7214102734375001 0.5345390359375 0.761137303125 0.5456486359375 0.8121632125 0.5731614031250001 0.8142096921875 0.6060587843749999 0.8225059140625 0.62847444375 0.8145523499999999 0.6431809671875001 0.7967664796875 0.6507439015625 0.77939995625 0.6859250125 0.7706435953125 0.7205333953124999 0.77301119375 0.7454700328125 0.7925991156250001 0.769261215625 0.7980532390625 0.7937089953124999 0.83063668125 0.8146509015625 0.8664528499999999 0.8010682953125 0.890502821875 0.813078921875 0.91600500625 0.8042938421875 0.9567097515625 0.8215764953125 0.9535249968749999 0.7864864328125 0.9357319484375 0.7790217265625 0.9058444031249999 0.7900833546875 0.8934911187499999 0.77701114375 0.8910468296875 0.7615785140625 0.90029205 0.73005665625 0.89743559375 0.70203349375 0.917239225 0.6672573703125 0.9179437921875 0.6117765921875 0.90385796875 0.5428186125 0.9141647718750001 0.5229934421875 0.9393386593749999 0.507141465625 0.9377043468749999 0.48683461718750004 0.9436329703125 0.4843136390625 0.936803321875 0.4711575578125 0.942808634375 0.459132571875 0.9398754890625 0.440613415625 0.9252384749999999 0.40812820156249996 0.915895028125 0.404071140625 0.9007068265625 0.40805869218749996 0.889757784375 0.44380535 0.8941575046875 0.471584084375 0.8872583453124999 0.482959653125 0.8584875359374999 0.4511310359375 0.8151084328125 0.4469277734375 0.7918612578124999 0.4150152875 0.8031242390625 0.35628024375 0.8354345343749999 0.31556831875 0.8518448796874999 0.31929708125 0.86435154375 0.31336127812500003 0.8663693046875001 0.28614809218750004 0.841097190625 0.26642115 0.84312213125 0.2542356046875 0.8567670703125 0.25049248281250003 0.893330884375 0.2715949484375 0.9185119500000001 0.2707706125 0.9256483578125 0.245910665625 0.9634127781249999 0.2296465203125 0.9384810359375001 0.072233690625 0.9227272859375001 0.08263872343749999 0.9167291531249999 0.10969135156250001 0.88895041875 0.11409107031250001 0.8761226359375 0.1279876171875 0.872714990625 0.13643721875 0.884495546875 0.14089926875 0.8854732625 0.1470723203125 0.8771985796875 0.1697395875
0 0.252001809375 0.752054928125 0.25524171406249996 0.7325580578124999 0.26928446250000004 0.7113501828125 0.265450290625 0.6771539671875 0.245059571875 0.6732646453125 0.21988568593750002 0.689116621875 0.21851016093750003 0.700408321875 0.1990276484375 0.7272236999999999 0.241687825 0.7568524562500001 0.2314577109375 0.7671736203124999 0.2052989296875 0.7618249031250001 0.18029278124999998 0.7887241515625 0.1850279796875 0.8385974265625 0.1938897484375 0.854595603125 0.1822912890625 0.8912361078125001 0.188471521875 0.905286034375 0.2082895125 0.9005651968749999 0.227144146875 0.919726590625 0.262883625 0.9156479890625 0.3016472984375 0.9506398234375 0.3186231921875 0.9479511046875 0.323734659375 0.935276703125 0.3078898609375 0.9251304578124999 0.3008157828125 0.9104311140625001 0.3034829625 0.88232408125 0.3150957796875 0.8757388609375001 0.37268537031250004 0.8697815203125 0.4469848859375 0.814509271875 0.4476271234375 0.798587784375 0.47247271093750004 0.7756689078125001 0.48107569375 0.7600685390625 0.48066352500000004 0.7474780062499999 0.4700979328125 0.7357046281249999 0.44897392968750005 0.7271855171875 0.437667871875 0.6957547078124999 0.4378212515625 0.67674669375 0.4542172375 0.6504201734375 0.45233849687500005 0.6285700624999999 0.4417729046875 0.6167966859375 0.42446871249999996 0.6124185046874999 0.41357482343749996 0.5935782296875 0.408945034375 0.5943115156250001 0.3974999546875 0.61194400625 0.4023118421875 0.6523132734375 0.39305944375 0.6688074890625 0.3609720390625 0.6659797515625 0.34586770625 0.6754909375 0.3413289671875 0.6967755015625 0.3520694765625 0.7346237906249999 0.33251745312500003 0.7859708171875 0.322112421875 0.77021706875 0.32017134999999997 0.7879262484375 0.3148849640625 0.7745257390625 0.31123289062500004 0.781432078125 0.30716864843749997 0.7757478828125 0.3030277171875 0.7795676953124999 0.2890473015625 0.761216278125 0.252001809375 0.752054928125
0 0.309764978125 1 0.3137705125 0.9922240546875001 0.306696434375 0.9775247109375 0.3063609578125 0.955430171875 0.292380540625 0.937078753125 0.2608515046875 0.9128058921875001 0.21828955625000002 0.9187560546875 0.20742438437500002 0.9600263468750001 0.21814202656249998 1 0.309764978125 1
0 0.516621 0.8596401703125001 0.5026477625 0.8563163953125 0.4967191390625 0.8588373734375001 0.49859788125 0.880687484375 0.4933953640625 0.872810609375 0.49112599375 0.8834528921875 0.49632851093749997 0.891329765625 0.5008744296875001 0.8850728453125001 0.50331871875 0.9005054749999999 0.5550779140625 0.93264803125 0.5745747859375 0.9358879375000001 0.5841554828125 0.9264606203125 0.5769975359374999 0.9062376406249999 0.5881214953125 0.8965658953125001 0.5894970203125001 0.885274196875 0.5763265796875 0.8620485609375 0.5426120421875 0.8539416171875001 0.516621 0.8596401703125001
0 0.09251378125000001 0.683978721875 0.075964415625 0.72931325625 0.0972633375 0.7639072812500001 0.12285657187500001 0.775673478125 0.1319627703125 0.79321491875 0.1395185265625 0.795973146875 0.12582333125 0.694522775 0.10754142343749999 0.6839715421875 0.09251378125000001 0.683978721875
0 0.0696810609375 0.8394648390624999 0.0565106203125 0.8162392031250001 0.0495204125 0.80706349375 0.04269794375 0.80893505625 0.049297521875 0.8506031578125001 0.0669228328125 0.8470205937499999 0.0696810609375 0.8394648390624999
0 0.124524496875 0.6963104671875 0.11087237812499999 0.6850259484375 0.09251378125000001 0.683978721875 0.07417672343750001 0.728014421875 0.0916558328125 0.758467515625 0.10433023593749999 0.7635789828124999 0.12130612968750001 0.760890265625 0.1256219796875 0.7831453640625 0.13854081093749998 0.7898000953125 0.124524496875 0.6963104671875
0 0.0625926234375 0.7947102109374999 0.0412313703125 0.799675478125 0.0497863796875 0.853689684375 0.0761824109375 0.8455540218750001 0.1210280875 0.8590168609375001 0.1261395546875 0.846342459375 0.118332190625 0.8270133265625 0.12490305156249999 0.8085708593750001 0.10963098125 0.8070347765625 0.0937861828125 0.79688853125 0.0625926234375 0.7947102109374999
0 0 0.4382458390625 0.00369245 0.4378114625 0.016366853125 0.4429229296875 0.03198158125 0.48158119531250004 0.033860321875 0.50343130625 0.05189780000000001 0.5124392765625 0.0623723421875 0.5036613765625 0.0627557921875 0.456141340625 0.0798922453125 0.4494722515625 0.0835371390625 0.42753827031249997 0.07605089375 0.40024839375 0.0615888 0.3938380921875 0.047050015625000004 0.3969317984375 0.00027044531249999996 0.41620577968749994 0 0.4161742859375 0 0.4382458390625
0 0.3186476640625 0.149048965625 0.3406439765625 0.11313456875000001 0.339177403125 0.10387499062500001 0.320162209375 0.08869396874999999 0.2979909796875 0.098533453125 0.26062436875 0.0973328484375 0.2633130859375 0.1143087421875 0.3186476640625 0.149048965625
0 0.213593190625 0.100035925 0.1907510046875 0.0656863296875 0.14242099375 0.070177096875 0.1555914328125 0.0934027328125 0.1533292421875 0.11907265625 0.1700678859375 0.12986831875 0.20061202812499998 0.13294048593750002 0.20361468437500002 0.1269279921875 0.19345408125000002 0.11271750625000002 0.213593190625 0.100035925
0 0.13238015625 0.13662845625 0.13950220625 0.081713225 0.115131115625 0.0776633421875 0.10928636249999998 0.08570795625 0.09645139999999999 0.0845768609375 0.08638184531250001 0.09091765156250001 0.080949259375 0.11155279843749999 0.094364128125 0.136321696875 0.118574659375 0.1443519515625 0.13238015625 0.13662845625