0 0.6203794031250001 0.27874947968749997 0.6118902078125 0.3193889484375 0.5906128328125 0.347624978125 0.587008065625 0.3781108515625 0.5566769296875 0.4036746640625 0.4655036984375 0.4622460390625 0.285239796875 0.53807185625 0.2635525953125 0.5521647828125 0.259333084375 0.5614360015625001 0.262084775 0.6146963671875 0.252725746875 0.649146659375 0.219927309375 0.6908357859375001 0.16569676093750002 0.731592359375 0.13621036875 0.7743938625 0.1494710953125 0.7733191171875 0.1833442796875 0.74489071875 0.2103257359375 0.7347873 0.262256265625 0.7338003625 0.289187546875 0.7457939734375 0.31211677656250003 0.7686060968749999 0.325507153125 0.807748446875 0.3216598390625 0.8477355421875 0.3052041734375 0.8934392624999999 0.37275816875 0.82398665625 0.39886979375 0.8076940625000001 0.43402263750000003 0.799597940625 0.5007486437499999 0.8028430562500001 0.625456284375 0.573094965625 0.6319130937499999 0.551675396875 0.6935330046875 0.46806714375 0.72822584375 0.46792495 0.7784668859375 0.43246263125000006 0.78862048125 0.43734705937499996 0.845460525 0.4151580109375 0.853439540625 0.4045695 0.8695648531250001 0.4070368015625 0.8731069015624999 0.40417221562499994 0.8613934671875001 0.4050295046875 0.85985871875 0.3997227046875 0.8671728156249999 0.39001656875 0.8755491140625 0.39909541875 0.8713923250000001 0.38074535 0.8791664265625 0.3630852875 0.8849081421875 0.36464512656250003 0.8863132421875 0.3297348296875 0.8791371296875001 0.27867413124999996 0.8688162515625001 0.25014538124999997 0.8492116125000001 0.2229213765625 0.8355285140625 0.215377278125 0.8293769703124999 0.19967433750000002 0.8220754171875001 0.20385621406249999 0.7962565140625 0.18855055781250002 0.7529448296875 0.1891151234375 0.6934827453125 0.1982609015625 0.6611819437500001 0.21542332812499998 0.6203794031250001 0.27874947968749997
0 0 0.17569858437500002 0.0127361671875 0.266321121875 0.019084290625 0.39007954218749996 0.059364190625 0.6542318765624999 0.07503791875 0.855572446875 0.0811267421875 0.8988966749999999 0.08972049843749999 0.90952281875 0.139451359375 0.9041114578125 0.14323595312499998 0.8917456500000001 0.059539723437500004 0.284989 0.1298328640625 0.274321015625 0.13869425625 0.2643974234375 0.10249588125 0.051740701562500005 0 0.0661455578125 0 0.17569858437500002
0 0.23880447187499998 1 0.2251421765625 0.9244144375 0.15131953125 0.93242275 0.1398862765625 0.9072060453124999 0.0923676265625 0.911517571875 0.0777770640625 0.9143570703125 0.071985171875 0.9348942625 0.0741762859375 1 0.23880447187499998 1
0 0.235998153125 0.328037175 0.22909809218750002 0.447346084375 0.2427059265625 0.488035728125 0.2716068734375 0.5084307265625 0.30076291093749996 0.513800246875 0.3471817265625 0.5072765078125 0.3796999859375 0.49166137499999996 0.4036244875 0.46542009999999995 0.3997604203125 0.41547177968750004 0.3651010046875 0.3035815296875 0.364766440625 0.2562928828125 0.3506484265625 0.2456541953125 0.242772771875 0.263970840625 0.2455997265625 0.2840856609375 0.235998153125 0.328037175
0 0.5229834890625 0.15831985937499998 0.530377059375 0.21092784999999997 0.5427428671875 0.21471244375 0.7156048625 0.1872625640625 0.7119958859375 0.12228876562499999 0.697250584375 0.09595968125 0.6535541609375 0.07133262968750001 0.6042707593750001 0.074314321875 0.5609339875 0.0859274015625 0.5305777640625 0.1225397296875 0.5229834890625 0.15831985937499998
0 0.735949684375 0.180458646875 0.7407964812500001 0.18687782343749998 0.8599381078125001 0.17013355937500002 0.86899186875 0.172805775 0.8753608703125 0.190056009375 0.8992477390625 0.1803875078125 0.9113835453125001 0.1881490640625 0.9299510703125 0.18553956875 0.935295503125 0.167432046875 0.956752703125 0.157316084375 0.9426179343750001 0.0567419828125 0.9346765515625 0.050757721874999995 0.7443719515625 0.07198079375000001 0.7249220484375 0.073925371875 0.720919996875 0.084743884375 0.726356446875 0.12342623125 0.7417541203125 0.154397196875 0.74238140625 0.17008759375 0.735949684375 0.180458646875
0 0.831292334375 0.426616353125 0.8272902828124999 0.4374348671875 0.84981389375 0.541563559375 0.8831351390625001 0.7562024890625 0.888086496875 0.8138872781250001 0.8779078140625 0.8200513656249999 0.8809898578125 0.8251407078125 0.9446463640625 0.8177722234375 0.95527250625 0.8091784671875001 0.889357653125 0.35139694375 0.8658304359375 0.397305578125 0.8531969953124999 0.41407072187500005 0.831292334375 0.426616353125
0 0.50775730625 0.2464528890625 0.5318240015625 0.25490445156249997 0.5591525671875 0.2865654234375 0.5779500953125 0.2799789640625 0.5670521078124999 0.2136627859375 0.5182036234375 0.219739065625 0.502693053125 0.2384864171875 0.50775730625 0.2464528890625
0 0.3544204765625 0.23881264687499998 0.36192694375 0.2417023203125 0.41122288906250004 0.233196371875 0.40265422031250003 0.21152171250000001 0.41884225312499995 0.186367728125 0.4504655921875 0.175611934375 0.47012040781250003 0.1807389078125 0.48500369218749995 0.146301159375 0.48170419062500003 0.13966452499999998 0.37537583125 0.15776371250000001 0.3521789671875 0.1555013234375 0.34620725 0.15791845 0.3500713171875 0.20786676874999999 0.3544204765625 0.23881264687499998
0 0.8268386140624999 0.344404865625 0.8044488609375 0.375952940625 0.814309734375 0.41243561875 0.7795792640625 0.42915058593750005 0.77647213125 0.43510975937499996 0.7826487625 0.439764184375 0.851214784375 0.4111935921875 0.885393234375 0.345642684375 0.8804167890624999 0.299006409375 0.8750598125 0.32263818906249997 0.86664588125 0.33013211249999996 0.8522853218750001 0.328994646875 0.8441264796875 0.3214630921875 0.8459664968749999 0.2896473828125 0.8336132328125 0.28033853125 0.8263116796875 0.284520409375 0.8319906749999999 0.313701534375 0.8268386140624999 0.344404865625
0 0.3815442109375 0.5553053375 0.40140394218750003 0.5675038625 0.44231104375 0.555443321875 0.4538446515625 0.5364659671875 0.46600554375 0.533179009375 0.47356218749999995 0.513971653125 0.4656333484375 0.502463134375 0.46527369687500003 0.4662230015625 0.42945593593750003 0.47520149843750004 0.3675140046875 0.505996846875 0.3815442109375 0.5553053375
0 0.48129874062500005 0.804787634375 0.4956467578125 0.8114493578124999 0.511157328125 0.79270200625 0.5211687296874999 0.7628935953125 0.508598009375 0.75203745 0.49224269375 0.7535471109375 0.4866933484375 0.7645830828125 0.48129874062500005 0.804787634375
0 0.6398335984375 0.6641678453125001 0.635559703125 0.600076421875 0.6252137390625 0.5825961859375 0.5813040671875 0.6518815109375 0.575512175 0.672418703125 0.6398335984375 0.6641678453125001
0 0.3402482859375 1 0.34497801875 0.9911989546875001 0.32339116875 0.9610978203125 0.3028665203125 0.9497816718750001 0.30852042812499997 0.9900113125000001 0.3161783421875 1 0.3402482859375 1
0 0.2964598875 0.949104209375 0.3055136484375 0.951776425 0.3314705359375 0.9063152499999999 0.313567928125 0.9080423703125 0.29493768125000003 0.938273153125 0.2964598875 0.949104209375