0 0.46030805468749997 0.1975081296875 0.42376560625000004 0.208110175 0.3723555453125 0.20385124375000002 0.34492328906249997 0.1898964265625 0.273133521875 0.1266776 0.2892377109375 0.16272608125000002 0.300500590625 0.21651425 0.28753370624999997 0.2549507921875 0.27333024687499996 0.2721998296875 0.2506674765625 0.2866585671875 0.198684990625 0.2933221453125 0.16468420156250002 0.2852816625 0.125423275 0.2581897765625 0.11367969687499999 0.25835664375 0.1437453390625 0.2967014578125 0.20731780312499998 0.3375846125 0.2362319609375 0.368045859375 0.2529936671875 0.40647576562500004 0.25481262031249996 0.46133364375 0.2643416390625 0.4735678703125 0.3734916046875 0.5105810625 0.43106132500000005 0.516727453125 0.43508820156250005 0.529455646875 0.471964384375 0.54234075625 0.5632962046875 0.5909372937499999 0.60017570625 0.618686696875 0.607738809375 0.6535052375 0.6256453640624999 0.6700901234375001 0.64199819375 0.7163218234375 0.6792932046875 0.765998021875 0.701880834375 0.7828282328125 0.7756298828125 0.79373415625 0.8255580421875001 0.781486659375 0.8704713906249999 0.7455066828125 0.89633001875 0.699922546875 0.900834275 0.6438314109375 0.8917108125000001 0.608931096875 0.8574547453125 0.5609788046874999 0.791258846875 0.5402985375 0.7832117296875001 0.5445707390625001 0.7269504078125 0.5134586109375 0.7032179296875001 0.518473421875 0.69245896875 0.5147802796875001 0.632658103125 0.44671351093749995 0.4742695078125 0.1998044625 0.46030805468749997 0.1975081296875
0 0.47228153125 0.4915064375 0.4631613875 0.4714704171875 0.45076029218749997 0.46925585937500003 0.43909517343750004 0.4529980734375 0.4035340234375 0.444875815625 0.3894090203125 0.4457002 0.37709301875 0.45678957656249997 0.36741372031249997 0.5071332468749999 0.42950096562500006 0.516645678125 0.4396057265625 0.5328216890624999 0.466707565625 0.538153646875 0.465385896875 0.50366220625 0.47228153125 0.4915064375
0 0.4880773625 0.249814396875 0.49809371406249997 0.23782217656250002 0.48116845937499997 0.20251298750000002 0.47295447343749997 0.1950416109375 0.4556269796875 0.1972628046875 0.4514398703125 0.202519621875 0.46639589218750005 0.2455488296875 0.4880773625 0.249814396875
0 0.8467190062500001 0.661335725 0.8437684750000001 0.6877800484375001 0.8514067171875 0.6913096390625 0.8628198781249999 0.6825199125 0.8583774921874999 0.647864921875 0.8657670921875 0.6412112953125 0.8815342296875001 0.638908328125 0.8964018406250001 0.6537693046874999 0.90058895 0.6485124875 0.8917108125000001 0.608931096875 0.8575365203124999 0.559418446875 0.7961034734375 0.5374231453125 0.7756552609375 0.5394807890625 0.8206636546875 0.5613976328125 0.8140199796875001 0.598600915625 0.838992353125 0.629637903125 0.8467190062500001 0.661335725
0 0.8434413749999999 0.6940214828125 0.8403073875 0.6344007546875 0.8323387265625 0.6222483015625 0.8050700203125001 0.6051727671875 0.7517725015625001 0.6070734953125 0.7183540875000001 0.6327033859375 0.706123178125 0.6570967 0.7048147796875 0.6820624375000001 0.717549609375 0.70776415 0.7450669578125 0.7350229046875 0.76288841875 0.7383038546875 0.807890178125 0.7304921078125 0.8434413749999999 0.6940214828125
0 0.91419630625 1 0.9134785390625 0.9996683234375 0.923331340625 0.9907968203124999 0.9158566468749999 0.9841465109374999 0.9255458984375 0.9783957265625001 0.9366739234375 0.7959155390625 0.9532389046875 0.6888232171875 0.96057874375 0.45920517031249997 0.975092715625 0.3613932265625 0.988605484375 0.1931198171875 0.9840028656250001 0.1764498390625 0.9155106359375 0.16973102499999998 0.8731356265624999 0.1722041765625 0.8607378499999999 0.1848539140625 0.8433065203125001 0.4577531265625 0.8320701796875 0.522879315625 0.8342095984375 0.5417671687500001 0.859260428125 0.5563795046875 0.8777427250000001 0.5769061734375 0.8988584062499999 0.6218228406249999 0.90166529375 0.687685003125 0.8786820593750001 0.7381137640625 0.8333598359375 0.781895534375 0.8115999078125 0.7940546203125 0.8066154046875 1 0.91419630625 1
0 1 0.0257541796875 0.863082784375 0.02068915625 0.8533183921875 0.0577288890625 0.8526840968749999 0.15939752499999998 0.8576955906249999 0.1682657109375 0.8771591859375001 0.1700680765625 0.9975521265625 0.1716836703125 1 0.1622808765625 1 0.0257541796875
0 0.8916897468749999 0.1465776046875 0.9109047 0.1381967515625 0.9263447359375 0.14213521875 0.9446568484375 0.136054015625 0.953112840625 0.12398002187499998 0.9479311625 0.0885039640625 0.8820690000000001 0.09131085156249999 0.8587487125000001 0.1033881640625 0.8525956875 0.1312292953125 0.8625368984374999 0.1505260234375 0.8820038125 0.16719268437499998 0.8883270218750001 0.165959425 0.8916897468749999 0.1465776046875
0 0.3508067734375 0.7941574625000001 0.300957071875 0.78998030625 0.2883957453125 0.805750759375 0.2876597703125 0.8197939875 0.3054812328125 0.8230749375 0.3185431609375 0.842535215625 0.334804265625 0.8457343906249999 0.35697638593750003 0.8406378046875 0.3641991203125 0.8222406 0.359102534375 0.8000684796875 0.3508067734375 0.7941574625000001
0 0.254839159375 0.580248 0.2652157859375 0.7106572921875001 0.2538877171875 0.7327509546875 0.2455101828125 0.7284002968750001 0.2480551578125 0.7246220625 0.23483299687499998 0.7231467968749999 0.235241871875 0.715345003125 0.2404986890625 0.7195321125 0.2500210734375 0.70203775 0.2399196296875 0.7007260328125 0.2364718125 0.7068039171875 0.23285712812499998 0.701138225 0.22335796718749998 0.82268265 0.22705774375 0.841652278125 0.26147736093749996 0.8864838515625 0.2969567359375 0.8961664687500001 0.33990748593750003 0.8976350999999999 0.3626553484375 0.8964802984375 0.3899174203125 0.8838272453125 0.4125768734375 0.8545042125 0.417490003125 0.7906112828125 0.3906235375 0.736005365625 0.423609853125 0.61412720625 0.4272963609375 0.57363965625 0.42260865000000003 0.5436657421875 0.4056049375 0.52478120625 0.3330040546875 0.50689455625 0.2871812296875 0.51544559375 0.261891709375 0.5352429234375 0.2582803421875 0.5444415265625 0.254839159375 0.580248
0 0.5981446015625 0.7171528421875 0.593051334375 0.709845015625 0.5743270296875 0.7088637171875 0.5546247453125 0.741471015625 0.52391485625 0.7602019546875 0.537058559375 0.7781018734375 0.5423186953125 0.7971532781249999 0.5370651953125 0.8078304640624999 0.510215315625 0.82754601875 0.489848878125 0.8280433031250001 0.46841273125000005 0.8190966609375 0.448628671875 0.85326431875 0.5856949078125 0.8651415890624999 0.5981446015625 0.7171528421875
0 0 0.8619825921875 0.20029295625 0.8746717703125 0.20750905468749997 0.8265459765625 0.1989580171875 0.7807231515625 0.2170214875 0.7644587296875 0.2207964046875 0.7521394109374999 0.20502595 0.7395780843749999 0.0944858109375 0.7290909890624999 0.0471844015625 0.7359998921875001 0.038231125 0.72770745 0.0179464625 0.726644375 0.010723728125 0.7450415796875001 0 0.74704274375 0 0.8619825921875