0 0.588519690625 1 0.6001661609375 0.9895555296874999 0.6092382328125 0.9531694390625001 0.5862977375 0.9321515609375 0.5476436296875 0.9321760109375001 0.53702286875 0.9166452890624999 0.518829825 0.9121092531249999 0.5076563234375 0.9214008890625 0.5000921890625001 0.9452802796875 0.4788832703125 0.96575764375 0.4669496890625 0.971639103125 0.4343517796875 0.9602908640625 0.42507236718749997 0.968444415625 0.419215359375 0.9951649421875001 0.4390744890625 1 0.588519690625 1
0 0.2899974890625 0.40899248281249995 0.2727596390625 0.4167721078125 0.2398285546875 0.47780581875 0.23263019687500003 0.48084206875 0.244380890625 0.48538217812499995 0.2540383046875 0.4757125390625 0.2665531546875 0.490105178125 0.27924274375 0.48119154374999995 0.2724142390625 0.4698270046875 0.288331115625 0.470574859375 0.2888960828125 0.465079553125 0.272219125 0.4609215203125 0.2682358296875 0.45429220625 0.27638123281250004 0.45068691406249994 0.286806878125 0.45731215468749997 0.2886968921875 0.44973171875 0.2788402890625 0.4440535234375 0.28982682656250003 0.43874110625 0.2899974890625 0.40899248281249995
0 0.2099663203125 0.597576696875 0.2269927546875 0.5551221843749999 0.2199691359375 0.5348521609375 0.20652354218750002 0.54679796875 0.18457491875 0.5960769109374999 0.1648820875 0.616932278125 0.1497415921875 0.6453640046875 0.1296626078125 0.6548507546875 0.1251387984375 0.6923708546875 0.128589728125 0.7560342859375 0.11876572656249999 0.8018949 0.10665333125000001 0.82464028125 0.1199364125 0.8553278000000001 0.11903011875 0.9203203546875001 0.203361953125 0.9405414765625 0.2207541640625 0.877243821875 0.2400649171875 0.851462190625 0.25521763750000004 0.8423575187499999 0.256347571875 0.8313669062500001 0.24819809375 0.8285298453125 0.24497080625 0.81886835625 0.2623548671875 0.742686 0.2564734078125 0.7307524187500001 0.24055245468750003 0.7235622109375 0.213644965625 0.721684421875 0.186920365625 0.7093850625 0.191066171875 0.6733810515624999 0.209226615625 0.6263782765625 0.2099663203125 0.597576696875
0 0.0845335484375 0.603340471875 0.0985155828125 0.5408028984375 0.0852406515625 0.5230000828125 0.08085897812500001 0.4856750984375 0.05604884375 0.5044494109375 0.0435706703125 0.5480379328125 0.05040325 0.565844825 0.048537687499999996 0.6120793671875 0.06031283125 0.6552735859375 0.054264784375 0.6795309796875 0.0686696484375 0.6863431828125 0.087573871875 0.6169811796875 0.0845335484375 0.603340471875
0 0 0.6128495390625 0.0000310515625 0.612867975 0.0197361078125 0.6113396625 0.019341803125 0.5870863453124999 0.031450125 0.5578986125000001 0.0338888046875 0.519053465625 0.0263165203125 0.530048153125 0.004526334375 0.5302514171875 0 0.5389864 0 0.6128495390625
0 0.1335725484375 0.5455177484375 0.12125688906250001 0.54647294375 0.10421822812499999 0.569600403125 0.10347037343750001 0.5855172796875 0.12015140625000001 0.5961176640625 0.13359700000000002 0.58417185625 0.1419375171875 0.589472046875 0.1455346578125 0.584732746875 0.14855460625 0.5661617 0.1335725484375 0.5455177484375
0 0.0929708765625 0.162602340625 0.0944584375 0.117883884375 0.108456771875 0.0811157171875 0.1048188796875 0.0214315046875 0.027519310937500003 0.3346924859375 0.046086284374999995 0.331270084375 0.05856038125 0.28123921093750004 0.0725668671875 0.2573557453125 0.0751843609375 0.20164667656250002 0.0929708765625 0.162602340625
0 0.29372861562499997 0.316523396875 0.2785677453125 0.3127433671875 0.2734626671875 0.3299893671875 0.2897697734375 0.3485481890625 0.298122515625 0.373175434375 0.29681376875 0.40102996874999997 0.3419183765625 0.4138861453125 0.3402316265625 0.443256765625 0.3523603234375 0.4462807890625 0.358420596875 0.44135045 0.364070265625 0.3863973875 0.34890531875 0.37617500625 0.3431985984375 0.3409351515625 0.3500108015625 0.3265302875 0.3886486078125 0.30073643125 0.3905386234375 0.2931559953125 0.3732844734375 0.275166215625 0.3604079203125 0.28805906875 0.33483362968749997 0.2969808515625 0.3308666359375 0.31612094218750003 0.31191758593749996 0.31461708125 0.3001791171875 0.3294040234375 0.29372861562499997 0.316523396875
0 0.19234182187499999 0.2936603296875 0.1991866265625 0.330794275 0.21207540468750002 0.3372284765625 0.226850121875 0.329639890625 0.2351784125 0.315613028125 0.24349855312500002 0.28870146406249997 0.23496699687499997 0.280938140625 0.20313324375000003 0.2794424296875 0.19234182187499999 0.2936603296875
0 0.1886229203125 0.4054564703125 0.21818865625 0.416048703125 0.2295450453125 0.3963354953125 0.24356375625 0.39177908437500003 0.19826810781249998 0.3764597765625 0.1886229203125 0.4054564703125
0 0.40625273125000005 0.5724410421874999 0.43466408124999995 0.5553697796875 0.4414762859375 0.540964915625 0.42043803124999996 0.5316936546875 0.4189097171875 0.5119885984375 0.3738051078125 0.499132421875 0.35770941875 0.5152484875 0.37478883125 0.556544540625 0.36531837968750003 0.5622349609375 0.3607823453125 0.58042800625 0.3816458625 0.613005540625 0.3937664078125 0.6031448609375001 0.40625273125000005 0.5724410421874999
0 0.4063709125 0.759269228125 0.417747678125 0.7717677765625 0.4264580484375 0.7626671796875 0.43703805625000003 0.713774390625 0.4175118125 0.6984387812499999 0.4063709125 0.759269228125
0 0.6296295203125 0.5387616046875 0.6150539921875 0.561698025 0.63097494375 0.56888823125 0.640819321875 0.5552393734375001 0.6296295203125 0.5387616046875
0 0.42084505625 0.875601403125 0.4341199875 0.89340421875 0.45532890625 0.87292685625 0.4702702109375 0.82914729375 0.4458380796875 0.8464055203124999 0.42084505625 0.875601403125
0 0.394929440625 0.9440204359375001 0.40611109218749997 0.9476135015624999 0.4223937453125 0.927518215625 0.42105647187499995 0.9102762906249999 0.39207607968749997 0.9264005078125 0.394929440625 0.9440204359375001
0 0.38499133125 0.809495215625 0.375724146875 0.8369758218750001 0.383686659375 0.8437921015625 0.3965632125 0.8308992484375001 0.38499133125 0.809495215625
0 0.7035275578125 0.5394727828125 0.7181193859375 0.5423057671875 0.72380165625 0.538891515625 0.709205753125 0.5296161796875001 0.7074904765625 0.5138903421875 0.718070484375 0.464997553125 0.72640285 0.4574130421875 0.7203344265625 0.44945867812499996 0.71955396875 0.41383674531250003 0.7106444109375001 0.4075895078125 0.7036370921875 0.413088890625 0.690776840625 0.4517511484375 0.7023324203125 0.447385775 0.7078318015625 0.45439309375 0.69158175 0.5260271890625 0.7035275578125 0.5394727828125