0 0.9264743984375 0.527423240625 0.9381870078125001 0.5399533734374999 0.9527075890625 0.52297043125 0.9680447125 0.471321571875 0.9665203015625 0.4508267078125 0.9619519625 0.441457990625 0.94028613125 0.4448563421875 0.9270510671875 0.4326776953125 0.9154579046875 0.4449757890625 0.9245945828125001 0.4637132234375 0.9264743984375 0.527423240625
0 0.4812973171875 0.25575982812500003 0.47755041875000004 0.26384106875 0.507896684375 0.409177096875 0.5317898984375 0.42931851718749997 0.5364757265625 0.442669109375 0.5521702125 0.4550817546875 0.56856865 0.4809624796875 0.5826222140625 0.4793215578125 0.5855476734375 0.4537903609375 0.6049871015625 0.43727541406250003 0.6124799203125 0.41068975781250006 0.6275869640625 0.40319302187500006 0.6374226968750001 0.3832826609375 0.6593235046875 0.3878480625 0.6758355125 0.3760179640625 0.7315837375 0.3952194765625 0.76050643125 0.3468485421875 0.7738570234375 0.3421627140625 0.807238403125 0.3825640203125 0.8269137859375 0.3844360015625 0.8250369093750001 0.351995509375 0.8367475593749999 0.3436792921875 0.8475241796875 0.366047115625 0.8619302093749999 0.3763518234375 0.8771547421875001 0.3728369625 0.8920287671875 0.3782228234375 0.901633440625 0.3920414125 0.9050317921875 0.41370724374999995 0.9112390937500001 0.41628317499999995 0.9275171046875 0.40691249999999995 0.929855121875 0.361471921875 0.9157976390625 0.3214201421875 0.9332456375 0.29975235312500004 0.9372206593750001 0.22667263906250001 0.9277334749999999 0.2168359265625 0.9047791875 0.21812634062499997 0.8893167406250001 0.182407925 0.8708123249999999 0.1786620046875 0.8601561312499999 0.19154558125 0.8548897171875 0.2312478328125 0.8608649796875 0.2571295375 0.8424800109374999 0.27821184374999997 0.833227803125 0.276338884375 0.8088656140625 0.2506931359375 0.78696480625 0.246127734375 0.7514803859375 0.25913075937499996 0.721264340625 0.25327788125 0.7075622609375001 0.25644125624999997 0.6840244484375 0.2795149890625 0.664700553125 0.2791654625 0.660953653125 0.287246703125 0.6697388453124999 0.3044616828125 0.6637665203124999 0.30984950312500004 0.654630821875 0.30153524531250003 0.6504129890625 0.28326580625000003 0.62464779375 0.28279976875 0.62570029375 0.2665207796875 0.613518709375 0.24848631718749997 0.5701850875 0.23443666875 0.526619428125 0.24369279375000003 0.4928924390625 0.264308084375 0.4812973171875 0.25575982812500003
0 0.146468240625 0.2641064046875 0.14131735625 0.2869441828125 0.14893158125 0.3060331015625 0.1674369765625 0.320202196875 0.20514682031249998 0.30989259375 0.21088416875 0.29654102031249996 0.2050254140625 0.26421801718750004 0.18804345312499998 0.2601206109375 0.1880424734375 0.2496974359375 0.1730519390625 0.2507528734375 0.160638315625 0.256024184375 0.156540909375 0.273006146875 0.146468240625 0.2641064046875
0 0.23768619375000002 0.11395726718750002 0.2224655796875 0.1591648265625 0.2430847875 0.2345845171875 0.2317266015625 0.25484636250000003 0.2388718515625 0.268430953125 0.25444786875 0.2664385453125 0.263231103125 0.2628071765625 0.26803148125 0.24887012031250003 0.29438118125 0.23797601249999997 0.30082149999999996 0.227669346875 0.29742315 0.20600351562500002 0.3021060390625 0.1880845828125 0.3286916953125 0.195577403125 0.34075774999999997 0.2304763375 0.3486040125 0.2262594859375 0.34614263125 0.2051791375 0.35949322499999997 0.2004933109375 0.367574465625 0.20424020937499998 0.3987402125 0.3461798453125 0.3907774390625 0.356837996875 0.37672387500000004 0.35847891875000004 0.361847890625 0.33224670624999997 0.35072174375 0.3292027796875 0.33655166875 0.337285 0.3239050265625 0.3554389078125 0.3246099578125 0.37933016406250003 0.3351525796875 0.4041574109375 0.3404219328125 0.395724684375 0.35119659375 0.39724615937499996 0.3504975390625 0.435893953125 0.3861033640625 0.46856550468749997 0.4097586640625 0.449473646875 0.40717979375 0.4244114234375 0.415375584375 0.4008706734375 0.42427630625 0.40122117968750004 0.43399846875000003 0.41902164375 0.442312728125 0.4098859453125 0.4376269 0.396535353125 0.4412563109375 0.3844722359375 0.4261463296875 0.360699446875 0.43410812187500003 0.3396181203125 0.4199302140625 0.264314940625 0.39286579062500004 0.14708604218750002 0.3713105921875 0.08150404375 0.33910311875 0.0704983234375 0.32422811406249996 0.0546892859375 0.3116970015625 0.055978721875000005 0.29483056875 0.0350168421875 0.2263201734375 0.050833712499999996 0.237449259375 0.0851471640625 0.23768619375000002 0.11395726718750002
0 0 0.35497824218749996 0.0197590125 0.35429634062500004 0.02655081875 0.345512128125 0.02502640625 0.32501726406250003 0.0434103953125 0.2935117828125 0.026774043749999997 0.22839778125 0 0.23272748124999998 0 0.35497824218749996
0 0.1199001421875 1 0.1221736234375 0.95765973125 0.14009255468749998 0.9623426203125 0.147238784375 0.9863503859374999 0.15274311406250002 0.9858814109375 0.146652321875 0.9768641812500001 0.1570745171875 0.9664400265624999 0.1597659796875 0.9433682515624999 0.143597621875 0.873335403125 0.133165634375 0.7795278062500001 0.10411467968749999 0.709261940625 0.1198052484375 0.679981884375 0.103403871875 0.622831634375 0.0783259796875 0.45863970312499996 0.05641929531249999 0.391535253125 0.057353328125000005 0.3608512109375 0.03861001875 0.3074488390625 0.0445813625 0.29163784375 0.030521921875000003 0.230739715625 0.0244311296875 0.221722484375 0.017404346875 0.22254294375 0.0232591828125 0.21317324843750002 0.019627814062500002 0.20439001562499998 0 0.20778744374999997 0 0.5553064046875 0.10306296718750001 1 0.1199001421875 1
0 0 0.22804175 0.029701462499999998 0.2237129328125 0.0398935765625 0.2574409015625 0.0429375046875 0.246314753125 0.0484428125 0.2562689546875 0.0496128 0.243971840625 0.0438734953125 0.23647706249999997 0.039775109375 0.24303585 0.0336833375 0.22359544374999998 0.04609598125 0.2079009578125 0.0430491171875 0.1877575796875 0.072209725 0.1786199234375 0.070338725 0.20871848124999998 0.064132403125 0.21656572343749997 0.06682778125 0.23518664843749998 0.056990090625 0.2342506578125 0.056873581250000006 0.24069195625 0.06893669687500001 0.24432136718750003 0.0603874625 0.24549331406250002 0.059685468750000005 0.2528715828125 0.0761994359375 0.261887834375 0.079011325 0.274067459375 0.0875605609375 0.2728955140625 0.09388437031249999 0.269030146875 0.0865051234375 0.257904978125 0.08989955625 0.23787810937499998 0.1010286421875 0.2721915625 0.0814717265625 0.2847246328125 0.09587775625 0.295029340625 0.121524484375 0.281090325 0.1430747859375 0.2945564484375 0.156310828125 0.3171582703125 0.171536340625 0.324066584375 0.2124076 0.306612709375 0.212991125 0.284829390625 0.22364731875000002 0.2719458125 0.26170865 0.26315866250000003 0.27529226093750003 0.2455902375 0.295903634375 0.23762452656250002 0.3005835859375 0.18843606875000002 0.32178142187500003 0.1899565640625 0.33243957343749997 0.1979193375 0.3427481984375 0.22520600625 0.344620178125 0.2055306234375 0.36687149375 0.201195303125 0.3962778515625 0.31467632343749996 0.3982722171875 0.351098690625 0.38105821562500003 0.3703070578125 0.38176020781250003 0.36292878906250003 0.36712018125 0.3550835046875 0.36220035625 0.344192334375 0.3600933984375 0.355903965625 0.35458906875 0.35637294062499997 0.350488725 0.342085378125 0.3383090984375 0.344897265625 0.333859228125 0.3499336 0.3384275671875 0.3593023171875 0.32601394375 0.364573628125 0.32882583125 0.376753253125 0.3432308828125 0.3766347859375 0.33597108124999997 0.39033784374999997 0.3534210390625 0.38951640468750004 0.3550600015625 0.38272361875 0.3616187890625 0.3868220046875 0.368648509375 0.41727106875000003 0.35529791718750003 0.421956896875 0.3609216921875 0.4463161484375 0.37755216875 0.4488911015625 0.38434593281249996 0.46095323749999995 0.38574991875000003 0.4461967015625 0.3916067140625 0.45767335468750003 0.40565930000000006 0.445609259375 0.40003454375 0.4108268328125 0.41315015937500005 0.39817725312499996 0.435284965625 0.40028323125 0.438562890625 0.3866976609375 0.4272027453125 0.38611315625 0.42298491406250005 0.36784371875 0.43176618749999995 0.34336599843750004 0.4270784015625 0.30916905625 0.39274928125 0.153527340625 0.369436653125 0.08033307656250001 0.3357067265625 0.0696788421875 0.32457959999999997 0.0562117390625 0.3116970015625 0.055978721875000005 0.29483056875 0.0350168421875 0 0.103083840625 0 0.22804175
0 0.443501465625 0 0.3761060734375 0.0154511125 0.3976622515625 0.0914562859375 0.41312371875 0.116751528125 0.42273035 0.151416465625 0.48211581875 0.2419402609375 0.4939449390625 0.24802909374999998 0.56702269375 0.23115776562499998 0.5987611921875 0.23665915625 0.6203114937499999 0.2501252796875 0.6343670171875 0.26933070937500003 0.6447901921875 0.2693297296875 0.652988921875 0.2770585046875 0.6718428640624999 0.261480528125 0.7137685828125 0.2485940125 0.7339119609375 0.24554714687499998 0.7504259281250001 0.2545634 0.7818109828125 0.23769598749999998 0.796802496875 0.24706372499999998 0.8086306375 0.24272938437499997 0.8359212234375001 0.274113459375 0.844470459375 0.2729415125 0.85828806875 0.2529136640625 0.8510253296875 0.23534719843750002 0.8572277343750001 0.18580725468749998 0.86343405625 0.1779600125 0.8601541734374999 0.17069923125 0.86835094375 0.15758165625 0.8485492578124999 0.057919225 0.861079390625 0.046206615625 0.8713860562500001 0.052646934374999996 0.8840356359375001 0.06576255156250001 0.8914158640625001 0.08731089375 0.9012535546875 0.088246884375 0.9141351734375001 0.0780567265625 0.89682171875 0 0.443501465625 0
0 0.747650275 0.6280412484375 0.767914078125 0.660245784375 0.7728348828125 0.6815601296875 0.79836608125 0.6844855890625 0.8046879328125 0.6597738718749999 0.7975397453124999 0.6149197562500001 0.7707191109375 0.5994631859374999 0.758188 0.6007526203125 0.7305478859375001 0.5886924421875 0.7182517500000001 0.597945628125 0.722937578125 0.611296221875 0.747650275 0.6280412484375
0 1 0.44303219374999997 0.9768161953125001 0.342612103125 0.9707263812500001 0.344018046875 0.9709613593749999 0.3519817984375 0.9808029671874999 0.3946104890625 0.9700312437499999 0.424358540625 0.9702701390625 0.4740149921875 0.9408814078125 0.5481511218749999 0.9495520484375 0.5926537515625 0.971221796875 0.6309481015625 0.9894922156250001 0.63715344375 1 0.6340256625 1 0.44303219374999997
0 0.7404002671875001 0.74597605625 0.75667925625 0.74702855625 0.7661644828124999 0.7360189187499999 0.76276613125 0.7143530874999999 0.77318636875 0.6830825828125 0.744494734375 0.6977245703125 0.7313810765625 0.7312204984374999 0.7404002671875001 0.74597605625
0 0.6750473703125001 0.71295595625 0.6871095078125 0.7061621921875 0.6785573328125001 0.6760646140625 0.6688361515625 0.6686873249999999 0.64892775 0.6796979421875 0.6582994046875 0.7063991281249999 0.6750473703125001 0.71295595625
0 0.3000372734375 0.6063000390625 0.31948551406250003 0.6835936671875 0.3375229140625 0.7026816078125 0.353330971875 0.677383428125 0.3528571 0.6197632234375 0.34535938437499997 0.5942330046875 0.330016384375 0.5833428140625 0.327204496875 0.5711631890625 0.3174833140625 0.5637859 0.3013218125 0.5667152765625 0.297223428125 0.5732740640625 0.3000372734375 0.6063000390625
0 0.1979163984375 0.6362909015625 0.2108009546875 0.6573702703125 0.2444143734375 0.674465803125 0.2782568921875 0.6369860390625 0.25927664687499996 0.554773565625 0.2316375125 0.5531365609375001 0.20376633906250002 0.5748053296875 0.1883097671875 0.6016259640625 0.1979163984375 0.6362909015625
0 0.5911753671875 0.5198423125 0.6007790609375 0.523237725 0.607102871875 0.5193723578125 0.609794334375 0.49630058281249995 0.6008926328124999 0.4855269015625 0.583208678125 0.48880776406250004 0.5806327453125 0.495015065625 0.5911753671875 0.5198423125
0 0.5675230046874999 0.5702036953125 0.5781811578125 0.5781664671875 0.617883409375 0.5834328828124999 0.616241509375 0.5589561421875 0.63673539375 0.5470085546875 0.64013080625 0.5374048609375001 0.6363809687499999 0.5142165765625 0.6250198453125 0.5032088984375 0.605227953125 0.5077782156249999 0.5948057578125 0.5182023703125 0.5777043484375 0.4892767390625 0.5456163218750001 0.50309924375 0.5624837328125001 0.5344842984375 0.5675230046874999 0.5702036953125
0 1 0.5141899734375001 0.9921729046875001 0.49942674374999996 0.9823352140624999 0.498490753125 0.9895959937500001 0.4952108703125 0.9821002375000001 0.49052700156249995 0.9874870781249999 0.48607615 0.9791718390625 0.4847886734375 0.9770629234375001 0.47565395468749994 0.9709731109374999 0.47705989843749996 0.9772978999999999 0.48361770625 0.9673437 0.489123015625 0.968633134375 0.501654128125 0.9590304203125 0.5086818890625 0.9586818718749999 0.5384289609375 0.935377078125 0.548620096875 0.9356120546875 0.55658385 0.927412346875 0.5384318984375 0.9125383218750001 0.5330460375 0.9042250421875 0.5526049109375 0.8919259687500001 0.5305885734375 0.8826737609374999 0.5287156125 0.8693241468749999 0.543824615625 0.8757703421875 0.596057 0.86921155625 0.5919586140625 0.8633537812500001 0.5700587859375 0.8542190625 0.5721677015625 0.8419239062500001 0.5918440640625 0.8501285109375001 0.6621118890625 0.8655899796875 0.68740713125 0.8758966453125 0.6938474515624999 0.9021298359375001 0.6893946421875 0.93047194375 0.6940765515625 0.9369112828124999 0.6733467109375 0.9489734203125 0.666552946875 0.9501434078125 0.6542558328125 0.965367940625 0.650740971875 0.9728636984374999 0.6554248406250001 0.9858628046875 0.6492165609375 0.9987473609374999 0.670295928125 1 0.6692317375 1 0.5141899734375001
0 0.22708973906250002 0.76265451875 0.22017946562500001 0.75703368125 0.2193609640625 0.7708532484374999 0.23529434375 0.8329223453125 0.2502858578125 0.8422900828125 0.2471244421875 0.8494343531249999 0.2579000828125 0.8613790015625 0.26950107968750003 0.9324663093750001 0.3134221421875 0.9664253374999999 0.32466382031249996 0.9526047906249999 0.3368434453125 0.9497929015625 0.3661186046875 0.9133675953125 0.3507716875 0.8607847046874999 0.3592014765625 0.8347845328125001 0.352169796875 0.7834891171875 0.36200161249999996 0.7218860578124999 0.3506404890625 0.710878378125 0.3029744859375 0.7058469406250001 0.2830621671875 0.6751648578125 0.25589200624999997 0.679032184375 0.2365690890625 0.68910583125 0.223922446875 0.707259740625 0.22708973906250002 0.76265451875