0 0.94236263125 1 0.973517784375 0.7462616484375 0.96402224375 0.7466699765625 0.9653551890625 0.735814003125 0.9685658500000001 0.7417180421875 0.9742794671875 0.740058234375 0.9866568234375 0.6392527671875 0.9774606562500001 0.6436334390625 0.9653257171874999 0.6334851671874999 0.9392860859375001 0.5570860171875001 0.9301713875000001 0.5543926390625 0.9190710125000001 0.5742818453125 0.885388053125 0.592185375 0.871185971875 0.6116937390625 0.8568474500000001 0.6130816578125 0.8411759812499999 0.62532555 0.8266195515625 0.615667075 0.805696775 0.6193950171875 0.759877884375 0.5822844828125 0.7146047546875 0.617655728125 0.7035583609375 0.6178736359375 0.691994684375 0.6030728046875 0.6890284249999999 0.5759466140625 0.668159628125 0.560003259375 0.6555358874999999 0.592299290625 0.6405171484375 0.5928165734374999 0.635537728125 0.57567571875 0.6394011171875 0.569853146875 0.6251165765625 0.5515697687500001 0.6154306140625 0.55352895 0.601744821875 0.5431902578125001 0.598968984375 0.5145132140625 0.6084095515625 0.48891039062499997 0.598396728125 0.47429998125 0.5895814046875001 0.4755789453125 0.559708846875 0.552196996875 0.559981728125 0.5884378859375 0.538106846875 0.5999200953125 0.5072546984375 0.671695165625 0.5095132546875 0.6853534703124999 0.5365854640625 0.702058509375 0.533348309375 0.7284230171875 0.49289067500000006 0.7502174234375001 0.4968090375 0.7695893484375 0.479967559375 0.7785411125 0.4829877984375 0.7859960046875 0.47262162031250005 0.78708455 0.476512496875 0.7938592250000001 0.47166951562500004 0.794838815625 0.46764319218750006 0.8148094890625 0.45390341875000006 0.8241420953124999 0.43733482031250004 0.8693347515625 0.4205502984375 0.9932125984375 0.47582924843749996 1 0.94236263125 1
0 0.420572821875 0.781480878125 0.3975004421875 0.7770737109375 0.3884122375 0.7421117875000001 0.3751072859375 0.7286713890625001 0.36000708124999997 0.736262721875 0.3353838484375 0.731665134375 0.329479809375 0.7348757953125 0.32564390625 0.7532956140625 0.3110334953125 0.7633084375 0.298245828125 0.7648867765625 0.2819481234375 0.756588734375 0.2660587484375 0.7577862328125 0.2488364265625 0.7698397046875 0.230035765625 0.7691055078125 0.2204587578125 0.7765878859375 0.2055224796875 0.8148969125000001 0.1918366875 0.8045582203125001 0.19501986093749998 0.7978650109375 0.205304571875 0.8038505171875 0.20829732500000003 0.7987081625 0.193550475 0.7906005406250001 0.1961074125 0.7633653953125 0.185741234375 0.7644539406249999 0.1908021234375 0.77452074375 0.181443021875 0.7930495171875 0.1786946703125 0.7769697203125 0.163594465625 0.784561053125 0.15137805937499998 0.7814868328125 0.1540704453125 0.727506340625 0.130127428125 0.7237793906250001 0.1262365515625 0.7170047140625 0.0933202390625 0.9530338 0.410374540625 0.992750290625 0.4327077609375 0.7916291484375 0.420572821875 0.781480878125
0 0.42294132500000003 0.8455281749999999 0.4281101734375 0.81625238125 0.42383845625000005 0.8125794125000001 0.43502029843749995 0.7856161562499999 0.4166819453125 0.7747062015624999 0.39633043125 0.773781584375 0.398778415625 0.7410232421875 0.3863715890625 0.7394998765625 0.3710259890625 0.723447565625 0.356905375 0.7358818796875 0.353313871875 0.733079546875 0.364142359375 0.7218152453125 0.3427297875 0.7231216984375 0.341151446875 0.7103340296875 0.33701616875 0.7247815046875 0.3505930078125 0.7295969984374999 0.3296702296875 0.7333249421875 0.3242834734375 0.751554340625 0.3210728125 0.7456503015625 0.31451604375 0.760587571875 0.2999871015625 0.7635263453125 0.2964770671875 0.7536499625 0.2794176796875 0.7515553328125 0.25539319531250004 0.7549024328125 0.24592514062499998 0.7679080093749999 0.22973639218750003 0.7651331640625 0.23316396718750002 0.737217803125 0.2257905421875 0.7331639921875001 0.23022519375 0.7226888609375 0.2197500625 0.7182542078124999 0.223911834375 0.6715381859375 0.21324628125 0.6686543875 0.2234220390625 0.6691166953125001 0.2465484 0.6538525640625 0.2555806390625 0.6187541984375 0.2488589515625 0.5581079828125 0.23046562499999998 0.522003534375 0.20091794375 0.5254595875 0.173792746875 0.573291640625 0.1713162828125 0.548586940625 0.178771175 0.5455667015625 0.1715881703125 0.5399620374999999 0.1505839265625 0.5507640296874999 0.14927846718749999 0.5742172515624999 0.14193252812499998 0.5827606875 0.148190915625 0.6087168671875001 0.1352403125 0.6244433078125 0.1289014515625 0.6504269734375 0.09487109218749999 0.9532242203125 0.412986453125 0.990709640625 0.428410540625 0.86509051875 0.42294132500000003 0.8455281749999999
0 0 0.941903278125 0.080042775 0.95219065 0.0886401921875 0.9398652890625 0.08376972499999999 0.9282476328125 0.08918396875 0.92261548125 0.08491225 0.9189425124999999 0.0865985515625 0.892387584375 0.0753342484375 0.881559096875 0.0892644421875 0.8706756375 0.07723845781250001 0.8660505640625 0.0764218015625 0.84705948125 0.063579159375 0.8234433265625001 0.0635241859375 0.79824883125 0.0706522171875 0.778659 0.0684476421875 0.7453293953125 0.0764453171875 0.6801935546875 0.0719282046875 0.65287694375 0.08612929375 0.5885027859374999 0.10288434375 0.36229610156250003 0.10024494531249999 0.351739503125 0.08821896093750001 0.3471144296875 0.08247785625000001 0.33617698906250004 0.10592909218749999 0.2477508609375 0.1075309484375 0.0936726015625 0.09517810156249999 0.0724779359375 0.0815747703125 0.0999309875 0.07719409687499999 0.09073482187500001 0.0709092171875 0.09704718906250001 0.0682688265625 0.041624795312500004 0.055725559375 0.021980984375000002 0 0.4726633640625 0 0.941903278125
0 0.10342053749999999 0 0.097136290625 0.0372981046875 0.0905520359375 0.039638128125 0.0888382484375 0.05359580781249999 0.095612925 0.04970493125 0.0933278734375 0.068315171875 0.08674361875 0.0706551953125 0.0827987625 0.0835518171875 0.07871746406249999 0.0783279953125 0.0726230046875 0.08308950781249999 0.0715609546875 0.040454784375000004 0.055235764062500005 0.01955949375 0 0.46941868906249995 0 0.9418857390625 0.0877970421875 0.953142753125 0.09367359374999999 0.9373348453125001 0.11404862499999999 0.7713935359375 0.113938678125 0.7210045453125 0.1267518484375 0.6422918656250001 0.12588021875 0.5981062875000001 0.136626246875 0.5490502421875 0.1324359953125 0.538303221875 0.1274300796875 0.5534309140625 0.12285898749999999 0.5457856015625 0.11872370937500001 0.5602330765625 0.11684599375 0.5434730640625001 0.12786490156250002 0.530657909375 0.121552534375 0.5243730281250001 0.10963550312499999 0.5252711531250001 0.10411329843749999 0.5702459 0.11385324062499999 0.5486154203125 0.1109154609375 0.5789522703125 0.1183428671875 0.5633347843750001 0.1184793078125 0.5814552281250001 0.12514502968750002 0.5720411546874999 0.1262335734375 0.5824073328125 0.12152703281249999 0.60150736875 0.118098465625 0.5845569359375 0.11224940000000001 0.612962090625 0.1099633578125 0.5867065375 0.102400503125 0.6290693734375 0.087136371875 0.6059430140625001 0.0958427421875 0.5991408515625001 0.09437335625 0.5918763796875 0.088850159375 0.5919853328125 0.09831821406249999 0.5789797578125 0.0915160515625 0.5702733859375 0.09771946406250001 0.5710350703125 0.101936209375 0.54951354375 0.09475320625 0.5439088796875 0.1009291328125 0.532073315625 0.09548740312500001 0.52510821875 0.100711225 0.5210269203125 0.094643259375 0.4935198890625 0.0996766609375 0.49098944375000003 0.1007917 0.46908707656250004 0.0956758375 0.43382577656250004 0.1004088734375 0.3824571953125 0.1100398609375 0.35530351875 0.0930619421875 0.3461348390625 0.0853616546875 0.3255114359375 0.10769785312499999 0.25898767500000003 0.10478458125000001 0.16732439375 0.11449604531249999 0.088230871875 0.1062784765625 0.05258873125 0.11441358593749999 0.050439128124999996 0.1217045515625 0.0167011953125 0.1201262109375 0.003913528125 0.11558260468749999 0.0088654625 0.114589359375 0 0.10342053749999999 0
0 0.3238936984375 0.350863903125 0.3037326046875 0.34838843124999996 0.2969039484375 0.37195060625 0.3223988109375 0.420733771875 0.32860222499999997 0.4214954546875 0.345225796875 0.40149729531249995 0.3238936984375 0.350863903125
0 0.3640549375 0.4596945328125 0.35605527656249997 0.43509878750000003 0.33763545625 0.431262884375 0.3355143328125 0.4805908171875 0.347649271875 0.4907390875 0.3772244390625 0.49988028125 0.3847607984375 0.489785990625 0.38277413125000004 0.46750278125 0.3640549375 0.4596945328125
0 0.399232784375 0.371921134375 0.405190803125 0.3490391765625 0.3980342921875 0.311165965625 0.390416465625 0.32833430625000004 0.3731941453125 0.340387778125 0.3562172171875 0.3760848921875 0.349715421875 0.416216659375 0.357116334375 0.43286771718750006 0.3762978375 0.4305002078125 0.37991583281249997 0.40103399375000004 0.399232784375 0.371921134375
0 0.4661373859375 0.39115562656249997 0.45302285624999994 0.376164375 0.44154163906250005 0.3991552875 0.44363825312499994 0.4718274875 0.4519637828125 0.46812703125 0.46695404218750003 0.4101467078125 0.4661373859375 0.39115562656249997
0 0.2257845859375 0.46396922968750004 0.228995246875 0.46987326874999996 0.24518399687499998 0.4726481140625 0.2550603796875 0.46913807968750004 0.2517947453125 0.4380395453125 0.2257845859375 0.46396922968750004
0 0.78476705 0.309062403125 0.7743458984375 0.284956453125 0.75043036875 0.29382674999999997 0.74814531875 0.312436990625 0.7313588125 0.34658325156249997 0.7064097109375 0.3702818671875 0.7107089156249999 0.386552084375 0.7239863796875 0.387395234375 0.783706984375 0.3561592671875 0.78476705 0.309062403125
0 0.95745951875 0.49241248437499996 0.965567140625 0.477665634375 0.9649409062500001 0.4571237 0.9722868437500001 0.4485802625 0.97457189375 0.429970021875 0.9670895156249999 0.4203930140625 0.946656534375 0.426542446875 0.9126477062499999 0.47274217968750004 0.903397559375 0.49679415000000005 0.9031806437500001 0.5306135484375 0.9142270390625 0.5303956421875 0.9113972203125 0.5213898968749999 0.9219538187499999 0.5187504984375 0.9237225796875 0.5299873140625 0.937979634375 0.5356734453125 0.9526175312499999 0.5382578703124999 0.9587119906250001 0.5334963562499999 0.95745951875 0.49241248437499996
0 0.7859645484375 0.324951778125 0.7792978328125 0.289500059375 0.7696933390625 0.284385190625 0.756524828125 0.2890652359375 0.7387302515624999 0.260905475 0.7384848578125001 0.23726183281250002 0.72014650625 0.22635187812500002 0.7041756625 0.23462342656250001 0.701781659375 0.24771047031250001 0.686463546875 0.24425540781250002 0.6768865374999999 0.25173778750000003 0.664235309375 0.271436571875 0.6456250703124999 0.269151521875 0.6343067875 0.27799433281249997 0.628158346875 0.3024271453125 0.6418441390625 0.31276583750000003 0.6544413875 0.31273835 0.6606997734375 0.3386945296875 0.6718806234375 0.26686547968749996 0.6893208515625 0.26585840156249996 0.68058699375 0.26006331718750003 0.6919052765625 0.2512205046875 0.712855540625 0.2600898109375 0.7190049734375 0.2805227921875 0.7060543703125 0.29624923281250004 0.7037693203125001 0.3148594734375 0.6988173859375 0.31031586718750004 0.6958246328125 0.31545822343749996 0.69729401875 0.32272269374999996 0.702817215625 0.322613740625 0.7025728140624999 0.3438358921875 0.7218632703125001 0.3469915796875 0.7191698921875 0.35610627968749997 0.705620540625 0.3638880328125 0.70371633125 0.379396565625 0.7136202015625 0.388483778125 0.757288496875 0.3725934109375 0.7838974046875 0.3546084140625 0.7859645484375 0.324951778125
0 0.560707984375 0.21071087500000002 0.5586408406250001 0.240367509375 0.5749110578125001 0.2360683046875 0.5710741625 0.2096223296875 0.560707984375 0.21071087500000002