0 0.7010011765625 0.6407101015625 0.669899375 0.6466156234375 0.641833065625 0.6716083375 0.6335641359374999 0.694411928125 0.6262879859375 0.7596510234375 0.6305300546875 0.8008023375000001 0.6467281687499999 0.8218253453125 0.67649744375 0.8401145046874999 0.702822684375 0.8439861328125 0.7268519015625 0.838246075 0.7495676453125 0.8206275875 0.7686738890625 0.7815189874999999 0.7707166015625 0.7581706734375 0.7666883296875 0.6966479750000001 0.7591193546875 0.675595684375 0.7324339046875 0.6489497484375 0.7010011765625 0.6407101015625
0 0.6708131265625 0.5823883578125 0.693285790625 0.57651211875 0.7179182953125001 0.5818041203125001 0.704793778125 0.5077220890625 0.6997931890625 0.49316837812500003 0.6877492968750001 0.4874092671875 0.6675345546875 0.5750434109375 0.6708131265625 0.5823883578125
0 0.7977111031249999 0.58407968125 0.7835952171875 0.5930397468749999 0.781795584375 0.6046458125 0.7185992 0.57402135 0.6990741828125 0.573097365625 0.6955525312499999 0.5774946671875 0.7070224171875 0.5808508546875 0.7151361140625 0.595676928125 0.7872047156249999 0.6145298609375 0.8071968406250001 0.628042459375 0.7977111031249999 0.58407968125
0 0.5911183984374999 0.6507024593749999 0.60659609375 0.626176853125 0.593268009375 0.6171684546875 0.5911183984374999 0.6507024593749999
0 0.5588086078125001 0.5090662578125 0.547018028125 0.5362671484375 0.5421931328125 0.57348826875 0.5452871906250001 0.6098337390624999 0.5561347359375 0.638230975 0.5716900468749999 0.5948905359375 0.5687321703125 0.5569885125 0.5736156296875 0.53702566875 0.5588086078125001 0.5090662578125
0 0.6142896046875 0.47549273750000004 0.6328320749999999 0.4786834625 0.6631944078124999 0.46330243437499996 0.6690311328125 0.4324437125 0.6793237234375 0.4223649171875 0.6504593812499999 0.42062384843749995 0.6542241109375 0.40448430156250004 0.5921376375 0.45081189843749997 0.5729728281249999 0.472662221875 0.57117319375 0.4842682890625 0.5965642203125 0.46296268749999997 0.6142896046875 0.47549273750000004
0 0.8324693249999999 0.44674270156249996 0.821816525 0.43404718750000004 0.783525009375 0.40560161875 0.751518275 0.39495905 0.7102014984375 0.392128534375 0.682621346875 0.39363675468750003 0.650838640625 0.40732504687500004 0.651578109375 0.41680055312500003 0.667474578125 0.43230753125000004 0.6665505953124999 0.4518325484375 0.7063401 0.463156021875 0.710465040625 0.46979078124999996 0.7110097625 0.4635645640625 0.7244740281250001 0.47101640937499994 0.7556051125 0.4737400265625 0.75926294375 0.467786171875 0.7711706546875 0.47510183437500003 0.8038582921874999 0.4779616328125 0.8059595703125 0.47187159687499997 0.8357771796875 0.4627167859375 0.8324693249999999 0.44674270156249996
0 0.8640879796875 0.5514594265625 0.8654014546875001 0.5633378546875 0.8697109093750001 0.540972090625 0.8659359468750001 0.512409390625 0.8350377109375 0.45324127968749994 0.8319831671875001 0.4702271953125 0.8389298015625 0.5163205328125 0.8465763921875 0.5185579921875 0.8454869453124999 0.5310104250000001 0.8543108296874999 0.546682865625 0.8640879796875 0.5514594265625
0 0.4667563828125 0 0.43311438437499994 0.27848384843749996 0.42009958750000004 0.44517133124999997 0.42864229062500003 0.5447322359375 0.44213583749999996 0.56081321875 0.4654841515625 0.56285593125 0.47140872343750007 0.557884625 0.4852420171875 0.5073354203125 0.4860195890625 0.444664709375 0.525106315625 0.24888885625 0.5528491062499999 0.0034980125 0.512866634375 0 0.4667563828125 0
0 0.46523108906250005 0 0.4263053421875 0.35631155937500003 0.4214232953125 0.50175200625 0.43435306718750005 0.5601323140625001 0.49945598281250003 0.5689650187499999 0.5087265109375 0.5078215796875 0.4855334296875 0.468149203125 0.485338684375 0.45244747968750004 0.5273437734375 0.241242265625 0.5542694796875 0.0051907484375 0.5049249421875001 0 0.46523108906250005 0
0 0.4026479765625 0.5550057749999999 0.40629557812500006 0.5043496734375 0.4004002875 0.51795011875 0.3938724265625 0.511889365625 0.39922299375 0.5045151359375 0.395672059375 0.5002832984375 0.3512421734375 0.497180421875 0.2970644203125 0.49793012187499996 0.2910036671875 0.5044579828125 0.287326784375 0.5464849468749999 0.3297915734375 0.55412130625 0.4026479765625 0.5550057749999999
0 0 0.496379684375 0.238771959375 0.5367473109375 0.272879971875 0.54129984375 0.28191765156250004 0.5366008984375 0.2834156421875 0.5194788015625 0.27918380468750004 0.5230297359375 0.27732560624999997 0.517377525 0.28368800312500003 0.51636569375 0.28352254062500004 0.5092931093749999 0.23070659531249998 0.49447726718749996 0.2540256265625 0.4878908421875 0.2066188125 0.48295904843750004 0.1922305640625 0.495032221875 0.17510846875 0.49353423281250003 0.1756531921875 0.48730801562500003 0.14397738437500002 0.49081061562499995 0.1293651078125 0.47855292812499994 0.0061249625 0.47090775 0.0004727515625 0.47276594843749997 0 0.4781695234375 0 0.496379684375
0 0 0.52239063125 0.2634923125 0.567926728125 0.24989186718749998 0.5620314375000001 0.249123115625 0.5439267937500001 0.2456014640625 0.54832409375 0.2356881328125 0.5451040875000001 0.248412928125 0.5430804265625 0.238771959375 0.5367473109375 0 0.49951465156249997 0 0.52239063125
0 0.1346073640625 0.35588678906250004 0.1290620515625 0.3475592953125 0.13367315 0.330709559375 0.12728147031249998 0.3230922515625 0.1170957765625 0.322985353125 0.10677390312499999 0.324435009375 0.1036900765625 0.3327917859375 0.11518924531250001 0.3447771125 0.11680436406250001 0.3621715703125 0.1236045875 0.365119215625 0.1346073640625 0.35588678906250004
0 0.28489175625 0.2874746078125 0.2921590859375 0.3030108671875 0.3011967671875 0.298311921875 0.301877671875 0.29052915156250003 0.2902423234375 0.2801003796875 0.28489175625 0.2874746078125
0 0.111100996875 0.14051853281249999 0.11211282656249999 0.14688093124999999 0.14469356718749998 0.159926421875 0.13188092499999998 0.13606266718749999 0.12281396093750001 0.1321324734375 0.111100996875 0.14051853281249999