0 0.1789843109375 0.7472136265625 0.226876196875 0.7616638375 0.2625750234375 0.7461562140625 0.279205909375 0.7263481609375 0.291930140625 0.6909347515625 0.26052111718750004 0.654210396875 0.2170089859375 0.6385073078125 0.1944097625 0.64134876875 0.1552880125 0.6575568421875 0.1480880515625 0.7025385703125 0.15626610000000002 0.723332490625 0.1789843109375 0.7472136265625
0 0.48952902812500004 0.502855978125 0.4734611984375 0.5567849015624999 0.4758189296875 0.5630783203124999 0.5301522578125 0.577636890625 0.54480078125 0.574282665625 0.5919206734375 0.476910309375 0.6912165578125 0.0942589453125 0.71030290625 0.0411388328125 0.61864250625 0.014960882812500001 0.5617007609375 0.24558148124999998 0.531767028125 0.44785123593750004 0.5244877421874999 0.4750179 0.48952902812500004 0.502855978125
0 0.6824394046875 0.6160156812500001 0.6918094109374999 0.5659537484375 0.5853128015625 0.5317564015625 0.5751233578125 0.5516728140625 0.570201803125 0.585132896875 0.6414330265625 0.609072103125 0.6824394046875 0.6160156812500001
0 0.8007430765624999 0.624259578125 0.7953668265625 0.61715735 0.802617078125 0.6142471921875 0.7960276140625 0.611672740625 0.788669003125 0.621024340625 0.778913 0.6151749890625 0.7727676031249999 0.6199988109375 0.7501287171875 0.6139327390625 0.74530489375 0.60778734375 0.7330141015625 0.6174349875 0.738202665625 0.6131635921874999 0.7321259671875 0.602638440625 0.708678271875 0.5995908875 0.69877424375 0.5912754453125 0.7076817765625 0.5912357828125 0.7092993953125 0.585198746875 0.7242836265625 0.5956842359375 0.7256052015625001 0.5847150171875 0.6948675921875 0.5756700890625 0.6868191593749999 0.6147628046875 0.8549680437499999 0.645259590625 0.9632302953125 0.6758859921875 0.9727589515625 0.6614541890625001 0.9499720421875001 0.6529220265625 0.967422365625 0.6632594921875 0.9531782453125001 0.665104459375 0.883347921875 0.6480110984375 0.8627310593749999 0.6343987328125 0.8561812578125 0.6407318140625 0.83968776875 0.6298419203125001 0.8339467765625 0.6331564828125 0.8245951765624999 0.6257978718749999 0.8154312625 0.6298128843749999 0.8136259593749999 0.6244762984375 0.8007430765624999 0.624259578125
0 0.3190436671875 0.5323938484374999 0.3132920484375 0.5025443734375 0.31696072656249996 0.46470453593750005 0.3288761484375 0.43230964531250005 0.3184196953125 0.4230373703125 0.3034064296875 0.4368083875 0.2910866015625 0.47071253750000003 0.2706283890625 0.4927303 0.25804155156249997 0.49744576250000005 0.29783471562499997 0.5089171171875 0.3190436671875 0.5323938484374999
0 0.2021699296875 0.506739290625 0.21056469687499998 0.5146503296875 0.272148275 0.5262987421875 0.282269021875 0.5217313015625 0.2897359921875 0.5059382609374999 0.2795755828125 0.50159816875 0.2259823671875 0.499370053125 0.2021699296875 0.506739290625
0 0.31603008125 0.3172518390625 0.272705634375 0.3129223734375 0.23822002343749998 0.32390222031250004 0.24782800468750002 0.3272854796875 0.2629999203125 0.3491445921875 0.2936978671875 0.3492819875 0.30717283906250004 0.359363071875 0.3291112765625 0.36200622031249996 0.3379104484375 0.3684079984375 0.328046084375 0.3690000875 0.3361448078125 0.37197894374999996 0.3386505609375 0.380738453125 0.3456734640625 0.3575471390625 0.3644453609375 0.3569153875 0.3716559484375 0.345097696875 0.3478725453125 0.3282104296875 0.31603008125 0.3172518390625
0 0.3950165390625 0.4209147671875 0.41800954062500006 0.38340000937499996 0.4128896734375 0.37232243125000003 0.37438905 0.3741383625 0.3585273109375 0.38202036562499997 0.3362637953125 0.39870154062499996 0.32994134062499997 0.42531577656249997 0.3916729421875 0.43943028125000005 0.3793028234375 0.43126286093750005 0.3950165390625 0.4209147671875
0 0.3782801421875 0.5709128812500001 0.3859347984375 0.5664934625 0.39407318281250003 0.5783798515624999 0.419582565625 0.582788640625 0.4402865328125 0.5236314906249999 0.441420421875 0.50128865 0.434791296875 0.489806665625 0.42617980937500005 0.4947785109375 0.42326965000000005 0.487528259375 0.420142771875 0.49316089218750003 0.3968430984375 0.4925794296875 0.3782801421875 0.5709128812500001
0 0.2492976015625 0.318782353125 0.20660490625 0.33322478437499997 0.184381053125 0.3588134921875 0.19535027031250002 0.36013506562500003 0.19936528281250002 0.36929898125 0.22487466562499997 0.3737077703125 0.248972521875 0.3381066765625 0.2549302328125 0.32190923125 0.2492976015625 0.318782353125
0 0.1503791703125 0.38609914375 0.1323580140625 0.43222538750000006 0.1749026859375 0.41531686562500003 0.19822076718749998 0.358477784375 0.1973326328125 0.3436812375 0.1503791703125 0.38609914375
0 0.14484711875 0.4671154046875 0.1450638390625 0.454232521875 0.1406840828125 0.4554854 0.133906934375 0.441537325 0.13371925 0.43016370156250006 0.119781803125 0.47010488749999996 0.11953604843750001 0.5072442765625 0.1267176015625 0.519683090625 0.142500015625 0.4939860234375 0.1392938125 0.48180359062499994 0.14484711875 0.4671154046875
0 0.2143339546875 0.5609536312500001 0.1808448375 0.5802885828125001 0.152161134375 0.6631894734375 0.15643252968750002 0.6683780375 0.1628343078125 0.659578865625 0.1974282796875 0.642157578125 0.2432188171875 0.6463390203125 0.26383568125 0.6599513875 0.28478824999999997 0.68740346875 0.2798666953125 0.7208635515624999 0.29182178125 0.6973761921875 0.3060843078125 0.6381106828124999 0.2859695828125 0.5833835781250001 0.266565934375 0.565243434375 0.24941165625 0.55983815 0.2143339546875 0.5609536312500001
0 0.386873221875 0.6233615796875001 0.415646878125 0.591439790625 0.426753490625 0.56206341875 0.424179040625 0.56865288125 0.394329565625 0.5744045015625 0.380500478125 0.6079042453125 0.386873221875 0.6233615796875001