0 0.48690705312500004 0 0.3591456609375 0.006695690625 0.32989776875 0.060644090625 0.3499172015625 0.14408570781250002 0.357552128125 0.1554204109375 0.3825145484375 0.16897630624999999 0.38793159843749997 0.182774209375 0.3971854359375 0.299637559375 0.41925587656249996 0.39235955312500004 0.435425253125 0.43219290312499997 0.44010632968749996 0.4319475796875 0.44019473906249995 0.4037793484375 0.45744709375000003 0.37471159374999996 0.4624619046875 0.3509791140625 0.455415990625 0.2762454484375 0.45846156875000005 0.24479295156249997 0.4698780453125 0.23871838437499998 0.4821907296875 0.26467205625 0.493031465625 0.2625392734375 0.502642259375 0.2518654046875 0.49535765625000006 0.142722075 0.4915009640625 0.12884239687500001 0.4734374953125 0.112577975 0.46375487812499994 0.07709860156250001 0.4694305234375 0.0361204015625 0.494729996875 0.0113248484375 0.4963841171875 0 0.48690705312500004 0
0 0.49918191562500003 1 0.5167649390625 0.9990252375 0.5142365515625 0.9209255296875 0.5075044671875 0.911890478125 0.5049694437500001 0.8635193593749999 0.5094936046874999 0.8304247281249999 0.5025228312500001 0.7869800109375 0.5000894875 0.650983484375 0.48810058593749994 0.646135540625 0.473897125 0.628886503125 0.4794025859375 0.6145161765625 0.47595476875 0.608438290625 0.46092692343749997 0.60531425625 0.46076005625 0.617057834375 0.4532035875 0.622147784375 0.45352405312500005 0.6581178078125001 0.43652365781249997 0.66213805 0.43463620000000003 0.655978390625 0.44687374375 0.6506431140625 0.4371844921875 0.6448923296875 0.435719178125 0.5870772843750001 0.44796004062500006 0.5668777140625 0.46110042656249994 0.5638420890625 0.459710253125 0.5373159921874999 0.4527295265625 0.5384641593749999 0.45470207656249995 0.5313198828125001 0.44911815937500005 0.5292655578125001 0.4454183828125 0.5482351859375 0.43474451406250003 0.5386243921875 0.43163043125 0.5090593515624999 0.440420159375 0.4976461921875 0.436314825 0.49394973281250004 0.41463335468749996 0.4982152984375 0.41512068593749996 0.5224417453125 0.402225625 0.530158446875 0.4010774578125 0.5231777203125 0.3898278484375 0.517508709375 0.400341484375 0.5091344921875 0.3775936203125 0.507979690625 0.36798946250000003 0.48892497031250004 0.3897527078125 0.48621976250000004 0.3892620578125 0.4768576109375 0.3828570734375 0.4740639921875 0.37145718437499997 0.4058170875 0.38344940312500003 0.3958007359375 0.3841920125 0.3801153734375 0.40891574375 0.3592616046875 0.4199984859375 0.3766741921875 0.41867681718750005 0.4111656328125 0.4229457015625 0.41798280937500004 0.42729967812499997 0.41149604999999995 0.4318138859375 0.42299430156250006 0.43254322656250005 0.46676611875 0.4351699765625 0.4721047125 0.44362928593750006 0.4693144109375 0.44019473906249995 0.4037793484375 0.458598578125 0.366828025 0.4621348046875 0.3447376796875 0.45483693125 0.295051528125 0.456819434375 0.2433143671875 0.47127485468749997 0.23551589218750002 0.48605405625 0.2488231453125 0.4884421171875 0.21975207343749997 0.49920107812500003 0.21605893125 0.4981446390625 0.1660456796875 0.4922369390625 0.142885625 0.4719589109375 0.114220109375 0.46350955312500003 0.07241752500000001 0.473539175 0.0249525671875 0.494321121875 0.0035230546875 0.3607060203125 0.006613915624999999 0.331212803125 0.055881240624999995 0.34244914375 0.12100742812500001 0.355088928125 0.1532025359375 0.352867734375 0.17053003125 0.35771236093750003 0.1734054234375 0.347362275 0.1849003578125 0.3540125828125 0.1923750515625 0.3497403828125 0.20042217031249998 0.3569664328125 0.20395507968749998 0.36420243750000003 0.1628951046875 0.3844020078125 0.1751359671875 0.3897372828125 0.18737351093750002 0.39046662187500003 0.231145328125 0.3680425421875 0.25109625625 0.361630921875 0.27803122812500003 0.34972047812499996 0.28960793749999997 0.35308651874999997 0.2941254640625 0.345117859375 0.306277915625 0.33953394062500003 0.30422359062500004 0.3385526421875 0.28549928593749996 0.334035115625 0.288865328125 0.31293933906250004 0.2445962265625 0.3065343546875 0.241802609375 0.30161127187500003 0.22250256249999997 0.2753304984375 0.2285738125 0.261938153125 0.2566569515625 0.2668612359375 0.275956996875 0.2990530265625 0.2781815078125 0.29576212343749997 0.3049529296875 0.30437503125 0.3498762296875 0.32818265156250004 0.3861799890625 0.32669743281249997 0.4175507109375 0.33235980781249996 0.436029690625 0.3252122140625 0.448921434375 0.3210085171875 0.5179860890625 0.334446146875 0.6549705515625 0.3196636265625 0.6565275921875 0.30775318125 0.6681043015625 0.30233613125000003 0.6543063984375 0.2913318453125 0.6533184656250001 0.272529084375 0.6378751109375 0.2698238765625 0.6161118640625001 0.2662909671875 0.623337915625 0.25233615 0.595905659375 0.2493756640625 0.614054221875 0.2215312171875 0.635071540625 0.19492334375 0.63490135625 0.1673275390625 0.64573545625 0.167160671875 0.657479034375 0.1960549234375 0.71620355625 0.20369316718750002 0.7126739640624999 0.220032728125 0.7258994421875 0.2213477625 0.721136590625 0.2431927828125 0.7199917421875 0.2489435671875 0.710302490625 0.25641494374999996 0.7185164765625001 0.2527969421875 0.7390464640625 0.2465555078125 0.7393735625 0.2516454578125 0.74693003125 0.238586846875 0.751526015625 0.2345599703125 0.764254209375 0.2333300296875 0.7557131234375001 0.22101402656250002 0.7446237453125 0.2173175671875 0.7487290796875 0.21428194218750002 0.73558869375 0.200238715625 0.73632466875 0.1852860109375 0.76448958125 0.1850340515625 0.7895370953125 0.1925054265625 0.7977510796875 0.2090118546875 0.7992329812500001 0.2116352875 0.81943586875 0.2262476234375 0.8444867 0.25055584375 0.8455597265625 0.25677737343749996 0.93441839375 0.270244859375 0.9376242031249999 0.2745170609375 0.9295770859375001 0.2832216953125 0.9314678609374999 0.2718836765625 0.9539670828125001 0.2667086328125 0.9597145499999999 0.251105046875 0.9605322984375 0.24477851875 0.9741633343749999 0.25387174375 1 0.49918191562500003 1
0 0.6398874718750001 0.5419551031250001 0.6380884234375 0.5076272125 0.6245391625 0.5028610453125 0.5996551984375 0.505729803125 0.5842118453125 0.5245325640625 0.583959884375 0.5495800765625 0.5944668859375 0.5709344484375001 0.5978196578125 0.634909153125 0.585984353125 0.6777748109374999 0.5883624609375 0.693296621875 0.5716040734375001 0.716862234375 0.5335797234374999 0.7227666171875 0.519843690625 0.81892979375 0.53724964375 0.837575640625 0.5609821234375 0.84259045 0.57790074375 0.8370098499999999 0.5836482109375 0.84218489375 0.5945640859375 0.8713410578125 0.5931606421875 0.9042721390624999 0.6158101421875 0.9781880562499999 0.6299318281249999 0.9938767343749999 0.7305340734375 0.987822071875 0.724728053125 0.8770366078125 0.7097101609375 0.8293196890625 0.7173484046875 0.825790096875 0.7186700734375 0.7912986578125001 0.70951128125 0.6165384890625 0.700806646875 0.6146477124999999 0.6948923109375 0.621216246875 0.6765835171875 0.60027075 0.6720659906249999 0.6036367921875 0.6685363984375 0.5959985484375 0.6648399406250001 0.6001038828125 0.661804315625 0.5869634968749999 0.6530996796874999 0.5850727203125 0.6398874718750001 0.5419551031250001
0 1 0.49898002343750003 0.9817795171875 0.48257422656250004 0.9489302109375 0.48273114218749996 0.927582475 0.46350955312500003 0.9118153375 0.46120658593749997 0.901216609375 0.48288473906249996 0.881504371875 0.49487032343750004 0.872384228125 0.51490634375 0.85332950625 0.5245105031249999 0.862770115625 0.54044450625 0.87952186875 0.5466074843750001 0.8997998968750001 0.5752729984375 0.9002905453125001 0.5846351515625 0.8887072015624999 0.6024532953125 0.8870584328125 0.6307033015625 0.88032303125 0.63653254375 0.8597112687499999 0.6313541828125 0.849276090625 0.6561530546875 0.8449154796875 0.6923684031249999 0.855654534375 0.777861028125 0.8464492984374999 0.811200984375 0.845618278125 0.8550545765625 0.8499689375000001 0.8634321125 0.8658996234374999 0.868855796875 0.8902111625 0.8550645296875 0.936531271875 0.8432491296875 0.9526221906250001 0.8666578265625 0.9636264765625 0.8676457609374999 0.998039459375 0.8525427765625 1 0.852440028125 1 0.49898002343750003
0 0.8427793781249999 0.6963919625 0.8144475984374999 0.6931828343750001 0.802373603125 0.7016388265625 0.7810092796875 0.7567387125 0.7856837203125 0.7862219765625 0.8016110890625001 0.80650995625 0.810152175 0.805280015625 0.8323276125 0.79551230625 0.84177485625 0.7817177203125001 0.8486019859375 0.732855953125 0.8427793781249999 0.6963919625
0 0.806698884375 0.4557629953125 0.6999369796875 0.463705115625 0.6993579203125 0.4825111953125 0.7097831453125 0.5023052078125 0.7145260921875 0.592806009375 0.7219974671875 0.6010199953125 0.74934463125 0.6003691124999999 0.8208758046875 0.5919263906250001 0.81663014375 0.4810591515625 0.8123645765624999 0.4593776796875 0.806698884375 0.4557629953125
0 0.9972295062500001 0.4340428765625 0.9842991156249999 0.23209909374999999 0.9761635875 0.2559951234375 0.94266008125 0.24366916875000003 0.9206481921874999 0.2565575953125 0.9157969312500001 0.2834107921875 0.9174191609375001 0.37407514375 0.9236539609375001 0.4034766328125 0.9330127953125 0.417850278125 0.9464835984375 0.40619179375 0.9578967578125 0.41498152031249996 0.9673473203125 0.386322640625 0.9812988203125 0.428619190625 0.988688421875 0.43527281718750005 0.9972295062500001 0.4340428765625
0 0.8873568374999999 0.39755566249999996 0.8977069234374999 0.38606072812500003 0.90058895 0.3514875125 0.888364675 0.297365609375 0.8725190812499999 0.27863798906250004 0.8678346890625 0.2937476078125 0.873068284375 0.3936105609375 0.8873568374999999 0.39755566249999996
0 0.18323284687500002 0.396905775 0.2059840265625 0.38319628125 0.205248053125 0.369153053125 0.1899782015625 0.3464836484375 0.1714207640625 0.3357213703125 0.17001400312499998 0.383516746875 0.17206501093749998 0.3927971234375 0.18323284687500002 0.396905775
0 0.2857125984375 0.44160365625000003 0.2770897375 0.4412732390625 0.27035433593749997 0.44710248124999996 0.27281421875 0.4641846515625 0.2857877375 0.47289260312500003 0.2926900078125 0.455319784375 0.2857125984375 0.44160365625000003
0 0.3150356296875 0.41894420312499997 0.30821845312499996 0.42321308750000003 0.3057519359375 0.43585950625000003 0.30853891875 0.45918311093749997 0.31330176875000004 0.46049814375000003 0.3236518546875 0.449003209375 0.3150356296875 0.41894420312499997
0 0.247053953125 0.34583940156250004 0.23604966875 0.3448514671875 0.2267659734375 0.3617667703125 0.2337433828125 0.3754828984375 0.24162695156249997 0.3766343828125 0.25452532968749997 0.3540533875 0.247053953125 0.34583940156250004
0 0.19994263437499998 0.2231368578125 0.195421790625 0.2413671953125 0.2114342515625 0.2483512390625 0.20864726875 0.225027634375 0.19994263437499998 0.2231368578125
0 0.03814935 0.2707321921875 0.027308614062499997 0.272864975 0.016628110937500003 0.2929827703125 0.0226175859375 0.317703184375 0.036906139062499996 0.3216482859375 0.0470109 0.30547227499999996 0.03814935 0.2707321921875
0 0.0739646140625 0.59586585 0.05696421875 0.5998860921875 0.051952726562499996 0.6087542765625 0.054494384375 0.6273968046875 0.06615286875000001 0.640867609375 0.06713416718750001 0.6595919125 0.0734573765625 0.660825171875 0.08824321406249999 0.6444038359375 0.08578333125 0.627321665625 0.0777362140625 0.6230494640625001 0.0739646140625 0.59586585
0 0.0156157921875 0.7812048421875 0.035079387499999996 0.7794024765625001 0.046086990625000004 0.765526115625 0.046747825 0.7482803953125 0.038046507812500005 0.731525325 0.0213765296875 0.72692270625 0.011278403125 0.713370128125 0.0156157921875 0.7812048421875
0 0.08492909062500001 0.7752253203125 0.0712129625 0.7822027281249999 0.06628324375 0.792631271875 0.0701399359375 0.8065109500000001 0.0795838625 0.807580659375 0.0900974984375 0.7992064421875 0.08492909062500001 0.7752253203125
0 0.1636211265625 0.694433675 0.1451421484375 0.70009605 0.1416910125 0.708882459375 0.1443962203125 0.73064570625 0.15540050625 0.7316336406249999 0.16706562656249999 0.7153758546875 0.1636211265625 0.694433675
0 0.15391197031249998 0.7778686578125 0.14767053593749999 0.7781957578124999 0.141344009375 0.7918267921875 0.14355856718749999 0.8042278875 0.151523909375 0.8069397296874999 0.158589728125 0.7924876265624999 0.15391197031249998 0.7778686578125
0 0.12826333750000002 0.5273051140625 0.12226390937500001 0.547177584375 0.134992103125 0.5512044609375 0.13548938906250002 0.5308380234375 0.12826333750000002 0.5273051140625
0 0.19577426874999998 0.501861996875 0.1896112921875 0.51861375 0.1995458671875 0.5290456109375 0.20496955312499998 0.5131149234375 0.19577426874999998 0.501861996875
0 0.251469478125 1 0.24469674375 0.9726029765625 0.24732681250000002 0.9630772734375 0.26982935 0.959551 0.28272772968750004 0.9369700046875 0.3051484921875 0.9318833718749999 0.3000651765625 0.8945983140625 0.28782763125 0.8999335890625 0.2929175828125 0.9074900578125 0.277556003125 0.9278531765625001 0.254971690625 0.9298190937499999 0.252361528125 0.8501590265625 0.24817441875 0.8449022093749999 0.22066370468750002 0.8424323734374999 0.20753327187499998 0.8008751140625 0.1878243515625 0.7979964046875 0.1799441 0.7819806265625 0.19637870625 0.737309284375 0.2032776578125 0.7346007593749999 0.2202747359375 0.7454448124999999 0.2269217265625 0.7677838015625 0.24252531406250002 0.7669660515625 0.25854772656249997 0.7293572109375 0.2590450109375 0.708990775 0.24549575156249998 0.70422460625 0.22758919687499998 0.7208094921875 0.2166666859375 0.721381915625 0.2114949609375 0.7122650890625 0.1962184734375 0.7193242734374999 0.183575371875 0.7019934609375 0.1683121546875 0.649595465625 0.1855611921875 0.63539200625 0.224488384375 0.6317872734375001 0.24781530625 0.614135996875 0.2521726 0.5927849421875 0.2659671859375 0.6022321875000001 0.2704780765625 0.628594734375 0.283039403125 0.6443651874999999 0.2941254640625 0.64691348125 0.3057839484375 0.660384284375 0.3209786609375 0.651764740625 0.329107553125 0.6575973015625001 0.334364371875 0.6534101921875 0.3316657984375 0.60191835625 0.32320980625 0.5898443624999999 0.32247383125 0.575801134375 0.3265007078125 0.563072940625 0.32059964218750003 0.510184296875 0.32274569531249997 0.46156785312500004 0.3306358984375 0.4329907484375 0.324816609375 0.3816624625 0.3014178640625 0.353160496875 0.29469905 0.2846682671875 0.2827101484375 0.27982032343749996 0.2626708109375 0.2855644734375 0.254790559375 0.26954869531250003 0.2653108296875 0.2314458875 0.2952880625 0.2212693046875 0.30481708125 0.20903507812500002 0.3090141421875 0.1696990109375 0.321827428125 0.1604219515625 0.343917775 0.163958178125 0.34909281718749996 0.1582107109375 0.3262864015625 0.0514454890625 0.3497801921875 0.022050634375 0.35372529375 0.0077620812499999995 0 0.025568784374999997 0 0.5086288140625 0.0105391125 0.7141911953125 0.018831554687499998 0.723144471875 0.0225180609375 0.763632021875 0.02037864375 0.7825198765625 0.014300759375 0.78596769375 0.0255177171875 1 0.251469478125 1
0 0.5397637671875 0.24366137187499998 0.5520013125000001 0.238326096875 0.5512653375000001 0.22428286874999998 0.539279753125 0.20457063125000002 0.5290147593750001 0.20276162968749997 0.5166103484375 0.21984048281250002 0.5255569906249999 0.24127662968750002 0.5397637671875 0.24366137187499998
0 0.5772841984375 0.287852015625 0.5710427625000001 0.288179115625 0.5616772937500001 0.303534059375 0.560607584375 0.3129779875 0.5716936453125 0.3155262796875 0.580646921875 0.3072338375 0.5772841984375 0.287852015625
0 0.535868428125 0.0349855046875 0.520097975 0.04754683125 0.5205068484375001 0.055348625 0.5309320750000001 0.0751426375 0.54899554375 0.091407059375 0.5499834781249999 0.08040277343749999 0.56361783125 0.07186500625 0.5642786656250001 0.0546192859375 0.55475628125 0.0371249234375 0.535868428125 0.0349855046875
0 0.534693721875 0.1469191359375 0.5146577015625 0.137798990625 0.5121060921875 0.163749346875 0.5194956921875 0.1704029734375 0.5280367781249999 0.16917303125 0.535593246875 0.16408308124999998 0.534693721875 0.1469191359375
0 0.492328665625 0.0998530984375 0.5118740359375 0.0996110921875 0.509168828125 0.0778478453125 0.49874028593749997 0.07291812812500001 0.48329693125000006 0.0917208890625 0.492328665625 0.0998530984375
0 0.642413296875 0 0.6382012171875 0.0022411953125 0.639673165625 0.030327651562500002 0.6299772796875 0.054305456249999995 0.6151096671875 0.0691664328125 0.6057408796875 0.099385671875 0.6312591390625 0.1981855515625 0.6087566 0.20171182499999998 0.597503671875 0.21090711093749998 0.5944580953124999 0.24235960781250002 0.609809721875 0.266589371875 0.6126784796875 0.2914733359375 0.6249127062500001 0.3010023546875 0.6610462796875 0.3038026078125 0.6740297515625 0.2679176765625 0.6864308453125 0.2657031171875 0.6758288 0.302245565625 0.698079378125 0.3237668046875 0.7151615484375 0.321306921875 0.7279682000000001 0.3417584515625 0.719996221875 0.3687751984375 0.725658596875 0.3872541765625 0.7258906515625 0.45139243125000006 0.8025117749999999 0.45050617812500005 0.8141768953125 0.4342483921875 0.801884115625 0.31910895156249997 0.8100196437499999 0.29521292187500003 0.8150410890625001 0.24175185312499997 0.824900525 0.220894765625 0.8167981718749999 0.09614785 0.8299485109375 0.048519340625000004 0.8279859125 0.011070732812500001 0.8219931203125 0.0012146140625 0.813615584375 0.0055652734375 0.811806584375 0.0158302671875 0.8009658484375001 0.01796305 0.793494471875 0.0097490640625 0.7964719171875 0 0.642413296875 0