0 0.7982764390625 0.5332418140625 0.8171241437500001 0.561925303125 0.8323670796875 0.5601229187500001 0.8427130453125 0.5426426828124999 0.8630202359375 0.532873828125 0.8760133281250001 0.5133988375 0.89413339375 0.5135786640625 0.8943257640625 0.5009828546875 0.8790577390625 0.49173672343749997 0.861297325 0.455316765625 0.853995771875 0.4511348875 0.8105544374999999 0.4907874171875 0.7971389734375001 0.518881253125 0.7982764390625 0.5332418140625
0 0.3503726265625 0.0490055984375 0.34726549375000004 0.043046425 0.32139641406249997 0.0362550515625 0.30818586406250004 0.05727733593749999 0.31108808125 0.070308059375 0.3033516125 0.0692207703125 0.2913412484375 0.132224903125 0.274906459375 0.1930293671875 0.27026457812500004 0.19237699375 0.2760690140625 0.2184384421875 0.267178325 0.29292600625 0.24450418593749998 0.33076360781249997 0.24610165624999997 0.35307809687499997 0.2318916234375 0.4205066515625 0.23526638906250003 0.44701556093750006 0.2379009734375 0.43949655 0.2489494875 0.43947146249999997 0.253833915625 0.4496250578125 0.27639095 0.45752880781250005 0.28706726875 0.4882195953125 0.261428190625 0.4854051859375 0.27289907812499997 0.476761253125 0.2631553109375 0.46750257812499996 0.275291115625 0.4597410203125 0.2620303890625 0.458666275 0.24322031718749998 0.44655555781249995 0.23796369374999998 0.4671178375 0.22426805 0.4691376796875 0.21567429374999997 0.47976382187500005 0.2157495578125 0.5129093671875 0.2034213828125 0.5332667343749999 0.2124876875 0.536118775 0.2107731125 0.559545640625 0.2183673875 0.5953257703125 0.21344111875 0.6640590734375 0.20420753125000002 0.68485135625 0.20650755156249997 0.7246209921875 0.217351153125 0.7316674546875 0.23081679375 0.72567065 0.26319706875 0.68051895 0.2795272953125 0.6709800968749999 0.28002493125 0.6955067968749999 0.2924785453125 0.7303920046875 0.2923488953125 0.7706091015625 0.33585295 0.7585778578125 0.3503807921875 0.73379606875 0.3549724984375 0.7123514125 0.3439114390625 0.7068522421875 0.3291159625 0.711084296875 0.31539523125 0.7020556234375 0.3228640671875 0.6825931765625 0.3240684625 0.6291153546875 0.3072155109375 0.6030789921874999 0.31216686875 0.5453942046875 0.32452013125 0.536085353125 0.3231652078125 0.5232720859375 0.3387301640625 0.46865679687500006 0.340612021875 0.42158560781250004 0.34984560781249996 0.400793325 0.343171340625 0.3809210515625 0.34947762187500003 0.3360495296875 0.3558717109375 0.329847809375 0.3550144234375 0.3415612421875 0.36165105937500003 0.34486074375000003 0.36891497968750003 0.33246984999999996 0.377533825 0.332892221875 0.38108841718750003 0.34128106406250003 0.3934667671875 0.343020728125 0.42072840312500004 0.379198140625 0.41346448281250003 0.3915890359375 0.422083328125 0.3920114078125 0.42625266093749997 0.37918559687500003 0.44525510312499994 0.3787005046875 0.45759582187500003 0.3638673953125 0.465424309375 0.3081648171875 0.48021978593750003 0.30393276406249997 0.4726882296875 0.295773921875 0.4512686625 0.30223073125 0.43446588750000004 0.2982914 0.43728029687500003 0.272652321875 0.4582022296875 0.2416688140625 0.4957721984375 0.2437932171875 0.5039184953125 0.2307374046875 0.5158493859375 0.2300473984375 0.4985866078125 0.2181541390625 0.496721503125 0.17528991562500001 0.48940740624999995 0.1655837796875 0.46575053750000006 0.15989224062500001 0.47254191093750003 0.1340231609375 0.47004952187500004 0.106849334375 0.478605646875 0.07965041875 0.4609204953125 0.0763760046875 0.44814486093749994 0.0943037015625 0.44838740781249997 0.10380492187499998 0.43735143593750003 0.1093542671875 0.42716020937500004 0.0976659234375 0.424207815625 0.06253816875 0.4091447046875 0.0462204859375 0.3806535859375 0.05247238125 0.3870727625 0.0573191765625 0.37712408124999997 0.055132053125000004 0.372072371875 0.06862278125 0.36851778125 0.0602339390625 0.36477081875 0.0644409046875 0.3607813109375 0.059146648437500005 0.3599114796875 0.065335825 0.3709725390625 0.07083499374999999 0.35750689687500004 0.07683179999999999 0.35377247968750003 0.086563021875 0.3522000984375 0.07529705 0.34625346874999996 0.0839284390625 0.336739703125 0.0786467265625 0.3404364890625 0.052342731249999996 0.3503726265625 0.0490055984375
0 0.1160536234375 0.593569353125 0.089791384375 0.8028889390625 0.08188763437499999 0.8254459734375 0.1059919609375 0.8335671828125 0.11027419218750001 0.8704596890625 0.10019586093749999 0.9084896609375 0.0710649109375 0.924907696875 0.06821287031249999 0.9339740015625001 0.08038630625 0.942785215625 0.199527934375 0.9595294796875 0.2425218078125 0.9174472796875 0.238523965625 0.8111690953125 0.2106475875 0.7962063374999999 0.2097024921875 0.7692499671874999 0.214704025 0.733662209375 0.23544613124999997 0.720798765625 0.25459076718749996 0.6856208359375 0.25763517812500003 0.663958721875 0.24659920781250003 0.6695080671875 0.24126732031250003 0.6569248015625 0.25712499843750003 0.6339077640624999 0.2482761515625 0.6295084281250001 0.2517805671875 0.6158002421875 0.2418318859375 0.61361311875 0.24137188125 0.6056591906250001 0.2371900046875 0.61296074375 0.21995231406250002 0.612116 0.21212803593750001 0.5723589078125 0.199724596875 0.5595707296875 0.169531446875 0.5947737484375 0.1576883640625 0.63413355625 0.15887600625 0.670591146875 0.1437083328125 0.7055390765625 0.1368291515625 0.692738353125 0.1365615171875 0.6721886171875 0.12286587499999999 0.674208459375 0.12661283750000002 0.67000149375 0.11400448437499999 0.664284865625 0.1228156984375 0.6521114296875 0.1380586359375 0.6503090453125 0.1503868109375 0.6299516796875 0.15299630625 0.611384153125 0.135913353125 0.5813708281250001 0.12288262812499999 0.5842730453125 0.1160536234375 0.593569353125
0 0.2342585734375 0.3924379046875 0.2207553 0.38186193749999997 0.20796712187500002 0.3942653765625 0.1955887703125 0.3925257125 0.20176540156249997 0.3878712875 0.19090925625 0.3753005671875 0.192163828125 0.3439197734375 0.179108015625 0.3357734765625 0.1738137609375 0.33976298437499997 0.16552526875 0.38751163593750004 0.1626355953125 0.38000516875 0.1456529953125 0.394185903125 0.13255534062500002 0.46492650468749996 0.1336802625 0.47376280781249996 0.1396394359375 0.47065567656249996 0.14446114375000002 0.45318798281249995 0.15187559374999998 0.507088178125 0.16008461093749998 0.521653653125 0.16782107968749999 0.5227409421875 0.1794592484375 0.4904526859375 0.203768490625 0.49150234375 0.21190224375 0.4729222734375 0.22183838125 0.4695851390625 0.2342585734375 0.3924379046875
0 0.2406109625 0 0.24022204062500002 0.00196783125 0.2335979484375 0.0041925875 0.236717625 0.0156760171875 0.2320757421875 0.01502364375 0.21401839687500002 0.0424651046875 0.1825957625 0.1200974328125 0.1586879296875 0.29582401406250003 0.1710537359375 0.29203942031249996 0.18443156875 0.2473728125 0.216272365625 0.25658131093750003 0.2109906546875 0.2660950765625 0.2247113859375 0.27512375 0.2390217703125 0.251889253125 0.24702587343750002 0.2735262796875 0.2558621765625 0.2724013578125 0.24810061874999997 0.260265553125 0.2551596265625 0.254946209375 0.2467456953125 0.2474522859375 0.25131231249999997 0.214959115625 0.2583713203125 0.209639771875 0.253269434375 0.2010334703125 0.2605459 0.1941668328125 0.2470551703125 0.1891151234375 0.2515967 0.1455734375 0.2467373609375 0.1464683578125 0.2436804046875 0.1626062140625 0.2449726078125 0.14779819375 0.2378885125 0.14206902187499998 0.24559989375 0.13210779687500002 0.23985817968749998 0.133667634375 0.2363035875 0.1252787921875 0.22974221562500002 0.155124834375 0.22245320624999998 0.1564672140625 0.2212655640625 0.12000962343749999 0.21316944375000002 0.15516246718749999 0.2177235171875 0.1171450390625 0.23864544843750002 0.0861615296875 0.24000037343749997 0.0989747953125 0.2545909359375 0.10181429374999999 0.2502543203125 0.138284428125 0.25901535937500003 0.1040139609375 0.2638872421875 0.10864329843750001 0.2758055890625 0.1024290359375 0.27936018125 0.11081787812499999 0.28177730625 0.10484616093750002 0.2919434453125 0.105485990625 0.2930307359375 0.097749521875 0.2868415609375 0.0968796890625 0.293683109375 0.093107640625 0.303761440625 0.0550776671875 0.31961911875000004 0.032060629687499995 0.313864859375 0.028096209374999997 0.3142746875 0.0139531078125 0.3279828734375 0.0174575234375 0.33043636875 0 0.2406109625 0
0 0.4066053671875 0 0.402880265625 0.012205109375 0.41400404375 0.045325565625 0.42663748437500004 0.0620907078125 0.4520465609375 0.0609281546875 0.46460473750000003 0.0445477515625 0.4886588890625 0.03057193125 0.49436297187499995 0.0124393203125 0.48992227968749996 0 0.4066053671875 0
0 0.6861604812500001 0.1072424921875 0.6784909421875 0.038316818749999995 0.668504628125 0.019556921875 0.5957818171875 0.0093363984375 0.5683821124999999 0.20429542343749998 0.5769716609375 0.2891289515625 0.573977425 0.3328880953125 0.581099153125 0.35519004062500004 0.5857159453125 0.34479389843749997 0.6133121453125 0.3336826640625 0.6244903093749999 0.2934404796875 0.63846613125 0.31749463125 0.6459851421875 0.3201292140625 0.67378625625 0.301946428125 0.711803684375 0.3065005015625 0.74561835625 0.2118479421875 0.730760159375 0.18845870781250001 0.6858760937499999 0.1766281703125 0.680289115625 0.1490194265625 0.6861604812500001 0.1072424921875
0 0.6295671078125 0.290998265625 0.6211657203125001 0.2890286 0.58784035 0.3072239296875 0.576344375 0.3048193484375 0.5722126734375 0.33421793125 0.5727813640625 0.4873498484375 0.584519884375 0.49925565 0.604417246875 0.5036298984375 0.625146809375 0.485242196875 0.63017343125 0.46070295312500004 0.6223867859375 0.43751863437500005 0.6258661125 0.4127619328125 0.632414940625 0.37739163124999997 0.6513421171875 0.3437609953125 0.6578909453125 0.30839069375 0.6501419312500001 0.301779146875 0.6357813718750001 0.3029166125 0.6295671078125 0.290998265625
0 0.7856374015625 1 0.789343825 0.9785195468750001 0.7801771671875 0.9314734453125 0.7883903937500001 0.8505792484375 0.7989036406250001 0.8094546890625001 0.7900046171875 0.7829583234374999 0.7905566390625001 0.73412238125 0.7845347453125 0.709608225 0.8063558078125 0.5880243843749999 0.8012413781250001 0.5738938265625 0.7762546734375 0.566437534375 0.7252065203125 0.5647856796874999 0.7174825953124999 0.569222646875 0.7145134484375 0.62403030625 0.7046274875 0.6494644703125 0.711084296875 0.6708840375 0.7005208734374999 0.68991156875 0.6775414671875 0.6906266624999999 0.65218256875 0.713886246875 0.642003884375 0.707722159375 0.6026691640624999 0.706927590625 0.5929630296874999 0.7142416890625001 0.5835370734375 0.7476297796875 0.567219390625 0.762692890625 0.5650698984375 0.78921434375 0.5699543265625 0.7993679390625 0.579033175 0.8077442375 0.60269004375 0.8134357765625 0.5862301671875 0.8631917265625001 0.5743369078125 0.8804545046875001 0.5684404546875 0.911182925 0.573809975 0.9403389609374999 0.58754325 0.9548918921875 0.5962248156250001 0.9829355515625 0.5927944125 1 0.7856374015625 1
0 0.789101446875 0.385211784375 0.7817497171875 0.3589328765625 0.783924296875 0.3434599375 0.8147447343750001 0.292566521875 0.8117421640625 0.23534173749999998 0.8201184640625 0.22626288906249997 0.8397983671875 0.23218442968750003 0.8598881 0.22396286875000002 0.8732910203124999 0.190344775 0.8630747046874999 0.167607915625 0.8219626890624999 0.16261892656250002 0.7974359890625 0.1631165625 0.7928066515625 0.16798844531249998 0.7580133765625 0.4155554625 0.7368363546875 0.43151349375 0.73007006875 0.46843108906250003 0.7126901859375 0.5022791828125001 0.73129534375 0.5214614515625 0.7376768890625 0.509735475 0.7487254046875 0.5097103859375001 0.7573818812499999 0.52670553125 0.781486209375 0.534826740625 0.7909748859375 0.5290599359375 0.8081373125000001 0.4967591359375 0.81821564375 0.45872916249999995 0.8039471 0.40307675937500004 0.789101446875 0.385211784375
0 1 0.24512440937500002 0.9973672515625 0.23933966406249998 0.99818690625 0.21105345937500003 0.9780595421875 0.2027022484375 0.9723303718749999 0.20978634375 0.9649786421875 0.18350743593750002 0.939557021875 0.17914573281249999 0.8610924953125 0.1704850453125 0.8538285734375 0.182875940625 0.861130128125 0.1870578171875 0.8585331765625 0.21114960156249998 0.8697489734375001 0.1874801890625 0.8708738953124999 0.1963164921875 0.861857765625 0.21556148125000002 0.8486221265625 0.22553525 0.8112821609375 0.2273878109375 0.8162167640625 0.2596384359375 0.8129799828125 0.2938963578125 0.7819420874999999 0.3463370671875 0.7813148015625 0.36202746406249997 0.8054943937499999 0.40329421875 0.8061844 0.415225109375 0.8117086578125001 0.415212565625 0.8165178203125001 0.392220615625 0.8249317515625 0.3997145390625 0.819637496875 0.4037040453125 0.8258517609375 0.4156223921875 0.810838825 0.421401740625 0.8212725984375 0.44259130625000004 0.83384331875 0.4317351609375 0.8539832281249999 0.44561062968750004 0.8725131218750001 0.43164735312499997 0.8876807937500001 0.396699425 0.9082556187499999 0.4074803046875 0.9205963374999999 0.392647196875 0.935751465625 0.352175009375 0.943475390625 0.3477380421875 0.9662498828125001 0.3540945 0.9761860203125 0.350757365625 0.9878743640625001 0.3405661390625 1 0.318285496875 1 0.24512440937500002
0 0.6299392187499999 0.5521856609375 0.62819955625 0.5645640125 0.637086034375 0.5855361203125 0.6432752109375001 0.5864059515625 0.6597978062500001 0.564271290625 0.67745786875 0.5564971890625 0.728506021875 0.5581490437500001 0.724733971875 0.5513074953125 0.7299780515625 0.5252209578125 0.72442870625 0.5141849859375001 0.71293273125 0.5117804046875001 0.7032140515624999 0.51357024375 0.688673665625 0.5328277765625 0.6299392187499999 0.5521856609375
0 1 0.5027078625 0.9632514375 0.4933133140625 0.9564098890625001 0.49708536406250003 0.95314801875 0.520294771875 0.957187703125 0.5476860578125 0.9443869796875 0.5545652390625 0.9337482921875001 0.5404472250000001 0.9201279140624999 0.5756126109374999 0.924782340625 0.5817892421875 0.9718535296875 0.5836711 0.9913159765625 0.5911399359375 1 0.5330824984375 1 0.5027078625
0 0.4967800140625 0.2983708734375 0.47137093906249994 0.299533428125 0.4855642171875 0.3220402859375 0.48205980156250006 0.335748471875 0.4701414546875 0.34196273593750004 0.465984665625 0.36031280468750004 0.4547437796875 0.3729337015625 0.5071217703124999 0.3763503078125 0.5171080828125 0.3951102046875 0.5287964281249999 0.38491897812500003 0.5260865796875 0.35929244374999997 0.5095012624999999 0.35380581875 0.505269209375 0.33901034218750004 0.5103460078125 0.33656812812500003 0.5043742890625 0.334151003125 0.5043241140625 0.312053971875 0.4967800140625 0.2983708734375
0 0.4905823359375 0.7803236546875 0.5016684828125 0.7968713390625 0.5193285453125001 0.7890972374999999 0.525710090625 0.7773712609375 0.5270148375 0.7680874984375 0.5110818953125 0.7579589906249999 0.5013632171875 0.75974883125 0.4905823359375 0.7803236546875
0 0 0.671079734375 0.00776393125 0.68485548125 0.018377531250000002 0.68792498125 0.028058578125 0.6695623687500001 0.029338237499999996 0.6492300906249999 0.0237888921875 0.63819411875 0.0122929171875 0.6357895375 0.0003996578125 0.653052315625 0 0.6612076625000001 0 0.671079734375
0 0.058218390625000005 0.230423634375 0.07098148125 0.20697168124999998 0.0574405765625 0.1798229421875 0.0402028859375 0.1789781984375 0.0319520265625 0.243299621875 0.0396634078125 0.23333839687500002 0.058218390625000005 0.230423634375
0 0.06376352656249999 0.3369192765625 0.06137148906249999 0.353939509375 0.0671382921875 0.36342818593750004 0.0823937734375 0.367150059375 0.10084840312500001 0.3200412375 0.08467291406250001 0.300411509375 0.0767691625 0.32296854375 0.06376352656249999 0.3369192765625
0 0.422635265625 0.6350787375 0.43441141875 0.6635573124999999 0.451009278125 0.6745681953125 0.4597452296875 0.6292492125 0.458172846875 0.617983240625 0.44777670625 0.613366446875 0.42437492812500005 0.6227003859375 0.422635265625 0.6350787375
0 0.37446845156249997 0.5399494203125 0.373330984375 0.525588859375 0.36469959531249996 0.5196422296875001 0.3530237953125 0.5353577140625 0.3625626484375 0.551687940625 0.3733811609375 0.5476858890625 0.37446845156249997 0.5399494203125
0 0.399668403125 0.6413180890625 0.3956538078125 0.62497531875 0.388134796875 0.622340734375 0.3722520296875 0.6343092578125 0.3782613796875 0.65329915625 0.3908571875 0.653491525 0.399668403125 0.6413180890625
0 0.3868383828125 0.7326084265625 0.39025078125 0.7756901078125 0.3997645453125 0.78097181875 0.407680840625 0.76393904375 0.3868383828125 0.7326084265625
0 0.532585315625 0.0099218421875 0.534170240625 0.0267120734375 0.548735715625 0.01850305625 0.5482757109375 0.010549128125 0.539644321875 0.0046024984375 0.532585315625 0.0099218421875
0 0.5421367125 0.0317763265625 0.5346678765624999 0.051238771875 0.5410870546875 0.05608556875 0.5505506437500001 0.03927025 0.5421367125 0.0317763265625
0 0.0931956171875 0.1611801515625 0.0916734109375 0.1720112078125 0.10873127499999999 0.19097601875 0.11618756718750001 0.1659893140625 0.1020193765625 0.154530971875 0.0931956171875 0.1611801515625
0 0.963769953125 0.6243482 0.9541139937500001 0.653759328125 0.9471971796875 0.6243858328125 0.9366086687499999 0.6323648484375 0.9244226875000001 0.618029375 0.9182460562499999 0.6226838015625 0.8980643078125 0.68769523125 0.8960653437499999 0.780507775 0.9062314828125 0.7811476046875 0.9170876281250001 0.7937183250000001 0.9515379203125001 0.7843592984375001 0.9540177671875 0.8060088671875001 0.9591071078125 0.8090909109375 0.9895888562499999 0.60904254375 0.9772105046874999 0.6073028796875 0.963769953125 0.6243482
0 0.8475639656249999 0.7326671046875 0.8502612703124999 0.75276938125 0.8676787859375 0.735494059375 0.88500849375 0.679548934375 0.88360339375 0.6446386375000001 0.8709824968750001 0.6333977515625 0.8608289015624999 0.6382821796875 0.8475639656249999 0.7326671046875
0 0.5053108828124999 0.843929984375 0.5026386671874999 0.8348762234375 0.48981285625000004 0.830706890625 0.480989096875 0.8373560703124999 0.4814867328125 0.8618827687499999 0.496282209375 0.8576507156250001 0.5053108828124999 0.843929984375
0 0.727811975 0.0578712828125 0.7297314640625 0.027372865625 0.6886194484375 0.0223838765625 0.68402774375 0.0438285328125 0.6937840546875 0.058611465625000005 0.7041801953125 0.0632282578125 0.727811975 0.0578712828125
0 0.9013138015625 0.0751550234375 0.9233731984375 0.058532074999999996 0.88512576875 0.050001039062499995 0.9013138015625 0.0751550234375
0 0.5734921640625 0.8976921953125 0.5761016609375 0.87912466875 0.5519220687499999 0.837857915625 0.5365745703125 0.8909259109375001 0.5447835875 0.9054913843750001 0.560473984375 0.9061186703124999 0.5734921640625 0.8976921953125
0 0.1725759421875 0.2812083640625 0.18435209531250002 0.3096869390625 0.176858171875 0.3181008703125 0.18263751875 0.3331138046875 0.2056671015625 0.354495740625 0.21649815781249998 0.356017946875 0.2330207546875 0.33388328437500003 0.24464637968749997 0.2960707703125 0.23178293593750002 0.2753286640625 0.2333051421875 0.26449760625 0.22464866562500002 0.24750246250000002 0.22047933125000002 0.2603282734375 0.1842141109375 0.24892010625 0.1725759421875 0.2812083640625