0 0.0169295671875 0.74836479375 0.038963928125000005 0.71628085 0.011109406249999999 0.6203339109375 0.052158329687500005 0.71457505 0.09170341875 0.6977129484375 0.10772633437500001 0.7028577796875 0.13868222187499998 0.6975605015624999 0.1614795453125 0.6763874140625 0.14951151406250002 0.6396327296875 0.15222569531250002 0.61124925625 0.11764021875 0.5870403453125 0.143593040625 0.5773939703125001 0.146307221875 0.5490104984374999 0.1399962234375 0.5259570734375 0.12013106874999999 0.5218640765625 0.027225295312499998 0.5260112078125 0.00612843125 0.5267032875 0.001163478125 0.5340988906249999 0.0169295671875 0.74836479375
0 0.7595560203125 0.23593854687500002 0.7395109890625 0.24047286250000002 0.7284202546875 0.2498631375 0.7296900765625 0.2568227625 0.7262457062500001 0.2523646703125 0.7181633656249999 0.2599782625 0.7423776171875 0.25906819375 0.7448410375 0.2494980421875 0.7469447031249999 0.2571825171875 0.7556810109375001 0.2589210875 0.717547509375 0.2623708 0.714871440625 0.3024989734375 0.72215805 0.3059052328125 0.732523934375 0.2973488015625 0.747277028125 0.2955340078125 0.7420178625 0.2763228203125 0.7321588390625 0.2809280203125 0.7386116031250001 0.28360942968749997 0.7324149390625 0.2957901078125 0.7235696375 0.29249284375 0.7311451171875001 0.2888304828125 0.7224796921875 0.2769059046875 0.730055171875 0.2732435453125 0.7242182625 0.268169596875 0.7434675609375 0.2746551328125 0.7430315828125 0.2684203578125 0.7359629640625001 0.2681314859375 0.7474896765625 0.2649759859375 0.7472008046874999 0.27204460625000004 0.75677095625 0.2745080265625 0.7477457765625 0.279838075 0.752639846875 0.2826284796875 0.74912459375 0.28835639375 0.8036788765624999 0.2845415859375 0.8420684796875 0.2959539625 0.8843712015625 0.2961285 0.8877774609375001 0.288841890625 0.8757332078125 0.2285978046875 0.866522809375 0.20887975625 0.85840235625 0.20474864843749999 0.79253935 0.2148363421875 0.7622374296875 0.2294857828125 0.7595560203125 0.23593854687500002
0 1 0.48253961093750003 0.998727528125 0.464342415625 0.9339872375 0.46808634062500004 0.9296381390624999 0.47308940625 0.8993689890625 0.4658081375 0.808855753125 0.47057112500000003 0.7968221796875 0.47767785625 0.7870340390624999 0.472097046875 0.710658040625 0.477437778125 0.7014148734375001 0.47965043749999997 0.6873538578125 0.502562096875 0.658420071875 0.45837903750000003 0.6454055484375 0.451457525 0.617065528125 0.4941634546875 0.6139153703125 0.5163121515625 0.6072827281250001 0.5222580546875 0.5868017203125 0.5205575953125 0.577236909375 0.551769584375 0.5817491359375 0.661096140625 0.6094565515625 0.743739684375 0.6142850796875 0.7903915046875001 0.6104481828125 0.8251187468750001 0.6248796343749999 0.8523032796875001 0.62220890625 0.9261068625 0.6311632031250001 0.9309628218749999 0.6457691921875 0.91584463125 0.6622227453125 0.893548828125 0.6712806953125 0.8662880718749999 0.6935711578125 0.849066215625 0.7127884109375 0.653499296875 0.730473675 0.6264184187499999 0.7616803234375 0.6023078203125001 0.8127193531250001 0.604220928125 0.8089152281249999 0.6170174609375 0.8266820562499999 0.6471013937500001 0.8297339015625 0.6907448203125 0.871720321875 0.7535940937500001 0.8709352703125001 0.8319647625 0.8861571140625 0.8144540359375 0.9021419187499999 0.807854165625 0.9134834125 0.7796505703125 0.9337464328125 0.7782336421875 0.9484614140625001 0.7646741453125 1 0.79727266875 1 0.5827543578125 0.9968251015625 0.5827322640625 0.9920132531249999 0.5745845328125 1 0.5730740015625 1 0.48253961093750003
0 0.33066373125 0.5087085140625 0.3192460125 0.5134227078125 0.3159540890625 0.55594341875 0.30812784843749996 0.5784191 0.3158230046875 0.6436662515625 0.32336571406250003 0.6619346 0.3056095671875 0.6992014859375 0.3311043234375 0.7726018609375 0.310557771875 0.81476281875 0.290550853125 0.8310418359374999 0.216747271875 0.8283711078125 0.18803681562500002 0.8209808453124999 0.16748492343750002 0.8294663921875 0.1819872578125 0.84646491875 0.208594046875 0.84617070625 0.23150570625000003 0.8602317218750001 0.3098436046875 0.8829474796874999 0.3402270890625 0.9254628515625001 0.3608552046875 0.9404667046874999 0.372163928125 0.9341938171875 0.395718871875 0.890256178125 0.4015504390625 0.8616547171875 0.41890872031250004 0.82989775625 0.42452764062500004 0.831854315625 0.4355254015625 0.921931575 0.446583365625 0.9344720078125001 0.45477470000000003 0.928417109375 0.48140892031250004 0.8725167796875001 0.5138145062499999 0.8655518140625 0.5390805921874999 0.868483984375 0.5844953609375 0.8347651218750001 0.5797811671875001 0.8233474046874999 0.5637582515624999 0.8182025749999999 0.5308076921875 0.817374071875 0.4999607984375 0.8242300421875 0.4935789171875 0.8113626265624999 0.5050568359375001 0.7291116078125001 0.46913599531249994 0.7418044874999999 0.44629521875 0.717557465625 0.4493363828125 0.6938500750000001 0.44182644531250004 0.65365101875 0.4509225078125 0.6381349625 0.46321218125 0.6458903203124999 0.4639751421875 0.6568011765625 0.4705369015625 0.6610412796875 0.4671306421875 0.6683278890625 0.47833037031250003 0.6604963078125 0.5023212921875 0.62279344375 0.5038365328125 0.5772643390625001 0.4856664984375 0.5190149234375 0.45680893593749994 0.4983212671875 0.443396546875 0.4969096796875 0.38032394375 0.502103303125 0.346686646875 0.5138533453125 0.33066373125 0.5087085140625
0 0.1958035796875 0.6520588265625 0.2066435546875 0.6614818734375 0.2175544109375 0.6607189109375 0.23099957187500003 0.640199790625 0.2341497296875 0.61805109375 0.2172876296875 0.5785060046875 0.20658407968749998 0.5150355359375001 0.1933515671875 0.5049966343750001 0.17352452499999999 0.5126483390625001 0.1719330609375 0.5346880406250001 0.1958035796875 0.6520588265625
0 0 0.48606349531250004 0.0023570765625 0.5175691125 0.127270571875 0.5119669421874999 0.136513740625 0.50975428125 0.1428193984375 0.4991322953125 0.1176302625 0.29570636562499997 0.1048665 0.26997153125 0.095078359375 0.2643907234375 0.08017888437500001 0.0289189609375 0 0.034525615625 0 0.48606349531250004
0 0.2506100765625 0.181464375 0.23013975000000003 0.24711473437499998 0.1993690796875 0.27746010625 0.1958919375 0.294932721875 0.20271513749999998 0.34771032343749997 0.212541390625 0.36503583281249996 0.2320795609375 0.36445274843750003 0.269325084375 0.247507259375 0.279979840625 0.231882209375 0.3190889515625 0.2087853328125 0.361457215625 0.165098453125 0.388173 0.166362934375 0.414850671875 0.1558827140625 0.4077767125 0.12191843437500001 0.3959938984375 0.11021184375 0.292831234375 0.1244741 0.271265621875 0.1408621125 0.2506100765625 0.181464375
0 0.592301690625 0.22962148125 0.5999915062500001 0.2611932234375 0.6609932125 0.22638441718750002 0.6552271875 0.2111244625 0.659173078125 0.1779559140625 0.6231432421875 0.18909009999999998 0.6061447171875 0.20359243437500002 0.592301690625 0.22962148125
0 0.5926286734375 0.23429756249999997 0.6002094953125 0.2643106109375 0.6133657828125 0.2508601109375 0.6596525078125001 0.22961079999999998 0.657614384375 0.178064909375 0.6247019359375 0.18898110625 0.6019046125 0.21015419375 0.5926286734375 0.23429756249999997
0 0.6236440359375 0.375446621875 0.6471334375 0.3753703984375 0.6726121703125 0.347744546875 0.6758713234375 0.32715454374999997 0.6832288156249999 0.3203747953125 0.6822478656250001 0.3063465515625 0.672857590625 0.2952558171875 0.6657180874999999 0.305152953125 0.654371253125 0.2996811390625 0.6358521453125 0.32603716875 0.6264999828125 0.3266911359375 0.6101119703125 0.3051255234375 0.6020242890625 0.27906370625 0.5934023171875 0.31255923750000003 0.6023619546875 0.35109060468750003 0.6236440359375 0.375446621875
0 0.7133782890625 0.2587465515625 0.7140757078125 0.313518825 0.7649295203124999 0.2903838359375 0.8055645546875001 0.2891086734375 0.8359426984375 0.297948634375 0.8861478843749999 0.2991368921875 0.8751882343749999 0.220804334375 0.8711988906249999 0.20855277343749998 0.8615197453125001 0.20453065937499998 0.7861955796875 0.2137136265625 0.7301588265625 0.2411268296875 0.7133782890625 0.2587465515625
0 0.7309983375 0 0.72813745 0.066624003125 0.7185726390625 0.0978359921875 0.7084521734375 0.05390369375 0.6793438515625 0.05202335625 0.6592225968750001 0.033068270312499995 0.631384096875 0.038147559375 0.5999594609375001 0.0591407703125 0.595212496875 0.0696537609375 0.6040303687499999 0.1285571421875 0.5996485 0.155490915625 0.6628300968749999 0.1518559859375 0.669495509375 0.12397937343750001 0.6683293406249999 0.0849030328125 0.6810877640624999 0.0769624578125 0.6954483328125 0.1143329984375 0.7013995765625001 0.15464104843749998 0.7073454796875 0.16127369062500002 0.73540196875 0.15931178906250001 0.7500788390625 0.1340075921875 0.766745040625 0.08115376875 0.7835639390625 0 0.7309983375 0
0 0.3305280328125 0.33877277499999997 0.35416454062499997 0.351999946875 0.3683726625 0.3423916828125 0.36963714375 0.3156758984375 0.3570151453125 0.2695690515625 0.3452323328125 0.2578624625 0.3389975578125 0.2582984390625 0.3296126234375 0.2808831140625 0.3305280328125 0.33877277499999997
0 0.1881846484375 0.6103010765625 0.1925718578125 0.6170427140625 0.2077228171875 0.60971799375 0.2205193515625 0.61352211875 0.222982771875 0.6039519671875 0.2352015625 0.62189333125 0.28591895 0.6528057656249999 0.3065089546875 0.6560649187500001 0.317163709375 0.6404398687499999 0.311321459375 0.6016905125 0.28710186718749997 0.5689251718749999 0.2753518265625 0.5352878734375001 0.24355675312499997 0.5061848921875 0.18193385 0.509710828125 0.172292815625 0.5174334140625 0.1881846484375 0.6103010765625
0 0.9580543828125 0.453872878125 0.9970217281249999 0.451148015625 0.9921878578125 0.3708207859375 0.9568447609374999 0.369376428125 0.9392578109375 0.3306651828125 0.9321183078124999 0.34056231875 0.9459826984375 0.4492349078125 0.9580543828125 0.453872878125
0 0.7134872828125001 0.2603052453125 0.7117540531250001 0.3027169625 0.7199835 0.30840676562499997 0.7156344015625 0.3134098296875 0.7213623171875 0.316925084375 0.7215421937500001 0.3082977703125 0.7326329281249999 0.2989074953125 0.7723960062499999 0.28516278281249996 0.8796951203125 0.2964554828125 0.8865838625 0.30537166875 0.8770739125 0.22537142187499998 0.8598520562499999 0.20308095937499998 0.78474588125 0.2153813140625 0.7301588265625 0.2411268296875 0.7134872828125001 0.2603052453125
0 0.8292979234375 0.6845100453125 0.8356416937500001 0.6856327609374999 0.8297339015625 0.6907448203125 0.85540319375 0.7218424734375 0.86163796875 0.7214064953125 0.861458090625 0.730033809375 0.8693224421875 0.7193028296875 0.8581935968750001 0.716948403125 0.8569946578125001 0.6998027703125 0.8476424953125001 0.7004567374999999 0.849381065625 0.6917204296875 0.85438413125 0.696069528125 0.8595670734375 0.6917913125 0.8634855343750001 0.7142288812500001 0.8675076484375 0.7045497359375 0.8709520187500001 0.7090078281250001 0.8753011171875 0.7040047625 0.878963478125 0.7115802421875 0.8816448875 0.705127478125 0.8919398890625001 0.7067570546875 0.8938309078125 0.7449995515625 0.8870839296874999 0.7157113515625 0.8770069171875001 0.7171991625 0.8772630187500001 0.7320612515625 0.8722599531249999 0.7277121531249999 0.862509925 0.7338760468750001 0.8706303765625 0.7380071546875 0.8744779546875 0.77063073125 0.8807127296875 0.770194753125 0.8690823640625001 0.8054669671875001 0.871769115625 0.8326896125 0.8845984203124999 0.8145630296874999 0.8985176703125 0.8120233859375 0.9064910171875 0.8028511 0.9146061281250001 0.7733068000000001 0.935485003125 0.769497334375 0.9327273703125 0.752460696875 0.9169224421875001 0.750433253125 0.9267814671875 0.7458280546875 0.8992318375 0.7438387234375 0.908763878125 0.73455744375 0.9162684765625 0.741081090625 0.9041586796875001 0.7246984203125 0.9060062453125 0.71752080625 0.9274682046875 0.733249509375 0.9411313531250001 0.7158477765625 0.9287273453125 0.672858315625 0.9298828312499999 0.6445838390625 0.9186449921875001 0.64067071875 0.91639421875 0.6196828484375 0.8883377296875 0.62164475 0.8862340640624999 0.6139602749999999 0.872821675 0.6125486875 0.86810748125 0.6011309703125 0.8559649140625 0.6066790078125 0.8525205421875001 0.602220915625 0.825188903125 0.603348971875 0.80858824375 0.6123413796875 0.8324480812499999 0.6623613484375 0.8292979234375 0.6845100453125
0 0.760373115625 0.35962033125000004 0.7375376796875 0.36904871875 0.7268829234374999 0.38467376875000003 0.7028264609375 0.46623804843750005 0.70725178125 0.4847243859375 0.7014148734375001 0.47965043749999997 0.6904712453124999 0.5023441078124999 0.68329363125 0.5004965421875001 0.658529065625 0.45993773125 0.6445717046875 0.45073267499999997 0.6157248234375 0.4973898359375 0.613806375 0.5147534578124999 0.607173734375 0.5206993609375 0.5845181765625 0.521500434375 0.5771279140625001 0.5502108906250001 0.578119546875 0.631589953125 0.6139908671875001 0.763784715625 0.6101212 0.820442665625 0.6248796343749999 0.8523032796875001 0.6210099671875 0.9089612296875 0.62220890625 0.9261068625 0.627936821875 0.9296221156250001 0.6550832421874999 0.9034459640625 0.6712806953125 0.8662880718749999 0.6884972109375 0.8549031250000001 0.697593271875 0.8393870703124999 0.7102159968749999 0.6615107546875 0.7244568890624999 0.629971784375 0.7585629359375 0.602525809375 0.8056507328125001 0.60393205625 0.8456317999999999 0.5933047296875 0.8710068796874999 0.59779559375 0.8768056765625 0.591124840625 0.9170809562500001 0.6071043031250001 0.9254902812499999 0.6041667937499999 0.9225146593750001 0.58401276875 0.9293599484374999 0.54750884375 0.9146015140625 0.515648228125 0.9134025749999999 0.498502596875 0.921446803125 0.479144303125 0.9043720546875 0.4701572359375 0.8233199750000001 0.47582494999999997 0.819766609375 0.4698081625 0.81552650625 0.47636992187500005 0.8116461562499999 0.46567705468750004 0.7889905984375 0.4664781265625 0.790947159375 0.46085920781249995 0.8063161078125001 0.45665187500000004 0.8114281671875 0.46255966718749997 0.8581889828125 0.45928983125 0.8971509875000001 0.42288956093749996 0.89257321875 0.3574244203125 0.83660200625 0.34097620625 0.81405544375 0.3433359734375 0.8012261374999999 0.36146255625 0.760373115625 0.35962033125000004
0 0.25039208749999997 0.1783469875 0.22691336718750002 0.245774028125 0.20991484218749998 0.2602763625 0.19472576875 0.2558563828125 0.191346940625 0.2075368734375 0.20287365156249998 0.2043813734375 0.20327151875 0.1988714484375 0.1980885765625 0.20314966406249998 0.2014948359375 0.1958630546875 0.1886983015625 0.1920589296875 0.2023995625 0.1864018984375 0.1877173515625 0.1780306859375 0.1919574546875 0.17146892656249998 0.1819132125 0.1510260296875 0.1629908984375 0.14921657500000002 0.1504885765625 0.1720192390625 0.1346836484375 0.169991796875 0.1262362125 0.16118460625 0.11130324218750001 0.17162671406250002 0.0977818578125 0.1686564328125 0.09209205468750001 0.1768858796875 0.0966698234375 0.24235102031250003 0.123320065625 0.28747691875000003 0.1265899 0.3342377328125 0.152089996875 0.4413135171875 0.184593896875 0.368556428125 0.23385624374999997 0.3674611421875 0.27284033750000003 0.24177934375 0.302379296875 0.216219046875 0.33746629375000003 0.2028013171875 0.334746771875 0.19750938125 0.3399297140625 0.193231165625 0.349390871875 0.1941358921875 0.349243765625 0.180832496875 0.367691990625 0.164662475 0.3867233 0.168030621875 0.41350996718750005 0.159109096875 0.4077767125 0.12191843437500001 0.39443520468750004 0.11032083906250001 0.298957015625 0.12247942812499998 0.274780875 0.135134196875 0.25039208749999997 0.1783469875
0 0.24755216406249997 0.32812870156249996 0.242478215625 0.33396560937499997 0.22783945781249998 0.3710145078125 0.2511596640625 0.44691641562499995 0.2846879671875 0.4336076796875 0.2904486515625 0.415192225 0.28115135 0.3046339578125 0.27328165625 0.281689528125 0.267373865625 0.2868015875 0.260855559375 0.3279815953125 0.24755216406249997 0.32812870156249996
0 0.339711 0.414096940625 0.3965488265625 0.40933929375 0.38037880468749996 0.39089106875 0.35750525781250003 0.38857475468749997 0.3320592953125 0.39426989843750004 0.3290890140625 0.40779128125 0.339711 0.414096940625
0 0.3728467765625 0.4399735390625 0.3587857609375 0.462885196875 0.3931860203125 0.4620460125 0.4144627609375 0.45272662031250005 0.43226236093750003 0.46087984375 0.46115269375 0.45964279374999994 0.4701999625 0.36503121875 0.45265112343749997 0.338064675 0.41880651875 0.414048146875 0.40637507968750003 0.426664803125 0.3728467765625 0.4399735390625
0 0.5464395359374999 0.4137379109375 0.5619883625 0.40090326562499995 0.5628930890625 0.3914421078125 0.5421178671875 0.363134859375 0.52598595625 0.3564313359375 0.5198601765624999 0.3584260078125 0.5202633828125001 0.386591490625 0.5464395359374999 0.4137379109375