0 0.2897808625 0.230577821875 0.2784369265625 0.2801928109375 0.2961213859375 0.44647175156249996 0.3010634109375 0.4491763171875 0.3100322953125 0.5158357859375 0.31680323593750004 0.5215172796875 0.3375041359375 0.6326359171875 0.3611629125 0.7058525296875 0.390017025 0.748813709375 0.40271253749999997 0.7594665093749999 0.42745194218749993 0.7643601999999999 0.4308666953125 0.7585718078125 0.443319128125 0.7574823609375 0.46192016249999995 0.737033359375 0.5711513203125 0.730613809375 0.62508599375 0.7196212625 0.637703890625 0.71145923125 0.5820644890625 0.0575702796875 0.5734939156250001 0.0402827203125 0.472590253125 0.052247584375 0.42455086875000003 0.076840575 0.32642938906249996 0.102678246875 0.30015248125 0.1339938453125 0.2942762421875 0.1564665078125 0.2897808625 0.230577821875
0 0.5128666374999999 1 0.56685809375 0.9952763593749999 0.542809825 0.9534631921875001 0.54469730625 0.9391818421875 0.549065325 0.9442893296875001 0.5506511609375 0.9355240109375 0.539950028125 0.9207755531249999 0.5393276890625 0.8957345046875 0.54104970625 0.888525740625 0.547246640625 0.8966101546875 0.54703284375 0.8762387703125001 0.5788843453125 0.8279665375 0.585636234375 0.7975749234375 0.5790409890625 0.740118596875 0.4682825609375 0.7380451906250001 0.4417332921875 0.76624768125 0.4380168953125 0.777552103125 0.441693778125 0.8195790671875001 0.468057121875 0.8878536562500001 0.459476315625 0.91526834375 0.44205257500000006 0.9222823625000001 0.43038794375 0.9413402734374999 0.42532879062499995 0.9731522625 0.43015676562499994 1 0.5128666374999999 1
0 0.6260482546875 0 0.6537421875 0.1955983953125 0.66553135625 0.3482768890625 0.67163903125 0.5077263234375 0.6704705578125 0.6019366625 0.662434475 0.635577565625 0.6646909859375 0.679297265625 0.6612762328125 0.68508565625 0.6569082140625 0.6799781687500001 0.650906025 0.65619203125 0.652569478125 0.66624154375 0.6389690328125 0.6721368328125 0.6523733203125001 0.8074208687500001 0.6573929609375 0.8289402671874999 0.663619178125 0.8283955437499999 0.6807705562499999 0.818268415625 0.6883102484375 0.8058452640624999 0.7083711703125 0.7303721421875 0.70749693125 0.612813490625 0.713685046875 0.54012255 0.6824029656249999 0.12878369375 0.663725753125 0 0.6260482546875 0
0 0.68800684375 0.10319792187500001 0.694524471875 0.141839415625 0.7106347375000001 0.146703825 0.723661178125 0.14321145625 0.7283601234375 0.134173775 0.727193059375 0.10290650937500001 0.7095555234375001 0.08954914375 0.6942623421875 0.0940240609375 0.68800684375 0.10319792187500001
0 0.68211513125 0 0.684447090625 0.0266544046875 0.696432415625 0.038153571875 0.7080384828125 0.0363539390625 0.72098730625 0.014046739062499999 0.7175262250000001 0 0.68211513125 0
0 0.70956293125 0.295802103125 0.715623684375 0.3023299640625 0.730342859375 0.30025796875 0.7404216531250001 0.2899653765625 0.7361414828124999 0.2589704734375 0.7317734640625 0.2538629859375 0.7098455234375 0.2542129640625 0.7047380359375001 0.25858098281249997 0.70956293125 0.295802103125
0 0.7415389703125 0.419266275 0.73257890625 0.43338216249999995 0.7320532328125 0.46322905312499996 0.739806721875 0.47117728750000004 0.7563548124999999 0.47208222031249997 0.7572114109375 0.42809015937500006 0.7415389703125 0.419266275
0 0.7801878734375001 0.6190016046875 0.7845075578125 0.596665121875 0.7776590015625 0.572168796875 0.7703140546875 0.5688902265625 0.75357121875 0.5836870171874999 0.7544659203124999 0.6118411734375 0.76391214375 0.6212097812499999 0.7801878734375001 0.6190016046875
0 0.2539303703125 0.331743615625 0.246585425 0.32846504374999996 0.251041290625 0.307685115625 0.246537090625 0.3010210734375 0.1187049 0.32788962499999996 0.0943447546875 0.33629473593750003 0.0828455875 0.3482800625 0.066599140625 0.3418591 0.0392327875 0.36072226406249996 0.04318203125 0.4058623375 0.0500598703125 0.42172952343750003 0.1171278828125 0.4174303015625 0.1436669203125 0.4339300578125 0.17222961875 0.4377050203125 0.188310603125 0.4511985671875 0.20677545625 0.42919301093750006 0.201152528125 0.4187056734375 0.1917063046875 0.40933706562500005 0.178981509375 0.40731340468750005 0.174915134375 0.3966898875 0.1570828515625 0.39903424374999996 0.19474179687499998 0.3902498734375 0.21246718125 0.3777198234375 0.2304063625 0.385561159375 0.24569954374999997 0.3810862421875 0.261761475 0.35850668125 0.2677738953125 0.33759057187499997 0.2594756828125 0.3234161203125 0.2539303703125 0.331743615625
0 0.2226426421875 0.42231517187499995 0.2153269796875 0.4104074625 0.19831178124999999 0.42209114375 0.2115520171875 0.43897016093749996 0.22949119843750002 0.446811496875 0.2418074515625 0.444165496875 0.2773841703125 0.4653641984375 0.2830656640625 0.4585932578125 0.277063475 0.4348071203125 0.242877846875 0.420544821875 0.2226426421875 0.42231517187499995
0 0.0335131921875 0.2953469875 0.0371124578125 0.3185591203125 0.0518799671875 0.3439310953125 0.047618846874999995 0.34900929999999997 0.083555775 0.3474336953125 0.088828725 0.3359930921875 0.061005495312500005 0.322742625 0.0527951296875 0.2826807578125 0.0409752671875 0.2641090046875 0.0335131921875 0.2953469875