0 0.2714990046875 0.2458982671875 0.26364366875 0.296183709375 0.2928840828125 0.46082399687500003 0.29800272968749997 0.4631772359375 0.3115996953125 0.5290486890625 0.3187504625 0.534244025 0.34715218124999997 0.6436479609375 0.375860659375 0.7150358703124999 0.40764130468750004 0.7558796359375 0.42104899375000004 0.7656208921875 0.4460695015625 0.768776928125 0.4490721578125 0.7627644359375 0.46141826249999995 0.7608090046875 0.4785475359375 0.7391122734375 0.5870648046875 0.7250887796875001 0.6401012953125 0.71036071875 0.6521191015625 0.7013383890625 0.551002246875 0.0529234875 0.54124663125 0.0362758921875 0.4414233921875 0.05525029375 0.39521655 0.0831344359375 0.299136434375 0.11575377656250001 0.2751080015625 0.148826075 0.270813690625 0.171653903125 0.2714990046875 0.2458982671875
0 0.5343567484375 1 0.6012439640625 0.98940610625 0.5743375359375 0.949372315625 0.575224203125 0.9349940906249999 0.5799378609375 0.9397844390625 0.5809083968750001 0.9309298500000001 0.5692045296875 0.9169637921874999 0.56683693125 0.8920271546875 0.568051896875 0.8847158281249999 0.5747976765625 0.8923482734375 0.5731633640625 0.8720414249999999 0.6015699765625 0.821664934375 0.6061854062500001 0.7908763640625 0.5955982765625001 0.7340200593749999 0.484965015625 0.739677821875 0.46044772656250005 0.7696635953125 0.4575289390625 0.7811997234375 0.46412851875000005 0.822867825 0.49519023593749995 0.8891370859375 0.48854268437500004 0.9170835593750001 0.4716506609375 0.9252959125 0.4613438578125 0.9451210828125 0.45851611875 0.9772084874999999 0.4642809 1 0.5343567484375 1
0 0.5924811375 0 0.632133696875 0.1856153890625 0.6545444609375 0.3370995953125 0.6717598890625001 0.49573456875 0.6771660421875 0.5897969234375 0.67149620625 0.6239164500000001 0.6767969515625001 0.66737224375 0.6737942953125 0.6733847359375 0.6690806359375 0.6685943875 0.66143383125 0.6452848828125 0.66379425 0.655193878125 0.6506381703125 0.6620235265625001 0.6734467421875 0.7960429812500001 0.6799552734375001 0.81715980625 0.686128325 0.816182090625 0.702531490625 0.8048832125000001 0.709186221875 0.79196438125 0.7239335375 0.7152757281250001 0.7148609515625 0.598064428125 0.715963328125 0.525118896875 0.6560639 0.11696417031249999 0.63066433125 0 0.5924811375 0
0 0.6598693546875001 0.0910498171875 0.6690666015625 0.1291425359375 0.6854769468749999 0.1328713 0.6982280390625 0.128478759375 0.7022851015625 0.1191353125 0.6989397875 0.088025621875 0.6804134515625 0.07593112656249999 0.6654696796875 0.08146194062499999 0.6598693546875001 0.0910498171875
0 0.6486124328125 0 0.650978865625 0.014941071875 0.6637371390625 0.0255761734375 0.675189396875 0.022971326562499998 0.6864599375 0 0.6486124328125 0
0 0.6948083203125 0.281681146875 0.701309671875 0.2877703296875 0.71584845625 0.284676625 0.7251847234375 0.27370604374999996 0.718752884375 0.24308521249999998 0.7140392249999999 0.2382948640625 0.6921891140625 0.2401736046875 0.687398765625 0.24488726249999998 0.6948083203125 0.281681146875
0 0.7353188937499999 0.40261403125 0.7273653296875 0.41732055468749996 0.7289229515625 0.44713141093750003 0.73721199375 0.4545194265625 0.7537829 0.45426781875 0.75156868125 0.4103231671875 0.7353188937499999 0.40261403125
0 0.78780648125 0.5991668046874999 0.7905575296875 0.5765834078125 0.7820168796875 0.552624484375 0.7744611234375001 0.5498662578125 0.75879124375 0.565794925 0.7616476999999999 0.5938180890625 0.771724434375 0.6025049390625 0.78780648125 0.5991668046874999
0 0.2427928109375 0.349318428125 0.23523705625 0.3465602015625 0.23823253281249998 0.325520065625 0.23327444531250002 0.3191864546875 0.107627903125 0.3549066796875 0.083913409375 0.36499059375 0.07327830625000001 0.377748865625 0.0566235328125 0.3724768390625 0.030639668749999998 0.39320303437500004 0.03772810625 0.4379576625 0.0456960296875 0.4533064234375 0.11230076874999999 0.4443392453125 0.1399261234375 0.458947540625 0.16868257343749998 0.4607208734375 0.185665646875 0.47305979843749996 0.20255049062500002 0.44981980312500003 0.1962097 0.4397502484375 0.18613296562499998 0.4310633984375 0.17329800312500002 0.429932303125 0.168500475 0.41961831875 0.150875165625 0.4232008828125 0.1878296078125 0.4118109546875 0.2046377625 0.3980749671875 0.2230802296875 0.40464582812499994 0.2380240015625 0.3991150140625 0.25247173749999996 0.37547003125 0.2570104765625 0.3541854671875 0.2477437203125 0.34062439843750003 0.2427928109375 0.349318428125
0 0.2178992515625 0.44185187968750006 0.20977076874999998 0.430483490625 0.19361203124999998 0.44332563281250004 0.2079974359375 0.459239940625 0.2264399015625 0.46581080156250004 0.238541578125 0.4623121078125 0.2755103796875 0.4809774640625 0.2807057171875 0.47382669687499995 0.2730589125 0.4505171921875 0.23796167031249998 0.4386743046875 0.2178992515625 0.44185187968750006
0 0.0203736578125 0.32838598750000003 0.025583353125000003 0.351290503125 0.0420847484375 0.37557054375 0.0381882453125 0.3809336203125 0.07392772343750001 0.37685501875 0.078389775 0.36507446250000003 0.0497100140625 0.3537971234375 0.038725075 0.3144055703125 0.0256385046875 0.2967035703125 0.0203736578125 0.32838598750000003