0 0.3703188140625 0.462763921875 0.3901346484375 0.53671761875 0.407397284375 0.537753775 0.4107515109375 0.5231052515625 0.385678415625 0.4295311875 0.3652492375 0.43176992968750005 0.3717990390625 0.4381030109375 0.3703188140625 0.462763921875
0 0.36900502031250004 0.542379284375 0.3626719390625 0.5489290859375 0.362888659375 0.5618119687500001 0.38450979531249996 0.6304290781249999 0.40247288281250004 0.6280423109375 0.399248271875 0.5828042 0.38832934375 0.5420542046875 0.38163152031249997 0.5381872140625 0.36900502031250004 0.542379284375
0 0.280016803125 0.6147521765625 0.3021613328125 0.6581559484375 0.3055155578125 0.643507425 0.266663665625 0.4743620453125 0.2585755703125 0.4441768625 0.24668918281250002 0.43603847812499996 0.244508509375 0.4641223109375 0.280016803125 0.6147521765625
0 0.20508578281249998 0.2385132203125 0.199207396875 0.20450071093750002 0.170573984375 0.07952825 0.16608586875 0.07183393125000001 0.1247834453125 0.08370969218749999 0.1300407078125 0.1033300609375 0.1364821484375 0.1032217 0.15281698906250002 0.1279619359375 0.1835517515625 0.242665628125 0.1993051296875 0.24410618906249998 0.20508578281249998 0.2385132203125
0 0.333105796875 0.233327503125 0.338698765625 0.2391081578125 0.3541957625 0.23657336875 0.3572539421875 0.2268570265625 0.32511828125000003 0.11899918125 0.3080036671875 0.1154969328125 0.3031798453125 0.1216423296875 0.333105796875 0.233327503125
0 0.3599126515625 0.4299646265625 0.37294355625 0.42728181562499995 0.36901849531250003 0.385466628125 0.35011983125 0.320972890625 0.337503959375 0.2920009234375 0.32502548125 0.293726903125 0.351232465625 0.4096438078125 0.3599126515625 0.4299646265625
0 0.48347643281249997 0.317592478125 0.4935971796875 0.32215991875 0.49875670781250003 0.3021748078125 0.487433375 0.25991555312500003 0.4417937078125 0.137882284375 0.43152493906249995 0.1357809359375 0.4599706671875 0.2721270203125 0.48347643281249997 0.317592478125
0 0.813975140625 0.20477133125 0.781435075 0.095404225 0.77116630625 0.0933028765625 0.7689856328125 0.1213867109375 0.7882887015625 0.18738970625 0.8037750703125001 0.2180189546875 0.813975140625 0.20477133125
0 0.9003357703124999 0.2916291640625 0.8971295671874999 0.30381159687500003 0.9051383375000001 0.35181184375 0.9136308375000001 0.383506284375 0.9230511343750001 0.39149664687499997 0.9276185734375 0.3813759015625 0.9190970390625001 0.3254249546875 0.911817753125 0.29825829062500003 0.9003357703124999 0.2916291640625
0 0.8679380312499999 0.42729320625 0.8497794796875 0.35046901406250003 0.8333362796875001 0.3192873375 0.8278120078125 0.32885565781250004 0.8429917031249999 0.3975811265625 0.8543943625000001 0.4220253171875 0.8679380312499999 0.42729320625
0 0.32709418437500004 0.844780684375 0.3349655609375 0.862082984375 0.3431726421875 0.8655455703125 0.345718059375 0.847878528125 0.3328854671875 0.806023678125 0.324934765625 0.8065364421875 0.3210281140625 0.8221417984375 0.32709418437500004 0.844780684375