0 0.211767440625 0 0.20284080312500002 0.3346324203125 0.2082678171875 0.33707125625 0.24814640156249998 0.3354232328125 0.2540012375 0 0.211767440625 0
0 0.79108876875 0.20737938125 0.799153409375 0.28253157500000003 0.8039105484375 0.45764126875000005 0.8092284843750001 0.46632915312499995 0.8608104000000001 0.46566678125000005 0.8648660375 0.45714251250000004 0.8679395703124999 0.1915307 0.8586592625 0.0069656250000000005 0.7907144984375 0.0049982765625 0.788112046875 0.019798860937500003 0.79108876875 0.20737938125
0 0.8710332765625 0.4619383765625 0.8795302749999999 0.467556275 0.9241229171875001 0.4644277984375 0.917959225 0.1908410578125 0.9227120046874999 0.008083670312500001 0.8695950953124999 0.007156510937500001 0.8692994921875 0.382208475 0.8710332765625 0.4619383765625
0 0.9342829421875001 0.06141873437499999 0.9297562234375001 0.3207542296875 0.9389235015624999 0.46703025 0.9498593359375 0.4672211359375 0.9555590421875 0.4540373515625 0.9633308171875001 0.008792675 0.93131808125 0.0074525203125 0.928851975 0.014441796875 0.9342829421875001 0.06141873437499999
0 1 0.0094327375 0.9648930796874999 0.00881994375 0.957884846875 0.410321284375 0.9601327984375001 0.4158301046875 0.9757281484375 0.4176650609375 1 0.41418371406250004 1 0.28217816562500003 0.999972253125 0.28213003593749997 0.9959711546875001 0.2875297796875 0.99549966875 0.2250120296875 0.9879883218750001 0.2076908 0.9912219234374999 0.20149629062500002 0.9865351375 0.20141448281250002 0.9913310015624999 0.19524724375 0.9835742296875001 0.191986371875 0.97997821875 0.1294140828125 0.9844662124999999 0.0513555203125 0.9933722515625 0.0335394890625 0.9985265703125 0.0516009453125 1 0.02457910625 1 0.0094327375
0 0.5841888515625 0.5561653515625 0.620093609375 0.5583548109375001 0.6304255624999999 0.5483773578125 0.6428920312499999 0.19229069375000002 0.641504840625 0.00317518125 0.5868256703125 0.0022207531249999997 0.57793585 0.5115181718749999 0.5841888515625 0.5561653515625
0 0.39152000625 0.35824142187499997 0.38940445 0.3003831890625 0.3832644796875 0.2940250625 0.375768946875 0.45485624375 0.38275822187499997 0.4573223484375 0.39152000625 0.35824142187499997
0 0.32112788124999997 0 0.3187517046875 0.050674596875 0.32249196874999997 0.1945117796875 0.3367238515625 0.27445983749999997 0.3446327828125 0.44806180781249993 0.3468261953125 0.456695153125 0.35307524218749997 0.45680423125 0.3547698984375 0.40448208750000003 0.3671589171875 0.41094929062499996 0.36907568125 0.390667153125 0.3634810984375 0.3530637875 0.36830423125 0.34533428593750004 0.35588794375 0.34042934375 0.352891859375 0.243487290625 0.3581433953125 0.1216853921875 0.3722582921875 0.11880629218750001 0.37622816718749996 0.0704307078125 0.3753476390625 0.0313468875 0.361423628125 0.023290153124999997 0.36942582343749997 0.012490665625 0.35854452812500004 0.00917525625 0.35739679375 0 0.32112788124999997 0
0 0.258182346875 0.387168765625 0.25116975625000004 0.430803025 0.252876271875 0.5120951890625001 0.26230833593749997 0.5536723828125 0.2835488546875 0.545448078125 0.29174193593750003 0.5237127578125 0.2859485609375 0.4079690203125 0.27967224375 0.4094222046875 0.2722427046875 0.38741418906249997 0.283260346875 0.3829182890625 0.27555811406249997 0.37653289375 0.2576057359375 0.375438165625 0.2536046375 0.380837909375 0.258182346875 0.387168765625
0 0.26448630781250004 0 0.26146612812500003 0.019982651562500002 0.2526150328125 0.3480031375 0.2594406921875 0.35984281406249996 0.3016217671875 0.3605790875 0.307060234375 0.183303253125 0.3060433609375 0.15203074218749998 0.2999851984375 0.14098583125 0.3001409078125 0.042536054687500005 0.297316346875 0.025296632812499997 0.282457346875 0 0.26448630781250004 0
0 0.2086923359375 0 0.20385372343750002 0.321366828125 0.21720112500000002 0.3176929625 0.2209801140625 0.2802532125 0.2336145578125 0.27266005781249997 0.23591309218749998 0.230506253125 0.240599878125 0.2305880609375 0.2327806609375 0.141375509375 0.2375140796875 0.0492565890625 0.226827959375 0 0.2086923359375 0
0 0.0136551484375 0 0.018813210937499998 0.223591284375 0.025747946875 0.2291819140625 0.042274409375 0.22243806249999998 0.051285573437499996 0.15383488125 0.0610681859375 0.1305645671875 0.0648316328125 0 0.0136551484375 0
0 0.7004115765625001 0.388636953125 0.711924021875 0.4005584390625 0.7167198859374999 0.39439119843750003 0.720502828125 0.4014895515625 0.7236313062499999 0.44608219218749995 0.74337555625 0.25499142343750003 0.7493009203125001 0.00505676875 0.6868104390624999 0.00396599375 0.6839902375 0.344593653125 0.7004115765625001 0.388636953125
0 0.686242140625 0.39464057656249996 0.687765678125 0.5759447796875 0.6970301734375 0.58235744375 0.702488409375 0.6277721203125 0.71992266875 0.658549828125 0.728657184375 0.5610311640625001 0.7257077328125 0.37188838125 0.71841849375 0.3866071578125 0.6886809765625 0.38921356406249996 0.686242140625 0.39464057656249996
0 0.8259761125 1 0.8325150171875 0.9675931546875001 0.8222336484375001 0.9299079796875 0.81205345 0.796897553125 0.8011994250000001 0.79201988125 0.8076393578125 0.7811931234375 0.8014448484375001 0.777959521875 0.7913780874999999 0.9965671281249999 0.7922502515625001 1 0.8259761125 1
0 0.8837814078124999 1 0.885141078125 0.9966410296875001 0.874251875 0.9042494156249999 0.8723738359375 0.74325461875 0.8630002640625 0.7430910015625 0.8594666984374999 0.7664703937499999 0.8531072906249999 1 0.8837814078124999 1
0 0.800365528125 0.6607353328125 0.8044563421875001 0.7397250078125001 0.8302393921875 0.650317615625 0.8319846328124999 0.5503328468750001 0.8416854390624999 0.53174931875 0.8442839375 0.47241063125 0.8349649031249999 0.46912249062500005 0.8123257390624999 0.467945953125 0.808324640625 0.47334569687499994 0.800365528125 0.6607353328125
0 0.4500010875 0 0.44748438593750006 0.016978659375 0.44608219218749995 0.27636869375 0.43825152031250003 0.3668708140625 0.43241587187499997 0.7011948875 0.45086700625000004 0.7632451046875001 0.4626794140625 0.7579817078125 0.46780251093749997 0.7330673234375 0.4811846828125 0.503578421875 0.500383140625 0.030403915625 0.4961326640625 0.0053259140625 0.49207702812500004 0.0138501828125 0.48684089999999997 0.0004755125 0.47456836718749995 0 0.4500010875 0