0 0.7507826140625 0 0.751709665625 0.07572179531249999 0.7683417953125 0.1424296265625 0.7834782140625001 0.177303703125 0.7997812453125 0.1651872328125 0.8071910171875001 0.13354859375 0.8666352875 0.216957834375 0.8738458703124999 0.2006670296875 0.8871004250000001 0.21507597031249998 0.8939248546874999 0.21015378125 0.8994405375 0.1773770578125 0.9072160874999999 0.16658155937500002 0.9263398765625 0.188383971875 0.9376758890625 0.240308934375 0.9505483671875 0.2596441390625 0.9547186249999999 0.2569940421875 0.8906428140625 0 0.7507826140625 0
0 0.5464789421875 0 0.5800097484375 0.12336239375 0.59855226875 0.165438903125 0.6193220562499999 0.2810354484375 0.6798025296875 0.52360938125 0.6899841578125 0.6031978390625 0.7738967406249999 0.9462115203125 0.8739584875 0.921263325 0.8440718015625001 0.8401465531250001 0.8176197453125 0.72113575625 0.7824328671874999 0.63167846875 0.766186890625 0.553602021875 0.7544565734375 0.5259303765625 0.7329633828125 0.355762846875 0.66264260625 0.0930977046875 0.645616171875 0.0506431921875 0.6156968843749999 0.02106523125 0.60846853125 0 0.5464789421875 0
0 0.9411176749999999 0.790184959375 0.9069308218750001 0.617546146875 0.9128041296875 0.6184972671875 0.91847825 0.6347962218750001 0.9214941234375 0.659809621875 0.9428900046875001 0.6842662046875 0.945743365625 0.6666462765625 0.9226811109374999 0.580607315625 0.8967288171875 0.5701694453124999 0.8580665578125 0.583029696875 0.8393289234375001 0.54985866875 0.8302364765625001 0.5456843359375 0.8064182140625 0.45661320156249996 0.7922206890625 0.43519286875 0.7844492140625 0.43954601562500006 0.7836850578125001 0.44939854375 0.7953664734375 0.5543784046875 0.7919399953124999 0.5793877281250001 0.8754745749999999 0.920885321875 0.9294846671875 0.9082242609375 0.9410687734375 0.8674931734375001 0.9411176749999999 0.790184959375
0 0.4463880203125 0 0.4606943015625 0.032336040625 0.46445802968749994 0.0732663171875 0.47845229062500005 0.1164768359375 0.48602457499999996 0.12747152343749998 0.5004212890625 0.133544021875 0.516663190625 0.2180628203125 0.542009765625 0.2874288984375 0.5586744984375 0.30259791875 0.5658769296874999 0.2991918171875 0.56588915625 0.27986476250000003 0.5409491109375 0.1669183140625 0.5449364796875 0.153846646875 0.55915438125 0.143055225 0.560300615625 0.1282764328125 0.5317541015625 0 0.4463880203125 0
0 0.3623315296875 0.067327803125 0.3426223984375 0.0722418421875 0.338639103125 0.07887115781250001 0.4520481421875 0.5208125765625 0.47858170468749994 0.5109763484375 0.3682048390625 0.0682789234375 0.3623315296875 0.067327803125
0 0.549073640625 0.5030627390625 0.5265559750000001 0.454730840625 0.5323885328125 0.5201054734375 0.5516666828125001 0.5974259140625 0.5713472890625 0.6376083343750001 0.577797790625 0.6247277078125 0.5740259109375 0.5966821343750001 0.549073640625 0.5030627390625
0 0.2597414484375 0.1951625796875 0.303260690625 0.292204378125 0.30743095 0.2895542828125 0.3047971546875 0.25961461875 0.256038846875 0.0575970359375 0.2509296953125 0.0467933875 0.2236401265625 0.053597440625000006 0.2597414484375 0.1951625796875
0 0.28068239375 0.0401803734375 0.26002621718749996 0.04452536875 0.29233120625 0.19669904375 0.3097437953125 0.22778494062500002 0.3301641046875 0.296768940625 0.344926596875 0.3236845796875 0.35023493906250003 0.31914039375000003 0.347219065625 0.2941269953125 0.28068239375 0.0401803734375
0 0 0.36047561875 0.012911678125000001 0.39358252656250003 0.0185980234375 0.390554428125 0.0118021203125 0.3503801578125 0.0182648484375 0.3181724765625 0.0309585109375 0.320643759375 0.0324827484375 0.30738105312499997 0.045733228125 0.3282323453125 0.054264784375 0.3204690203125 0.021801357812499998 0.11921966875000001 0.0312718078125 0.12491008906250001 0.0348648734375 0.136091740625 0.0312758828125 0.11846773749999999 0.0485218828125 0.1133626609375 0.044741853124999995 0.098201790625 0 0.10959629687500001 0 0.36047561875
0 0.07657968125 0.090263728125 0.0547854203125 0.0965028140625 0.1220943984375 0.32771220625 0.127402740625 0.32316802031249997 0.110408909375 0.229174696875 0.07657968125 0.090263728125
0 0.257090359375 0.791647075 0.20415771875000002 0.5987219390625 0.1822172453125 0.53655829375 0.17407184375 0.532953003125 0.2426651171875 0.8306710359375 0.2770878390625 0.9299808515624999 0.28391226875000003 0.9250586625 0.28354241562500004 0.9106578734375 0.257090359375 0.791647075
0 0.34426593906249997 1 0.330122359375 0.9618472062500001 0.3138723078125 0.8902131109375 0.3034629625 0.8710689468749999 0.297207575 0.8750440906250001 0.297573353125 0.89588723125 0.319131746875 0.9629771406250001 0.3251522546875 1 0.34426593906249997 1
0 0.0857409109375 0.2852454671875 0.06421511875 0.166616746875 0.049095 0.1059732640625 0.0428436875 0.1035060578125 0.025028645312499997 0.10955817968749999 0.02331744375 0.11884166562500001 0.11972042499999999 0.486116815625 0.1801845984375 0.7544601515625 0.2009951375 0.805633184375 0.20479961875 0.7821399484375 0.1998978046875 0.7431037625 0.0857409109375 0.2852454671875
0 0.1195900171875 0.69227205625 0.08555345 0.581593625 0.06719789375 0.5434963328125 0.0722825953125 0.5929540890625 0.103652765625 0.7252316671875 0.11915903750000001 0.774506534375 0.134681609375 0.798011996875 0.1392298703125 0.7968779890625 0.139998103125 0.780583109375 0.1195900171875 0.69227205625
0 0.1419818484375 0.639989465625 0.0523788453125 0.30644623437499996 0.0374090125 0.30776313125 0.0886304515625 0.5099717546875 0.09843815312500001 0.581601775 0.12413827968749999 0.691138046875 0.149102775 0.7654303890625 0.1638652671875 0.792346028125 0.16879560625 0.7862857546875001 0.1657838078125 0.7548300046875001 0.1419818484375 0.639989465625
0 0.5684083484375 0.7905176375 0.5648030562499999 0.7986630406249999 0.5761635218750001 0.8119338968750001 0.584126034375 0.8051176171875 0.5775048703125 0.7882496203125 0.5684083484375 0.7905176375
0 0.49097022187499995 0.6962965984375 0.47374867343749993 0.66274756875 0.4690093734375 0.666344709375 0.4735331828125 0.7038648078125 0.49887975781250005 0.7732308859375 0.5045661031249999 0.7702027874999999 0.5038263984375 0.7414012078125001 0.49097022187499995 0.6962965984375
0 0.1519571296875 0.1471557078125 0.14758360625 0.1715959890625 0.1808641671875 0.279242246875 0.190720771875 0.2735640515625 0.16312655468749998 0.1628896953125 0.1519571296875 0.1471557078125
0 0.197866646875 0.060023490624999995 0.224139890625 0.1621703671875 0.2332282625 0.17278705156250002 0.23550850625000003 0.1625565203125 0.20942630156250003 0.057946512500000005 0.197866646875 0.060023490624999995
0 0.17304021249999998 0.0670185828125 0.16299664375 0.068717559375 0.187749725 0.17768478906250001 0.20554031562500003 0.21028677343750002 0.20253259375 0.172388671875 0.17947033750000002 0.0863497125 0.17304021249999998 0.0670185828125