0 0.34472108437500004 1 0.3434932703125 0.952079509375 0.3620166890625 0.9128156765625001 0.36388511874999996 0.8624612171875 0.349411846875 0.6253202531250001 0.337933140625 0.5479010859375 0.31324348281250003 0.4449737609375 0.3026213765625 0.32356253281249997 0.30649441718750003 0.22441017031250002 0.2929729984375 0.1236426890625 0.29927824375 0.01643519375 0.19031944843749998 0.025967853125000002 0.2209601390625 0.37619255156250003 0.24117488125 0.4638266953125 0.2575941984375 0.6694280328125 0.28041542812500003 0.8227098140625 0.276173359375 0.863861128125 0.2861145609375 0.9774895859375 0.2846406640625 1 0.34472108437500004 1
0 0.09034576562499999 0.389188296875 0.123712896875 0.5195888734375 0.1332953015625 0.5305140359375 0.14217775 0.49758331718750004 0.13326743125 0.4136655703125 0.1428015015625 0.3971467625 0.1451560890625 0.3702767984375 0.1621712875 0.3585931171875 0.19059780625 0.3608115234375 0.2055117265625 0.34303780625 0.18140489375 0.31848291562500003 0.16121061406249998 0.141444278125 0.138096559375 0.07445388124999999 0.11164537031249999 0.032066709375 0.06112544843749999 0.0372708640625 0.09034576562499999 0.389188296875
0 0.2112290109375 1 0.18138160781249998 0.6588426171874999 0.1743383046875 0.650048015625 0.1704271625 0.677054159375 0.1787737078125 0.71867258125 0.1675176203125 0.7424001546875 0.1556391921875 0.7410866796875 0.14737026250000002 0.7182830890624999 0.132709653125 0.7030968078125001 0.1264248703125 0.7208998078125 0.11921610625000001 0.719177790625 0.1143033640625 0.7078440859375 0.08749055312500001 0.8137088234375 0.078452871875 0.8090098796875 0.058198615625000005 0.774707121875 0.049024753125 0.7684516218749999 0.043917265625 0.7728196406250001 0.04776843125 0.8885493765625 0.0729251984375 0.9788880859375 0.0705907171875 1 0.2112290109375 1
0 0.47254981249999994 1 0.464106465625 0.9681911859375001 0.4669281609375 0.9287326078125 0.45972962656250005 0.8823083421875 0.4556632515625 0.871684825 0.4390082640625 0.8605942000000001 0.4380168953125 0.777552103125 0.43029268906249996 0.7609747296875 0.4235612625 0.70196185 0.408764471875 0.6852190140625 0.4033846234375 0.686473925 0.39953204531250003 0.6962217921875 0.40589303125000004 0.8227112265625 0.4013302671875 0.8333054625 0.38546308125 0.8401833 0.38059867187499996 0.8562935656249999 0.389540984375 1 0.47254981249999994 1
0 0.6337151328124999 0.7196505453125 0.6210489015625 0.70036860625 0.6206784625 0.7678451609375 0.6446858046874999 0.9884673171875 0.6642108234374999 0.9875433328125001 0.6675186765625 0.9715692484374999 0.67199359375 0.9868624296874999 0.701568125 0.98427499375 0.68792075625 0.837248709375 0.6749631140625 0.7787805546875 0.659271621875 0.7338835609375 0.6532299203124999 0.763428809375 0.655758790625 0.8102616156250001 0.650787484375 0.8161861890625 0.6408551015625 0.7833330875 0.6337151328124999 0.7196505453125
0 0.560943753125 0.9456028046875 0.58696735 0.9472472062499999 0.5920748375 0.9428791875 0.5511620171875 0.49317120000000003 0.5451012640624999 0.48664333906249996 0.5288255359375 0.48885151562500007 0.5221322109375001 0.501984853125 0.560943753125 0.9456028046875
0 1 0.7403868734375 0.9936774671874999 0.7375646796875001 0.9831608484375 0.751816746875 0.9741333984375 0.702415553125 0.9593951734375 0.668414440625 0.9501041812500001 0.6966754953125001 0.9499870515625 0.73119205 0.9397720765625 0.7399280874999999 0.9256078562500001 0.7035240515625001 0.9088371499999999 0.601472378125 0.901793846875 0.5926777750000001 0.9013648421875 0.6774126078125 0.8949438796875 0.6936590546875 0.9058002453125 0.7460371734375 0.899408565625 0.75365448125 0.8923359812499999 0.7534890187500001 0.8834842249999999 0.6523129937500001 0.8731725828125001 0.606161090625 0.8688045640625001 0.601053603125 0.863560896875 0.60386506875 0.871856284375 0.868994725 0.8436259234374999 0.7255969921875 0.8406197140625 0.736055046875 0.8546844437500001 0.9685263484375 1 0.957648875 1 0.7403868734375
0 0.7950195921875001 0.1252048890625 0.7888519406250001 0.1084913359375 0.7824895421875 0.1074795046875 0.7830328546875001 0.239183325 0.8048803546875 0.470973721875 0.814754171875 0.5210851015625 0.819861659375 0.5167170828125001 0.8207768234374999 0.4554667453125 0.80787915625 0.254262709375 0.7950195921875001 0.1252048890625
0 0.8367727828125 0.24389250156250003 0.8328806921874999 0.30697175468750004 0.853249253125 0.557713165625 0.8623352687500001 0.5898560796875 0.87123676875 0.5929984703125 0.8708779718749999 0.49029517499999997 0.8534468234375 0.2910562359375 0.8432713609375 0.2464608859375 0.8367727828125 0.24389250156250003
0 0.905161678125 0.4339678109375 0.8900060906249999 0.314521678125 0.875160965625 0.270334871875 0.8695570890625 0.29592064375 0.8700622984375 0.355478246875 0.8810929468750001 0.4815591375 0.896394946875 0.5578595765625 0.9047517234375 0.5547757515625 0.9077872156250001 0.5356885578125 0.905161678125 0.4339678109375
0 0.8745474468750001 0.32606917968750004 0.8771451140625001 0.3109414625 0.886075896875 0.305454715625 0.8796944484375 0.268369775 0.8734682312500001 0.2689144984375 0.8745474468750001 0.32606917968750004
0 0.9220713890625 0.2866208328125 0.9173241109375001 0.26821454375 0.908996615625 0.26266923124999997 0.9012914609375 0.2821649671875 0.9020690328125 0.344835678125 0.9147924156249999 0.4723369421875 0.9273707999999999 0.5175062968749999 0.9342295875 0.497300375 0.933296784375 0.39700000156250004 0.9220713890625 0.2866208328125
0 0.9577726453125001 0.4795559390625 0.9687754234374999 0.48878836562499994 0.97462238125 0.4749448421875 0.9706731359375 0.42980476875000007 0.965896575 0.42002761875 0.9574036171874999 0.42155489062499996 0.953414859375 0.4297462046875 0.9577726453125001 0.4795559390625
0 0.45234199375 0.3496753890625 0.4466019359375 0.37370460625 0.44811897500000003 0.42689981093749996 0.4580411265625 0.504455159375 0.46966624375 0.5387286359375001 0.475299403125 0.504513725 0.4695607578125 0.40306533906249997 0.46236222343750005 0.35664107500000003 0.45234199375 0.3496753890625
0 0.5438287140625 0.319712778125 0.551446021875 0.326104459375 0.5556002437500001 0.3108405609375 0.5519819265625 0.2515553203125 0.547643190625 0.23781869375000003 0.5397242375 0.23694304375000003 0.5409103515625 0.3042834171875 0.5438287140625 0.319712778125
0 0.7323477296875 0 0.7304628125 0.014786207812499999 0.740307346875 0.073526725 0.7423105453125001 0.150206425 0.753858046875 0.16566506875 0.758070834375 0.1331428921875 0.7500171124999999 0.0052330859375 0.7489676203125 0 0.7323477296875 0
0 0.7217253640625 0.1300488359375 0.7162971812500001 0.10385977500000002 0.709662421875 0.0997348359375 0.705965075 0.1471123671875 0.7169092890625001 0.1736030703125 0.7217444140625 0.16612194375 0.7217253640625 0.1300488359375
0 0.76778286875 0 0.7677615484375 0.02877614375 0.776332121875 0.0460637046875 0.7819067171875 0.0291070703125 0.7793601781249999 0 0.76778286875 0
0 0.8141067859375 0.1282403828125 0.8211208046875 0.1456641234375 0.8304894125000001 0.1362178984375 0.8289914234375001 0.11909580312500001 0.8223566640625 0.11497086406249998 0.8141067859375 0.1282403828125
0 0.644637121875 0.12738237187499998 0.6395003515625 0.140379528125 0.6505031296875 0.14961195625 0.65621390625 0.1342118765625 0.644637121875 0.12738237187499998
0 0.462344584375 0.1950903625 0.47179080781250005 0.20445897031250002 0.48001140312499996 0.19981859062500001 0.48047851093749994 0.187229975 0.4673451734375 0.1805366515625 0.462344584375 0.1950903625
0 0.7914704203125 0.8376001000000001 0.7814897046875 0.777303028125 0.7748549453125 0.7731780875 0.7780252062499999 0.881125053125 0.788560878125 0.90294609375 0.795011121875 0.8780705093750001 0.7914704203125 0.8376001000000001
0 0.7564281937499999 0.8673298609375 0.7472059984375 0.8336303921875 0.7425363359375 0.8340389343749999 0.7497729718749999 0.9526094171875 0.75350841875 0.977378103125 0.7638302921875 0.9788277593749999 0.7564281937499999 0.8673298609375
0 0.709323025 0.8667456234375001 0.7162872984375 0.9822029984375 0.7295861 0.9818237375000001 0.7180590609374999 0.8769606 0.709323025 0.8667456234375001
0 0.592620971875 0.8236278015625 0.6097709390625 0.9389782765625 0.611435803125 0.8235501859375001 0.6081674640625 0.786192884375 0.59692160625 0.7652182109375001 0.592620971875 0.8236278015625