0 0.7827963796875 0.460626715625 0.7658671921875 0.6320153015625001 0.7254800859375 0.7588080500000001 0.7203938921875 0.8149147234375 0.722490828125 0.8220234859375 0.73029856875 0.8222961375000001 0.743717971875 0.7961860625 0.7814132500000001 0.7912486015625 0.794441021875 0.7987390765625 0.81278796875 0.83299399375 0.8280316546875 0.821800421875 0.8307928734375001 0.7875008921875 0.8126045749999999 0.6367743109374999 0.8132639171875 0.48357900000000004 0.8068194375 0.44426764375000005 0.7993388796875001 0.4346257015625 0.7898605296875 0.43742161562500004 0.789315225 0.453037096875 0.7827963796875 0.460626715625
0 0.786692290625 1 0.7974302468750001 0.9817673953125 0.802025665625 0.93971465625 0.787327284375 0.935292746875 0.7683160546875001 0.942446121875 0.7481249890624999 0.9386141296874999 0.7336447296874999 0.9279460265624999 0.7278347796875 0.91523551875 0.7212614046875 0.9243866859375001 0.72356654375 0.9479189703124999 0.7437659703125 1 0.786692290625 1
0 0.7841794109375 0.8687360921874999 0.8030171312500001 0.888937075 0.8129961734375 0.8494175140625 0.7972369359375 0.8082174265625 0.783128471875 0.8092882015624999 0.7777894609375 0.8278631875 0.7841794109375 0.8687360921874999
0 0.3561318515625 0.41133130937500006 0.352299859375 0.431522375 0.3523147203125 0.52063968125 0.3281230953125 0.6761401328125001 0.3317270484375 0.6848649734375 0.3476151828125 0.6776025375 0.36947685625000004 0.6783659640625 0.383084628125 0.7140188375000001 0.393043834375 0.719838703125 0.397356684375 0.70826341875 0.390951875 0.5782732078125 0.3946797828125 0.4267485046875 0.3851022890625 0.4099978015625 0.367389871875 0.40234373437500004 0.356459034375 0.4019620203125 0.36243257500000003 0.4099878828125 0.3561318515625 0.41133130937500006
0 0.7675725296875 0.4264808609375 0.77785891875 0.4229314390625 0.7833615203125001 0.3996718078125 0.8312638781249999 0.32629887812499997 0.836295540625 0.271753753125 0.8270353125 0.268303475 0.745780278125 0.2670294390625 0.7458149734374999 0.3108073171875 0.7675725296875 0.4264808609375
0 0.8019067859375 0.2267762046875 0.8055652703125 0.233939496875 0.8126195015625 0.23340411093750002 0.8093328140624999 0.23797969375 0.813908396875 0.24126638125 0.8013069515625 0.243953234375 0.8070623703124999 0.2582252890625 0.8006525859375 0.2626918125 0.8155145578124999 0.262429078125 0.8254291515625001 0.247140778125 0.834852971875 0.24590641249999998 0.8402365953125001 0.2484395921875 0.840553859375 0.2617400171875 0.843414221875 0.2469871046875 0.8496604140624999 0.2472052265625 0.8614092078125 0.2241637171875 0.8652065046875 0.1601947734375 0.8527240375 0.137088815625 0.82192931875 0.12350582031249999 0.8176809171875 0.11084984375 0.803091596875 0.1033048375 0.788874071875 0.1074987078125 0.8050150234375 0.137767959375 0.8019067859375 0.2267762046875
0 0.7383046953125 0.1229307640625 0.742979421875 0.14576406875 0.778914865625 0.10167884218750001 0.78962758125 0.10830674843749999 0.7992149921875 0.1023877375 0.8124063546875 0.10519356875000001 0.8023480062499999 0.0798270859375 0.8177652 0.0412791546875 0.8125550875 0.01139161875 0.7727628734375 0.0092203171875 0.7506186296874999 0.0389343453125 0.7383046953125 0.1229307640625
0 0.35629544375 0.406646665625 0.3630770234375 0.41391901875 0.3834316796875 0.4130663671875 0.3916756640625 0.400846634375 0.3971138171875 0.4018182640625 0.392339946875 0.3594383421875 0.3972625484375 0.30801631406249996 0.376099853125 0.309622475 0.35144226562499997 0.2993806984375 0.34170118125000004 0.2873146390625 0.33690747499999996 0.29027414375 0.3361985796875 0.31057427031249996 0.35629544375 0.406646665625
0 0.2815047234375 0.3993445578125 0.2940714734375 0.3528798265625 0.2937095953125 0.31847123593750004 0.26732686875 0.31285957343750004 0.24508348125 0.323026984375 0.2632470015625 0.40730597343749997 0.2815047234375 0.3993445578125
0 0.23653705781249998 0.657307353125 0.2385794625 0.6659776640625 0.2510173171875 0.66797545625 0.26437227343749997 0.6660966421875 0.252043478125 0.6609757546874999 0.2678225515625 0.6568364140625 0.2740786625 0.634384821875 0.27601200625 0.6461782296874999 0.2823127296875 0.644834803125 0.2756154328125 0.5679917609375 0.2791797484375 0.4211517015625 0.26567111875 0.405045446875 0.25759072656250004 0.412580534375 0.25131972343750003 0.5921585734375 0.23653705781249998 0.657307353125
0 0.2648977421875 0.6958205875 0.26347995 0.736420840625 0.2546361296875 0.765817603125 0.2720213640625 0.782840959375 0.2893372078125 0.7123085578125 0.2821491375 0.6495194484375 0.26260252031250003 0.649618590625 0.2566190625 0.6642624421875001 0.2648977421875 0.6958205875
0 0.2264737328125 0.7663976031249999 0.22905152499999998 0.7821221453125 0.2569313515625 0.8120196 0.2647390921875 0.812292253125 0.2721205078125 0.8023875765625 0.269978959375 0.7741706484375 0.2658842328125 0.779499740625 0.23633379531249998 0.7526708531249999 0.2300330734375 0.754014278125 0.23299257812500002 0.758807984375 0.2264737328125 0.7663976031249999
0 0.0668934484375 0.5904086234375 0.0662390828125 0.6091472015625 0.0855031296875 0.6395255125 0.0883981859375 0.6685504796874999 0.0954177234375 0.6242372140625 0.0980401609375 0.41482616875 0.08026329531250001 0.43140336250000005 0.07670395625000001 0.4437866875 0.0668934484375 0.5904086234375
0 0.0709832 0.7195362656250001 0.085899703125 0.7177119828125 0.08838826875 0.69122019375 0.08392174531249999 0.684810409375 0.0557593484375 0.685390409375 0.053652495312500006 0.7009513609375 0.0709832 0.7195362656250001
0 0.0761784859375 0.4140627421875 0.08268741406249999 0.42914283593749997 0.0983128125 0.40701842812500005 0.1046879015625 0.358774025 0.106378346875 0.3103660328125 0.09927950156250001 0.2897932546875 0.0828460625 0.31267117187500004 0.0753456703125 0.3483686578125 0.0761784859375 0.4140627421875
0 0.0820380234375 0.31342468125 0.1024472109375 0.3110104796875 0.1049803890625 0.3056268578125 0.1046730421875 0.26965671874999997 0.09412391875000001 0.25834416875 0.081522471875 0.261031021875 0.07467644375 0.2779899296875 0.0820380234375 0.31342468125
0 0.376000709375 0.2900758578125 0.3843438375 0.297402740625 0.3984523015625 0.2963319671875 0.40734073437499996 0.2880433703125 0.4104489703125 0.199035125 0.4068995484375 0.1887487359375 0.399899846875 0.1877225734375 0.38724387031249996 0.191970975 0.374895240625 0.23218951406250002 0.376000709375 0.2900758578125
0 0.26630070781250004 0.319859275 0.2897784609375 0.319115684375 0.2971053453125 0.31077255625 0.3020824765625 0.25778897968750003 0.2967633015625 0.2310245390625 0.2692998828125 0.2339741265625 0.2634254859375 0.24549488125000002 0.26630070781250004 0.319859275