0 0.8693907125000001 0.9941986078125 0.8950403781249999 0.9768680984375001 0.9011321499999999 0.9574276921875 0.9086279062499999 0.9527438234375 0.9687320156249999 0.692404321875 0.9709652765625 0.6063255015625 0.9833857546875 0.5386345875 0.9754268984375001 0.48628373593749996 0.9639473078125 0.511696465625 0.9310241296875 0.6612483671875 0.8763127374999999 0.8634996703125 0.8570935984375 0.9953685968749999 0.8693907125000001 0.9941986078125
0 0.781345359375 1 0.8046350500000001 0.903077578125 0.8530157781250001 0.769923134375 0.9171007843750001 0.5201242953125 0.9152307625 0.47960256250000005 0.9277657921875001 0.43919929843750005 0.9289416546875 0.3889573625 0.9171125359375001 0.3950461953125 0.9007092015625 0.473042796875 0.8894655671875 0.48006859999999996 0.8803288890625 0.4988060328125 0.836983515625 0.63793378125 0.8169527296875 0.683020915625 0.78110115625 0.83831114375 0.78437908125 0.8518967140625 0.764458928125 0.965964196875 0.752763053125 1 0.781345359375 1
0 0.6625192734375001 1 0.7547710421875 0.6189535359375 0.764962178125 0.5956487421875 0.8281141328125001 0.3047426875 0.817339471875 0.3062641609375 0.8007070359374999 0.3296854640625 0.7619290234375 0.4698676703125 0.7455296062500001 0.5061715703125 0.732528540625 0.520809640625 0.6935135921875 0.6898019484375 0.651222678125 0.8243623359375001 0.6232163875000001 0.99429259375 0.6198890671874999 1 0.6625192734375001 1
0 0.529197840625 1 0.5480355921875 0.9240169343750001 0.572282253125 0.8815067109375001 0.5808344265625001 0.8514091328125 0.6123536171875 0.6871006937499999 0.6196222328125 0.6069951765625 0.6396569359375001 0.5202153421875 0.6446991453125 0.453226421875 0.6342759703125 0.4532254421875 0.62619375 0.4673955171875 0.609322421875 0.540473271875 0.5801529984375 0.6251441890625 0.55659951875 0.7688412546875 0.5439479796875 0.8028032218750001 0.5234511578125 0.8221251593750001 0.516891390625 0.8366467203125 0.5237987265624999 0.86229540625 0.52227235625 0.9036366203125 0.5014500546875 1 0.529197840625 1
0 0.16230371875 0.469342875 0.1904226 0.3475466171875 0.19206743906249998 0.2918003515625 0.180945209375 0.2531515796875 0.16431375312500002 0.26614970625 0.1420575421875 0.3139302609375 0.10175511718750001 0.47460733125 0.1058525234375 0.49158929375 0.1389959875 0.49042126406250003 0.1542214984375 0.48351295 0.16230371875 0.469342875
0 0.23082497812499997 0 0.23355258281250002 0.007919121875 0.218322175 0.0669433109375 0.1972388890625 0.0957514546875 0.190912140625 0.1231556125 0.1725164 0.21672823125 0.181181165625 0.2347646515625 0.192541309375 0.23418014843749999 0.202967421875 0.20291160156250002 0.2263926421875 0.17785133749999998 0.24290856875000003 0.1479887359375 0.2512277234375 0.105008559375 0.2491246828125 0.051604228125 0.2615412453125 0.025606014062499998 0.266085925 0 0.23082497812499997 0
0 0.10246765312499999 0 0 0.44747375937499995 0 0.571194365625 0.0180143140625 0.51781465 0.02844434375 0.4448534046875 0.0406278875 0.4059725921875 0.0494189546875 0.3262185625 0.082924678125 0.2088731546875 0.089138834375 0.133334996875 0.0846899421875 0.11787548750000001 0.1246350046875 0.021259921875 0.1276529359375 0 0.10246765312499999 0
0 0 0.896161453125 0.021140475 0.900193221875 0.031217059375 0.849600778125 0.022085278125 0.8162223375 0.0165809484375 0.8157533625 0 0.8366258671875 0 0.896161453125
0 0.5288752125 0.43049535937499994 0.516696565625 0.417260296875 0.510137778125 0.42135868125 0.49631331406249996 0.474293059375 0.4929130046875 0.516805240625 0.4972453875 0.5258234500000001 0.5101279843750001 0.52559043125 0.53039570625 0.45169319531249996 0.5288752125 0.43049535937499994
0 0.542816184375 0.38400228125 0.5706961734375 0.3118624765625 0.6059593249999999 0.186904803125 0.634194715625 0.07154984375 0.6406409125 0.019317459375000002 0.6115968125 0.0166211 0.60866645625 0.043205778125 0.59179904375 0.0745908328125 0.5787940609375 0.1309216015625 0.5457602515625 0.2114931546875 0.5314658328124999 0.2803550359375 0.534978734375 0.2859768546875 0.5294734265625001 0.2959310546875 0.5265411125 0.34336208125 0.493503384375 0.465626334375 0.4890486171875 0.512705875 0.496542415625 0.5288683562500001 0.5112989515625 0.5274643718750001 0.533557121875 0.4588374671875 0.542816184375 0.38400228125
0 0.20760036718750002 0.752412459375 0.19108933749999998 0.7301591859375 0.175161834375 0.7296892328125 0.151502615625 0.752290075 0.148923746875 0.7773522984375 0.1678941984375 0.7993715734375 0.184758671875 0.79925604375 0.2046700109375 0.7789971359375001 0.20760036718750002 0.752412459375
0 0.10583489531250001 0.6792064437499999 0.0773811765625 0.6253311796875 0.06297514531250001 0.6356358875 0.057702854687500006 0.6584726859375001 0.054770540624999996 0.7059037125 0.0696435875 0.7109410265625 0.085453603125 0.71539285625 0.09353484375 0.71164595625 0.10583489531250001 0.6792064437499999