0 1 0.021699878125 0.99654511875 0.025633953124999997 0.9986321359374999 0.0554124296875 0.9866106890624999 0.08626167968750001 0.9848657140625001 0.136231221875 0.9957221859375001 0.183513909375 0.99285190625 0.2209365359375 0.998607325 0.23520859062500002 0.988529140625 0.255181534375 0.9768150406249999 0.3220009234375 0.9762647609374999 0.47207313749999996 0.9648778453125001 0.5295232375000001 0.95966275625 0.6340924343750001 0.9608029203124999 0.73575665625 0.967029278125 0.78131420625 0.9619976156250001 0.83585933125 0.9662261796875 0.8938547343750001 0.9765571828124999 0.911413478125 0.9708133125 1 0.9828315765625 1 1 0.4970872703125 1 0.021699878125
0 0.8496554390625001 0.3816619609375 0.8364343218749999 0.44686527031249995 0.8326717203125 0.55461209375 0.8392797906249999 0.58923880625 0.8468148796875001 0.5973191984375 0.8807426125 0.588341540625 0.8915197765625 0.570738184375 0.8969728218749999 0.41458336874999996 0.893596909375 0.37694262031250003 0.8805790546875001 0.34678243124999997 0.8911480140625001 0.3127555546875 0.8978701203125 0.2098024359375 0.898688078125 0.1863792140625 0.885724753125 0.1546574765625 0.8894675203125001 0.0922500796875 0.9010527234374999 0.073893215625 0.8976867265624999 0.0135827546875 0.8664557640625 0.0124921453125 0.860690428125 0.020889803125000002 0.8522084859374999 0.08469515625 0.8554208078125001 0.1270205484375 0.837024271875 0.20611419999999997 0.8390022296874999 0.23901577187499998 0.8590643984374999 0.2913102890625 0.865236225 0.3384293859375 0.8496554390625001 0.3816619609375
0 0.765569728125 0.819619203125 0.746622946875 0.8025413171875 0.730898403125 0.8051191078125 0.71554565625 0.8194357765625 0.7103157078125 0.8348876671875001 0.7187034484375 0.8633227171875 0.7354987656249999 0.8748533890625 0.7552089734375 0.8700696015625 0.769272825 0.8478906609375001 0.765569728125 0.819619203125
0 0.8984179578125 1 0.8995307125 0.9681348453125 0.8830179656249999 0.92612671875 0.8775252828125 0.9267166359375001 0.8608737218750001 0.955840746875 0.8581023125 1 0.8984179578125 1
0 0.393812203125 0.8097640500000001 0.3835902625 0.789082209375 0.3658778453125 0.7814281421875 0.3469756765625 0.785458421875 0.3348550875 0.7967610546875 0.3296251375 0.8122129453125 0.33203933750000003 0.83262213125 0.354862725 0.85061711875 0.3760799515625 0.847449409375 0.3947739171875 0.826995609375 0.393812203125 0.8097640500000001
0 0.383297775 0.842229378125 0.39482844687499996 0.8254340609374999 0.3755842359375 0.7497163234374999 0.3887904921875 0.5953957062499999 0.38285662187499997 0.4966909890625 0.38627220625 0.4436528828125 0.3783107921875 0.4253951609375 0.3662447328125 0.43513624531249995 0.358635278125 0.47395682812500006 0.355199859375 0.5723343625 0.3502772578125 0.623756390625 0.343485759375 0.63915375 0.3296251375 0.8122129453125 0.32987795468750003 0.8497446312499999 0.3404617734375 0.9048350609375 0.33891508593749997 0.9938978374999999 0.367022953125 0.994879384375 0.37245616406250004 0.8840639953125 0.383297775 0.842229378125
0 0.2803298640625 0.25390245624999996 0.2750553015625 0.24824618125 0.246947434375 0.24726463281250002 0.2348912921875 0.2343360046875 0.21847765625 0.4581182484375 0.22172467343750002 0.5442215203125 0.21078388593750003 0.8127532734375 0.21086813593749998 0.9894263390625 0.25771458125 0.9910622531250001 0.266166803125 0.7490222875 0.2803298640625 0.25390245624999996
0 0.099710703125 0.9042451109374999 0.10186216875000001 0.909792325 0.12453188281250001 0.9098022421874999 0.140246540625 0.6836504109375 0.1482823546875 0.4087634015625 0.14944732968750002 0.3306314640625 0.1379811046875 0.32319551875 0.10427149375 0.325926984375 0.0889335734375 0.6756047125 0.0900687625 0.9117256687499999 0.0976682984375 0.8955748 0.107736565625 0.8982715703125 0.099710703125 0.9042451109374999
0 0 0.7744624890625 0.013230695312499999 0.78396623125 0.021018600000000002 0.8295783109375 0.033565515625 0.82845300625 0.03944983125 0.7942625375000001 0.0344776734375 0.71278938125 0.042924920312499996 0.6052061484375 0.0223571171875 0.477848259375 0.02157883125 0.410592628125 0.0051751453125 0.3654614046875 0 0.50584233125 0 0.7744624890625
0 0 0.8387143484375 0.0058839750000000005 0.8376487859375 0.0197297046875 0.8217160390625 0.0204386 0.8014159125000001 0.013285225000000001 0.7824046828125 0 0.773021971875 0 0.8387143484375
0 0 0.8733231765625 0.001506678125 0.8734553328124999 0.019982521875 0.859247725 0.0223620265625 0.8358790328125 0.035127064062500005 0.8285075359375 0.039231709375 0.8005087296875001 0.0358211 0.719090103125 0.0420177375 0.586413040625 0.0224116484375 0.47628671093749997 0.0215243 0.41215417499999996 0.0051751453125 0.3654614046875 0 0.5073878875 0 0.8733231765625
0 0.14788578125000001 0.3305769328125 0.14261121875 0.3249206578125 0.11138025625 0.32383004843749996 0.104053371875 0.3321731765625 0.08876998124999999 0.6802893562500001 0.0894342328125 0.8851248187499999 0.08125963750000001 0.9849003109375 0.121859890625 0.9863181015625001 0.143300246875 0.5962037125 0.14788578125000001 0.3305769328125