0 1 0.073750646875 0.9685405656249999 0.0687679609375 0.9605654625 0.0991443640625 0.9374021578124999 0.125533215625 0.9407187531250001 0.15453409375 0.9244474281249999 0.20732615625 0.9310039296875001 0.25582390625 0.8914638921875 0.38561138125 0.88020580625 0.4866567640625 0.8481999859375 0.6587689375 0.842702784375 0.7733825703125 0.8234216234374999 0.8351897812500001 0.8076535140625 0.8548400328125 0.8052092265624999 0.8702726625 0.8044615796875 0.9049577359375001 0.8228968671875 0.9134145171875 0.8310948609375 0.926577778125 0.814900225 0.988873846875 0.8162555828125001 1 0.8558513890624999 1 0.862923478125 0.9553485875 0.8721974156250001 0.9267598749999999 0.8885310703125 0.9135271046875 0.8899976437499999 0.9042675265625 0.8770093015624999 0.8863906078125 0.8736160156249999 0.8478857218750001 0.8814233796875 0.8285565890625 0.8944189015624999 0.831405865625 0.9046633749999999 0.8116717453125 0.8973112562500001 0.7282444921875 0.903987525 0.696080396875 0.8964676671875 0.6237004140625 0.9130457515625 0.60892438125 0.9126766609375 0.5313490609375 0.918542953125 0.4943107484375 0.92561703125 0.4796114046875 0.935854325 0.47490492656249994 0.9498921765624999 0.336332371875 0.9646202390624999 0.28329588125 0.9725042937499999 0.27347075468750004 0.9686221500000001 0.2380523953125 1 0.0787203015625 1 0.073750646875
0 0.6362783078125 1 0.642375884375 0.969458559375 0.6459799875 0.9067503218749999 0.6639623140625 0.84315541875 0.6807848265625001 0.8268361234375 0.6872933578125 0.8057192984375 0.6967014203125 0.6664134578125 0.7251318578125 0.496898953125 0.7240438390625 0.3938981375 0.7384507828125 0.332900903125 0.739457215625 0.2666172828125 0.766833246875 0.0937718234375 0.7848922640625 0.0396809265625 0.732421321875 0.031370346874999996 0.721805471875 0.14833721875 0.6978514453125 0.2995769953125 0.6894785328124999 0.312488646875 0.6838566703125 0.34798369687499997 0.6836745718749999 0.3890862515625 0.6525841359375 0.51546608125 0.647666840625 0.606441909375 0.6105903453125 0.8505218984375 0.606650765625 0.935324675 0.6116783625 0.9535227125000001 0.6021357796875 1 0.6362783078125 1
0 0.5111672203125 0 0.439872625 0.4501363515625 0.43855943281250004 0.47840394374999995 0.4483845578125 0.4862879984375 0.4567287515625 0.533486915625 0.44711933593750003 0.584170165625 0.4389334171875 0.7157596921875 0.4252597609375 0.7721271375 0.4294702015625 0.8004785984374999 0.44230516406250003 0.799347503125 0.4486459546875 0.7892779484375 0.4592043671875 0.7925322140625 0.46530072968749997 0.784005921875 0.4661802171875 0.8134117890624999 0.4811239890625 0.8189426046875001 0.4652025015625 0.8195848421875 0.4709633859375 0.833153090625 0.4627582125 0.8350174718750001 0.4672202625 0.846798028125 0.4573040875 0.8594652515625001 0.44312721406250005 0.9489745078125 0.4083510921875 0.9687781390625 0.39924489375 0.9863195796875001 0.4711046125 1 0.52446483125 1 0.5565138078125 0.802407596875 0.5555168390625 0.6788555046875 0.5851550609375 0.53167996875 0.57980634375 0.5055211875000001 0.5886681140625 0.48952300937500004 0.59453440625 0.45248469687500004 0.5985506765624999 0.3771859265625 0.6142420937499999 0.34803166874999997 0.6208560328125 0.2763082828125 0.6070433546875 0.2836124296875 0.62540913125 0.2675375625 0.6153395765624999 0.2611967703125 0.6278534203125 0.25210493125 0.62762335 0.22359291093749997 0.652861853125 0.10419610937499998 0.653762878125 0.08851905 0.6418289421875001 0.0739730859375 0.642241109375 0.061382553124999996 0.6599502890625 0.05944148125 0.6660610109375 0.020859906249999997 0.59287823125 0.008477903125 0.5809299359375 0.0239872234375 0.578576696875 0.0188685765625 0.5734580499999999 0.0212218171875 0.566642759375 0.0043226140625 0.5366201796875 0 0.5111672203125 0
0 0.24954805625 0.4532134140625 0.22233486875000003 0.45523117500000004 0.208263403125 0.4941338703125 0.19880736875 0.563825134375 0.20976358906249998 0.5845441515625 0.211131934375 0.6108634921875 0.25224166718749996 0.5960179484375 0.259804603125 0.578232078125 0.268009775 0.576367696875 0.26232558125 0.5723034546875 0.2649304296875 0.5608511968750001 0.273861709375 0.5693846671875 0.27409895781250004 0.582869046875 0.28280016875 0.5628904968749999 0.2969770421875 0.47338124062500003 0.2683811515625 0.4791349453125 0.24954805625 0.4532134140625
0 0 0.8298122250000001 0.0134793921875 0.8200188718750001 0.0390582671875 0.838307959375 0.0567746265625 0.8213392453124999 0.0442895015625 0.770320515625 0.0343876859375 0.7529324546875 0.048305771875 0.695021746875 0.07033798125 0.6557979328125 0.07563872656250001 0.6123421390625 0.07004558125 0.5877266203125 0.076966278125 0.5540192625 0.073817421875 0.5139711140625 0.0999905625 0.47856711250000006 0.10568911562500001 0.4525760703125 0.1044956890625 0.40018181718749996 0.1123174125 0.3507974 0.10900081718750002 0.32179652187499996 0.098289025 0.2995342421875 0.13063521718749999 0.2651079578125 0.1603981015625 0.19705100312499998 0.175140521875 0.11395922812499999 0.17361161875 0.083659515625 0.1577811796875 0.0637504765625 0.1540595953125 0.0323124890625 0.13862696562500001 0.0298682 0.1348838421875 0.0435131390625 0.1281452421875 0.0361179421875 0.1176635203125 0.042367684375 0.11482860156250001 0.025307921875 0.10711228749999999 0.0240857765625 0.10491242812499998 0.03797514375 0.07922814375000001 0.07029261875000001 0.072307446875 0.1039999765625 0.07553299375 0.1535521328125 0.0606371921875 0.21763589374999998 0.057828707812500005 0.3152736328125 0.019803215625000002 0.5054161046875 0.017406898437500002 0.590463309375 0 0.6786890671875 0 0.8298122250000001
0 0.24682115468750002 0.7201355875 0.23383281406249998 0.70225866875 0.2516330421875 0.6797663203125001 0.256598309375 0.658405065625 0.2308516953125 0.65116325 0.20981156093750003 0.6541587265625 0.193113709375 0.74959660625 0.201632821875 0.770720609375 0.22421621875 0.7679695625 0.2431547234375 0.7432845328125001 0.24682115468750002 0.7201355875
0 0.2091670375 0.8130453078125001 0.2026728671875 0.8041068484375 0.19284056249999998 0.8112504375 0.1929028921875 0.850809728125 0.1882587453125 0.8801317265625 0.17606602031250002 0.8971843093749999 0.1786493296875 0.9308149765625 0.1725457875 0.9543689109375 0.22193020468750002 0.962190634375 0.22722377031250002 0.9337624828125 0.2397376125 0.9246706437500001 0.252203484375 0.8459642281249999 0.2376718796875 0.8278428812499999 0.23663183437500002 0.7944566421875 0.2322464734375 0.7921800921875 0.21867104531249998 0.81296861875 0.2091670375 0.8130453078125001
0 0.311925384375 0.129295915625 0.2862123828125 0.221723959375 0.29724529375 0.25194698125000003 0.2901568578125 0.296701609375 0.29681158750000003 0.309620440625 0.3125725171875 0.30499783125 0.3141301390625 0.2751869765625 0.321204215625 0.2604876328125 0.34175549375 0.26057868125 0.3425031390625 0.2258936078125 0.3647797765625 0.18512653125 0.368446209375 0.1619775859375 0.3632652328125 0.12477153437499999 0.35717604999999997 0.118270184375 0.3318344234375 0.11346547656249999 0.311925384375 0.129295915625
0 0.21165179531249997 0.372858328125 0.22790876093749998 0.35012155 0.24055672968750003 0.23031258124999998 0.23649966875 0.2209691328125 0.2201731921875 0.2191742625 0.17904191875 0.27910273281250003 0.1595643015625 0.4120677828125 0.16467576875 0.424742184375 0.1823849484375 0.4228011125 0.1973359 0.4133042859375 0.21165179531249997 0.372858328125
0 0.16993343593750002 0.47145224375000006 0.1582367484375 0.4703906578125 0.14563185625 0.500033775 0.127510509375 0.5145653796875 0.1222241234375 0.5279658890625 0.09730673906250001 0.655323434375 0.099897228125 0.6739264609375 0.10964566406250001 0.6723065078125 0.11849307499999999 0.6863636140625 0.1352245390625 0.69059559375 0.1377455171875 0.6846669703125 0.151229896875 0.6844297218750001 0.1872856 0.5366886375 0.17819375937499998 0.5241747953125 0.1808057875 0.49769489375 0.1735783296875 0.4933862234375 0.1755337609375 0.4810401203125 0.16993343593750002 0.47145224375000006
0 0.43846381250000005 0.8485713609375001 0.43676717031249995 0.82931891875 0.428240878125 0.82322255625 0.413862653125 0.8241092218749999 0.404588715625 0.852697934375 0.3923193015625 0.860246509375 0.3828560875 0.9449654171875 0.417052303125 0.9487995890625 0.4281067515625 0.9339396859375 0.43846381250000005 0.8485713609375001
0 0.27683825624999997 0.9700962265624999 0.31606925 0.97710079375 0.3304546546875 0.9611864859375 0.331278990625 0.93600541875 0.32567866562500003 0.9264175421875 0.30033703906250003 0.9216128359375 0.2900853859375 0.9563745984375001 0.27683825624999997 0.9700962265624999
0 0.3607015015625 0.730262578125 0.354856746875 0.7222179640624999 0.3462465859375 0.7216452375 0.320562303125 0.7539627125 0.318927990625 0.7742695609375 0.3298842125 0.7949885765625 0.3276004828125 0.8144015796874999 0.3519787515625 0.7953240546875 0.3572651375 0.7819235453125 0.3607015015625 0.730262578125
0 0.34914612031250003 0.6034562218749999 0.35498369375 0.6265284765625 0.365702665625 0.6337631140625 0.3854511453125 0.613952303125 0.38716214843749996 0.6031494625 0.3684896109375 0.5812083015625 0.35411138593749997 0.58209496875 0.34914612031250003 0.6034562218749999
0 0.35522322812499996 0.46520478593750003 0.3718708234375 0.47496040156249997 0.388120609375 0.467251265625 0.39161930312500004 0.45514959062499993 0.3866827546875 0.4164002765625 0.371494553125 0.412412725 0.3630449515625 0.41582036875000006 0.35522322812499996 0.46520478593750003