0 0.2163109171875 1 0.2040161390625 0.9753664546874999 0.201250234375 0.9201930218750001 0.1785019296875 0.8768625 0.17126748125 0.741378678125 0.1472870640625 0.642576584375 0.11849686875000001 0.469897409375 0.0844623765625 0.360315671875 0.08144143125 0.2956413453125 0.0895378234375 0.27178313906249996 0.0865564328125 0.2564452140625 0.07539599687500001 0.223596196875 0.055180104687499995 0.2219546609375 0.042974409375 0.21238912187499998 0.036885878125 0.1483110734375 0.021422203125 0.1178902671875 0.0166950765625 0.0853824859375 0 0.0882443171875 0 0.1796477484375 0.0032250968749999998 0.1962394328125 0.0042883625 0.2262759078125 0 0.23341655 0 0.2567007484375 0.0135737703125 0.265856371875 0.0299318625 0.3008785578125 0.0292062921875 0.3217122765625 0.0160199859375 0.3234795625 0.0131427984375 0.3455273859375 0.04858533125 0.4214087875 0.053312457812500005 0.45391656874999997 0.085134225 0.5193595609375 0.0746096234375 0.5389145296875 0.1014887765625 0.6116852484375 0.1086441140625 0.64849626875 0.1070241265625 0.664728609375 0.099013928125 0.6726526140625 0.1332172671875 0.80766945 0.1375169640625 0.8625447421875 0.1334687671875 0.8744738453125 0.14923058125 0.9064284453125 0.16381506875000001 1 0.2163109171875 1
0 0.43662356406249997 1 0.41184678906250005 0.9063168609375 0.3826291625 0.7560051984375 0.3860810796875 0.7410085093750001 0.37922388125 0.7057312828125 0.365337096875 0.667045234375 0.3513281015625 0.5376534859375 0.3248332828125 0.45048235625000005 0.27619351875000003 0.208441284375 0.2508912546875 0.12740532499999999 0.2399427625 0.112024303125 0.22989222968749998 0.04394115625 0.196766621875 0.04958425 0.2056461484375 0.1075486765625 0.2237068796875 0.16770781875000002 0.2285597578125 0.2336177984375 0.21833329375 0.25470655937500003 0.21943965625 0.2767759328125 0.258244371875 0.41089834999999997 0.289505875 0.5799136609375 0.32575663125 0.6763306421874999 0.33308081562499997 0.738576759375 0.3548054109375 0.8012072078125 0.38819698593749996 0.9729919656250001 0.38892198906250003 1 0.43662356406249997 1
0 0.546202246875 1 0.5808334687500001 0.9936459125000001 0.5867566937500001 0.9749853609375 0.590718696875 0.9789904609375 0.5947237953125 0.9750284578124999 0.606907940625 0.9885775484374999 0.6612085046875 0.9772267156250001 0.573555621875 0.526291728125 0.565121534375 0.49927974218750004 0.5531924312500001 0.4952315453125 0.5292084734375 0.4537329546875 0.5209036765625 0.40281966406249997 0.48358965625000006 0.2763662078125 0.47715988906250006 0.2187214703125 0.463506596875 0.193519865625 0.4518325359375 0.1989725640625 0.44931813125 0.210603528125 0.43828344531249996 0.21115670937500003 0.43547090156249996 0.22125388125 0.42458705625000004 0.19392220625 0.408652853125 0.1938360125 0.4233945 0.1877870375 0.413340425 0.1770073921875 0.420413109375 0.1724491125 0.41219096562499996 0.162905121875 0.41717667656249996 0.14761029375 0.3998846109375 0.0586503296875 0.4257902359375 0.0281468703125 0.42834773750000005 0.008548803125 0.3041320953125 0.028714515625 0.3434649015625 0.23515867343750002 0.38665905 0.3509186796875 0.40914522968749995 0.4993553125 0.423118209375 0.5221071578125 0.42026256875 0.54017143125 0.42741790625 0.57698245 0.44939754374999996 0.64911379375 0.444623778125 0.6818766171874999 0.4629395515625 0.751536653125 0.47342105625 0.7399487859375 0.46166080000000004 0.7613356875 0.47329176562499997 0.763850090625 0.46464219062499995 0.7766736109375 0.47461007187500004 0.8033874593749999 0.4917297484375 0.9242158281249999 0.49624493125 0.9392556140625 0.5124341765625 0.9488427015625 0.51635308125 0.9608149031250001 0.50037578125 0.968695809375 0.5064607 1 0.546202246875 1
0 0.699883328125 0.455575509375 0.7247867921875 0.440388425 0.7513497984375 0.4583054 0.776231715625 0.447101865625 0.7761490625 0.40573256718749995 0.7611990125 0.33701004375 0.7438172109375001 0.32128778593749996 0.7335296421875 0.297023696875 0.6999766046875 0.3250343015625 0.6989528953125 0.3443342296875 0.6918802109375 0.348892509375 0.698611659375 0.3507675375 0.70008080625 0.3624200515625 0.6887695296875 0.35745588906250003 0.683934659375 0.3448658609375 0.6825912625 0.366615546875 0.699883328125 0.455575509375
0 0.8581139828125 0 0.85946563125 0.015477429687499999 0.8477269234374999 0.0328807796875 0.8174354078125001 0.02444315 0.8065911171875 0.046447876562500004 0.8357727296874999 0.0901196359375 0.8510244609375001 0.1030724484375 0.8577523671874999 0.1622509796875 0.8504641968750001 0.20664476718749997 0.8603458828124999 0.24929281718750002 0.8740207234374999 0.2705108703125 0.879045990625 0.30455244375 0.8957022218749999 0.3411084203125 0.8832163953125001 0.383329040625 0.8867509671875 0.40970165156249994 0.9057923109375 0.45852796875 0.9153327609374999 0.507609328125 0.9283682265625 0.533726896875 0.9460481656249999 0.5509829484375001 0.9274271703125001 0.5943961234375 0.9227360578124999 0.668528246875 0.9373017734375001 0.751651178125 0.9491015859375 0.7796006796875 0.970786625 0.7928947281250001 0.9850361953125001 0.8211639171874999 1 0.8182552484375 1 0.8135925890625 0.9992246609375 0.8040802546875 1 0.8044866234375 1 0.586607303125 0.9786852390625 0.522354515625 0.9493849578125 0.330673553125 0.9225489015624999 0.249935734375 0.8970813328125 0.086161175 0.873226665625 0.020761279687500002 0.8695267140625 0 0.8581139828125 0
0 0.6675009953125 0.153867371875 0.6581474015625 0.1835410609375 0.6626194875 0.2065479484375 0.6809388015625 0.21890448281250002 0.6719048953125 0.24612841406250002 0.6745450484375 0.267899646875 0.7012158000000001 0.26589886875 0.7199625453125 0.255887890625 0.703011715625 0.16049461874999998 0.687781534375 0.1435582546875 0.6675009953125 0.153867371875
0 0.6073643468750001 0 0.5993207296875 0.0119251515625 0.6145258218749999 0.0901485671875 0.6343789296875 0.10220696250000001 0.6467750203125 0.1332240484375 0.6516745359375 0.1338634234375 0.6573211703124999 0.1096855296875 0.6662257874999999 0.106362903125 0.67538544375 0.1125411703125 0.6821815375 0.10246554687500001 0.6685928921875 0.06531329062499999 0.66292825 0.036171232812499995 0.6685533359375 0.0159768890625 0.6613084203125 0 0.6073643468750001 0
0 0.7647698984375 0.8098600234375001 0.79022654375 0.8057076249999999 0.8035205921875 0.7840225859375 0.7960706578125001 0.688374271875 0.7753662296875 0.6637473968750001 0.7667201968749999 0.619267415625 0.7560482953125 0.6094037375 0.7428188921875 0.6191381234375 0.7515511203125 0.647683903125 0.7499311328125 0.6639162453125 0.730588109375 0.6708596375 0.7417485453125 0.7037086546875 0.7347585140625 0.749636234375 0.7392306 0.7726431218750001 0.7568243453125 0.805833375 0.7647698984375 0.8098600234375001
0 0.8248640953124999 0.46391247968749993 0.8140629015625 0.4779501046875 0.81444369375 0.520853196875 0.8069435781250001 0.5477789890625 0.83603545625 0.6646884531249999 0.84304349375 0.672080825 0.8589992453124999 0.66818346875 0.8771532546874999 0.597801403125 0.849979503125 0.46619338906249996 0.8408413953125 0.456031571875 0.8248640953124999 0.46391247968749993
0 0.8089980796875 0.3945721296875 0.8113831921875001 0.40684247031250004 0.819925021875 0.41393670312499997 0.8312793968750001 0.41093376406250004 0.832985578125 0.37876721875 0.8450439734374999 0.3589141109375 0.84542830625 0.3445137 0.8252841421875001 0.2163145078125 0.8164872687500001 0.19971938125 0.8078807921875001 0.20457580000000003 0.7947591328125 0.194392434375 0.7775892765625 0.196138171875 0.777248040625 0.2025714796875 0.7646580125 0.20740635156249998 0.7813071609375 0.35856933281250003 0.7941306828125 0.3672189078125 0.8007328390625 0.392995240625 0.8089980796875 0.3945721296875
0 0.4244468390625 0.0498965546875 0.419141440625 0.067641140625 0.43860667343750004 0.1514034484375 0.44678572031249997 0.168914540625 0.4568828921875 0.171727084375 0.47009074687499997 0.165976246875 0.46902748125000004 0.13593977343750002 0.47797519375 0.12465004531249999 0.45789213437500004 0.041803703125 0.4244468390625 0.0498965546875
0 0.50509518125 0 0.5015854421875 0.0086385390625 0.5094232515625 0.032582940625 0.5179650828125 0.039677173437500005 0.543421728125 0.035524774999999995 0.54120625 0 0.50509518125 0
0 0.5380876984375 0.1718599171875 0.537703365625 0.1862603265625 0.55214333125 0.2359810625 0.5603870234375 0.24154150156249998 0.5686738124999999 0.239134840625 0.581755915625 0.19998180625 0.576346315625 0.18034064375 0.5589645156249999 0.1646183859375 0.55447088125 0.14559504843749999 0.5380876984375 0.1718599171875
0 0.5958044671875 0.37870995625 0.6090123203125 0.3729591203125 0.6063721656250001 0.3511878859375 0.5929954640624999 0.3315036265625 0.580448534375 0.3283713953125 0.5686667296875 0.35374184531249997 0.5707537031250001 0.36447839375 0.5958044671875 0.37870995625
0 0.6507122328125 0.5383536656250001 0.657486778125 0.5322615921875 0.647946328125 0.4831802328125 0.6289660890625 0.47970676562500003 0.6163329640625 0.49250873906250003 0.6171842843750001 0.5050772171875 0.6350761687500001 0.5398012624999999 0.6507122328125 0.5383536656250001
0 0.80608901875 0.9323514765625 0.793818678125 0.9347365890624999 0.7891526546875001 0.9475816578125 0.7909630375 0.9528008625 0.83145946875 0.9441332812500001 0.8269227375 0.9330770453125 0.80608901875 0.9323514765625