0 0.364950096875 0.4625074859375 0.3659357484375 0.47421081562499995 0.39235785624999997 0.46593592656249994 0.38682176562500004 0.46212571406249997 0.3882204109375 0.452724871875 0.40899735000000004 0.434390721875 0.43774921562499997 0.42529379843750004 0.4299106359375 0.4238678828125 0.4246784625 0.39270445 0.42906528593750004 0.375437759375 0.4065624671875 0.3844256078125 0.38893732187499996 0.40426748124999995 0.364950096875 0.4625074859375
0 0.38759321406249997 0.41679284531249994 0.393156575 0.42216532031250004 0.395404525 0.4166564984375 0.393978609375 0.424495078125 0.40348852968750004 0.432142771875 0.39891082031249997 0.438473628125 0.47746418593750006 0.41756825 0.48724679843749996 0.4408385640625 0.5113664171875001 0.4349479703125 0.5108443453125 0.4498030953125 0.5561226734375 0.44745002031250003 0.573198478125 0.440901009375 0.6123913765625 0.448030584375 0.6259881546875 0.42122670624999997 0.6543815656249999 0.43635847656250004 0.670608065625 0.42591744531250003 0.6537271 0.3988641890625 0.607957921875 0.373096546875 0.5452220171875 0.3601269640625 0.5022461765624999 0.360095740625 0.4406595390625 0.3682030609375 0.4034924828125 0.3876046703125 0.38759321406249997 0.41679284531249994
0 0.47546165937499996 0.43713742812499995 0.45219134531250005 0.4469200421875 0.46238695312500006 0.44908618437500003 0.478364075 0.469122896875 0.50193830625 0.4319870625 0.49018043593750005 0.429848190625 0.4735176265625 0.4152930296875 0.4814652828125 0.42296799375000005 0.47379032031249996 0.43091565000000004 0.47546165937499996 0.43713742812499995
0 0.521339915625 0.46915411875 0.529233034375 0.4737045578125 0.5246825937499999 0.48159767656249997 0.5474308359375 0.4866701875 0.5541474171874999 0.4685814625 0.5399507125 0.4610155765625 0.5491061296875 0.44835386406250005 0.5349639640625 0.44391250156249995 0.5178608890625 0.4488992515625 0.5226294828125 0.4535042296875 0.521339915625 0.46915411875
0 0.6542179484374999 0.42698490468749994 0.6415016984374999 0.4147049640625 0.6267011124999999 0.417307415625 0.6221506734375 0.42520053437499994 0.6257387765625 0.45170445 0.6393588718750001 0.47100093593750003 0.6471429125 0.46930232656250004 0.645689728125 0.47557864375000003 0.6788244625 0.49375313125 0.683515203125 0.4491332203125 0.6737053203125 0.4243006453125 0.65942680625 0.41204797343750005 0.6532868359374999 0.4184060984375 0.662687678125 0.41980474375 0.6542179484374999 0.42698490468749994
0 0.3892021078125 0.5089663046874999 0.39251751874999996 0.5198476015625 0.3802103078125 0.5310015906250001 0.4113425171875 0.5687452562499999 0.438200934375 0.585466559375 0.44576682031250003 0.5712698546875 0.46769302812499997 0.57401260625 0.468378715625 0.5685310546875 0.44938614687499995 0.5547979296875 0.455417040625 0.54219075625 0.44908618437500003 0.537613046875 0.45199255312500003 0.5250604125 0.4438812796875 0.5080118765625 0.45939482187499997 0.501490134375 0.4277950796875 0.48172611718749997 0.40444295781250006 0.48682194375 0.40463384375 0.497757778125 0.3892021078125 0.5089663046874999
0 0.36430313281250004 0.6492659703125 0.3482947875 0.6722050984375 0.3470324890625 0.68941725 0.36953530625000003 0.680429403125 0.38227882812499997 0.69427160625 0.3978196390625 0.6893121265625 0.40453622031250003 0.6712234015625 0.395108109375 0.66826249375 0.42734295468749994 0.6348823328125001 0.433319309375 0.6191506359375001 0.42701572343749994 0.6161351890625 0.404403828125 0.6188739890625 0.3906707015625 0.6378665578125 0.36430313281250004 0.6492659703125
0 0.3727882703125 0.7772623796875 0.379146396875 0.78340235 0.38920565625000003 0.7777571812499999 0.3932107078125 0.7386188234375 0.35596184375 0.753333646875 0.352560671875 0.7823036671875 0.3727882703125 0.7772623796875
0 0.3439040109375 0.7340098921875 0.3500985203125 0.7307762906249999 0.356456646875 0.7369162609375 0.37350518125 0.7288049875 0.3725195296875 0.71710165625 0.3421508640625 0.7231013265625 0.3279229359375 0.75851128125 0.3439040109375 0.7340098921875
0 0.2424893734375 0.7881318140625 0.2427620671875 0.8037544343749999 0.2547380921875 0.8183914031249999 0.2609871390625 0.818282325 0.2676491828125 0.7970690765625 0.2563315765625 0.7753882937500001 0.24046353125 0.7616006296875 0.234241753125 0.76327196875 0.23287037656249998 0.774235071875 0.2424893734375 0.7881318140625
0 0.2286392625 0.8899515390625 0.2241706328125 0.90253144375 0.2376543796875 0.9140166187500001 0.2501524765625 0.9137984640625 0.25711448125 0.9097700968750001 0.2568690578125 0.8957097390625 0.23442473125 0.8632840078124999 0.22036437343749998 0.8635294312499999 0.22063706718749998 0.8791520515625001 0.2286392625 0.8899515390625
0 0.5853649828124999 0.779802790625 0.59386198125 0.7741848921875001 0.5889025015625 0.7586440796875 0.5802964265624999 0.75801293125 0.5749784906250001 0.7667008140625 0.5853649828124999 0.779802790625
0 0.3341253515625 0.666201475 0.3339890046875 0.658390165625 0.320037725 0.6648846374999999 0.3225311 0.673436175 0.3341253515625 0.666201475