0 0.2593593703125 0.20008884375 0.2587862515625 0.20747824062500003 0.2640986703125 0.196491703125 0.2724310359375 0.2040762140625 0.30426886406250003 0.1961381515625 0.3167837140625 0.18174551249999998 0.3543078890625 0.1707793515625 0.3586691859375 0.1656661234375 0.3556451625 0.1535374265625 0.34333357656249996 0.1461398796875 0.36380686562500003 0.1313733140625 0.381239828125 0.1302474546875 0.408541621875 0.10411634843749999 0.40381454687499996 0.088386434375 0.38866590156249997 0.0728394109375 0.3617624875 0.06827484843750001 0.3615796 0.057853278125 0.3845160203125 0.04327775 0.365193040625 0.0368231734375 0.37543579843749997 0.0197763640625 0.025219684375000002 0.107095046875 0.0502208578125 0.12340622812499999 0.05476096875000001 0.135156921875 0.05020048125 0.15561798437500002 0.055488448437500004 0.18328555468750002 0.061548721875000004 0.18821589375 0.05282205156250001 0.2048847015625 0.0647434078125 0.2300932140625 0.0749739390625 0.2323734578125 0.115152284375 0.2191352046875 0.1511481453125 0.22787410000000002 0.2068653640625 0.21237190312499998 0.24419442343750003 0.21031122500000002 0.249502765625 0.2057670390625 0.24363353124999998 0.19837356718750002 0.2593593703125 0.20008884375
0 0.452858465625 1 0.4483363984375 0.9967864875 0.44834455 0.9839017859375 0.4324276734375 0.984649640625 0.4339600609375 0.9585022328124999 0.40649983125 0.9355576624999999 0.3835756359375 0.9308061359375 0.3756294234375 0.9118530109374999 0.377718628125 0.9040856109375 0.39762287343749997 0.8902660890625 0.39498092812499996 0.8732111281250001 0.40579272812499995 0.8552172734375001 0.4298713078125 0.8323053046875 0.42761144062499995 0.8103240796875 0.43330593593750005 0.794411278125 0.41038581562500004 0.7832174000000001 0.3539166671875 0.789245071875 0.33118758593750003 0.7755880625 0.295561578125 0.78124995625 0.2747102859375 0.7945004359375 0.2671339265625 0.7899480999999999 0.26560968906250004 0.8032108046875001 0.21519673749999998 0.8206111671875 0.2108191390625 0.8514938000000001 0.21534702343749998 0.882571546875 0.244625225 1 0.452858465625 1
0 0.28401872031250003 0.457230153125 0.2804297296875 0.43960615000000003 0.25485951406249996 0.42424201562499997 0.1828596421875 0.41964892656249997 0.16846292812500002 0.413576428125 0.1407912828125 0.4253067453125 0.1542165 0.469464309375 0.1454898296875 0.4861331171875 0.15154195312500002 0.5039481578125 0.1638535375 0.5113457046875001 0.18507875625 0.5060536640625 0.1985284265625 0.5115571203125 0.22183877500000002 0.5049400312500001 0.24876256406250002 0.4772928375 0.28401872031250003 0.457230153125
0 0.376264165625 0.50750096875 0.35580717812499996 0.4964981296875 0.3457758359375 0.4788700515625 0.318108265625 0.48415801875 0.29232663593749997 0.5034687718749999 0.23888558437500002 0.5151827875 0.223147521875 0.5327945656249999 0.21555486093749998 0.554011634375 0.22597235625 0.560271096875 0.26368349375 0.5532841546875 0.3533277453125 0.522076496875 0.3586279375 0.5304170125 0.376264165625 0.50750096875
0 1 0.5484055546875 0.996229671875 0.5332835921875 0.982023996875 0.5247479609375 0.9524623359375 0.52889784375 0.8649072890625 0.5523381015625 0.8334433875 0.568234603125 0.8415765640625 0.5911669484375001 0.8644966843749999 0.602360825 0.8862868703125001 0.6025640906249999 0.9145234828125 0.5963290781249999 0.9202139031250001 0.586858628125 0.952433809375 0.5739943015625 0.9641804281249999 0.5758965421875 0.99526225 0.5649263062500001 1 0.5570413656250001 1 0.5484055546875
0 1 0.6528317203125 0.99861945 0.649436953125 0.9611075015624999 0.6410760609375 0.924339334375 0.655074396875 0.9150476968750001 0.6662478968750001 0.93663869375 0.681798996875 0.939650490625 0.713254746875 0.9684520703124999 0.7125150421875001 1 0.702247290625 1 0.6528317203125
0 0.23740695781249999 1 0.23006876406250001 0.9739107 0.21193684687499997 0.881811465625 0.15898383124999999 0.7210980859375 0.085277328125 0.41901875625 0.07997306093749999 0.417120590625 0.0671209609375 0.36557362968749996 0.0705352125 0.359891359375 0.0652309453125 0.3579931953125 0.056158875 0.3216071046875 0.0646741296875 0.3396131859375 0.0455951671875 0.2469449109375 0.008355762499999999 0.10727386093749999 0 0.1137932921875 0 0.3639449890625 0.0015593640625000001 0.3674269671875 0.0223495265625 0.45081175625 0.025369475000000002 0.4693828046875 0.01987824375 0.46350542031249997 0.0200611328125 0.473926990625 0.026881487500000002 0.475447153125 0.04843173125 0.555421765625 0.0404692171875 0.5622380437500001 0.060125371875 0.641074571875 0.06599868125 0.6420256921874999 0.0661937953125 0.6331202078125 0.0794320484375 0.673298553125 0.096035653125 0.7851028437500001 0.104750096875 0.787761090625 0.0994417546875 0.7923052765625 0.10966821093750001 0.8010278703125 0.1228901640625 0.8669756203125001 0.1643273953125 1 0.23740695781249999 1
0 0.9216775078125 0.36990381562499997 0.9129752906249999 0.347918515625 0.8995256203125 0.3424150578125 0.7729343875 0.37075712968749996 0.7149369250000001 0.3964898578125 0.6903056046875 0.3945794671875 0.67494554375 0.41370733125000003 0.7240252968750001 0.4071065421875 0.7414460359375 0.4253077375 0.8403656234374999 0.408695984375 0.8655659859375 0.40965932968749996 0.924128415625 0.38942190781249997 0.9394844000000001 0.37673639531249997 0.9216775078125 0.36990381562499997
0 0.6503187953125 0.1050272125 0.7071700234375 0.0940732765625 0.69715498125 0.050675793749999996 0.671580690625 0.041754009375 0.6605982296875 0.029999240625 0.5673568359375001 0.0564675984375 0.5777417296875 0.114265871875 0.58341585 0.13056482656249999 0.590992209375 0.1351171625 0.6252931703125 0.1273701390625 0.631743671875 0.11448951249999999 0.6503187953125 0.1050272125
0 0.8028246515624999 0.7457589265625 0.79866254375 0.7355243203125 0.77347033125 0.721676271875 0.748830859375 0.7326505828125 0.7348162234375 0.7216518203125 0.7158671734375 0.72315568125 0.752777478125 0.7840024296875 0.7755147078125 0.7847747359375 0.80981566875 0.7770277125 0.820253540625 0.75107541875 0.8028246515624999 0.7457589265625
0 0.6683519140625 0.9523976296875001 0.6554672109374999 0.952389478125 0.6008880765625 0.9659975859375001 0.5843858562500001 0.993461890625 0.6778142125 0.9709727515625 0.675737234375 0.9594130968749999 0.6683519140625 0.9523976296875001
0 0.8878681609375001 0.4991084671875 0.9022730250000001 0.4922962625 0.8988750734375 0.472209128125 0.8293261078124999 0.4871341328125 0.8171892609375 0.503042859375 0.8005123031249999 0.507200890625 0.7931147562499999 0.5195124765625 0.8122466953125 0.5284301859375 0.8416173171875 0.5267434359375 0.89828565625 0.5053679296875 0.89980581875 0.498547575 0.8878681609375001 0.4991084671875
0 0.23354056562499997 0.5777081359375 0.217050571875 0.5858453875 0.24906721406250001 0.5947712468749999 0.301179140625 0.5874144515624999 0.3095196578125 0.582114259375 0.299484240625 0.5709285328125 0.23354056562499997 0.5777081359375
0 0.21380290624999998 0.6277186328125001 0.196930834375 0.6407821484375 0.2037430390625 0.6551870125 0.23766599687499998 0.645923903125 0.24089328437500002 0.6362624140625 0.21380290624999998 0.6277186328125001
0 0.789437103125 0.0429654484375 0.7759711328125001 0.06323139531250001 0.785441584375 0.0689218171875 0.8375575859375 0.0551226703125 0.838894859375 0.037880746874999996 0.789437103125 0.0429654484375
0 0.92158328125 0.8184052703125 0.8927776281250001 0.8255873265625 0.8704143249999999 0.8327734578125 0.8664310296875 0.8394027734374999 0.8711621796875001 0.8486903343750001 0.8959845390625001 0.84813759375 0.9166407171875001 0.843792596875 0.9312447718750001 0.821632559375 0.92158328125 0.8184052703125
0 1 0.80122911875 0.9773004999999999 0.8029030734375 0.96080643125 0.8174826765625 0.965159578125 0.8252541515624999 0.9818324609375001 0.8275384703125 1 0.8243954656250001 1 0.80122911875
0 0.1190938328125 0.8775841546875001 0.11798020000000001 0.8408241375 0.09225969843750001 0.763499621875 0.0801880546875 0.6763307281250001 0.0231702390625 0.6510936875 0.0872397046875 0.911291621875 0.1120661390625 0.9042965296875 0.1175532953125 0.916616265625 0.127218859375 0.9134012031250001 0.13045022343749998 0.8972973625 0.1190938328125 0.8775841546875001
0 0.3813289875 0.2888431046875 0.37526463906249996 0.290355115625 0.3718585375 0.2831526828125 0.38209721874999997 0.27254822500000003 0.3716797234375 0.2662887625 0.32506717812499997 0.2666382390625 0.2829906671875 0.285180759375 0.2873438140625 0.292952234375 0.2808973875 0.299390509375 0.2916928859375 0.30716605937499997 0.303252540625 0.30508908125 0.2920708890625 0.308682146875 0.293013859375 0.315693540625 0.3136700359375 0.31134854375 0.3202993515625 0.3153318375 0.3333791671875 0.3064345046875 0.3769636140625 0.3003986828125 0.3813289875 0.2888431046875