0 0.352929409375 0.6021342187500001 0.3466253640625 0.5713279124999999 0.3597830359375 0.5101487390624999 0.37552578593749997 0.47554413906250004 0.37024726874999997 0.42883643281249995 0.3743996765625 0.4073024 0.36751416875 0.3997957671875 0.3434056859375 0.4022328234375 0.333916690625 0.425572159375 0.27980577812499996 0.64562794375 0.24616085937499999 0.7530813843749999 0.23195640156250003 0.7638338828125 0.22408502656249998 0.7811361828125001 0.18930621718750001 0.910932465625 0.1887247546875 0.9342321390625001 0.2726908375 0.9559219750000001 0.307007171875 0.8761479609375 0.308328746875 0.8651787437499999 0.2912431671875 0.8444244859375001 0.294074 0.8338596718750001 0.3093146140625 0.8403698109375 0.3164168421875 0.8349935609375001 0.3250177015625 0.7968576781250001 0.31698767656250004 0.77852985 0.3194141046875 0.7694742953125 0.33785029375 0.7550028281250001 0.34170665625 0.7285366140625 0.3669093671875 0.694849184375 0.3730335078125 0.6236972859375001 0.352929409375 0.6021342187500001
0 0.57704765 0.583731996875 0.5768599640625001 0.5723583750000001 0.5696493765625 0.584176065625 0.5651215984375 0.58296285 0.5664141375 0.5962501375 0.5618863609375 0.5950369234374999 0.5495665328125 0.6289410734375 0.5560873 0.6468644984374999 0.551638846875 0.6634663484375001 0.5576362203125 0.6561764343750001 0.5640486265625 0.6805413 0.5836689953125 0.6857985625 0.5875359859375 0.6924963859375 0.5809571499999999 0.723085971875 0.566940378125 0.74521209375 0.56944613125 0.7539716046875 0.58998366875 0.74976890625 0.60634754375 0.700772165625 0.6329511531249999 0.6739305812499999 0.646000465625 0.6191928484375 0.6433757250000001 0.5837107421875001 0.6361651359375 0.5955284328125 0.62313423125 0.592845621875 0.6196029484375 0.5999875125 0.61116851875 0.5831689421874999 0.597693546875 0.573087859375 0.58989086875 0.5750411859375 0.5845939453125 0.5857540218749999 0.5840018546875 0.5758896578125 0.57704765 0.583731996875
0 0 0.772311678125 0.0032707234375 0.7721153593750001 0.006249578125 0.7640166359375 0.008607309375 0.7703100546874999 0.0175835390625 0.75492141875 0.0143773359375 0.7427389859375 0.0197139234375 0.7409336828125 0.014890101562499999 0.7347882859375 0.0191218328125 0.73106931875 0.009770234375 0.7237107078125 0.0244874546875 0.705007509375 0.021685656249999997 0.6913158171875 0.029369346875 0.66263989375 0.042360589062499995 0.656415171875 0.049481225000000004 0.5936183796875001 0.055518262500000005 0.5952359984375 0.0756011046875 0.5504709906249999 0.0769913765625 0.5241527984375 0.0665058875 0.5391370296875 0.0630433015625 0.530929946875 0.07242393593749999 0.5140320515625 0.075886521875 0.522239134375 0.080482996875 0.5081033749999999 0.09457909375 0.50379231875 0.10819146093750001 0.48317545468749995 0.0973596359375 0.451155934375 0.1086829703125 0.4088966796875 0.09074891874999999 0.3822534078125 0.0828378796875 0.39064817500000004 0.07121850156250001 0.4279752484375 0 0.66888653125 0 0.772311678125
0 0 0.6632293640625 0.0780933828125 0.40231784375 0.0826501953125 0.3792745515625 0.0732192703125 0.3541008765625 0.0788809375 0.33297125 0.107802615625 0.3035155515625 0.120220175 0.23000592343749998 0.1080483703125 0.26637616406250003 0.09954524218750001 0.2649065671875 0.09744389375 0.2546377984375 0.089720540625 0.27440618906249997 0.0804086046875 0.27595511093749997 0.0789680421875 0.26020173281250003 0 0.50318236875 0 0.6632293640625
0 0.442548615625 0.2314485703125 0.4238163828125 0.2409878546875 0.43122528281249994 0.273707825 0.42718123593749996 0.28880041562500003 0.4524342359375 0.29718455625 0.45305535937499997 0.2827924140625 0.4868298953125 0.2352256078125 0.4733152609375 0.216236990625 0.45358653281250005 0.21742117031250002 0.442548615625 0.2314485703125
0 0.511093871875 0 0.5133697390624999 0.009399796875 0.49986573281249996 0.023575218749999998 0.4939583109375 0.0818442328125 0.5048772390625 0.041094237500000005 0.52967554375 0.0089160671875 0.5306169671875 0 0.511093871875 0
0 0.7259400296875 1 0.8180850390625001 0.6410384859375 0.8280074734375 0.591933384375 0.820717559375 0.5859360109375 0.812145734375 0.5998153875 0.78306540625 0.59364095625 0.7794257640625 0.6072242890624999 0.77441425625 0.58970526875 0.7674997140625 0.6064551421875 0.7515112078125 0.6781991281249999 0.7581006718750001 0.6807735796875 0.758140334375 0.6896811125 0.748138575 0.7209711484375 0.7428019890625001 0.7227764515625 0.7444989328125 0.7345544796875 0.73794913125 0.7408875609375001 0.74126369375 0.746628553125 0.72622139375 0.784656075 0.685347478125 0.9613477500000001 0.6736851015624999 1 0.7259400296875 1
0 0.669104246875 1 0.6832461296875 0.95107898125 0.76194640625 0.621143328125 0.7618670812499999 0.6033282640625 0.7516670109375 0.5900806390625 0.710216565625 0.5757387875 0.6925495234375 0.5782842031250001 0.6897980140625 0.60666408125 0.687440284375 0.6003706625 0.6761856484375001 0.62728094375 0.674232321875 0.619478265625 0.670553015625 0.624154065625 0.65408078125 0.6795922484375 0.6300912859375 0.7087519015625 0.62380849375 0.7442736703125 0.5760384421875 0.8802946734375 0.5730702140624999 0.9215574343749999 0.5532831296875 1 0.669104246875 1
0 0.9159673125 0.5564590578125 0.8917108078125 0.5564300234374999 0.87109394375 0.54281765625 0.8481986750000001 0.5407269359375 0.8385722859375001 0.59476421875 0.8446489859374999 0.6052893703125 0.8531521124999999 0.606758965625 0.8976897734374999 0.6065606531250001 0.9154651749999999 0.597573796875 0.9230405062499999 0.5753393140624999 0.9159673125 0.5564590578125
0 0.8639414265625 0.5061223359375 0.8924296640625 0.502432403125 0.9053706171875 0.45413611249999997 0.8948745 0.4359563046875 0.8808867640625 0.433825921875 0.8714664671874999 0.44181628437500003 0.8585255140625 0.49011257500000005 0.8639414265625 0.5061223359375
0 0.2640070421875 0.3906637359375 0.26732160625 0.39640472656250003 0.289505796875 0.3619084875 0.2952361609375 0.3254298859375 0.28331011093749997 0.3246607390625 0.2640070421875 0.3906637359375
0 0.23067942187499998 0.569377434375 0.2407895421875 0.53164595625 0.23033308749999998 0.52237368125 0.24445821875 0.49380611874999997 0.2400388015625 0.4861514640625 0.244891659375 0.46804035468749994 0.23568808125000001 0.46314783437499996 0.225971740625 0.46620601562499997 0.2138686328125 0.48722728281250005 0.22502553593750002 0.4999224796875 0.21027927968750001 0.542882184375 0.2087409859375 0.5667342859375 0.221811553125 0.5783246281250001 0.23067942187499998 0.569377434375
0 0 0.882854684375 0.1262927046875 0.9166947125 0.13446012499999999 0.9043245953125 0.21329001875000003 0.634275575 0.2190600453125 0.60670450625 0.2028229359375 0.5918392625 0.19465551718750002 0.60420938125 0.18681317656250002 0.597255175 0.17452238281250002 0.60690281875 0.147059675 0.5946913515625 0.12884020624999998 0.5962799359375001 0.13079353124999998 0.6040826140625 0.1097035671875 0.6073284796875 0.10113174218750001 0.6212078562500001 0.096011875 0.610130278125 0.0869959828125 0.61661138125 0.061034753124999994 0.6953889 0.0372329421875 0.735922175 0.028473432812499998 0.738427928125 0.00849895 0.776751496875 0.0056681171875 0.787316309375 0.0146946359375 0.81399924375 0 0.8224831953124999 0 0.882854684375
0 0.8765593828125 0.1390685484375 0.8861277031249999 0.1335442765625 0.89774708125 0.0962172046875 0.8833152765625 0.0866885484375 0.8731945296875001 0.0912559875 0.8656192 0.11349046874999999 0.8672077843749999 0.1317099390625 0.8765593828125 0.1390685484375