0 0.6356608609375 0.49129682656250007 0.6427455015625 0.592611925 0.6363689609375001 0.6134199171875 0.6067972312500001 0.6609109234375 0.60038791875 0.7036496234375 0.6033635421875 0.7238036484375 0.6192446921875 0.7493204921875 0.6163125234375 0.774586578125 0.6317576953125 0.793868646875 0.62259075 0.819570709375 0.6253156125 0.8585380546874999 0.6491319984375 0.8631379140625001 0.6430443296874999 0.8768772859375 0.62716851875 0.8850358500000001 0.6247050984375 0.8946060031249999 0.6269939828125 0.9273385734374999 0.641828640625 0.9826885890625 0.6554590203124999 0.9872175640625 0.725491246875 0.98075411875 0.735710025 0.95889429375 0.7256497609375 0.83742516875 0.7186847953125 0.8050195828125 0.7084606765625 0.7932039984375 0.7023569859375 0.70591714375 0.6936153359375 0.6705031640625 0.69225326875 0.539027909375 0.682269228125 0.4410481875 0.67400166875 0.42361368437499997 0.654027521875 0.4179619921875 0.6439886203125 0.4311945046875 0.6469642421875 0.45134852968750006 0.6356608609375 0.49129682656250007
0 0.3471058765625 0.64304505625 0.36443672656250004 0.6668942125 0.371477915625 0.7227892 0.39167005312500003 0.7315582796875 0.39351761875 0.724380665625 0.381298828125 0.7064393015625 0.3784649703125 0.6659132609375 0.387779021875 0.65351459375 0.4097806125 0.6433613578124999 0.4261960546875 0.6093208531250001 0.4067615375 0.577787221875 0.40023255 0.5516164109374999 0.39179579531250003 0.6101600375 0.3950984015625 0.6349901453125 0.3471058765625 0.64304505625
0 1 0.6286405937499999 0.993375390625 0.5445987624999999 0.9650688671875001 0.34139082187500003 0.9475634812499999 0.35984438750000003 0.9418409078125001 0.39000454218749997 0.9506153265625 0.40348781562499997 0.954135921875 0.431435309375 0.9433012875 0.4556876734375 0.9406961015625 0.48562983906249996 0.9513013390625 0.6148924328125001 0.986299978125 0.95860080625 1 0.9598587234375 1 0.6286405937499999
0 0.570120221875 0.24840203125000002 0.591331421875 0.2829440546875 0.5905738 0.30570860624999996 0.6189191609375 0.2966780859375 0.6164885109375 0.28431753125000003 0.6300045546875 0.253612403125 0.606945790625 0.22624799218749997 0.5901980234375 0.22193700624999999 0.5815707109375 0.2217571296875 0.569248265625 0.23593247968750003 0.570120221875 0.24840203125000002
0 0.2466191640625 1 0.24671614062499997 0.9993533390625 0.2349881890625 0.876434515625 0.2209393078125 0.5187306671874999 0.1999514375 0.5209814390624999 0.19977156093749998 0.529608753125 0.19136223593749999 0.5325462625 0.1858141984375 0.5204036953125 0.1725108046875 0.5205508015625 0.17008015468749998 0.5081902453125 0.167736409375 0.5866699093750001 0.1919934484375 1 0.2466191640625 1
0 0.11709063125000001 0.3215883046875 0.1071934953125 0.314448803125 0.10204866562499999 0.33047171875000003 0.0936012296875 0.3216645296875 0.0883092921875 0.32438405000000003 0.080308515625 0.38916245312500003 0.086009 0.448283825 0.072710946875 0.48210633906249994 0.0789510625 0.5153457703125001 0.1299192109375 0.5274448859375 0.1430754984375 0.513994384375 0.148585425 0.51439225 0.149964240625 0.52291056875 0.1550381890625 0.517073659375 0.1514848234375 0.5110568734375 0.1592348390625 0.465091790625 0.1529459296875 0.352756840625 0.1406074640625 0.2659059640625 0.129015209375 0.3129228796875 0.1221264671875 0.3040066953125 0.11709063125000001 0.3215883046875
0 0.20441098281249998 0.06957074375 0.21510384999999999 0.06569039374999999 0.2213005140625 0.053509715624999996 0.22046132968749999 0.01910945625 0.193963534375 0.0209623625 0.1964704078125 0.056812321875 0.20441098281249998 0.06957074375
0 0.8879417703125 0 0.8937622031249999 0.083236071875 0.9286304843750001 0.290684115625 0.9330176937499999 0.2974257515625 0.9587906390625 0.2964066890625 0.9629270890624999 0.321961646875 0.956273084375 0.1932059140625 0.94560230625 0.10780473593749999 0.93595593125 0.0818519140625 0.931923134375 0.0241802421875 0.9410573093749999 0.0204088875 0.9381197984374999 0.0119995625 0.9310511781249999 0.0117106921875 0.9372792750000001 0 0.8879417703125 0
0 0.75210555625 0.342185828125 0.7350361484375 0.36687416875 0.7467313296875 0.5117237015625 0.7532930875 0.5159638046875 0.7481482578125 0.5319867203124999 0.7525080375 0.5943344734375 0.7882696375 0.9489537046875001 0.795087496875 0.968055896875 0.8749078656249999 0.9671732593750001 0.8894429718750001 0.962241078125 0.8855953937500001 0.9296175015625 0.8916449500000001 0.904133428125 0.878532840625 0.7390208765625 0.8692462187500001 0.695813428125 0.8784787062499999 0.6262499484374999 0.8657477140625 0.57858440625 0.8726692281249999 0.565569884375 0.8707073265625 0.5375133953125 0.877737834375 0.5260575656250001 0.8647781718750001 0.40792381874999994 0.8507826984375001 0.3869740609375 0.8478070765625001 0.366820034375 0.8512133359374999 0.3595334265625 0.8547667015625 0.36555021249999997 0.863900875 0.36177885781249997 0.85918668125 0.350361140625 0.8661463062499999 0.34909131875 0.86618441875 0.3608360203125 0.8727461765625 0.3650761234375 0.8703917515624999 0.37620496875 0.8760106703125 0.3781615296875 0.8815533671875 0.3566286875 0.8727408359375 0.3314007140625 0.8514640953124999 0.34072010625 0.839174421875 0.3329647484375 0.824089003125 0.296428053125 0.7972969953125 0.27167417031249996 0.75608421875 0.28708657187500003 0.746808278125 0.311229940625 0.75210555625 0.342185828125
0 0.6131257046874999 0.3370242484375 0.5920997234375001 0.3275303203125 0.5868077875 0.33024984218750003 0.5918108515625 0.334598940625 0.584235371875 0.3382613 0.5891294421875 0.3410517046875 0.578436575 0.344932053125 0.5839518406249999 0.379005328125 0.5716675078125 0.4049253796875 0.595009803125 0.3915457625 0.6122644312500001 0.3919055171875 0.614220990625 0.386286596875 0.60599154375 0.38059679375 0.6192949375000001 0.38044968749999997 0.6219763484375 0.3739969234375 0.64104576875 0.389109771875 0.6543163921875 0.41089337343750004 0.6730207187499999 0.4095854390625 0.6726121703125 0.347744546875 0.6598865203125001 0.3337544140625 0.6480709359375 0.3439785328125 0.638609778125 0.34307380625 0.617327696875 0.31871778906250003 0.602394725 0.32915989687499997 0.6173658078125001 0.330462490625 0.6131257046874999 0.3370242484375
0 0.5366804109375 0 0.5309356140625 0.0240263421875 0.5425385484375 0.044360245312500005 0.563815290625 0.035040853125 0.5812170234375 0.048704003125 0.5913374890624999 0.0926363015625 0.6025318765625001 0.051129310937500005 0.6181188140625 0.050039367187499996 0.6335639875 0.0693214359375 0.646322409375 0.061380860937500004 0.642030240625 0 0.5366804109375 0
0 0.3500404890625 1 0.35013490625 0.9999531718749999 0.338788071875 0.9944813578125 0.3405266421875 0.98574505 0.3475952625 0.9860339218749999 0.337807121875 0.9804531125 0.33494049375 0.96185778125 0.33257538593749997 0.9056358093749999 0.338483178125 0.90052375 0.3226347984375 0.8530761968749999 0.321108875 0.8312544828125 0.32679867812499996 0.8230250359375001 0.3178611296875 0.6952121421874999 0.313364925 0.6869118125 0.30140223593750004 0.6838325359375 0.2982467359375 0.672305825 0.26623901562499996 0.6737608640625 0.24981823281249999 0.674125959375 0.24101104218749997 0.6825733953124999 0.23695081562500003 0.6805078421874999 0.2414089078125 0.6770634703125 0.23506513906249998 0.6759407546875 0.24961554062500002 0.9960179625000001 0.2505687734375 1 0.3500404890625 1
0 0.23921833750000002 0.578538775 0.25346457031249997 0.5806752125 0.24599808437499998 0.5858962671875 0.2508921546875 0.588686671875 0.2486467234375 0.6013742109375 0.2553555890625 0.618917709375 0.294322934375 0.616192846875 0.2986720328125 0.61118978125 0.31146856562499997 0.6149939078125 0.32245030625000004 0.6040449390625 0.319976203125 0.5462642734375 0.29061178125 0.529521846875 0.257045365625 0.5310858828125 0.23671146406250002 0.5426888171875001 0.23921833750000002 0.578538775