0 0.0958307859375 0 0 0.4491214390625 0 0.9040933125 0.092063815625 0.92366208125 0.1634375046875 0.5953904828125001 0.17895688437499999 0.477286284375 0.20244290468749998 0.3592780390625 0.2569018109375 0.163190703125 0.29158906562500003 0 0.0958307859375 0
0 0.3950897109375 0.4449537828125 0.3928156765625 0.455652271875 0.36436768750000004 0.4767613875 0.3603733890625 0.5030682953125 0.3696284984375 0.5234057109375 0.3913503390625 0.526425425 0.3988961625 0.536016375 0.41941451093750004 0.53718286875 0.4382715484375 0.523619578125 0.4438202234375 0.5463639812500001 0.44259477187499996 0.597220534375 0.45881591562499996 0.573512521875 0.48338751718750006 0.5180339046875 0.48543264375 0.50089713125 0.4779347984375 0.48732286093750005 0.4532042234375 0.47967010312499997 0.45937660156250004 0.450631346875 0.447160734375 0.42167756562500003 0.42442730937500006 0.40087135468749996 0.3975666328125 0.391967128125 0.3802859265625 0.4018719609375 0.362536428125 0.4252551109375 0.3642457140625 0.43600157812500007 0.38573864687500004 0.43258300624999996 0.3950897109375 0.4449537828125
0 0.3330878328125 0.40222284375 0.325542009375 0.39263189375 0.3133151640625 0.390032996875 0.304097053125 0.39206714531250003 0.2984414453125 0.403644265625 0.3340294828125 0.47670243125 0.345931465625 0.4808296828125 0.36280233281249996 0.45406496093750004 0.36035834843750003 0.4279869609375 0.36721744843750004 0.41826305625 0.37446036718750003 0.37667259375 0.38600049062499997 0.3599566359375 0.39765852343749997 0.28256426874999996 0.40744138281250003 0.2590851640625 0.39953369843750003 0.22865100468750002 0.3892080484375 0.22086529531250002 0.379244259375 0.23392279375 0.34742973906249996 0.3309918765625 0.34759969062499996 0.36776836562500004 0.33924923281249997 0.399538971875 0.3330878328125 0.40222284375
0 0.3897300921875 0.635503421875 0.37950039687500003 0.619751071875 0.3636630703125 0.6115925234375 0.350136778125 0.61510705 0.32937854375 0.6338571546875 0.3197286390625 0.6717411828125 0.3252293359375 0.6984689078125 0.3480107375 0.7152917984375 0.3584693421875 0.7374824328125 0.3764477484375 0.7205375671875001 0.393510525 0.6778395640625 0.3897300921875 0.635503421875
0 0.5862780953125 0.47361157499999995 0.560487959375 0.4521556390625 0.5467327578125001 0.44923188124999996 0.5266722265625 0.46094195625 0.5008711109374999 0.46584090624999996 0.50183471875 0.48761072343749995 0.5383713218749999 0.507357371875 0.5621862656250001 0.48925699062500005 0.5808513953125 0.4916269796875 0.589190875 0.4862112578125 0.5862780953125 0.47361157499999995
0 0.5257976578125 0.5589966015625001 0.5315862171875 0.56182440625 0.5505392109375 0.5402944734374999 0.5476374093749999 0.5013399046875 0.5603330484375 0.49046048437499995 0.585761325 0.4910732109375 0.5901654609375 0.4816261921875 0.560487959375 0.4521556390625 0.5467327578125001 0.44923188124999996 0.52852544375 0.4597384625 0.507357371875 0.461628678125 0.49859707656249996 0.4765393953125 0.5045665671874999 0.489788803125 0.5337862546875 0.5063827859375001 0.5223790859374999 0.53750366875 0.5257976578125 0.5589966015625001
0 0.4941819609375 0.5123412984375 0.503581003125 0.5207287546875 0.5125222296875 0.51623964375 0.5154459874999999 0.5024844421875 0.50391684375 0.492845515625 0.4941819609375 0.5123412984375
0 0.6551020765625 0.4842470453125 0.6457510125 0.47187626875 0.6226817453125 0.47895329843749995 0.6211903890625 0.5010000015625 0.633971003125 0.5085088265625 0.653152903125 0.49341717812499997 0.6551020765625 0.4842470453125
0 0.6995203437499999 0.48570140312500004 0.7015544921875 0.4949195140625 0.731099040625 0.5099851421875 0.7513144828125 0.45997022187500003 0.7673396546875 0.350759271875 0.7381939656250001 0.37890841875 0.74067495 0.42735798281250004 0.727547515625 0.47408728437500003 0.6995203437499999 0.48570140312500004
0 0.9343540875 0.1474469125 0.9485301046875 0.140875675 0.957072471875 0.0931717875 0.95318510625 0.0851571703125 0.8376318250000001 0.061394265625 0.8293183656249999 0.1155364375 0.83320573125 0.12355105468750001 0.9343540875 0.1474469125
0 0.9231758265625001 0.185006078125 0.9276169609375 0.197930625 0.9361853484375 0.1989531875 0.9504573203125 0.18441531093750002 0.9543556640625 0.1660750421875 0.95204463125 0.15440196718750002 0.9429224749999999 0.14846947500000002 0.9312014218750001 0.154763828125 0.9231758265625001 0.185006078125
0 1 0.0952657609375 0.999035775 0.09490303125 0.9847158265625 0.113424228125 0.9827076984374999 0.15293256718749998 1 0.1594084796875 1 0.0952657609375
0 1 0.0954704484375 0.99750741875 0.09457816875 0.98536555 0.1103675171875 0.9813712515624999 0.136674425 0.96371770625 0.15209093437500001 1 0.16307561406249999 1 0.0954704484375
0 0.92180238125 0.14637637187500002 0.9432473359375001 0.1469411203125 0.953440034375 0.1403219046875 0.9559169546874999 0.08733525 0.8361034703125 0.061069404687499995 0.826357609375 0.10692007343750001 0.83288086875 0.125079409375 0.92180238125 0.14637637187500002
0 0.4734814734375 0.17008965625 0.4557579953125 0.24219925468749998 0.4887320953125 0.25240293125 0.5073821828125 0.179691584375 0.4734814734375 0.17008965625
0 0.5185096140625001 0.3753430625 0.5211934859375 0.38150446250000003 0.5386071453125 0.386004553125 0.5525542546875 0.37299503125 0.56002608125 0.3378428515625 0.5603359015625 0.2612331609375 0.5484818953125 0.2531225890625 0.541345909375 0.260391528125 0.5185096140625001 0.3753430625