0 1 0.10270682812500001 0.9122230703125 0.082818940625 0.862663540625 0.29748484531249997 0.827392553125 0.50582791875 0.7650669359375 0.727168140625 0.7034077515625 1 0.8976365265625 1 1 0.5550281015625 1 0.10270682812500001
0 0.5764100171875 0.5753702484375001 0.5873021656249999 0.5698668984374999 0.608265025 0.57631015625 0.6252479671875 0.5617895749999999 0.6327456828125 0.53625935625 0.615884146875 0.5051053609375 0.6183445484375001 0.4944481890625 0.6320476078125 0.4871883875 0.65008206875 0.49936997187500004 0.65664085625 0.4952715875 0.6499684984375 0.4616591484375 0.6384928234375 0.44537917812499994 0.61038569375 0.4420973359375 0.5809891281249999 0.45134660625 0.557681396875 0.4724249953125 0.5510031625 0.50135160625 0.5253554546875 0.4978357671875 0.5128233640625 0.5069695078125 0.5074345640625 0.5233650062499999 0.5097686640625 0.6104982859375 0.5459629109375 0.547494178125 0.557321096875 0.5677560234375 0.5764100171875 0.5753702484375001
0 0.7251532109375 0.4902421078125 0.715667984375 0.4792324703125 0.6877948515625001 0.4784100515625 0.6943565765625 0.44304214062499997 0.7105210171875 0.4147019921875 0.7088840125 0.3870628578125 0.721422959375 0.3049668921875 0.71615360625 0.296534165625 0.7016310671875 0.3003975734375 0.6864045765625 0.3177290640625 0.6849966734375 0.3446652265625 0.6625035265625 0.42125588281250004 0.665546475 0.4428052046875 0.654417390625 0.47711865781249996 0.6561728609374999 0.490352740625 0.6430533281249999 0.5193958609375 0.6477352375 0.54773796875 0.66811359375 0.54282108125 0.72304429375 0.49937682656250004 0.7251532109375 0.4902421078125
0 0.558941453125 0.772589134375 0.5604658640625 0.7520942703125 0.595369696875 0.7120444499999999 0.57113185 0.660746096875 0.5550878375 0.65383484375 0.533069540625 0.662382121875 0.5222939 0.6743267703125 0.5026146 0.7178914515625 0.5034321234375 0.74213419375 0.51443784375 0.7743416671875 0.5345831796875 0.7565421828125001 0.5359881453125 0.76087554375 0.515485446875 0.8427365328124999 0.513844525 0.8567900984374999 0.5205188421875 0.8695561859375 0.5314109921875 0.8640528359375 0.5378562078125 0.8222436265624999 0.558941453125 0.772589134375
0 0.3047231015625 0.3803493671875 0.3129257484375 0.33092789218749996 0.33529846874999997 0.28958863749999997 0.3211313328125 0.2502368921875 0.2891490421875 0.35751061093750003 0.28516226875 0.409508996875 0.3194767 0.4102149078125 0.32521600624999997 0.4027201296875 0.3047231015625 0.3803493671875
0 0.2332464140625 0 0.229336709375 0.005342209375 0.2251188765625 0.0236116484375 0.231909703125 0.0428190359375 0.24010745312499998 0.0455134359375 0.2495946375 0.0356767234375 0.2551019046875 0.0048761734375 0.25145888437499997 0 0.2332464140625 0
0 0.1439756453125 0 0.142554915625 0.00615385625 0.1448948921875 0.030748085937500003 0.15695800937499998 0.027118675 0.173706953125 0.0101386703125 0.17604765 0 0.1439756453125 0
0 0.0468018921875 0.7577846109374999 0.041414071875 0.763756934375 0.010131815625 0.899255271875 0.040932365625 0.9047625390625 0.069638690625 0.7630569015625001 0.0468018921875 0.7577846109374999
0 0.089780109375 0.7869501156250001 0.07560905625 0.7892910718749999 0.0645984390625 0.809199471875 0.0643634625 0.817163225 0.07478565781249999 0.827587378125 0.08649728906250001 0.8254804218749999 0.0971564203125 0.8070944734375001 0.089780109375 0.7869501156250001
0 0.083329996875 0.8808752 0.0764216828125 0.8656496890625001 0.06389057031249999 0.864360253125 0.05030402187500001 0.8780613531249999 0.0483116140625 0.8936373718749999 0.057327865624999995 0.9101513390625 0.070092975 0.913900196875 0.08063461718750001 0.899496125 0.083329996875 0.8808752
0 0.114506515625 0.6242806390625 0.1033764515625 0.669017265625 0.1304291234375 0.6768664671875 0.1399153296875 0.6774529312500001 0.14975693750000002 0.634824240625 0.114506515625 0.6242806390625
0 0.63148954375 0.19440251718749998 0.6148512328125 0.28036287031249996 0.6566604421875 0.2868080875 0.6738842375 0.20178470312500002 0.63148954375 0.19440251718749998
0 0.5603953828125 0.2557637453125 0.5462243296875 0.25810469999999996 0.514831440625 0.3246226890625 0.505692803125 0.3642064734375 0.5116641484375 0.38001746875000003 0.5355554046875 0.3807223984375 0.56414228125 0.2638449859375 0.5603953828125 0.2557637453125
0 0.48088514218749995 0.14520035 0.46869964062499997 0.2049275125 0.498329225 0.208560840625 0.50957775625 0.1494191625 0.48088514218749995 0.14520035
0 0.492333396875 0.4533292203125 0.479101271875 0.43423834218749996 0.4669216453125 0.431426453125 0.4329577203125 0.43962126562500004 0.42499298906250005 0.4498094640625 0.427568921875 0.456016765625 0.44818029375 0.463982475 0.4609434453125 0.48857768281249997 0.5035731140624999 0.4879961171875 0.5136467625 0.4686732 0.492333396875 0.4533292203125
0 0.466681771875 0.49150608125 0.5001767218750001 0.48881559843750005 0.5111863609375 0.479330371875 0.51071934375 0.46398835156249996 0.4911624296875 0.45145528125 0.479101271875 0.43423834218749996 0.4653991921875 0.43107496718749994 0.4329577203125 0.43962126562500004 0.42569596093750006 0.4467645578125 0.42604646874999996 0.45566527968750004 0.4493512609375 0.46585641562499996 0.4562595765625 0.4810819265625 0.43716673906250003 0.5151604015625 0.44524504218749994 0.542683028125 0.45168634062499996 0.54256651875 0.463867925 0.52453205625 0.466681771875 0.49150608125
0 0.3939604 0.4209964234375 0.379790325 0.412914203125 0.3660872671875 0.4201740046875 0.3639783515625 0.42930872343750004 0.3749850515625 0.4510930234375 0.3897415875 0.44968903750000006 0.3978238078125 0.43551896250000005 0.3939604 0.4209964234375
0 0.172856134375 0.340283878125 0.176608909375 0.28582606875 0.1673567015625 0.2876990296875 0.15786853750000002 0.307958915625 0.1329110703125 0.43689944531249997 0.1415777953125 0.43408951562500003 0.162899975 0.35562492031250004 0.172856134375 0.340283878125