0 0.315303646875 1 0.27324458749999997 0.8430334515625001 0.206575871875 0.642518709375 0.159715209375 0.425373084375 0.07045011875 0.09826826250000001 0 0.117145315625 0 0.5645208312500001 0.11705129843749999 1 0.315303646875 1
0 0.3535448390625 0.6597551593750001 0.3821201828125 0.7362146093749999 0.378617934375 0.753329225 0.409305253125 0.7863558671875001 0.4184004703125 0.77502190625 0.4030040546875 0.6934135546875 0.4032710640625 0.6642248671875 0.37674678125 0.61956821875 0.354916703125 0.6286528078125 0.3582603015625 0.647168321875 0.3535448390625 0.6597551593750001
0 0.3081006359375 0.61693285 0.3193262375 0.6195866265625 0.3443228546875 0.6072271359375 0.35734313281249996 0.6377083625 0.3543536484375 0.662773678125 0.38090696875 0.7316868328125 0.3813404078125 0.757452596875 0.4089008484375 0.7848466078125 0.4175916609375 0.7720033875000001 0.4013864359375 0.68737651875 0.4024622546875 0.6612063484374999 0.37472475625 0.6120219234375 0.37399527187500003 0.591188340625 0.36582785156250003 0.5788182234375 0.3681168859375 0.55717583125 0.35056883125 0.5279078187499999 0.3437229859375 0.52650691875 0.3321616765625 0.5376928578125 0.30335613906250003 0.6052631828124999 0.3081006359375 0.61693285
0 0.3680878515625 0.532919325 0.39296548124999997 0.54728243125 0.39881483281249996 0.5570384359375 0.388318715625 0.5752182421875001 0.36899439218749996 0.575543321875 0.36814592031250004 0.5814323359375 0.38326754687500003 0.60164479375 0.4033610171875 0.613245765625 0.4334378390625 0.598716228125 0.4498229703125 0.58138489375 0.46171998593749997 0.5563592421875 0.44352177031249995 0.48844258125 0.41949261250000003 0.46819046093749994 0.40454804375000003 0.4697684171875 0.367477353125 0.48536314531249997 0.360108115625 0.509175584375 0.3680878515625 0.532919325
0 0.43929003906249997 0.48472361406250003 0.4512054609375 0.5171185046875 0.47601439375 0.5161326374999999 0.48651051093750003 0.49795283125 0.4820620578125 0.48135098125000003 0.43869016875 0.40400339687500003 0.43386634687500003 0.41014879375 0.4417667578125 0.4517075984375 0.43929003906249997 0.48472361406250003
0 0.5026576656249999 0.5340666890625 0.5493257109374999 0.5482527390625 0.56552315625 0.5422950281250001 0.590303053125 0.5170526546875001 0.584601725 0.504830559375 0.5626632875 0.5074737078125 0.541356603125 0.4913449609375 0.5211838078125 0.4975590546875 0.50097135 0.5126806796875 0.5026576656249999 0.5340666890625
0 0.5341063515625 0.4884348015625 0.5449275484375 0.48957931875 0.550303796875 0.48247709062500005 0.5483610984375 0.45711573124999993 0.528307290625 0.436607228125 0.521273759375 0.4465799515625 0.5244296734375 0.4764690890625 0.5341063515625 0.4884348015625
0 0.51529479375 0.49671058125 0.51165515 0.48312725 0.5040004953125 0.4787078328125 0.49354404062499996 0.4879801078125 0.5042859125 0.5069396890625 0.51529479375 0.49671058125
0 0.32156574375 0.178185365625 0.3161498328125 0.1941951265625 0.33971366875000003 0.28817359531250003 0.32072505156250003 0.2746589609375 0.31114610468750004 0.3022987265625 0.3115795453125 0.3280644921875 0.337107334375 0.3810762453125 0.365555909375 0.39367371093750003 0.3809445453125 0.38469748125000003 0.4087139265625 0.33438979375 0.382218678125 0.31398965 0.366692646875 0.2922679328125 0.334665346875 0.190851528125 0.34681874375 0.16980122656250002 0.3488117328125 0.153091015625 0.32916232968750003 0.13409177187500002 0.3236777203125 0.134752559375 0.316200121875 0.15212355625 0.32156574375 0.178185365625
0 0.48883712187499995 0.1293210875 0.4959790125 0.1257898046875 0.49863278906249997 0.11456420468749999 0.49227067187499995 0.0968575 0.485020421875 0.093947340625 0.47622125000000004 0.10034912031250001 0.47246261875 0.113488384375 0.48883712187499995 0.1293210875
0 0.7399774921875 0 0.7466350109375 0.03193601875 0.76109585 0.0466638671875 0.769895021875 0.0402620890625 0.7693822578125 0.0323113875 0.7620950078125001 0 0.7399774921875 0
0 0.7472426609375 0.20324081718749998 0.7596814765625 0.21042237031250002 0.7709467390625 0.2041686140625 0.7724956609375 0.1948566765625 0.756565225 0.1716257 0.7495713578125 0.1726908921875 0.7431986140625 0.188148225 0.7472426609375 0.20324081718749998
0 1 0.8157217296875 0.9759537640625 0.8213578546875 0.9493395281250001 0.8276803078125001 0.9357165328124999 0.8402274828125 0.9501667453125 0.8881193703125 0.9576733781250001 0.8950048781250001 1 0.8796836125 1 0.8157217296875
0 0.8793108921874999 0.8893113296875 0.9062211734375 0.87805669375 0.913875828125 0.8824761109375 0.9059357562500001 0.8498248374999999 0.8858026234375 0.8471313984375 0.8727717187499999 0.849814209375 0.8662906140625 0.8588301015625 0.8793108921874999 0.8893113296875
0 0.807469171875 0.86569435625 0.8108127703125 0.8842098703125 0.8672077843749999 0.8682900609375 0.8668536687499999 0.8247092328125 0.858133821875 0.8132959468750001 0.8466121765624999 0.8155743531249999 0.833837653125 0.8222325140625 0.8427345578125 0.8554362140625 0.807469171875 0.86569435625