0 0.0262800921875 0 0 0.49406265625 0 0.9736999609374999 0.1633615390625 0.9822613765625 0.1825852828125 0.645305684375 0.1836836859375 0.41536053749999996 0.207206171875 0.20536632031250002 0.21796896562499998 0 0.0262800921875 0
0 0.3871977796875 0.47296558749999995 0.3624022265625 0.4982650609375 0.36257241093750003 0.5248729328125 0.3748950484375 0.5435121453125 0.39682184375 0.543096634375 0.405775121875 0.5513890781249999 0.42622333437500004 0.549331434375 0.4427264453125 0.5329852390625 0.46015230156250003 0.6035251609375 0.48641316874999996 0.5204106421875 0.485752334375 0.5031649218750001 0.476223315625 0.4909306953125 0.45060006093749994 0.4872408703125 0.452153784375 0.45759405624999994 0.4355589453125 0.4309077265625 0.40985059843749994 0.4139139671875 0.3819276921875 0.4093213015625 0.3664091984375 0.4218074875 0.350730471875 0.4522786859375 0.355905515625 0.45802615312499995 0.3765990515625 0.451287434375 0.3877702046875 0.46204307812499995 0.3871977796875 0.47296558749999995
0 0.3254309984375 0.4274831328125 0.298410934375 0.42059081562499995 0.2862584828125 0.42855947656250004 0.2857678328125 0.43792162812499996 0.326595753125 0.49482387968749997 0.34482940625 0.5051673296875 0.357142090625 0.47921365781249997 0.3525361546875 0.44767938437500004 0.35787143125 0.43544184062499997 0.3566315375 0.39939004218749996 0.3654964046875 0.3795142546875 0.36498585 0.2996906390625 0.3710571 0.273409865625 0.3611976625 0.2525527796875 0.34830260156250004 0.244836078125 0.340913 0.2514897046875 0.3303374953125 0.33386161406250003 0.321145528125 0.3599788359375 0.32887218125 0.3916766578125 0.3254309984375 0.4274831328125
0 0.368206090625 0.7457830265625 0.3747878953125 0.7993258703125 0.3694592546875 0.8412920046875 0.3784125328125 0.849584446875 0.388347109375 0.8391525859375 0.39064344218749997 0.8251911328125001 0.3934989296875 0.740849990625 0.3960439046875 0.73707175625 0.41050264218750004 0.7597345265625 0.42995960312500003 0.7318083046875 0.4374276609375 0.7087300234375 0.43051875781250004 0.661428615625 0.42345293906250003 0.6469765125 0.4046435421875 0.632691278125 0.387316046875 0.6349124703125 0.34987739218749997 0.67754275625 0.37238988281249996 0.7256619140625 0.368206090625 0.7457830265625
0 0.6948271234375001 0.454665584375 0.6982782578125 0.46345199375 0.73145798125 0.47223176875000006 0.7419583484375 0.421148809375 0.7407836421875 0.309215178125 0.7163185046875 0.3431375109375 0.7264299015625 0.3890421109375 0.7206923859375001 0.43881003906249993 0.6948271234375001 0.454665584375
0 0.887803196875 0.02667863125 0.8827099296875 0.0193708046875 0.7648619640625001 0.013976976562499998 0.7686534671875 0.07597912968750001 0.8738550140625 0.0838394765625 0.8868285328125 0.0751315234375 0.887803196875 0.02667863125
0 0.8686899234375 0.1226848921875 0.875098225 0.13475556875 0.8837210859375 0.13442515156249998 0.8955431203125 0.11783363124999999 0.8965244203125 0.09910932812499999 0.89241576875 0.0879414921875 0.882477875 0.083509059375 0.8718857812499999 0.09155949375 0.8686899234375 0.1226848921875
0 0.9550621687499999 0.027074235937500003 0.9295206890625 0.021824053125 0.9182743953125 0.0423573578125 0.9224714578125001 0.0816934234375 0.9534333046875 0.088009996875 0.9609831390625001 0.063371359375 0.9550621687499999 0.027074235937500003
0 0.9486770890624999 0.1190536203125 0.960096884375 0.1399924828125 0.9706922953125 0.1468063421875 0.9797207125 0.12380983593749999 0.9811108859375001 0.0972837390625 0.97601761875 0.0899759140625 0.96049580625 0.08759780625 0.9499037140625 0.095648240625 0.9486770890624999 0.1190536203125
0 1 0.072168146875 0.9675549906249999 0.07232131875 0.9600836140625001 0.0805353046875 0.96049580625 0.08759780625 0.97593584375 0.09153627187499999 1 0.093253159375 1 0.072168146875
0 0.8618278953124999 1 0.8681198234374999 0.8799428515625 0.8645869140625001 0.8727168000000001 0.841181534375 0.8714901765624999 0.8309589015625001 1 0.8618278953124999 1
0 0.8184469406250001 0.93210215625 0.8313386843749999 0.9249545625 0.8333079187499999 0.91723454375 0.8282113328125 0.8950624234375001 0.815234496875 0.88890608125 0.8025913953125 0.90623689375 0.8077697546874999 0.92684865625 0.8184469406250001 0.93210215625
0 0.82613246875 1 0.8280676874999999 0.9873689078125001 0.81878399375 0.9704536046875001 0.8063828984375 0.9682390468750001 0.79554548125 0.980970559375 0.7930038234375 0.9996130875 0.79314616875 1 0.82613246875 1
0 0.7972229453125 0.7698314921875 0.806503321875 0.7718825 0.8346715515625001 0.771794090625 0.8363037328124999 0.7257226218749999 0.7995126421875 0.72614145 0.7972229453125 0.7698314921875
0 0.41505101875 0.1654080671875 0.408171971875 0.25188530937500003 0.45013810625 0.25721395 0.4578382203125 0.16999741562499998 0.41505101875 0.1654080671875
0 0.52185936875 0.3814503125 0.5319574953124999 0.367897734375 0.5340836437500001 0.327328409375 0.522241703125 0.2547341625 0.5092648671875 0.24857782031250003 0.503435625 0.255313221875 0.49869931406249995 0.3755426125 0.52185936875 0.3814503125
0 0.5874264453125 0.16036008125 0.581937571875 0.220311228125 0.6114208359375 0.22498566874999998 0.6161704171875 0.16421345625 0.5874264453125 0.16036008125
0 0.581087809375 0.46043959218749997 0.5506983859375 0.44320050625 0.5382155171874999 0.44254630781250004 0.520233821875 0.45725037031250004 0.49551672656249995 0.46612518906249994 0.4998740203125 0.48747624375000004 0.5406919875 0.4997856109375 0.5597400734375 0.4796611796875 0.58174864375 0.47768531249999996 0.585935753125 0.47242849375 0.581087809375 0.46043959218749997
0 0.527970428125 0.5335410765625 0.534709146875 0.5542346125 0.54086880625 0.556122071875 0.556220434375 0.5318923078125 0.547260521875 0.49387127499999994 0.5580979390625 0.4811397640625 0.583309003125 0.4777670875 0.5860993031249999 0.46930777656249995 0.581087809375 0.46043959218749997 0.5522587453125001 0.44328228125 0.5382155171874999 0.44254630781250004 0.5218759562499999 0.4557717859375 0.49962206093750006 0.4624287296875 0.4949443015625 0.47704769999999996 0.5029129625000001 0.4892001515625 0.5343687781249999 0.50101886875 0.527970428125 0.5335410765625
0 0.633652671875 0.4874463859375 0.6502375578125 0.46953983125 0.6507282062499999 0.4601776796875 0.6395570546875 0.4494220359375 0.6237081421874999 0.45328536250000007 0.6159914421875 0.466180425 0.61985476875 0.4820293359375 0.633652671875 0.4874463859375
0 0.870261396875 0.540527275 0.8818115671875001 0.4097024734375 0.878275340625 0.387612128125 0.8698978046875 0.38326146875 0.8584945968750001 0.43664407968749996 0.8638365078125 0.454135125 0.8627049281250001 0.535437325 0.870261396875 0.540527275