0 0.79913185625 0 0.8029253031250001 0.217326421875 0.8190774968750001 0.426451378125 0.812068453125 0.6516079953125 0.8196027109375 0.993716109375 1 0.9905672624999999 1 0.5168554296875 0.9905740171874999 0 0.8684569703125 0 0.8609396515625001 0.0045627765625 0.8613661562500001 0 0.79913185625 0
0 0.7192563437499999 0.43757019062499997 0.7123528296875 0.4001849796875 0.7167941921875001 0.38604281406249996 0.714858065625 0.275122209375 0.6988264046875 0.2519609734375 0.6885762578125 0.24667030781250002 0.6816415218749999 0.2522609359375 0.6759378609375 0.28361525468750004 0.67543910625 0.3445707421875 0.669544559375 0.3649892265625 0.6768571140625 0.42580836875 0.6621383359374999 0.43309760624999993 0.6527102250000001 0.4301366984375 0.6427055046875 0.438906390625 0.6477195234375 0.4575717265625 0.69556908125 0.512995078125 0.7080126390625 0.5096523984375 0.7139617234375 0.4923584390625 0.7192563437499999 0.43757019062499997
0 0.5757191234375 0.4510148078125 0.5766269203125 0.41349325 0.5647872421875 0.40666759218750004 0.543764878125 0.4109413828125 0.5434609609375001 0.438294603125 0.53082651875 0.4307014484375 0.5152038984375 0.43097414218749996 0.5051991765625 0.43974383437500003 0.5118027265625 0.4599441640625 0.5580627546875 0.5138325218750001 0.5720685734375001 0.5104625734375 0.5821863265625 0.46340382656249995 0.5757191234375 0.4510148078125
0 0.6364758187499999 0.529653934375 0.6330592375 0.4234473875 0.6227545531249999 0.41503219687500004 0.6023906078125 0.41226217500000006 0.5892613625 0.42108640625 0.584929078125 0.44147762031250004 0.592191046875 0.454634134375 0.6055929875 0.46143252500000004 0.608935665625 0.47387608124999997 0.5905430234375 0.4945127203125 0.5847575546875 0.521180253125 0.600076259375 0.548260778125 0.6235101890625 0.5478517375 0.6355680218749999 0.5671754921875001 0.6526983656249999 0.56375100625 0.6600188265625 0.5354939421875 0.6364758187499999 0.529653934375
0 0.6438350046875 0.6826738046874999 0.6063174 0.6372279062499999 0.5891052484375 0.6359656078125 0.571371025 0.6495584328125 0.5638051390625 0.6637551375 0.5552223796875 0.709224353125 0.5619350062499999 0.7356737296875 0.5804055031249999 0.764261978125 0.5964683875000001 0.744447375 0.597968203125 0.8303717859375 0.6077508171875 0.8536421000000001 0.618523034375 0.8440776421875 0.6211918859375001 0.7283884453125 0.6438350046875 0.6826738046874999
0 0.1916330859375 0.0232778875 0.19193305 0.0404627703125 0.20648425625 0.06833806249999999 0.229150690625 0.0687237875 0.23594907968749998 0.055321846875000004 0.22490812187500003 0.0047255828125 0.201474190625 0.0051346234375 0.1916330859375 0.0232778875
0 0.25666752656249997 0.078401275 0.24630830312500002 0.0668615609375 0.23383747656249998 0.068641978125 0.2239691015625 0.08522298125 0.23876573437499998 0.12715863125 0.25282609218749996 0.12691320625 0.2571856453125 0.1080842546875 0.25666752656249997 0.078401275
0 0.0274319578125 0.0167676015625 0.031183676562500002 0.0526450890625 0.043214240625 0.07040658125 0.12061438437500001 0.0729624015625 0.16268638124999998 0.06597708125 0.15460633125 0.0059527046875 0.0655573953125 0.007507059375 0.0274319578125 0.0167676015625
0 0.165070678125 0.06827957031250001 0.14728191562499998 0.0787478703125 0.146237771875 0.10845811875 0.15585676875 0.1223548609375 0.16824578750000002 0.11588765781249999 0.1742221421875 0.10015595937499999 0.165070678125 0.06827957031250001
0 0.2815775515625 0.43114526093750005 0.277634946875 0.3843319390625 0.289260421875 0.3341213984375 0.26602133125 0.300928171875 0.2607227578125 0.400254521875 0.2696521125 0.46417091875 0.2813827125 0.46474752812500003 0.30690097656250004 0.4494560953125 0.2815775515625 0.43114526093750005
0 0.1537210390625 0.7162325843749999 0.15604684375 0.7599486515625 0.19354113281250002 0.7592941859375 0.1903932921875 0.7132483609375 0.1537210390625 0.7162325843749999